Frequency_MHz,Power_dBHz
4.663620000000000232e+02,-9.321503204097089679e+01
4.663622929687500118e+02,-1.017279311980637146e+02
4.663625859375000005e+02,-8.859085946684197665e+01
4.663628789062499891e+02,-9.477155572437308706e+01
4.663631718750000346e+02,-9.249140606623045358e+01
4.663634648437500232e+02,-9.638459488359805505e+01
4.663637578125000118e+02,-9.087267383008678223e+01
4.663640507812500005e+02,-8.985603831792050755e+01
4.663643437499999891e+02,-9.363655161206131083e+01
4.663646367187500346e+02,-9.107703808240924559e+01
4.663649296875000232e+02,-9.573769826073342415e+01
4.663652226562500118e+02,-9.351824465254000529e+01
4.663655156250000005e+02,-1.031696298707962285e+02
4.663658085937499891e+02,-1.017784530928475135e+02
4.663661015625000346e+02,-9.876147929893654975e+01
4.663663945312500232e+02,-8.882867031342725284e+01
4.663666875000000118e+02,-9.685811882411948659e+01
4.663669804687500005e+02,-9.990488328350507174e+01
4.663672734374999891e+02,-9.514364178452014187e+01
4.663675664062500346e+02,-8.932701875237339095e+01
4.663678593750000232e+02,-9.612110380291755973e+01
4.663681523437500118e+02,-9.813653743997630841e+01
4.663684453125000005e+02,-1.178464881277954959e+02
4.663687382812499891e+02,-9.135706528607065025e+01
4.663690312500000346e+02,-9.232018546306947826e+01
4.663693242187500232e+02,-1.067724138513868724e+02
4.663696171875000118e+02,-1.119274187089428096e+02
4.663699101562500005e+02,-9.914120795295518462e+01
4.663702031249999891e+02,-8.756999374139792280e+01
4.663704960937500346e+02,-8.886904510597858575e+01
4.663707890625000232e+02,-9.557501471951943017e+01
4.663710820312500118e+02,-1.025378831013019294e+02
4.663713750000000005e+02,-9.603479578258729532e+01
4.663716679687499891e+02,-9.255893680945175106e+01
4.663719609375000346e+02,-9.667606550106278007e+01
4.663722539062500232e+02,-8.822576264503840093e+01
4.663725468750000118e+02,-8.755633536224800650e+01
4.663728398437500005e+02,-9.459842640704430039e+01
4.663731328124999891e+02,-9.077663363466099611e+01
4.663734257812500346e+02,-9.165111288788946808e+01
4.663737187500000232e+02,-1.021499159422514111e+02
4.663740117187500118e+02,-9.601816966299995215e+01
4.663743046875000005e+02,-9.431310855656322190e+01
4.663745976562499891e+02,-9.487375948616355004e+01
4.663748906250000346e+02,-8.841614084592755773e+01
4.663751835937500232e+02,-9.126149908210467743e+01
4.663754765625000118e+02,-9.893113501476868521e+01
4.663757695312500005e+02,-1.014003377410104889e+02
4.663760624999999891e+02,-9.172040894642420028e+01
4.663763554687500346e+02,-9.193957743879762745e+01
4.663766484375000232e+02,-1.093797114843166582e+02
4.663769414062500118e+02,-1.055078221183177618e+02
4.663772343750000005e+02,-9.586512715569085685e+01
4.663775273437499891e+02,-1.006754338084302276e+02
4.663778203125000346e+02,-8.921856077800745766e+01
4.663781132812500232e+02,-9.200912488936863554e+01
4.663784062500000118e+02,-9.146626091905400813e+01
4.663786992187500005e+02,-9.328651304975544178e+01
4.663789921874999891e+02,-9.383559175378411510e+01
4.663792851562500346e+02,-9.050236088466496653e+01
4.663795781250000232e+02,-9.478571384888590501e+01
4.663798710937500118e+02,-9.975758977349208578e+01
4.663801640625000005e+02,-9.548529414484934819e+01
4.663804570312499891e+02,-9.390591172250171326e+01
4.663807500000000346e+02,-9.684439352919817168e+01
4.663810429687500232e+02,-9.320816976993560843e+01
4.663813359375000118e+02,-9.481767333009790377e+01
4.663816289062500005e+02,-9.023045137207782318e+01
4.663819218749999891e+02,-9.264849484026028392e+01
4.663822148437500346e+02,-9.847387029990065344e+01
4.663825078125000232e+02,-1.014474866486138183e+02
4.663828007812500118e+02,-9.194319667388936068e+01
4.663830937500000005e+02,-9.394989613132756290e+01
4.663833867187499891e+02,-1.048073311257854101e+02
4.663836796875000346e+02,-9.964673106474997155e+01
4.663839726562500232e+02,-8.701061327328922346e+01
4.663842656250000118e+02,-9.198169673361076093e+01
4.663845585937500005e+02,-9.255104634642816563e+01
4.663848515624999891e+02,-9.613521363171147982e+01
4.663851445312500346e+02,-9.860215855485722614e+01
4.663854375000000232e+02,-9.268958947698885709e+01
4.663857304687500118e+02,-9.154441969512008370e+01
4.663860234375000005e+02,-9.706172580091090651e+01
4.663863164062499891e+02,-9.171858705844172732e+01
4.663866093750000346e+02,-9.462918840262275921e+01
4.663869023437500232e+02,-9.405961572992248421e+01
4.663871953125000118e+02,-9.612793561252266272e+01
4.663874882812500005e+02,-9.097458200455756128e+01
4.663877812499999891e+02,-8.593671752082288151e+01
4.663880742187500346e+02,-8.691008521520441832e+01
4.663883671875000232e+02,-9.375758278487808184e+01
4.663886601562500118e+02,-1.005304696151303432e+02
4.663889531250000005e+02,-9.266084482949923995e+01
4.663892460937499891e+02,-9.170842835778827862e+01
4.663895390625000346e+02,-9.427130585556835740e+01
4.663898320312500232e+02,-8.955724419136109304e+01
4.663901250000000118e+02,-9.501582436526503272e+01
4.663904179687500005e+02,-1.018266606518122330e+02
4.663907109374999891e+02,-1.030481140788013050e+02
4.663910039062500346e+02,-9.446100883252981362e+01
4.663912968750000232e+02,-9.708248690749098841e+01
4.663915898437500118e+02,-9.068243875566872703e+01
4.663918828125000005e+02,-9.667928366789455197e+01
4.663921757812499891e+02,-9.480347708496681491e+01
4.663924687500000346e+02,-1.045310826161582582e+02
4.663927617187500232e+02,-9.851194584131346232e+01
4.663930546875000118e+02,-9.669735063443826562e+01
4.663933476562500005e+02,-8.973481680585544495e+01
4.663936406249999891e+02,-9.013997078427857446e+01
4.663939335937500346e+02,-8.939116264676070500e+01
4.663942265625000232e+02,-9.132814920353837351e+01
4.663945195312500118e+02,-9.650217784685190736e+01
4.663948125000000005e+02,-9.613054327447071046e+01
4.663951054687499891e+02,-9.650687355972200976e+01
4.663953984375000346e+02,-8.926185699925855488e+01
4.663956914062500232e+02,-8.754171388539766951e+01
4.663959843750000118e+02,-1.015278639032374031e+02
4.663962773437500005e+02,-9.084782615140376549e+01
4.663965703124999891e+02,-9.624185332375705570e+01
4.663968632812500346e+02,-9.149955379951613565e+01
4.663971562500000232e+02,-8.662585586460772902e+01
4.663974492187500118e+02,-9.065885988508438231e+01
4.663977421875000005e+02,-9.735279801567250502e+01
4.663980351562499891e+02,-9.140843761574203086e+01
4.663983281250000346e+02,-8.613839097453083582e+01
4.663986210937500232e+02,-9.036249595938522816e+01
4.663989140625000118e+02,-1.113654747587374345e+02
4.663992070312500005e+02,-9.024450806484026089e+01
4.663994999999999891e+02,-9.712453290879183498e+01
4.663997929687500346e+02,-9.267841141700101559e+01
4.664000859375000232e+02,-1.038280526743861856e+02
4.664003789062500118e+02,-9.138897430238152708e+01
4.664006718750000005e+02,-9.262620224011106984e+01
4.664009648437499891e+02,-9.361879228639239159e+01
4.664012578125000346e+02,-9.206872003067026355e+01
4.664015507812500232e+02,-8.674708551805906609e+01
4.664018437500000118e+02,-8.925372332671003051e+01
4.664021367187500005e+02,-9.679486969680806396e+01
4.664024296874999891e+02,-9.542877542010205616e+01
4.664027226562500346e+02,-9.019917544296143319e+01
4.664030156250000232e+02,-9.469827352074918281e+01
4.664033085937500118e+02,-1.066109185059686837e+02
4.664036015625000005e+02,-9.076804522108359663e+01
4.664038945312499891e+02,-9.284888041405861259e+01
4.664041875000000346e+02,-9.297951747566791880e+01
4.664044804687500232e+02,-8.689080915028495156e+01
4.664047734375000118e+02,-8.369795438672376520e+01
4.664050664062500005e+02,-9.903681990381082301e+01
4.664053593749999891e+02,-8.770021222292469076e+01
4.664056523437500346e+02,-9.170432161898455092e+01
4.664059453125000232e+02,-1.054268156000627528e+02
4.664062382812500118e+02,-9.634902129912177315e+01
4.664065312500000005e+02,-9.327952943133274744e+01
4.664068242187499891e+02,-9.664329820828055517e+01
4.664071171875000346e+02,-9.952928108582486288e+01
4.664074101562500232e+02,-9.977111475976521149e+01
4.664077031250000118e+02,-1.018290285405026907e+02
4.664079960937500005e+02,-9.556153572533816032e+01
4.664082890624999891e+02,-9.140559492657411056e+01
4.664085820312500346e+02,-9.960326288916810711e+01
4.664088750000000232e+02,-9.236741957621676136e+01
4.664091679687500118e+02,-9.032063916123006209e+01
4.664094609375000005e+02,-9.768593313511941290e+01
4.664097539062499891e+02,-9.780935930050210914e+01
4.664100468750000346e+02,-8.904209913153530920e+01
4.664103398437500232e+02,-9.444419961809059316e+01
4.664106328125000118e+02,-1.012143851873358926e+02
4.664109257812500005e+02,-8.764073705521424529e+01
4.664112187499999891e+02,-8.781981763662763285e+01
4.664115117187500346e+02,-1.021722241647271403e+02
4.664118046875000232e+02,-9.170513205300463255e+01
4.664120976562500118e+02,-1.008315933448716066e+02
4.664123906250000005e+02,-9.205997406656300086e+01
4.664126835937499891e+02,-9.416282170964595366e+01
4.664129765625000346e+02,-1.031357412630859614e+02
4.664132695312500232e+02,-9.344958254908065953e+01
4.664135625000000118e+02,-9.051796362557622899e+01
4.664138554687500005e+02,-9.329334430218985119e+01
4.664141484374999891e+02,-9.652169540661128622e+01
4.664144414062500346e+02,-9.151263894622576345e+01
4.664147343750000232e+02,-9.513464170872313730e+01
4.664150273437500118e+02,-8.824690699737092814e+01
4.664153203125000005e+02,-8.602787142496285355e+01
4.664156132812499891e+02,-9.027534909856861134e+01
4.664159062500000346e+02,-8.935577807503474901e+01
4.664161992187500232e+02,-8.839492133908665039e+01
4.664164921875000118e+02,-9.570190835869220791e+01
4.664167851562500005e+02,-9.393166074747513505e+01
4.664170781249999891e+02,-9.293662477974693559e+01
4.664173710937500346e+02,-9.714101277076767360e+01
4.664176640625000232e+02,-9.972981183991430498e+01
4.664179570312500118e+02,-9.865502120229136551e+01
4.664182500000000005e+02,-9.297265754902868196e+01
4.664185429687499891e+02,-9.306025130425302905e+01
4.664188359375000346e+02,-9.172536361303615138e+01
4.664191289062500232e+02,-9.025363917552112980e+01
4.664194218750000118e+02,-9.596052682286014601e+01
4.664197148437500005e+02,-9.311083180561128358e+01
4.664200078124999891e+02,-8.776778574514379727e+01
4.664203007812500346e+02,-9.368316492140884577e+01
4.664205937500000232e+02,-8.588817408037036216e+01
4.664208867187500118e+02,-9.438328853413288755e+01
4.664211796875000005e+02,-9.990256845606862157e+01
4.664214726562499891e+02,-9.691599955619743412e+01
4.664217656250000346e+02,-1.018491183987009663e+02
4.664220585937500232e+02,-9.166261042048397201e+01
4.664223515625000118e+02,-9.590145845497410448e+01
4.664226445312500005e+02,-9.499586849308762737e+01
4.664229374999999891e+02,-9.435245011533071136e+01
4.664232304687500346e+02,-9.984288944805692267e+01
4.664235234375000232e+02,-1.006916445235116839e+02
4.664238164062500118e+02,-9.265056879220824726e+01
4.664241093750000005e+02,-9.695529092757224987e+01
4.664244023437499891e+02,-9.389427086281193624e+01
4.664246953125000346e+02,-9.136717596658209573e+01
4.664249882812500232e+02,-9.912007471860214025e+01
4.664252812500000118e+02,-9.298885191686528628e+01
4.664255742187500005e+02,-9.100202399345118920e+01
4.664258671874999891e+02,-9.520860383155240925e+01
4.664261601562500346e+02,-9.299246482622800158e+01
4.664264531250000232e+02,-1.033699707312104863e+02
4.664267460937500118e+02,-9.382741953422672054e+01
4.664270390625000005e+02,-9.411900796030847971e+01
4.664273320312499891e+02,-9.043285923577256824e+01
4.664276250000000346e+02,-1.065359359214751862e+02
4.664279179687500232e+02,-9.903640604503900136e+01
4.664282109375000118e+02,-9.896844586048077019e+01
4.664285039062500005e+02,-9.112982611894480556e+01
4.664287968749999891e+02,-8.906443527027322205e+01
4.664290898437500346e+02,-9.894506670431213990e+01
4.664293828125000232e+02,-9.200653015732436302e+01
4.664296757812500118e+02,-9.912665811721583964e+01
4.664299687500000005e+02,-1.048286523028216664e+02
4.664302617187499891e+02,-9.417727259679260499e+01
4.664305546875000346e+02,-1.070769902198676675e+02
4.664308476562500232e+02,-9.453302219358599245e+01
4.664311406250000118e+02,-9.300071054600481091e+01
4.664314335937500005e+02,-1.050433106796761535e+02
4.664317265624999891e+02,-9.389521491442914680e+01
4.664320195312500346e+02,-1.044562235974187843e+02
4.664323125000000232e+02,-1.026829350455926573e+02
4.664326054687500118e+02,-9.704700628613025515e+01
4.664328984375000005e+02,-9.071273072471852572e+01
4.664331914062499891e+02,-9.694115184087220882e+01
4.664334843750000346e+02,-8.647492649131541498e+01
4.664337773437500232e+02,-8.592162755779750682e+01
4.664340703125000118e+02,-1.143206129765439698e+02
4.664343632812500005e+02,-9.055070374259834409e+01
4.664346562499999891e+02,-9.588000180852012022e+01
4.664349492187500346e+02,-9.656609770789587799e+01
4.664352421875000232e+02,-9.926997910104169875e+01
4.664355351562500118e+02,-9.287287610164283080e+01
4.664358281250000005e+02,-9.409427892494230150e+01
4.664361210937499891e+02,-9.308100339587581118e+01
4.664364140625000346e+02,-9.157112846085409785e+01
4.664367070312500232e+02,-9.169265504449377602e+01
4.664370000000000118e+02,-8.786762582258441512e+01
4.664372929687500005e+02,-8.883871484005361197e+01
4.664375859374999891e+02,-9.680074600993222589e+01
4.664378789062500346e+02,-9.499902922503650871e+01
4.664381718750000232e+02,-1.177355608688822599e+02
4.664384648437500118e+02,-9.430386018489814148e+01
4.664387578125000005e+02,-9.378609167626800058e+01
4.664390507812499891e+02,-9.339791759040053876e+01
4.664393437500000346e+02,-8.582672532366188989e+01
4.664396367187500232e+02,-9.109211779108589724e+01
4.664399296875000118e+02,-8.823496725383370176e+01
4.664402226562500005e+02,-9.715910509441533804e+01
4.664405156249999891e+02,-9.743823059251069196e+01
4.664408085937500346e+02,-9.119022205306762885e+01
4.664411015625000232e+02,-8.631709525839644925e+01
4.664413945312500118e+02,-9.187852736057030256e+01
4.664416875000000005e+02,-8.988903128043614288e+01
4.664419804687499891e+02,-8.771750930812133618e+01
4.664422734375000346e+02,-9.267886475483619790e+01
4.664425664062500232e+02,-1.004445051958104074e+02
4.664428593750000118e+02,-1.004661267276023011e+02
4.664431523437500005e+02,-9.555799202258262426e+01
4.664434453124999891e+02,-9.009104084526464362e+01
4.664437382812500346e+02,-9.101907251371213192e+01
4.664440312500000232e+02,-1.063677564040950472e+02
4.664443242187500118e+02,-9.318951246470501815e+01
4.664446171875000005e+02,-9.322828910867971786e+01
4.664449101562499891e+02,-9.831277634206310267e+01
4.664452031250000346e+02,-9.463160133851884837e+01
4.664454960937500232e+02,-9.675350588090488202e+01
4.664457890625000118e+02,-9.159773809250143017e+01
4.664460820312500005e+02,-9.700946301440868069e+01
4.664463749999999891e+02,-1.006380000876176553e+02
4.664466679687500346e+02,-8.977441082940549677e+01
4.664469609375000232e+02,-8.810410643567351485e+01
4.664472539062500118e+02,-8.990801611565257190e+01
4.664475468750000005e+02,-8.603232950268511559e+01
4.664478398437499891e+02,-9.704904913630214480e+01
4.664481328125000346e+02,-9.450687349115496261e+01
4.664484257812500232e+02,-1.052309424875227819e+02
4.664487187500000118e+02,-1.013780878422663818e+02
4.664490117187500005e+02,-8.859098068549563720e+01
4.664493046874999891e+02,-8.426567550214909375e+01
4.664495976562500346e+02,-8.825544108960322376e+01
4.664498906250000232e+02,-8.976515738975015779e+01
4.664501835937500118e+02,-9.107727423659433441e+01
4.664504765625000005e+02,-9.745311825584707321e+01
4.664507695312499891e+02,-9.957846210460087377e+01
4.664510625000000346e+02,-9.636499880510676519e+01
4.664513554687500232e+02,-9.331865777064152212e+01
4.664516484375000118e+02,-9.733415606559275091e+01
4.664519414062500005e+02,-9.664942771932521737e+01
4.664522343749999891e+02,-9.179313421509922932e+01
4.664525273437500346e+02,-9.672839234260561625e+01
4.664528203125000232e+02,-9.680430138561010267e+01
4.664531132812500118e+02,-9.159742692410573284e+01
4.664534062500000005e+02,-8.846885409228816854e+01
4.664536992187499891e+02,-9.194705195017333210e+01
4.664539921875000346e+02,-8.925169577836882695e+01
4.664542851562500232e+02,-8.391991595765858847e+01
4.664545781250000118e+02,-9.149240077417069017e+01
4.664548710937500005e+02,-9.632355470878135861e+01
4.664551640624999891e+02,-9.678223394418411374e+01
4.664554570312500346e+02,-9.106610799203680529e+01
4.664557500000000232e+02,-8.999104734499887570e+01
4.664560429687500118e+02,-9.668233891803511426e+01
4.664563359375000005e+02,-9.928105854499679594e+01
4.664566289062499891e+02,-9.086579619036471911e+01
4.664569218750000346e+02,-8.879224696142132700e+01
4.664572148437500232e+02,-9.000586168216935334e+01
4.664575078125000118e+02,-9.050178161659600562e+01
4.664578007812500005e+02,-9.160655260202582895e+01
4.664580937499999891e+02,-8.814889801527664304e+01
4.664583867187500346e+02,-8.714480772987089097e+01
4.664586796875000232e+02,-9.330316133413406021e+01
4.664589726562500118e+02,-1.016183291436939129e+02
4.664592656250000005e+02,-9.356121149135680071e+01
4.664595585937499891e+02,-8.949792293503220719e+01
4.664598515625000346e+02,-8.712334657582930220e+01
4.664601445312500232e+02,-9.593441978258795189e+01
4.664604375000000118e+02,-1.009044729070196240e+02
4.664607304687500005e+02,-9.807417248183142533e+01
4.664610234374999891e+02,-1.057277590064205697e+02
4.664613164062500346e+02,-9.442851869090033290e+01
4.664616093750000232e+02,-9.446667707225203969e+01
4.664619023437500118e+02,-9.929095997482873770e+01
4.664621953125000005e+02,-9.361218319670004462e+01
4.664624882812499891e+02,-8.739628569862716745e+01
4.664627812500000346e+02,-8.989573284039749979e+01
4.664630742187500232e+02,-9.475687506335961530e+01
4.664633671875000118e+02,-9.241213397906469140e+01
4.664636601562500005e+02,-1.066904479145410960e+02
4.664639531249999891e+02,-9.280705755031920035e+01
4.664642460937500346e+02,-9.326804616665349101e+01
4.664645390625000232e+02,-1.055895771289061003e+02
4.664648320312500118e+02,-9.633113881164302938e+01
4.664651250000000005e+02,-9.636646537283621683e+01
4.664654179687499891e+02,-8.948235473918843752e+01
4.664657109375000346e+02,-9.302985568126472060e+01
4.664660039062500232e+02,-1.019975973947100272e+02
4.664662968750000118e+02,-1.136641402661612830e+02
4.664665898437500005e+02,-1.006732629414828892e+02
4.664668828124999891e+02,-9.963650776394935349e+01
4.664671757812500346e+02,-1.056090028778667858e+02
4.664674687500000232e+02,-9.417494742068041091e+01
4.664677617187500118e+02,-8.745108611391196973e+01
4.664680546875000005e+02,-9.611099439131054112e+01
4.664683476562499891e+02,-9.759385041094040503e+01
4.664686406250000346e+02,-9.370294980403095053e+01
4.664689335937500232e+02,-1.038598572113511125e+02
4.664692265625000118e+02,-9.085138447023047092e+01
4.664695195312500005e+02,-9.441002902666753016e+01
4.664698124999999891e+02,-9.460883293368070213e+01
4.664701054687500346e+02,-9.673767790297817726e+01
4.664703984375000232e+02,-1.011478465123648931e+02
4.664706914062500118e+02,-1.117192497722010103e+02
4.664709843750000005e+02,-9.675260129069540938e+01
4.664712773437499891e+02,-9.993895500285265143e+01
4.664715703125000346e+02,-9.333006222721235190e+01
4.664718632812500232e+02,-9.955816956057076084e+01
4.664721562500000118e+02,-8.839686981793606435e+01
4.664724492187500005e+02,-8.740260557413849085e+01
4.664727421874999891e+02,-9.303395757408421218e+01
4.664730351562500346e+02,-9.468118203966966462e+01
4.664733281250000232e+02,-1.055384836947291660e+02
4.664736210937500118e+02,-9.075013754483705952e+01
4.664739140625000005e+02,-8.844655024219386519e+01
4.664742070312499891e+02,-9.109114849019275084e+01
4.664745000000000346e+02,-9.569850259468711329e+01
4.664747929687500232e+02,-9.446227216799834991e+01
4.664750859375000118e+02,-9.529809296992507939e+01
4.664753789062500005e+02,-9.744341420751976557e+01
4.664756718749999891e+02,-8.952411556349993305e+01
4.664759648437500346e+02,-1.040505488411916843e+02
4.664762578125000232e+02,-9.298861805057589436e+01
4.664765507812500118e+02,-9.085538422822713756e+01
4.664768437500000005e+02,-9.070750848720098247e+01
4.664771367187499891e+02,-9.276209957576632803e+01
4.664774296875000346e+02,-9.512199450591589311e+01
4.664777226562500232e+02,-1.048201155966004450e+02
4.664780156250000118e+02,-9.036272029645473935e+01
4.664783085937500005e+02,-8.559567104534241366e+01
4.664786015624999891e+02,-9.442991415967043167e+01
4.664788945312500346e+02,-9.593662465575755505e+01
4.664791875000000232e+02,-8.888374308182869754e+01
4.664794804687500118e+02,-8.989889553369719977e+01
4.664797734375000005e+02,-9.131234858050427761e+01
4.664800664062499891e+02,-9.254639342114879241e+01
4.664803593750000346e+02,-9.476408926796256083e+01
4.664806523437500232e+02,-9.512013306939832091e+01
4.664809453125000118e+02,-1.028950819983957672e+02
4.664812382812500005e+02,-9.681381430589469517e+01
4.664815312499999891e+02,-9.783717209747101151e+01
4.664818242187500346e+02,-1.093651956495412492e+02
4.664821171875000232e+02,-9.271090930036471889e+01
4.664824101562500118e+02,-9.347917439131529704e+01
4.664827031250000005e+02,-9.558899664164064802e+01
4.664829960937499891e+02,-9.637979366938301951e+01
4.664832890625000346e+02,-9.311443690695442399e+01
4.664835820312500232e+02,-9.565437362008934485e+01
4.664838750000000118e+02,-9.872392683367137067e+01
4.664841679687500005e+02,-9.853177700794944371e+01
4.664844609374999891e+02,-8.798751805959557259e+01
4.664847539062500346e+02,-8.735712618723376011e+01
4.664850468750000232e+02,-9.571934164077462981e+01
4.664853398437500118e+02,-9.451967451908261353e+01
4.664856328125000005e+02,-9.840600827818735752e+01
4.664859257812499891e+02,-9.437590096044743859e+01
4.664862187500000346e+02,-9.055787666037964811e+01
4.664865117187500232e+02,-9.794478051287079268e+01
4.664868046875000118e+02,-9.445016861416462461e+01
4.664870976562500005e+02,-9.811662003501373874e+01
4.664873906249999891e+02,-9.887649748094898428e+01
4.664876835937500346e+02,-9.910246769036425007e+01
4.664879765625000232e+02,-9.119665042869813476e+01
4.664882695312500118e+02,-8.854534541411737791e+01
4.664885625000000005e+02,-9.251009525262681166e+01
4.664888554687499891e+02,-1.127051383347372990e+02
4.664891484375000346e+02,-9.162260104816789408e+01
4.664894414062500232e+02,-9.463733919350721635e+01
4.664897343750000118e+02,-9.700713144076316041e+01
4.664900273437500005e+02,-9.598686701092856310e+01
4.664903203124999891e+02,-9.316334767253215432e+01
4.664906132812500346e+02,-9.344165142181068973e+01
4.664909062500000232e+02,-8.776495852050885560e+01
4.664911992187500118e+02,-9.065499852218835031e+01
4.664914921875000005e+02,-8.823495643282566903e+01
4.664917851562499891e+02,-9.366375456824297885e+01
4.664920781250000346e+02,-8.690357304739586652e+01
4.664923710937500232e+02,-8.700375932604066520e+01
4.664926640625000118e+02,-9.153724276342080657e+01
4.664929570312500005e+02,-9.488460433803612659e+01
4.664932499999999891e+02,-1.129854136466890395e+02
4.664935429687500346e+02,-9.442707144747029702e+01
4.664938359375000232e+02,-9.210220159289953301e+01
4.664941289062500118e+02,-9.524802076969635323e+01
4.664944218750000005e+02,-9.226453033376978397e+01
4.664947148437499891e+02,-9.725693103321303568e+01
4.664950078125000346e+02,-9.664202483503375163e+01
4.664953007812500232e+02,-9.399649994767116823e+01
4.664955937500000118e+02,-9.247833174964819136e+01
4.664958867187500005e+02,-9.442067482588345229e+01
4.664961796874999891e+02,-9.368581132192430516e+01
4.664964726562500346e+02,-9.351921070089798604e+01
4.664967656250000232e+02,-9.193734860239204920e+01
4.664970585937500118e+02,-8.738603206123823952e+01
4.664973515625000005e+02,-8.848890488707526458e+01
4.664976445312499891e+02,-9.563981391699462620e+01
4.664979375000000346e+02,-9.423117294901163632e+01
4.664982304687500232e+02,-8.991804650327586046e+01
4.664985234375000118e+02,-9.517325367107642364e+01
4.664988164062500005e+02,-8.701566652443334249e+01
4.664991093749999891e+02,-8.577550050127194936e+01
4.664994023437500346e+02,-9.990362594729330681e+01
4.664996953125000232e+02,-9.311293940227443500e+01
4.664999882812500118e+02,-9.398760532260982359e+01
4.665002812500000005e+02,-9.404562041097523206e+01
4.665005742187499891e+02,-9.440789355049392384e+01
4.665008671875000346e+02,-9.365547991338030442e+01
4.665011601562500232e+02,-8.901443382207985167e+01
4.665014531250000118e+02,-9.436240713320887608e+01
4.665017460937500005e+02,-9.889425226342451936e+01
4.665020390624999891e+02,-9.044435036618705226e+01
4.665023320312500346e+02,-9.510856764494910465e+01
4.665026250000000232e+02,-1.022212824831392766e+02
4.665029179687500118e+02,-1.138956655787256693e+02
4.665032109375000005e+02,-8.936711306740809846e+01
4.665035039062499891e+02,-8.842663061830262450e+01
4.665037968750000346e+02,-9.495824472063111443e+01
4.665040898437500232e+02,-9.508609341548907423e+01
4.665043828125000118e+02,-8.954283595732407264e+01
4.665046757812500005e+02,-8.799328467603920956e+01
4.665049687499999891e+02,-1.027944280369315635e+02
4.665052617187500346e+02,-8.830373877979138797e+01
4.665055546875000232e+02,-8.718628293356282200e+01
4.665058476562500118e+02,-1.100172531212843410e+02
4.665061406250000005e+02,-1.037604946660937060e+02
4.665064335937499891e+02,-9.910951392103663693e+01
4.665067265625000346e+02,-9.539409395593554564e+01
4.665070195312500232e+02,-1.028747569619223299e+02
4.665073125000000118e+02,-9.534534315690638095e+01
4.665076054687500005e+02,-8.945492451152502156e+01
4.665078984374999891e+02,-9.376758830174621551e+01
4.665081914062500346e+02,-9.097331052511334804e+01
4.665084843750000232e+02,-9.462660168631772706e+01
4.665087773437500118e+02,-9.754999955648418108e+01
4.665090703125000005e+02,-1.068597725135362850e+02
4.665093632812499891e+02,-9.852237399123927730e+01
4.665096562500000346e+02,-9.150319267832460923e+01
4.665099492187500232e+02,-9.711573588402110602e+01
4.665102421875000118e+02,-1.023495225297307627e+02
4.665105351562500005e+02,-1.035652573992306884e+02
4.665108281249999891e+02,-9.746023718093445609e+01
4.665111210937500346e+02,-8.698917467095719758e+01
4.665114140625000232e+02,-8.759673944687683900e+01
4.665117070312500118e+02,-9.493963388152737082e+01
4.665120000000000005e+02,-9.097835741776201246e+01
4.665122929687499891e+02,-9.226142570535665755e+01
4.665125859375000346e+02,-9.276628661482084226e+01
4.665128789062500232e+02,-9.653345413386524854e+01
4.665131718750000118e+02,-9.701738180420171886e+01
4.665134648437500005e+02,-8.928382155394612596e+01
4.665137578124999891e+02,-8.840921263480393577e+01
4.665140507812500346e+02,-8.771736840871878371e+01
4.665143437500000232e+02,-9.020839245893471059e+01
4.665146367187500118e+02,-9.040886448417401766e+01
4.665149296875000005e+02,-9.177014861532464352e+01
4.665152226562499891e+02,-8.704975061372084610e+01
4.665155156250000346e+02,-9.298878038518486733e+01
4.665158085937500232e+02,-9.465810591347926106e+01
4.665161015625000118e+02,-1.034665298249212526e+02
4.665163945312500005e+02,-9.547516150658432821e+01
4.665166874999999891e+02,-1.035590868439261385e+02
4.665169804687500346e+02,-9.799355932743550568e+01
4.665172734375000232e+02,-1.008729705059353137e+02
4.665175664062500118e+02,-9.818266692526526640e+01
4.665178593750000005e+02,-9.039330676620326699e+01
4.665181523437499891e+02,-9.092232984208111191e+01
4.665184453125000346e+02,-8.515035629827164598e+01
4.665187382812500232e+02,-8.996677375469438687e+01
4.665190312500000118e+02,-8.726020601451111247e+01
4.665193242187500005e+02,-9.016528186629749086e+01
4.665196171874999891e+02,-9.325967973624105412e+01
4.665199101562500346e+02,-9.480233083277983042e+01
4.665202031250000232e+02,-9.216357633626060419e+01
4.665204960937500118e+02,-8.743976025061273560e+01
4.665207890625000005e+02,-8.702156383319726274e+01
4.665210820312499891e+02,-9.033602949828249962e+01
4.665213750000000346e+02,-1.038786400214584518e+02
4.665216679687500232e+02,-9.768763677516190569e+01
4.665219609375000118e+02,-9.330545822267220046e+01
4.665222539062500005e+02,-9.830834937557837350e+01
4.665225468749999891e+02,-9.596960849992098019e+01
4.665228398437500346e+02,-9.300538530897270562e+01
4.665231328125000232e+02,-9.677183854893506521e+01
4.665234257812500118e+02,-1.026467209478865783e+02
4.665237187500000005e+02,-1.062931475566203119e+02
4.665240117187499891e+02,-9.533716472820611898e+01
4.665243046875000346e+02,-9.044731138585048313e+01
4.665245976562500232e+02,-9.176407934708996095e+01
4.665248906250000118e+02,-1.022529854544131211e+02
4.665251835937500005e+02,-9.931207392385090316e+01
4.665254765624999891e+02,-1.023285506727087721e+02
4.665257695312500346e+02,-9.157752021593216796e+01
4.665260625000000232e+02,-9.041009716163897281e+01
4.665263554687500118e+02,-9.370155816194193221e+01
4.665266484375000005e+02,-9.610542338330064638e+01
4.665269414062499891e+02,-9.468269037351169004e+01
4.665272343750000346e+02,-9.991778597472922741e+01
4.665275273437500232e+02,-9.484790043765789846e+01
4.665278203125000118e+02,-9.658815423876171735e+01
4.665281132812500005e+02,-9.055099872631174662e+01
4.665284062499999891e+02,-9.006828613721631882e+01
4.665286992187500346e+02,-1.093648818295144309e+02
4.665289921875000232e+02,-9.212438265374797197e+01
4.665292851562500118e+02,-9.521429659159483094e+01
4.665295781250000005e+02,-9.493254209968526425e+01
4.665298710937499891e+02,-9.447432698471219226e+01
4.665301640625000346e+02,-9.511347335196269626e+01
4.665304570312500232e+02,-9.479070191708530047e+01
4.665307500000000118e+02,-9.177304863512296151e+01
4.665310429687500005e+02,-9.261847188104270856e+01
4.665313359374999891e+02,-8.876552166652018627e+01
4.665316289062500346e+02,-9.438143410448928705e+01
4.665319218750000232e+02,-9.644470939656787323e+01
4.665322148437500118e+02,-9.089292434598648640e+01
4.665325078125000005e+02,-1.045947759266873192e+02
4.665328007812499891e+02,-9.777879015678132646e+01
4.665330937500000346e+02,-9.857058557541436983e+01
4.665333867187500232e+02,-9.721333519876849039e+01
4.665336796875000118e+02,-9.130161907108114860e+01
4.665339726562500005e+02,-8.679159985822604995e+01
4.665342656249999891e+02,-9.209821067712026377e+01
4.665345585937500346e+02,-9.123832201350096227e+01
4.665348515625000232e+02,-9.366774356630918419e+01
4.665351445312500118e+02,-9.632118340103841092e+01
4.665354375000000005e+02,-9.168668789515918149e+01
4.665357304687499891e+02,-9.113682622083115348e+01
4.665360234375000346e+02,-1.032136705069956690e+02
4.665363164062500232e+02,-9.017644949013836708e+01
4.665366093750000118e+02,-8.926921130362885037e+01
4.665369023437500005e+02,-9.087059597130284772e+01
4.665371953124999891e+02,-9.549510341373995459e+01
4.665374882812500346e+02,-8.591546148715420372e+01
4.665377812500000232e+02,-8.200792591920965435e+01
4.665380742187500118e+02,-8.386370015955606050e+01
4.665383671875000005e+02,-8.977701629339290434e+01
4.665386601562499891e+02,-8.970026515354022933e+01
4.665389531250000346e+02,-9.080221337646257496e+01
4.665392460937500232e+02,-9.535034541937608310e+01
4.665395390625000118e+02,-9.423827158947153748e+01
4.665398320312500005e+02,-8.775042850102400394e+01
4.665401249999999891e+02,-8.383883848254561144e+01
4.665404179687500346e+02,-8.710097174179128388e+01
4.665407109375000232e+02,-8.982183178339417395e+01
4.665410039062500118e+02,-8.638205807899309718e+01
4.665412968750000005e+02,-8.830034265609140220e+01
4.665415898437499891e+02,-9.431038467636179234e+01
4.665418828125000346e+02,-9.262778980500945636e+01
4.665421757812500232e+02,-9.901470387927686545e+01
4.665424687500000118e+02,-9.430062828547093545e+01
4.665427617187500005e+02,-9.434624664367544256e+01
4.665430546874999891e+02,-9.421962063099820739e+01
4.665433476562500346e+02,-9.502294768532647140e+01
4.665436406250000232e+02,-9.528869899257682619e+01
4.665439335937500118e+02,-9.156169585286228596e+01
4.665442265625000005e+02,-8.882874804920540157e+01
4.665445195312499891e+02,-9.985293579828368138e+01
4.665448125000000346e+02,-8.832863910252893902e+01
4.665451054687500232e+02,-9.042926259888656659e+01
4.665453984375000118e+02,-8.969649954240837531e+01
4.665456914062500005e+02,-9.579639270954839958e+01
4.665459843749999891e+02,-9.084515016436213841e+01
4.665462773437500346e+02,-8.901350678228232027e+01
4.665465703125000232e+02,-9.026196345728325809e+01
4.665468632812500118e+02,-8.738526061334063399e+01
4.665471562500000005e+02,-9.080469341975985742e+01
4.665474492187499891e+02,-8.885886176906269895e+01
4.665477421875000346e+02,-8.829773089734372604e+01
4.665480351562500232e+02,-9.126195989134095043e+01
4.665483281250000118e+02,-8.731846580581843398e+01
4.665486210937500005e+02,-8.997505969317575136e+01
4.665489140624999891e+02,-1.004867803769151067e+02
4.665492070312500346e+02,-9.519433927239661841e+01
4.665495000000000232e+02,-9.335882779856389391e+01
4.665497929687500118e+02,-9.207335605525713618e+01
4.665500859375000005e+02,-9.147067497427028115e+01
4.665503789062499891e+02,-9.162677427335486868e+01
4.665506718750000346e+02,-9.579270760472186907e+01
4.665509648437500232e+02,-9.847922480875843121e+01
4.665512578125000118e+02,-9.339398738182484294e+01
4.665515507812500005e+02,-9.578862826344192172e+01
4.665518437499999891e+02,-9.263392672886773482e+01
4.665521367187500346e+02,-9.218369201173175043e+01
4.665524296875000232e+02,-9.091544338149107318e+01
4.665527226562500118e+02,-9.259974209903624853e+01
4.665530156250000005e+02,-8.919889100351403499e+01
4.665533085937499891e+02,-9.335589464166419305e+01
4.665536015625000346e+02,-9.148851239880406183e+01
4.665538945312500232e+02,-9.747864535581831547e+01
4.665541875000000118e+02,-8.646193509317856751e+01
4.665544804687500005e+02,-8.828153394093357065e+01
4.665547734374999891e+02,-9.344673370375802790e+01
4.665550664062500346e+02,-1.021391861836229253e+02
4.665553593750000232e+02,-9.402671244943569206e+01
4.665556523437500118e+02,-8.983632897890655045e+01
4.665559453125000005e+02,-9.020409084699292634e+01
4.665562382812499891e+02,-8.903180115110154702e+01
4.665565312500000346e+02,-8.609356797662529459e+01
4.665568242187500232e+02,-9.557797361471976672e+01
4.665571171875000118e+02,-9.737843946424484898e+01
4.665574101562500005e+02,-1.030476854821318398e+02
4.665577031249999891e+02,-9.238828508833917397e+01
4.665579960937500346e+02,-9.816155426845027421e+01
4.665582890625000232e+02,-8.976828943917651316e+01
4.665585820312500118e+02,-9.171921845828833852e+01
4.665588750000000005e+02,-9.052060699160290369e+01
4.665591679687499891e+02,-8.817299411337117476e+01
4.665594609375000346e+02,-9.404305455263475721e+01
4.665597539062500232e+02,-1.004586745180779275e+02
4.665600468750000118e+02,-9.000793681297474791e+01
4.665603398437500005e+02,-8.804104623866679447e+01
4.665606328124999891e+02,-8.884661667084233727e+01
4.665609257812500346e+02,-1.035075455688062789e+02
4.665612187500000232e+02,-9.278970197113126517e+01
4.665615117187500118e+02,-9.310738912007784052e+01
4.665618046875000005e+02,-9.151729418317565035e+01
4.665620976562499891e+02,-1.013770972546593754e+02
4.665623906250000346e+02,-8.911168778462909756e+01
4.665626835937500232e+02,-8.497911020210057131e+01
4.665629765625000118e+02,-1.074518085319402161e+02
4.665632695312500005e+02,-8.717915932713171401e+01
4.665635624999999891e+02,-9.570073654564579613e+01
4.665638554687500346e+02,-8.822339619417081735e+01
4.665641484375000232e+02,-9.693476420466411980e+01
4.665644414062500118e+02,-9.211810002115819884e+01
4.665647343750000005e+02,-9.070106793475935092e+01
4.665650273437499891e+02,-9.053170558250786826e+01
4.665653203125000346e+02,-1.019927324910587316e+02
4.665656132812500232e+02,-9.554859504216105393e+01
4.665659062500000118e+02,-1.000682174142827421e+02
4.665661992187500005e+02,-1.059795477523169041e+02
4.665664921874999891e+02,-1.026470840552584463e+02
4.665667851562500346e+02,-1.093806714832557248e+02
4.665670781250000232e+02,-9.477770829891233006e+01
4.665673710937500118e+02,-9.312113390230379650e+01
4.665676640625000005e+02,-9.742722066897131583e+01
4.665679570312499891e+02,-1.002871763260596936e+02
4.665682500000000346e+02,-1.049289827243210738e+02
4.665685429687500232e+02,-9.553591352945682047e+01
4.665688359375000118e+02,-9.108993492371845946e+01
4.665691289062500005e+02,-9.236764010183375717e+01
4.665694218749999891e+02,-9.447658451746809760e+01
4.665697148437500346e+02,-9.071134361466148732e+01
4.665700078125000232e+02,-9.877421481009162108e+01
4.665703007812500118e+02,-9.034981557591181911e+01
4.665705937500000005e+02,-9.165326459906687262e+01
4.665708867187499891e+02,-9.270843392024491436e+01
4.665711796875000346e+02,-9.291860381257939139e+01
4.665714726562500232e+02,-8.986125723167347701e+01
4.665717656250000118e+02,-9.390625435503650920e+01
4.665720585937500005e+02,-9.185114000770764164e+01
4.665723515624999891e+02,-9.909080195283377179e+01
4.665726445312500346e+02,-9.385155681589539256e+01
4.665729375000000232e+02,-8.963508865714007356e+01
4.665732304687500118e+02,-1.043706676377307616e+02
4.665735234375000005e+02,-9.470697804842386347e+01
4.665738164062499891e+02,-9.662792789666562498e+01
4.665741093750000346e+02,-1.039481993555484678e+02
4.665744023437500232e+02,-9.113644354529598957e+01
4.665746953125000118e+02,-9.968130047824807605e+01
4.665749882812500005e+02,-9.911089657342265014e+01
4.665752812499999891e+02,-9.629895475846963393e+01
4.665755742187500346e+02,-9.415822354649323245e+01
4.665758671875000232e+02,-1.136340063316270346e+02
4.665761601562500118e+02,-8.906072355143862751e+01
4.665764531250000005e+02,-9.043825073671604287e+01
4.665767460937499891e+02,-9.041489515695457158e+01
4.665770390625000346e+02,-8.970170259959542136e+01
4.665773320312500232e+02,-9.321789513810674066e+01
4.665776250000000118e+02,-1.354593277561370996e+02
4.665779179687500005e+02,-9.601171635407922622e+01
4.665782109374999891e+02,-9.093394368377666126e+01
4.665785039062500346e+02,-9.119587141001019859e+01
4.665787968750000232e+02,-8.769365632308358727e+01
4.665790898437500118e+02,-8.663834342419067980e+01
4.665793828125000005e+02,-8.958973180911307566e+01
4.665796757812499891e+02,-8.681195496163994108e+01
4.665799687500000346e+02,-8.518674989407722364e+01
4.665802617187500232e+02,-8.823331624519556726e+01
4.665805546875000118e+02,-8.755567407129221635e+01
4.665808476562500005e+02,-8.762177845259765263e+01
4.665811406249999891e+02,-9.203586605438471224e+01
4.665814335937500346e+02,-9.032027886418015328e+01
4.665817265625000232e+02,-8.916354636748310725e+01
4.665820195312500118e+02,-9.397857026217677401e+01
4.665823125000000005e+02,-9.864663564716884991e+01
4.665826054687499891e+02,-8.747758718688947965e+01
4.665828984375000346e+02,-8.775664738526671727e+01
4.665831914062500232e+02,-9.237774801049100404e+01
4.665834843750000118e+02,-8.727004411264979922e+01
4.665837773437500005e+02,-8.940665840220198390e+01
4.665840703124999891e+02,-8.965179183183664691e+01
4.665843632812500346e+02,-8.743672190166623182e+01
4.665846562500000232e+02,-8.970805024962143648e+01
4.665849492187500118e+02,-8.834261624526378398e+01
4.665852421875000005e+02,-9.767293864853657226e+01
4.665855351562499891e+02,-9.558964475026010632e+01
4.665858281250000346e+02,-9.132588498750173756e+01
4.665861210937500232e+02,-8.830567735809950136e+01
4.665864140625000118e+02,-8.584565248951787453e+01
4.665867070312500005e+02,-8.633965573669379978e+01
4.665869999999999891e+02,-8.543520038333660693e+01
4.665872929687500346e+02,-8.685099298962633441e+01
4.665875859375000232e+02,-8.715550767913526897e+01
4.665878789062500118e+02,-9.332287000931339094e+01
4.665881718750000005e+02,-8.939564407887660025e+01
4.665884648437499891e+02,-8.675617550025846469e+01
4.665887578125000346e+02,-8.563575729735825348e+01
4.665890507812500232e+02,-9.272909244382029215e+01
4.665893437500000118e+02,-8.811450763264438990e+01
4.665896367187500005e+02,-9.421262498151338605e+01
4.665899296874999891e+02,-9.930308964918555148e+01
4.665902226562500346e+02,-9.813355738469175549e+01
4.665905156250000232e+02,-9.045351876619859866e+01
4.665908085937500118e+02,-9.131793715981189052e+01
4.665911015625000005e+02,-9.375958647336703677e+01
4.665913945312499891e+02,-8.804217016397758755e+01
4.665916875000000346e+02,-9.261201239705671640e+01
4.665919804687500232e+02,-9.549472618806308333e+01
4.665922734375000118e+02,-9.351873971121791840e+01
4.665925664062500005e+02,-9.218349914560025127e+01
4.665928593749999891e+02,-9.484118201523199332e+01
4.665931523437500346e+02,-9.152633759912696121e+01
4.665934453125000232e+02,-8.617755663600762261e+01
4.665937382812500118e+02,-8.302874895523632404e+01
4.665940312500000005e+02,-8.939321213052781445e+01
4.665943242187499891e+02,-9.106118784454325521e+01
4.665946171875000346e+02,-9.605988438218673764e+01
4.665949101562500232e+02,-1.056919746666783908e+02
4.665952031250000118e+02,-9.050108067813886237e+01
4.665954960937500005e+02,-9.392265986160535363e+01
4.665957890624999891e+02,-9.772446650831145121e+01
4.665960820312500346e+02,-9.490947646926903758e+01
4.665963750000000232e+02,-8.871677281386752156e+01
4.665966679687500118e+02,-9.086694607940984270e+01
4.665969609375000005e+02,-9.046694386702696988e+01
4.665972539062499891e+02,-9.292400325010345341e+01
4.665975468750000346e+02,-8.614465182086590289e+01
4.665978398437500232e+02,-8.974150570915415415e+01
4.665981328125000118e+02,-9.896994046416033086e+01
4.665984257812500005e+02,-9.120523113861430886e+01
4.665987187499999891e+02,-8.444158493834947876e+01
4.665990117187500346e+02,-9.110351003377509471e+01
4.665993046875000232e+02,-9.594933233740626122e+01
4.665995976562500118e+02,-9.386421962924750062e+01
4.665998906250000005e+02,-9.173399617644759019e+01
4.666001835937499891e+02,-1.067805550079012420e+02
4.666004765625000346e+02,-9.596541533644897015e+01
4.666007695312500232e+02,-1.085169814989117896e+02
4.666010625000000118e+02,-1.049326853860647049e+02
4.666013554687500005e+02,-1.000870427111912591e+02
4.666016484374999891e+02,-9.298686020604796454e+01
4.666019414062500346e+02,-8.405740281892164489e+01
4.666022343750000232e+02,-8.592110655422604282e+01
4.666025273437500118e+02,-9.490622065145367969e+01
4.666028203125000005e+02,-8.925526075035003259e+01
4.666031132812499891e+02,-9.915933945843109143e+01
4.666034062500000346e+02,-9.009770378552292414e+01
4.666036992187500232e+02,-9.924254370294326577e+01
4.666039921875000118e+02,-1.011331858735880189e+02
4.666042851562500005e+02,-9.292534754019682453e+01
4.666045781249999891e+02,-9.554460466722125034e+01
4.666048710937500346e+02,-9.110586759008789670e+01
4.666051640625000232e+02,-9.981672946756202691e+01
4.666054570312500118e+02,-8.852401150863137502e+01
4.666057500000000005e+02,-9.486754606548089441e+01
4.666060429687499891e+02,-8.640535311540429575e+01
4.666063359375000346e+02,-9.117513053113539456e+01
4.666066289062500232e+02,-9.206226978423913465e+01
4.666069218750000118e+02,-9.144241511401639855e+01
4.666072148437500005e+02,-9.226910655181156073e+01
4.666075078124999891e+02,-9.040079326048117991e+01
4.666078007812500346e+02,-8.810444143878277146e+01
4.666080937500000232e+02,-8.518798484550494265e+01
4.666083867187500118e+02,-8.454191078771701484e+01
4.666086796875000005e+02,-1.003715749011201694e+02
4.666089726562499891e+02,-1.025101942766118555e+02
4.666092656250000346e+02,-8.911075124077756016e+01
4.666095585937500232e+02,-8.822255206527039206e+01
4.666098515625000118e+02,-9.269767909703514874e+01
4.666101445312500005e+02,-9.527546944150606123e+01
4.666104374999999891e+02,-8.543447674315927998e+01
4.666107304687500346e+02,-9.164835656901746574e+01
4.666110234375000232e+02,-9.708706830417617084e+01
4.666113164062500118e+02,-9.450275262925637776e+01
4.666116093750000005e+02,-8.936884132019912386e+01
4.666119023437499891e+02,-1.059592897836411538e+02
4.666121953125000346e+02,-9.016099820147495336e+01
4.666124882812500232e+02,-9.808611488805706813e+01
4.666127812500000118e+02,-9.984173232043875146e+01
4.666130742187500005e+02,-9.035578951000167081e+01
4.666133671874999891e+02,-8.866383333842749437e+01
4.666136601562500346e+02,-9.966326718302590848e+01
4.666139531250000232e+02,-9.464227390087700087e+01
4.666142460937500118e+02,-9.284427895055542024e+01
4.666145390625000005e+02,-8.588956778546011606e+01
4.666148320312499891e+02,-8.680380530598078792e+01
4.666151250000000346e+02,-9.326252783037969607e+01
4.666154179687500232e+02,-9.431872205737640513e+01
4.666157109375000118e+02,-9.480304865842684592e+01
4.666160039062500005e+02,-9.059703121340389487e+01
4.666162968749999891e+02,-9.304373448222095533e+01
4.666165898437500346e+02,-9.495160688867846943e+01
4.666168828125000232e+02,-9.295443206095592359e+01
4.666171757812500118e+02,-9.052974992650828767e+01
4.666174687500000005e+02,-8.893562445762847801e+01
4.666177617187499891e+02,-8.986535894613717801e+01
4.666180546875000346e+02,-1.062438397244076640e+02
4.666183476562500232e+02,-9.488059772123921221e+01
4.666186406250000118e+02,-1.007997371085322129e+02
4.666189335937500005e+02,-9.247278656522362894e+01
4.666192265624999891e+02,-9.195162839554760126e+01
4.666195195312500346e+02,-9.523829213964246776e+01
4.666198125000000232e+02,-9.172426565675698384e+01
4.666201054687500118e+02,-8.996302725178921378e+01
4.666203984375000005e+02,-9.209190478028770599e+01
4.666206914062499891e+02,-8.892842510857283855e+01
4.666209843750000346e+02,-8.589077031054843303e+01
4.666212773437500232e+02,-8.951662475303061228e+01
4.666215703125000118e+02,-9.122364249867801789e+01
4.666218632812500005e+02,-1.040672180058619603e+02
4.666221562499999891e+02,-8.924778374879508647e+01
4.666224492187500346e+02,-9.851575213424881383e+01
4.666227421875000232e+02,-9.736282649788651611e+01
4.666230351562500118e+02,-9.464616955156847666e+01
4.666233281250000005e+02,-9.453305103101834561e+01
4.666236210937499891e+02,-9.631874492404247690e+01
4.666239140625000346e+02,-9.213705836702700935e+01
4.666242070312500232e+02,-9.193926100850609373e+01
4.666245000000000118e+02,-9.319103553826761299e+01
4.666247929687500005e+02,-9.290487901764674916e+01
4.666250859374999891e+02,-9.267891873325888241e+01
4.666253789062500346e+02,-8.686255424192296459e+01
4.666256718750000232e+02,-8.656677438009018033e+01
4.666259648437500118e+02,-9.199338377303817538e+01
4.666262578125000005e+02,-9.062284986486027094e+01
4.666265507812499891e+02,-9.048779139697961682e+01
4.666268437500000346e+02,-9.607999204340703159e+01
4.666271367187500232e+02,-9.086729429814644732e+01
4.666274296875000118e+02,-9.618489017882416192e+01
4.666277226562500005e+02,-9.758426230867667073e+01
4.666280156249999891e+02,-9.135925315919060097e+01
4.666283085937500346e+02,-9.591257073867348026e+01
4.666286015625000232e+02,-8.588998355449923849e+01
4.666288945312500118e+02,-8.423950286612667071e+01
4.666291875000000005e+02,-8.963642874515450387e+01
4.666294804687499891e+02,-9.162924413001441337e+01
4.666297734375000346e+02,-8.654236470257431790e+01
4.666300664062500232e+02,-1.047379197497512138e+02
4.666303593750000118e+02,-9.849231698603567509e+01
4.666306523437500005e+02,-8.911264448969440366e+01
4.666309453124999891e+02,-9.555238255257199853e+01
4.666312382812500346e+02,-9.449923518953299606e+01
4.666315312500000232e+02,-9.029545551651196433e+01
4.666318242187500118e+02,-9.333538690847218788e+01
4.666321171875000005e+02,-9.598005520716480987e+01
4.666324101562499891e+02,-1.034497332211566345e+02
4.666327031250000346e+02,-9.512067756437416222e+01
4.666329960937500232e+02,-8.706369926270107840e+01
4.666332890625000118e+02,-8.641377011739086811e+01
4.666335820312500005e+02,-1.056558917664116706e+02
4.666338749999999891e+02,-8.923020068145122252e+01
4.666341679687500346e+02,-1.004952405110638551e+02
4.666344609375000232e+02,-9.206357909823995556e+01
4.666347539062500118e+02,-9.647499312191391141e+01
4.666350468750000005e+02,-9.304991357981423050e+01
4.666353398437499891e+02,-9.861920367077527771e+01
4.666356328125000346e+02,-8.968423977230708033e+01
4.666359257812500232e+02,-8.938030125094664413e+01
4.666362187500000118e+02,-8.910050841348386541e+01
4.666365117187500005e+02,-9.512286905779555468e+01
4.666368046874999891e+02,-8.920338639055317742e+01
4.666370976562500346e+02,-1.030615297081779289e+02
4.666373906250000232e+02,-9.078910284857863644e+01
4.666376835937500118e+02,-9.257593808239683142e+01
4.666379765625000005e+02,-1.018052158019927589e+02
4.666382695312499891e+02,-9.776509543135691160e+01
4.666385625000000346e+02,-1.070817340836862996e+02
4.666388554687500232e+02,-9.501729501076403039e+01
4.666391484375000118e+02,-9.008481994693183026e+01
4.666394414062500005e+02,-8.399543098686910980e+01
4.666397343749999891e+02,-8.871021247858834613e+01
4.666400273437500346e+02,-9.312803490480365554e+01
4.666403203125000232e+02,-1.053788133815713763e+02
4.666406132812500118e+02,-9.227767070325873533e+01
4.666409062500000005e+02,-8.619778814218381058e+01
4.666411992187499891e+02,-8.627218885722506059e+01
4.666414921875000346e+02,-1.007301981203882519e+02
4.666417851562500232e+02,-9.654691123357392257e+01
4.666420781250000118e+02,-8.994771904307569343e+01
4.666423710937500005e+02,-9.383546000573639390e+01
4.666426640624999891e+02,-9.392355408709121889e+01
4.666429570312500346e+02,-9.190662757643229952e+01
4.666432500000000232e+02,-9.078256025771420923e+01
4.666435429687500118e+02,-9.398989135280598362e+01
4.666438359375000005e+02,-1.015451409476855815e+02
4.666441289062499891e+02,-9.272912132764979276e+01
4.666444218750000346e+02,-8.914830463246414638e+01
4.666447148437500232e+02,-8.483166910577384101e+01
4.666450078125000118e+02,-8.828649284714501277e+01
4.666453007812500005e+02,-8.683014197098437137e+01
4.666455937499999891e+02,-8.251995855531683333e+01
4.666458867187500346e+02,-8.696688735523864011e+01
4.666461796875000232e+02,-9.412949922786999934e+01
4.666464726562500118e+02,-9.907617234456799338e+01
4.666467656250000005e+02,-9.491666986851056720e+01
4.666470585937499891e+02,-1.009545094144402100e+02
4.666473515625000346e+02,-1.007406929072481319e+02
4.666476445312500232e+02,-8.490148464031622666e+01
4.666479375000000118e+02,-8.369636341388543599e+01
4.666482304687500005e+02,-8.593124259382298646e+01
4.666485234374999891e+02,-9.122785763654474067e+01
4.666488164062500346e+02,-8.723864139730406464e+01
4.666491093750000232e+02,-9.422347542205602622e+01
4.666494023437500118e+02,-9.173946015581263680e+01
4.666496953125000005e+02,-1.024615258352460643e+02
4.666499882812499891e+02,-1.036421793410355860e+02
4.666502812500000346e+02,-1.054476441024168025e+02
4.666505742187500232e+02,-1.014036776066087810e+02
4.666508671875000118e+02,-9.390109994196676269e+01
4.666511601562500005e+02,-8.841928578696681029e+01
4.666514531249999891e+02,-9.464746778305422481e+01
4.666517460937500346e+02,-9.786136877815656021e+01
4.666520390625000232e+02,-9.183618163751525287e+01
4.666523320312500118e+02,-9.113627850066045255e+01
4.666526250000000005e+02,-8.850113890793369364e+01
4.666529179687499891e+02,-9.638385558289478183e+01
4.666532109375000346e+02,-8.901181684262517990e+01
4.666535039062500232e+02,-9.814841866109063062e+01
4.666537968750000118e+02,-9.375005239304174154e+01
4.666540898437500005e+02,-8.776180058553546814e+01
4.666543828124999891e+02,-8.921610458905804819e+01
4.666546757812500346e+02,-9.460047831619426972e+01
4.666549687500000232e+02,-8.780597739353581233e+01
4.666552617187500118e+02,-9.015576125292673737e+01
4.666555546875000005e+02,-9.225791369645699547e+01
4.666558476562499891e+02,-9.245614808304631538e+01
4.666561406250000346e+02,-8.943260984677212377e+01
4.666564335937500232e+02,-9.125972534322100671e+01
4.666567265625000118e+02,-9.822330217372508798e+01
4.666570195312500005e+02,-9.627516149280040736e+01
4.666573124999999891e+02,-9.245888724292626648e+01
4.666576054687500346e+02,-8.897671911359530839e+01
4.666578984375000232e+02,-9.625981215722626416e+01
4.666581914062500118e+02,-8.782797328311340834e+01
4.666584843750000005e+02,-8.661468185857459900e+01
4.666587773437499891e+02,-1.024375682448128941e+02
4.666590703125000346e+02,-8.829392849460431592e+01
4.666593632812500232e+02,-8.644346372573396309e+01
4.666596562500000118e+02,-8.456153347500888628e+01
4.666599492187500005e+02,-8.380963738116783190e+01
4.666602421874999891e+02,-8.579809913445541270e+01
4.666605351562500346e+02,-9.537062010247480259e+01
4.666608281250000232e+02,-8.665663938789521126e+01
4.666611210937500118e+02,-8.699345424379016833e+01
4.666614140625000005e+02,-9.415930841738088475e+01
4.666617070312499891e+02,-9.300567858061087634e+01
4.666620000000000346e+02,-9.144141072113355051e+01
4.666622929687500232e+02,-9.175840409656323970e+01
4.666625859375000118e+02,-1.015406795716739623e+02
4.666628789062500005e+02,-9.709975552565319390e+01
4.666631718749999891e+02,-8.979665866085338166e+01
4.666634648437500346e+02,-9.393026843032959050e+01
4.666637578125000232e+02,-8.612084825368214069e+01
4.666640507812500118e+02,-8.637952380053650359e+01
4.666643437500000005e+02,-9.022220788571230798e+01
4.666646367187499891e+02,-8.861173094092124813e+01
4.666649296875000346e+02,-8.766382051159214939e+01
4.666652226562500232e+02,-8.740297642178992987e+01
4.666655156250000118e+02,-9.155237658197302153e+01
4.666658085937500005e+02,-9.475080824767005083e+01
4.666661015624999891e+02,-9.979632105350147242e+01
4.666663945312500346e+02,-9.294988584377173879e+01
4.666666875000000232e+02,-9.174870119826563553e+01
4.666669804687500118e+02,-9.344293316761637413e+01
4.666672734375000005e+02,-8.851703613206029786e+01
4.666675664062499891e+02,-9.533436614119720787e+01
4.666678593750000346e+02,-8.748315880659269794e+01
4.666681523437500232e+02,-9.397117291319963783e+01
4.666684453125000118e+02,-9.428193857968710745e+01
4.666687382812500005e+02,-9.442137746181234093e+01
4.666690312499999891e+02,-9.146607383212401032e+01
4.666693242187500346e+02,-8.770940426285896763e+01
4.666696171875000232e+02,-8.663299003079617933e+01
4.666699101562500118e+02,-8.345981263178337883e+01
4.666702031250000005e+02,-8.121140133733896960e+01
4.666704960937499891e+02,-8.348007325345497520e+01
4.666707890625000346e+02,-9.187744218656851558e+01
4.666710820312500232e+02,-9.462785399604183567e+01
4.666713750000000118e+02,-8.858316514628700133e+01
4.666716679687500005e+02,-9.933401704776997576e+01
4.666719609374999891e+02,-8.800151836803129868e+01
4.666722539062500346e+02,-8.880619419355340938e+01
4.666725468750000232e+02,-9.515811258817930707e+01
4.666728398437500118e+02,-8.784249911903140173e+01
4.666731328125000005e+02,-8.908207458486971575e+01
4.666734257812499891e+02,-9.493221501565335529e+01
4.666737187500000346e+02,-9.076257991832947880e+01
4.666740117187500232e+02,-9.386242655004808455e+01
4.666743046875000118e+02,-9.410530769942928941e+01
4.666745976562500005e+02,-9.812041133464012432e+01
4.666748906249999891e+02,-9.887604678863542063e+01
4.666751835937500346e+02,-8.747966584649908839e+01
4.666754765625000232e+02,-9.052319594609060971e+01
4.666757695312500118e+02,-9.529766823822605204e+01
4.666760625000000005e+02,-9.483944578436997119e+01
4.666763554687499891e+02,-1.016542067545134103e+02
4.666766484375000346e+02,-9.605672366104764137e+01
4.666769414062500232e+02,-9.543848481593842337e+01
4.666772343750000118e+02,-9.112305873742671736e+01
4.666775273437500005e+02,-8.977570282988784811e+01
4.666778203124999891e+02,-9.997322909118747702e+01
4.666781132812500346e+02,-8.733906704280501287e+01
4.666784062500000232e+02,-8.980822877535196369e+01
4.666786992187500118e+02,-1.004729899326117817e+02
4.666789921875000005e+02,-9.035953573842085973e+01
4.666792851562499891e+02,-9.157368654177099643e+01
4.666795781250000346e+02,-9.344816865974372888e+01
4.666798710937500232e+02,-9.056050677688003248e+01
4.666801640625000118e+02,-9.151718567326489051e+01
4.666804570312500005e+02,-9.876376782566339330e+01
4.666807499999999891e+02,-9.916396956929659723e+01
4.666810429687500346e+02,-9.329698679367621139e+01
4.666813359375000232e+02,-9.643913797544803401e+01
4.666816289062500118e+02,-9.031495790608003915e+01
4.666819218750000005e+02,-1.101986628006785196e+02
4.666822148437499891e+02,-1.032788330503445451e+02
4.666825078125000346e+02,-9.528208299243155466e+01
4.666828007812500232e+02,-9.731779703195650200e+01
4.666830937500000118e+02,-9.470604447649014901e+01
4.666833867187500005e+02,-9.961920135843681123e+01
4.666836796874999891e+02,-1.058564102872296218e+02
4.666839726562500346e+02,-8.834644779512021273e+01
4.666842656250000232e+02,-8.694229409926185781e+01
4.666845585937500118e+02,-8.699771684935419103e+01
4.666848515625000005e+02,-8.943686315137153997e+01
4.666851445312499891e+02,-9.351925033992230851e+01
4.666854375000000346e+02,-8.905850358491731811e+01
4.666857304687500232e+02,-8.959916405130638850e+01
4.666860234375000118e+02,-9.009225844396320326e+01
4.666863164062500005e+02,-8.902712792338613212e+01
4.666866093749999891e+02,-9.219361716401259343e+01
4.666869023437500346e+02,-9.208010206788219421e+01
4.666871953125000232e+02,-8.486907990106334410e+01
4.666874882812500118e+02,-7.991844468944657365e+01
4.666877812500000005e+02,-8.669248409639300235e+01
4.666880742187499891e+02,-9.621162026540767442e+01
4.666883671875000346e+02,-8.637387134326830562e+01
4.666886601562500232e+02,-8.787998613710585971e+01
4.666889531250000118e+02,-8.876168950444194650e+01
4.666892460937500005e+02,-8.814249476293744578e+01
4.666895390624999891e+02,-8.772451505367435232e+01
4.666898320312500346e+02,-8.702244186032308448e+01
4.666901250000000232e+02,-8.868763995127088151e+01
4.666904179687500118e+02,-8.569051224801194167e+01
4.666907109375000005e+02,-8.798313155322583157e+01
4.666910039062499891e+02,-9.079572007779594855e+01
4.666912968750000346e+02,-8.681596167193733038e+01
4.666915898437500232e+02,-8.393360568149526557e+01
4.666918828125000118e+02,-9.094215761926218988e+01
4.666921757812500005e+02,-8.972283679647189558e+01
4.666924687499999891e+02,-9.078534249829684200e+01
4.666927617187500346e+02,-8.685986091092860306e+01
4.666930546875000232e+02,-9.031948362471212022e+01
4.666933476562500118e+02,-8.932973576933378013e+01
4.666936406250000005e+02,-8.417069692846988005e+01
4.666939335937499891e+02,-8.652605217187041831e+01
4.666942265625000346e+02,-9.859218754519430661e+01
4.666945195312500232e+02,-9.494208157323399178e+01
4.666948125000000118e+02,-8.559203862763523318e+01
4.666951054687500005e+02,-9.463488961073724681e+01
4.666953984374999891e+02,-9.280101249146311204e+01
4.666956914062500346e+02,-9.136654929803961522e+01
4.666959843750000232e+02,-9.362767909948779277e+01
4.666962773437500118e+02,-9.262595058160786721e+01
4.666965703125000005e+02,-8.692727228484095292e+01
4.666968632812499891e+02,-8.705194417728171175e+01
4.666971562500000346e+02,-8.636282775331665107e+01
4.666974492187500232e+02,-8.825181673438679297e+01
4.666977421875000118e+02,-9.343613727464692431e+01
4.666980351562500005e+02,-9.167532259388298144e+01
4.666983281249999891e+02,-9.818194014901354194e+01
4.666986210937500346e+02,-9.441531432830839776e+01
4.666989140625000232e+02,-1.008185770426709666e+02
4.666992070312500118e+02,-9.165270725125080276e+01
4.666995000000000005e+02,-9.215059344579105982e+01
4.666997929687499891e+02,-8.899694682897988685e+01
4.667000859375000346e+02,-9.741188470869992955e+01
4.667003789062500232e+02,-1.049044674146897194e+02
4.667006718750000118e+02,-9.336214827157563434e+01
4.667009648437500005e+02,-9.547106189131045539e+01
4.667012578124999891e+02,-8.699317655252313841e+01
4.667015507812500346e+02,-8.860043898242921045e+01
4.667018437500000232e+02,-9.336071962062818841e+01
4.667021367187500118e+02,-9.009425245759460665e+01
4.667024296875000005e+02,-8.738430521599333645e+01
4.667027226562499891e+02,-8.819846466763921455e+01
4.667030156250000346e+02,-9.542365084125370345e+01
4.667033085937500232e+02,-9.146555528368850219e+01
4.667036015625000118e+02,-8.727029541072637642e+01
4.667038945312500005e+02,-8.573047372911267416e+01
4.667041874999999891e+02,-8.722318127869336024e+01
4.667044804687500346e+02,-9.722244773048338118e+01
4.667047734375000232e+02,-8.937746055438979909e+01
4.667050664062500118e+02,-8.899479244923878696e+01
4.667053593750000005e+02,-9.226065525545104151e+01
4.667056523437499891e+02,-8.900299713698088055e+01
4.667059453125000346e+02,-9.952900078558852215e+01
4.667062382812500232e+02,-9.536458744223207873e+01
4.667065312500000118e+02,-9.134694805891639646e+01
4.667068242187500005e+02,-9.262309946776639435e+01
4.667071171874999891e+02,-9.156014817774101289e+01
4.667074101562500346e+02,-8.845819310168704419e+01
4.667077031250000232e+02,-9.786603697048573736e+01
4.667079960937500118e+02,-8.626240303734991244e+01
4.667082890625000005e+02,-8.868115354742118939e+01
4.667085820312499891e+02,-9.046381429682868713e+01
4.667088750000000346e+02,-9.485189390047280256e+01
4.667091679687500232e+02,-8.792267917951051004e+01
4.667094609375000118e+02,-9.569081156027019119e+01
4.667097539062500005e+02,-8.936647166464229031e+01
4.667100468749999891e+02,-9.734616611947460285e+01
4.667103398437500346e+02,-9.328676351486495832e+01
4.667106328125000232e+02,-8.778544566555640927e+01
4.667109257812500118e+02,-8.755348987311693065e+01
4.667112187500000005e+02,-9.114020401550402539e+01
4.667115117187499891e+02,-8.978128485561344974e+01
4.667118046875000346e+02,-8.722687109761000102e+01
4.667120976562500232e+02,-8.685597515849805461e+01
4.667123906250000118e+02,-9.095853893064034423e+01
4.667126835937500005e+02,-9.542958686507303412e+01
4.667129765624999891e+02,-8.792474491887955423e+01
4.667132695312500346e+02,-8.236875637912243064e+01
4.667135625000000232e+02,-8.323169194587272557e+01
4.667138554687500118e+02,-8.904125892006284460e+01
4.667141484375000005e+02,-8.709364975237306794e+01
4.667144414062499891e+02,-8.815557324167910735e+01
4.667147343750000346e+02,-9.097464599646957595e+01
4.667150273437500232e+02,-9.569708266992583390e+01
4.667153203125000118e+02,-8.901814728536575672e+01
4.667156132812500005e+02,-9.278379216139268237e+01
4.667159062499999891e+02,-9.037123886796487682e+01
4.667161992187500346e+02,-9.370100724184976571e+01
4.667164921875000232e+02,-9.930010900331025425e+01
4.667167851562500118e+02,-8.839908578702309683e+01
4.667170781250000005e+02,-8.923598306651499001e+01
4.667173710937499891e+02,-9.520545802750447706e+01
4.667176640625000346e+02,-9.200547954450486543e+01
4.667179570312500232e+02,-8.807460237458899144e+01
4.667182500000000118e+02,-8.627202040099889757e+01
4.667185429687500005e+02,-9.191504215227013219e+01
4.667188359374999891e+02,-8.830992032353159971e+01
4.667191289062500346e+02,-9.384352061004440770e+01
4.667194218750000232e+02,-9.002945478130955337e+01
4.667197148437500118e+02,-9.681457893822141614e+01
4.667200078125000005e+02,-1.006354136278669245e+02
4.667203007812499891e+02,-8.995075992889199767e+01
4.667205937500000346e+02,-9.183586322023012372e+01
4.667208867187500232e+02,-9.252274152034340204e+01
4.667211796875000118e+02,-8.516251322534465373e+01
4.667214726562500005e+02,-8.433228095322839124e+01
4.667217656249999891e+02,-8.779665012604480978e+01
4.667220585937500346e+02,-9.804113912293347255e+01
4.667223515625000232e+02,-8.814904817759233424e+01
4.667226445312500118e+02,-8.956431903675368744e+01
4.667229375000000005e+02,-1.047705539020632273e+02
4.667232304687499891e+02,-9.439975126927609494e+01
4.667235234375000346e+02,-9.274271516634794921e+01
4.667238164062500232e+02,-9.549874275405132096e+01
4.667241093750000118e+02,-1.033455455101227756e+02
4.667244023437500005e+02,-9.343672320737333337e+01
4.667246953124999891e+02,-9.008047910611762177e+01
4.667249882812500346e+02,-1.015819708134065849e+02
4.667252812500000232e+02,-9.281647833599274122e+01
4.667255742187500118e+02,-8.741159915417127024e+01
4.667258671875000005e+02,-8.919345541750575990e+01
4.667261601562499891e+02,-9.034610855061825418e+01
4.667264531250000346e+02,-8.434833670100834979e+01
4.667267460937500232e+02,-8.844830614567689508e+01
4.667270390625000118e+02,-8.497948958040937839e+01
4.667273320312500005e+02,-8.895120456392237429e+01
4.667276249999999891e+02,-8.906058380104992978e+01
4.667279179687500346e+02,-8.944089967466422308e+01
4.667282109375000232e+02,-9.127435491982176075e+01
4.667285039062500118e+02,-8.392797559471088675e+01
4.667287968750000005e+02,-9.604331400104156558e+01
4.667290898437499891e+02,-9.207526496415627548e+01
4.667293828125000346e+02,-9.060383787279904766e+01
4.667296757812500232e+02,-8.868631185883523926e+01
4.667299687500000118e+02,-9.432371450778177291e+01
4.667302617187500005e+02,-8.447980145975721200e+01
4.667305546874999891e+02,-8.468241340844397769e+01
4.667308476562500346e+02,-8.678038168098180449e+01
4.667311406250000232e+02,-8.739724269459047434e+01
4.667314335937500118e+02,-1.077179184958079219e+02
4.667317265625000005e+02,-8.790680903076744812e+01
4.667320195312499891e+02,-8.626846797358243180e+01
4.667323125000000346e+02,-9.637796033590987577e+01
4.667326054687500232e+02,-8.983611498469734613e+01
4.667328984375000118e+02,-1.008062030751535190e+02
4.667331914062500005e+02,-8.631402298092729097e+01
4.667334843749999891e+02,-9.297493257273924883e+01
4.667337773437500346e+02,-8.645200818346413030e+01
4.667340703125000232e+02,-8.791465444414922104e+01
4.667343632812500118e+02,-8.252990179280837424e+01
4.667346562500000005e+02,-8.229280458456608471e+01
4.667349492187499891e+02,-8.897915603026027043e+01
4.667352421875000346e+02,-1.043413503265931297e+02
4.667355351562500232e+02,-9.267911685827007773e+01
4.667358281250000118e+02,-8.763973030324319780e+01
4.667361210937500005e+02,-8.682232962168212964e+01
4.667364140624999891e+02,-8.903761537889656097e+01
4.667367070312500346e+02,-8.478566025450842858e+01
4.667370000000000232e+02,-8.773356928763269025e+01
4.667372929687500118e+02,-9.013634445388653660e+01
4.667375859375000005e+02,-8.966636105282205449e+01
4.667378789062499891e+02,-9.236422710944025027e+01
4.667381718750000346e+02,-9.448290888642773666e+01
4.667384648437500232e+02,-9.270028676081936680e+01
4.667387578125000118e+02,-9.703847012208301237e+01
4.667390507812500005e+02,-8.639519879086785181e+01
4.667393437499999891e+02,-9.014223306104808842e+01
4.667396367187500346e+02,-8.897337165295935790e+01
4.667399296875000232e+02,-8.784418686292221423e+01
4.667402226562500118e+02,-9.175374967330091636e+01
4.667405156250000005e+02,-9.843578304768237786e+01
4.667408085937499891e+02,-9.776321511307767764e+01
4.667411015625000346e+02,-1.015153402824296336e+02
4.667413945312500232e+02,-9.523596778366345461e+01
4.667416875000000118e+02,-9.092964501619546525e+01
4.667419804687500005e+02,-9.476377077860570353e+01
4.667422734374999891e+02,-9.177297667652521795e+01
4.667425664062500346e+02,-1.046083268655218887e+02
4.667428593750000232e+02,-9.449969718162626009e+01
4.667431523437500118e+02,-8.872293784044403253e+01
4.667434453125000005e+02,-9.645864837187716034e+01
4.667437382812499891e+02,-9.326713643048469748e+01
4.667440312500000346e+02,-9.060309250113488133e+01
4.667443242187500232e+02,-9.449702614972596848e+01
4.667446171875000118e+02,-9.071696361803971342e+01
4.667449101562500005e+02,-9.034219634889937822e+01
4.667452031249999891e+02,-9.405902307259975714e+01
4.667454960937500346e+02,-9.067793275521313490e+01
4.667457890625000232e+02,-9.490284323720574378e+01
4.667460820312500118e+02,-9.590202237372892569e+01
4.667463750000000005e+02,-9.230786739052473422e+01
4.667466679687499891e+02,-1.086868697007589901e+02
4.667469609375000346e+02,-8.251359030308859133e+01
4.667472539062500232e+02,-8.310963144939698566e+01
4.667475468750000118e+02,-9.871462544325721922e+01
4.667478398437500005e+02,-9.492951074744141238e+01
4.667481328124999891e+02,-9.188695918120558304e+01
4.667484257812500346e+02,-8.983362133991897736e+01
4.667487187500000232e+02,-9.117369780896200382e+01
4.667490117187500118e+02,-9.485415339850426619e+01
4.667493046875000005e+02,-9.522002304558077412e+01
4.667495976562499891e+02,-8.874855576152143044e+01
4.667498906250000346e+02,-8.402512630089677259e+01
4.667501835937500232e+02,-8.587372115150824925e+01
4.667504765625000118e+02,-8.860206942653240958e+01
4.667507695312500005e+02,-9.041929563796563230e+01
4.667510624999999891e+02,-9.282663892821545915e+01
4.667513554687500346e+02,-9.898581084569710242e+01
4.667516484375000232e+02,-9.322798562361452923e+01
4.667519414062500118e+02,-8.632185080466749127e+01
4.667522343750000005e+02,-9.430336498046551696e+01
4.667525273437499891e+02,-9.275578685278296120e+01
4.667528203125000346e+02,-8.843901404777847119e+01
4.667531132812500232e+02,-9.075920555570417037e+01
4.667534062500000118e+02,-8.941032696053652273e+01
4.667536992187500005e+02,-8.957273109160576041e+01
4.667539921874999891e+02,-8.588010393821436139e+01
4.667542851562500346e+02,-9.339292624268411203e+01
4.667545781250000232e+02,-1.005408654414834047e+02
4.667548710937500118e+02,-9.804382491732040705e+01
4.667551640625000005e+02,-1.028934793640223830e+02
4.667554570312499891e+02,-9.223716938923308817e+01
4.667557500000000346e+02,-8.998699191424471167e+01
4.667560429687500232e+02,-9.138353757783484355e+01
4.667563359375000118e+02,-8.829451022757176304e+01
4.667566289062500005e+02,-8.800224394169225661e+01
4.667569218749999891e+02,-8.956335771908922538e+01
4.667572148437500346e+02,-1.058777130829624156e+02
4.667575078125000232e+02,-9.400934484737923924e+01
4.667578007812500118e+02,-9.254184463794243243e+01
4.667580937500000005e+02,-9.011046098941058347e+01
4.667583867187499891e+02,-8.570341989991663922e+01
4.667586796875000346e+02,-8.542503024990165272e+01
4.667589726562500232e+02,-8.996260960758777969e+01
4.667592656250000118e+02,-8.662803420340043203e+01
4.667595585937500005e+02,-8.739510290698044059e+01
4.667598515624999891e+02,-9.056349104024937446e+01
4.667601445312500346e+02,-8.660181778871822189e+01
4.667604375000000232e+02,-8.465752608789750866e+01
4.667607304687500118e+02,-9.166779889798962699e+01
4.667610234375000005e+02,-9.046905916339741793e+01
4.667613164062499891e+02,-9.588451887471556745e+01
4.667616093750000346e+02,-8.985139173034534110e+01
4.667619023437500232e+02,-9.264760138726992977e+01
4.667621953125000118e+02,-8.841355950425545984e+01
4.667624882812500005e+02,-9.326170143428527126e+01
4.667627812499999891e+02,-9.326701664428395588e+01
4.667630742187500346e+02,-9.421004218360923232e+01
4.667633671875000232e+02,-9.126303953140363490e+01
4.667636601562500118e+02,-9.734741663396152944e+01
4.667639531250000005e+02,-1.003386881025473372e+02
4.667642460937499891e+02,-9.956079308721879784e+01
4.667645390625000346e+02,-8.582838445171751118e+01
4.667648320312500232e+02,-9.583263517172839840e+01
4.667651250000000118e+02,-8.681465589757480927e+01
4.667654179687500005e+02,-8.820245405700809727e+01
4.667657109374999891e+02,-8.589910967438073897e+01
4.667660039062500346e+02,-9.357984400917820267e+01
4.667662968750000232e+02,-1.029794966513550492e+02
4.667665898437500118e+02,-9.434998901181346298e+01
4.667668828125000005e+02,-9.707650401584140809e+01
4.667671757812499891e+02,-9.136379370817624590e+01
4.667674687500000346e+02,-1.066164234997453519e+02
4.667677617187500232e+02,-8.952084904885757055e+01
4.667680546875000118e+02,-8.782594478149692918e+01
4.667683476562500005e+02,-9.448757448166429640e+01
4.667686406249999891e+02,-9.687940087628682306e+01
4.667689335937500346e+02,-9.305279650179028295e+01
4.667692265625000232e+02,-8.926347625216152437e+01
4.667695195312500118e+02,-8.600638027028250576e+01
4.667698125000000005e+02,-8.811760768874633243e+01
4.667701054687499891e+02,-8.703641848004627946e+01
4.667703984375000346e+02,-9.147896244194855342e+01
4.667706914062500232e+02,-8.599353435949694813e+01
4.667709843750000118e+02,-9.037199098907825601e+01
4.667712773437500005e+02,-9.775172817699873917e+01
4.667715703124999891e+02,-8.886452377688512172e+01
4.667718632812500346e+02,-8.680734577916248895e+01
4.667721562500000232e+02,-8.524513131545910483e+01
4.667724492187500118e+02,-9.591118591948685435e+01
4.667727421875000005e+02,-8.687937635750486720e+01
4.667730351562499891e+02,-8.434268684116796067e+01
4.667733281250000346e+02,-8.678321801950529846e+01
4.667736210937500232e+02,-8.738603903149000018e+01
4.667739140625000118e+02,-8.847865020534342761e+01
4.667742070312500005e+02,-9.596982978417743482e+01
4.667744999999999891e+02,-9.017629063030898351e+01
4.667747929687500346e+02,-8.792156671085592734e+01
4.667750859375000232e+02,-1.004377774422423215e+02
4.667753789062500118e+02,-8.967703053772973476e+01
4.667756718750000005e+02,-9.327763489502871153e+01
4.667759648437499891e+02,-8.601717155567031625e+01
4.667762578125000346e+02,-8.899935083955222126e+01
4.667765507812500232e+02,-1.072535867111313621e+02
4.667768437500000118e+02,-9.657346622770498357e+01
4.667771367187500005e+02,-9.155024568134352592e+01
4.667774296874999891e+02,-1.009186242220778524e+02
4.667777226562500346e+02,-9.672945465700648526e+01
4.667780156250000232e+02,-9.106877786765367944e+01
4.667783085937500118e+02,-8.468392150770429794e+01
4.667786015625000005e+02,-9.085764349095596515e+01
4.667788945312499891e+02,-1.004293132543854625e+02
4.667791875000000346e+02,-8.876456458841801123e+01
4.667794804687500232e+02,-8.572356570398193298e+01
4.667797734375000118e+02,-9.118674085652763495e+01
4.667800664062500005e+02,-9.087263018276529181e+01
4.667803593749999891e+02,-8.580875670163514712e+01
4.667806523437500346e+02,-9.064310996930367992e+01
4.667809453125000232e+02,-8.801029587257949061e+01
4.667812382812500118e+02,-9.824511556158144288e+01
4.667815312500000005e+02,-1.008728528965149280e+02
4.667818242187499891e+02,-9.045427291895200028e+01
4.667821171875000346e+02,-8.805202883719934448e+01
4.667824101562500232e+02,-9.587018673233444588e+01
4.667827031250000118e+02,-8.708059635401332343e+01
4.667829960937500005e+02,-9.240656062635099488e+01
4.667832890624999891e+02,-9.900180576007372224e+01
4.667835820312500346e+02,-9.809317619420960455e+01
4.667838750000000232e+02,-9.389243095031241637e+01
4.667841679687500118e+02,-9.734763005985419682e+01
4.667844609375000005e+02,-9.051118399037997619e+01
4.667847539062499891e+02,-9.157762197351176781e+01
4.667850468750000346e+02,-9.217332450181389447e+01
4.667853398437500232e+02,-1.049452247676132544e+02
4.667856328125000118e+02,-1.079158684878480301e+02
4.667859257812500005e+02,-1.005434539767985598e+02
4.667862187499999891e+02,-9.975526067117274920e+01
4.667865117187500346e+02,-8.841237016255016101e+01
4.667868046875000232e+02,-8.660290100931811708e+01
4.667870976562500118e+02,-9.157979326214565674e+01
4.667873906250000005e+02,-9.084754858472217620e+01
4.667876835937499891e+02,-8.985087420861268015e+01
4.667879765625000346e+02,-8.823245161895867739e+01
4.667882695312500232e+02,-8.554498218687149347e+01
4.667885625000000118e+02,-9.123964652197160774e+01
4.667888554687500005e+02,-1.051771371656386691e+02
4.667891484374999891e+02,-9.321163113818303714e+01
4.667894414062500346e+02,-1.051938505991318920e+02
4.667897343750000232e+02,-8.910117518120142677e+01
4.667900273437500118e+02,-9.109241333579009847e+01
4.667903203125000005e+02,-8.719907226359430297e+01
4.667906132812499891e+02,-9.309549337186423656e+01
4.667909062500000346e+02,-8.501813481820107654e+01
4.667911992187500232e+02,-9.161146625973034929e+01
4.667914921875000118e+02,-9.745059109671305464e+01
4.667917851562500005e+02,-8.809702037622786008e+01
4.667920781249999891e+02,-8.515160694429043531e+01
4.667923710937500346e+02,-9.183660629739010517e+01
4.667926640625000232e+02,-9.812755089934674402e+01
4.667929570312500118e+02,-8.572760143189512405e+01
4.667932500000000005e+02,-8.402785224792941676e+01
4.667935429687499891e+02,-8.533069531532021301e+01
4.667938359375000346e+02,-8.520189156693149357e+01
4.667941289062500232e+02,-1.001889194675086969e+02
4.667944218750000118e+02,-1.035354496411664371e+02
4.667947148437500005e+02,-9.366704249428602225e+01
4.667950078124999891e+02,-8.716318435649837681e+01
4.667953007812500346e+02,-1.206527956931382164e+02
4.667955937500000232e+02,-9.433467863959484134e+01
4.667958867187500118e+02,-9.643689969396552897e+01
4.667961796875000005e+02,-9.461298521707209375e+01
4.667964726562499891e+02,-8.852793677745829370e+01
4.667967656250000346e+02,-9.553393581662734846e+01
4.667970585937500232e+02,-8.796982605566395819e+01
4.667973515625000118e+02,-9.377682122024955902e+01
4.667976445312500005e+02,-8.402889003549303482e+01
4.667979374999999891e+02,-9.574263399660090101e+01
4.667982304687500346e+02,-9.777579875382392061e+01
4.667985234375000232e+02,-9.222312911991112117e+01
4.667988164062500118e+02,-9.012253250720598885e+01
4.667991093750000005e+02,-9.120112573435811498e+01
4.667994023437499891e+02,-8.394994498989152021e+01
4.667996953125000346e+02,-8.596354938640533305e+01
4.667999882812500232e+02,-8.538371008171473875e+01
4.668002812500000118e+02,-8.840516015207899159e+01
4.668005742187500005e+02,-9.103674268900496713e+01
4.668008671874999891e+02,-9.018426337513027136e+01
4.668011601562500346e+02,-8.477218997581913129e+01
4.668014531250000232e+02,-8.086032380264443020e+01
4.668017460937500118e+02,-8.931574710133388351e+01
4.668020390625000005e+02,-8.689629586171622577e+01
4.668023320312499891e+02,-8.617223191130220528e+01
4.668026250000000346e+02,-8.585769823954390745e+01
4.668029179687500232e+02,-9.208299269490127870e+01
4.668032109375000118e+02,-9.952001009875564819e+01
4.668035039062500005e+02,-8.769413254414820358e+01
4.668037968749999891e+02,-9.855840881010713872e+01
4.668040898437500346e+02,-8.805085923920599100e+01
4.668043828125000232e+02,-8.832713119452883177e+01
4.668046757812500118e+02,-9.738318575093930463e+01
4.668049687500000005e+02,-9.505147991401877050e+01
4.668052617187499891e+02,-9.388330897143151788e+01
4.668055546875000346e+02,-9.112385866120064293e+01
4.668058476562500232e+02,-9.258051691414496531e+01
4.668061406250000118e+02,-9.551651930475257757e+01
4.668064335937500005e+02,-9.187881515903941931e+01
4.668067265624999891e+02,-9.480508925171403689e+01
4.668070195312500346e+02,-8.683132351064919874e+01
4.668073125000000232e+02,-8.141306164415314583e+01
4.668076054687500118e+02,-8.629776529552427178e+01
4.668078984375000005e+02,-9.569881841924292587e+01
4.668081914062499891e+02,-9.262509240000726152e+01
4.668084843750000346e+02,-9.032170845809120863e+01
4.668087773437500232e+02,-1.025017154559703840e+02
4.668090703125000118e+02,-9.695978194416640861e+01
4.668093632812500005e+02,-9.159000553347190987e+01
4.668096562499999891e+02,-9.195618083296302814e+01
4.668099492187500346e+02,-8.932577536311197264e+01
4.668102421875000232e+02,-7.932874748834720435e+01
4.668105351562500118e+02,-8.381895493437400546e+01
4.668108281250000005e+02,-1.122247626725257561e+02
4.668111210937499891e+02,-8.698145798873399315e+01
4.668114140625000346e+02,-8.420810193203182337e+01
4.668117070312500232e+02,-8.788030171879823627e+01
4.668120000000000118e+02,-8.949548161169191474e+01
4.668122929687500005e+02,-9.476757025302759985e+01
4.668125859374999891e+02,-9.452889968239426821e+01
4.668128789062500346e+02,-8.859118650581558541e+01
4.668131718750000232e+02,-8.578423950692554456e+01
4.668134648437500118e+02,-9.561360381600573533e+01
4.668137578125000005e+02,-8.561018118092141549e+01
4.668140507812499891e+02,-9.427137381540262595e+01
4.668143437500000346e+02,-8.633395839145299533e+01
4.668146367187500232e+02,-9.776260567303516780e+01
4.668149296875000118e+02,-8.954466721061237422e+01
4.668152226562500005e+02,-8.708083745836050582e+01
4.668155156249999891e+02,-9.591974043381881643e+01
4.668158085937500346e+02,-9.132246251598117226e+01
4.668161015625000232e+02,-9.469230446565458692e+01
4.668163945312500118e+02,-8.971164969041630854e+01
4.668166875000000005e+02,-8.599578521405412346e+01
4.668169804687499891e+02,-8.852006625545803331e+01
4.668172734375000346e+02,-8.788423919372976911e+01
4.668175664062500232e+02,-8.459262407517833537e+01
4.668178593750000118e+02,-8.932095676765918313e+01
4.668181523437500005e+02,-8.311189152842371186e+01
4.668184453124999891e+02,-9.843053687922470374e+01
4.668187382812500346e+02,-8.295195209178328355e+01
4.668190312500000232e+02,-8.311227415580553668e+01
4.668193242187500118e+02,-8.463096614724352662e+01
4.668196171875000005e+02,-9.018665582975997097e+01
4.668199101562499891e+02,-9.232373105733124419e+01
4.668202031250000346e+02,-1.002665571666262991e+02
4.668204960937500232e+02,-9.207722980966785542e+01
4.668207890625000118e+02,-9.285263449655724344e+01
4.668210820312500005e+02,-8.588794348872858109e+01
4.668213749999999891e+02,-8.321883142439902770e+01
4.668216679687500346e+02,-8.466781004351935280e+01
4.668219609375000232e+02,-8.565418547677907668e+01
4.668222539062500118e+02,-9.042609297865553231e+01
4.668225468750000005e+02,-9.714082568223794567e+01
4.668228398437499891e+02,-8.966315344670361753e+01
4.668231328125000346e+02,-8.705323309799715048e+01
4.668234257812500232e+02,-9.398700538743666755e+01
4.668237187500000118e+02,-8.555006659239407441e+01
4.668240117187500005e+02,-8.369133423801946492e+01
4.668243046874999891e+02,-8.954699218146797079e+01
4.668245976562500346e+02,-9.124266491901174447e+01
4.668248906250000232e+02,-9.266796545810635166e+01
4.668251835937500118e+02,-9.306181745945568196e+01
4.668254765625000005e+02,-8.865315866488734287e+01
4.668257695312499891e+02,-8.320651633995198893e+01
4.668260625000000346e+02,-8.419790087935513156e+01
4.668263554687500232e+02,-8.914472998259837766e+01
4.668266484375000118e+02,-8.573481017634955492e+01
4.668269414062500005e+02,-8.248020755697859840e+01
4.668272343749999891e+02,-8.844432807506444760e+01
4.668275273437500346e+02,-9.370884905125849684e+01
4.668278203125000232e+02,-9.363064312312856430e+01
4.668281132812500118e+02,-9.177840997593261818e+01
4.668284062500000005e+02,-8.409168359514451652e+01
4.668286992187499891e+02,-9.200826570380756664e+01
4.668289921875000346e+02,-8.930956037197034902e+01
4.668292851562500232e+02,-1.046690195214006422e+02
4.668295781250000118e+02,-9.327897344464162188e+01
4.668298710937500005e+02,-8.755419344245774482e+01
4.668301640624999891e+02,-8.493334003127557708e+01
4.668304570312500346e+02,-8.810429670911899791e+01
4.668307500000000232e+02,-8.965418976036131937e+01
4.668310429687500118e+02,-9.740912396687770070e+01
4.668313359375000005e+02,-8.440171870727388637e+01
4.668316289062499891e+02,-8.793965709118177188e+01
4.668319218750000346e+02,-8.922360638991442272e+01
4.668322148437500232e+02,-9.039071014815398541e+01
4.668325078125000118e+02,-8.251051180112884254e+01
4.668328007812500005e+02,-8.731577019107227500e+01
4.668330937499999891e+02,-8.513428229034431638e+01
4.668333867187500346e+02,-8.434082182928740679e+01
4.668336796875000232e+02,-8.411055824665641012e+01
4.668339726562500118e+02,-8.748420675329614937e+01
4.668342656250000005e+02,-9.245317179744672842e+01
4.668345585937499891e+02,-9.207549501794221669e+01
4.668348515625000346e+02,-9.163770584875111069e+01
4.668351445312500232e+02,-8.863345065540521261e+01
4.668354375000000118e+02,-1.050420663827423482e+02
4.668357304687500005e+02,-9.722000174084081436e+01
4.668360234374999891e+02,-9.116170426072292798e+01
4.668363164062500346e+02,-8.303402171387971009e+01
4.668366093750000232e+02,-7.947592303823934401e+01
4.668369023437500118e+02,-8.297503404470434418e+01
4.668371953125000005e+02,-9.323633728267766685e+01
4.668374882812499891e+02,-8.624659272262860554e+01
4.668377812500000346e+02,-9.350055407967406040e+01
4.668380742187500232e+02,-8.593198675387183982e+01
4.668383671875000118e+02,-8.830470591691849336e+01
4.668386601562500005e+02,-8.618930493225948908e+01
4.668389531249999891e+02,-8.998131420639072076e+01
4.668392460937500346e+02,-9.240799641806658826e+01
4.668395390625000232e+02,-9.222766733371011583e+01
4.668398320312500118e+02,-9.556391326461108804e+01
4.668401250000000005e+02,-8.953674719590460995e+01
4.668404179687499891e+02,-8.942272964105386279e+01
4.668407109375000346e+02,-9.303620837934303722e+01
4.668410039062500232e+02,-1.035708331333334229e+02
4.668412968750000118e+02,-9.008757474971497459e+01
4.668415898437500005e+02,-8.635837288090428387e+01
4.668418828124999891e+02,-8.699444812575862329e+01
4.668421757812500346e+02,-8.891969421177272181e+01
4.668424687500000232e+02,-8.670121710844438212e+01
4.668427617187500118e+02,-8.823477199957942219e+01
4.668430546875000005e+02,-9.305686788682562849e+01
4.668433476562499891e+02,-9.080360069079230811e+01
4.668436406250000346e+02,-9.248568308265758731e+01
4.668439335937500232e+02,-9.037941180427284849e+01
4.668442265625000118e+02,-9.046709864690214431e+01
4.668445195312500005e+02,-8.960990032053038590e+01
4.668448124999999891e+02,-8.828641157143918861e+01
4.668451054687500346e+02,-9.679203591469411094e+01
4.668453984375000232e+02,-9.005091295872369983e+01
4.668456914062500118e+02,-8.942940351133232468e+01
4.668459843750000005e+02,-9.216996528510527753e+01
4.668462773437499891e+02,-8.360485149595113796e+01
4.668465703125000346e+02,-8.630098840264169269e+01
4.668468632812500232e+02,-9.119985369174318635e+01
4.668471562500000118e+02,-8.597885789089625064e+01
4.668474492187500005e+02,-8.477746464878210020e+01
4.668477421874999891e+02,-8.502718713203921652e+01
4.668480351562500346e+02,-8.410892148758394171e+01
4.668483281250000232e+02,-9.162329489373325941e+01
4.668486210937500118e+02,-8.714557583783036421e+01
4.668489140625000005e+02,-8.314164725604810258e+01
4.668492070312499891e+02,-1.005195305530985337e+02
4.668495000000000346e+02,-9.045081153032168686e+01
4.668497929687500232e+02,-8.643809442451384939e+01
4.668500859375000118e+02,-9.245886683962787345e+01
4.668503789062500005e+02,-8.867786138396854767e+01
4.668506718749999891e+02,-1.007016750794391982e+02
4.668509648437500346e+02,-1.012953518640756556e+02
4.668512578125000232e+02,-9.886472463974656932e+01
4.668515507812500118e+02,-8.502295678598612483e+01
4.668518437500000005e+02,-9.267074781196586741e+01
4.668521367187499891e+02,-9.026954544943812664e+01
4.668524296875000346e+02,-8.856047261067901388e+01
4.668527226562500232e+02,-8.690161283103805090e+01
4.668530156250000118e+02,-8.651145979296748578e+01
4.668533085937500005e+02,-8.531297613544239766e+01
4.668536015624999891e+02,-8.585708042657068972e+01
4.668538945312500346e+02,-9.262929612303302918e+01
4.668541875000000232e+02,-9.891547251097566118e+01
4.668544804687500118e+02,-8.714182711552233229e+01
4.668547734375000005e+02,-9.064081465430362528e+01
4.668550664062499891e+02,-1.004652314087296077e+02
4.668553593750000346e+02,-9.049747652255560126e+01
4.668556523437500232e+02,-8.929140162921699186e+01
4.668559453125000118e+02,-9.190522688463444467e+01
4.668562382812500005e+02,-9.360947763254218046e+01
4.668565312499999891e+02,-8.984665732191436405e+01
4.668568242187500346e+02,-9.169152201334881624e+01
4.668571171875000232e+02,-9.440130908234922913e+01
4.668574101562500118e+02,-1.003635635019405328e+02
4.668577031250000005e+02,-8.956596615990474675e+01
4.668579960937499891e+02,-9.420931566482380504e+01
4.668582890625000346e+02,-8.383313768719688142e+01
4.668585820312500232e+02,-8.612143749596840792e+01
4.668588750000000118e+02,-9.962291735373014490e+01
4.668591679687500005e+02,-9.243769080167956531e+01
4.668594609374999891e+02,-9.073143886753301501e+01
4.668597539062500346e+02,-8.709134256353485171e+01
4.668600468750000232e+02,-9.530086830674873966e+01
4.668603398437500118e+02,-8.764843611604548812e+01
4.668606328125000005e+02,-8.605986741283076924e+01
4.668609257812499891e+02,-8.042800332955756915e+01
4.668612187500000346e+02,-8.168086562926166039e+01
4.668615117187500232e+02,-9.290912809528057892e+01
4.668618046875000118e+02,-9.052450237343242634e+01
4.668620976562500005e+02,-8.891430020555975489e+01
4.668623906249999891e+02,-9.108618862532597404e+01
4.668626835937500346e+02,-8.440453197073274794e+01
4.668629765625000232e+02,-8.797503178607846053e+01
4.668632695312500118e+02,-8.943413474865955948e+01
4.668635625000000005e+02,-8.723366626808895319e+01
4.668638554687499891e+02,-8.583008849502638782e+01
4.668641484375000346e+02,-8.148628555023120157e+01
4.668644414062500232e+02,-8.760359185579721952e+01
4.668647343750000118e+02,-1.136118836373123173e+02
4.668650273437500005e+02,-1.044078836922493565e+02
4.668653203124999891e+02,-8.683350112545753063e+01
4.668656132812500346e+02,-8.509777553752643087e+01
4.668659062500000232e+02,-8.144015259289832898e+01
4.668661992187500118e+02,-8.381432278385651102e+01
4.668664921875000005e+02,-9.423319217564340988e+01
4.668667851562499891e+02,-8.111554489216860020e+01
4.668670781250000346e+02,-8.013715733634069238e+01
4.668673710937500232e+02,-8.271221626519420056e+01
4.668676640625000118e+02,-8.989893475939211953e+01
4.668679570312500005e+02,-8.598357698850523434e+01
4.668682499999999891e+02,-9.631544856667099452e+01
4.668685429687500346e+02,-8.519386394474047108e+01
4.668688359375000232e+02,-8.492163500818350030e+01
4.668691289062500118e+02,-9.016744820065159161e+01
4.668694218750000005e+02,-9.554823039411374452e+01
4.668697148437499891e+02,-8.517008119954323320e+01
4.668700078125000346e+02,-8.754358755144579618e+01
4.668703007812500232e+02,-8.667602706062183415e+01
4.668705937500000118e+02,-9.180952298868979256e+01
4.668708867187500005e+02,-9.154985521340698540e+01
4.668711796874999891e+02,-8.638472770144059609e+01
4.668714726562500346e+02,-8.941249733597665283e+01
4.668717656250000232e+02,-9.086746325611414932e+01
4.668720585937500118e+02,-9.657551119836105613e+01
4.668723515625000005e+02,-9.624951758045376948e+01
4.668726445312499891e+02,-8.682406229272858411e+01
4.668729375000000346e+02,-8.812447412156694782e+01
4.668732304687500232e+02,-8.483346276268791541e+01
4.668735234375000118e+02,-8.858024923279208451e+01
4.668738164062500005e+02,-8.620488236050205444e+01
4.668741093749999891e+02,-8.923606405829629296e+01
4.668744023437500346e+02,-8.728224149389743047e+01
4.668746953125000232e+02,-9.176677947337373098e+01
4.668749882812500118e+02,-1.034354627670396098e+02
4.668752812500000005e+02,-9.950483471153495429e+01
4.668755742187499891e+02,-9.329053642329286333e+01
4.668758671875000346e+02,-9.860971440225864626e+01
4.668761601562500232e+02,-9.871005486887681002e+01
4.668764531250000118e+02,-9.281667439514946238e+01
4.668767460937500005e+02,-8.847976054259632406e+01
4.668770390624999891e+02,-8.648881470989533682e+01
4.668773320312500346e+02,-8.645875311962498699e+01
4.668776250000000232e+02,-9.282318902796674820e+01
4.668779179687500118e+02,-1.073472378170931307e+02
4.668782109375000005e+02,-9.447259086767547842e+01
4.668785039062499891e+02,-9.369429506356601678e+01
4.668787968750000346e+02,-8.543081339848149014e+01
4.668790898437500232e+02,-8.533343984662400317e+01
4.668793828125000118e+02,-8.144558886686479582e+01
4.668796757812500005e+02,-8.250921203664958625e+01
4.668799687499999891e+02,-8.428647408290144938e+01
4.668802617187500346e+02,-8.598927129109500811e+01
4.668805546875000232e+02,-9.848612086075625882e+01
4.668808476562500118e+02,-1.013912240172934105e+02
4.668811406250000005e+02,-9.307833096414026386e+01
4.668814335937499891e+02,-8.518720886868086950e+01
4.668817265625000346e+02,-9.113548286266757259e+01
4.668820195312500232e+02,-9.645401650493258217e+01
4.668823125000000118e+02,-8.666296626338292697e+01
4.668826054687500005e+02,-9.375729404343481121e+01
4.668828984374999891e+02,-8.791951575180266332e+01
4.668831914062500346e+02,-9.027526406926925517e+01
4.668834843750000232e+02,-9.046140337981667301e+01
4.668837773437500118e+02,-8.831340907278399754e+01
4.668840703125000005e+02,-8.760883766503596348e+01
4.668843632812499891e+02,-9.035576087580137994e+01
4.668846562500000346e+02,-8.737061676655648057e+01
4.668849492187500232e+02,-8.491615185640077357e+01
4.668852421875000118e+02,-9.190816819678785521e+01
4.668855351562500005e+02,-8.832426218199985613e+01
4.668858281249999891e+02,-9.060273347732496063e+01
4.668861210937500346e+02,-8.935262915814544726e+01
4.668864140625000232e+02,-8.417852847146298245e+01
4.668867070312500118e+02,-8.795486815520312973e+01
4.668870000000000005e+02,-9.522013448348120335e+01
4.668872929687499891e+02,-8.825651721602291389e+01
4.668875859375000346e+02,-8.614725461460751887e+01
4.668878789062500232e+02,-9.853524973929735609e+01
4.668881718750000118e+02,-9.446674298334937703e+01
4.668884648437500005e+02,-9.434509710273339067e+01
4.668887578124999891e+02,-8.878212350988343360e+01
4.668890507812500346e+02,-9.568368565421295102e+01
4.668893437500000232e+02,-8.805122046780276435e+01
4.668896367187500118e+02,-8.503888003279207908e+01
4.668899296875000005e+02,-8.683978665869778979e+01
4.668902226562499891e+02,-9.524579164683044041e+01
4.668905156250000346e+02,-9.479386028030221212e+01
4.668908085937500232e+02,-8.638901654551099796e+01
4.668911015625000118e+02,-8.483963509083338295e+01
4.668913945312500005e+02,-8.747626652101698141e+01
4.668916874999999891e+02,-8.748900762888412430e+01
4.668919804687500346e+02,-9.593992149927457547e+01
4.668922734375000232e+02,-9.045917965386442461e+01
4.668925664062500118e+02,-9.248005918846699558e+01
4.668928593750000005e+02,-8.986493220754626066e+01
4.668931523437499891e+02,-8.873332703013059586e+01
4.668934453125000346e+02,-8.945983883197985165e+01
4.668937382812500232e+02,-9.235724292895552878e+01
4.668940312500000118e+02,-9.525546034321268962e+01
4.668943242187500005e+02,-9.105766346372313080e+01
4.668946171874999891e+02,-1.011772543474836681e+02
4.668949101562500346e+02,-9.690258442857115995e+01
4.668952031250000232e+02,-9.948200874360743740e+01
4.668954960937500118e+02,-9.167963329542673989e+01
4.668957890625000005e+02,-8.810446408010561470e+01
4.668960820312499891e+02,-9.276914690228593940e+01
4.668963750000000346e+02,-9.636195382274246413e+01
4.668966679687500232e+02,-9.136974682398306413e+01
4.668969609375000118e+02,-1.018315057994106780e+02
4.668972539062500005e+02,-8.595557595503211701e+01
4.668975468749999891e+02,-8.797049095381933626e+01
4.668978398437500346e+02,-8.686452097777879544e+01
4.668981328125000232e+02,-9.789011269387167147e+01
4.668984257812500118e+02,-9.519915714315271771e+01
4.668987187500000005e+02,-8.512842178115590741e+01
4.668990117187499891e+02,-8.278486727434001580e+01
4.668993046875000346e+02,-8.712038430981638726e+01
4.668995976562500232e+02,-1.017730238415556840e+02
4.668998906250000118e+02,-9.244776382332183573e+01
4.669001835937500005e+02,-9.890302055916281176e+01
4.669004765624999891e+02,-9.297569321796953545e+01
4.669007695312500346e+02,-8.800067352127639708e+01
4.669010625000000232e+02,-9.205770312058994875e+01
4.669013554687500118e+02,-8.528293384269551325e+01
4.669016484375000005e+02,-8.453749367195386810e+01
4.669019414062499891e+02,-9.296195826613647739e+01
4.669022343750000346e+02,-8.033781611033185754e+01
4.669025273437500232e+02,-8.432642982171272195e+01
4.669028203125000118e+02,-9.931660831380035859e+01
4.669031132812500005e+02,-8.525662195044543523e+01
4.669034062499999891e+02,-8.255477554697405651e+01
4.669036992187500346e+02,-9.405792914349433431e+01
4.669039921875000232e+02,-8.875264381301305150e+01
4.669042851562500118e+02,-8.481820324694125190e+01
4.669045781250000005e+02,-8.332662018109536461e+01
4.669048710937499891e+02,-8.451382630130677853e+01
4.669051640625000346e+02,-9.589877029946428877e+01
4.669054570312500232e+02,-8.388504341581410984e+01
4.669057500000000118e+02,-8.471677342043625458e+01
4.669060429687500005e+02,-9.413290208265789261e+01
4.669063359374999891e+02,-8.759524778702335368e+01
4.669066289062500346e+02,-9.072348187970055733e+01
4.669069218750000232e+02,-9.554802291088890343e+01
4.669072148437500118e+02,-9.094840383345911050e+01
4.669075078125000005e+02,-9.616167905750579337e+01
4.669078007812499891e+02,-9.723581404245562965e+01
4.669080937500000346e+02,-8.890947267502100715e+01
4.669083867187500232e+02,-9.213453755007067514e+01
4.669086796875000118e+02,-9.896002267278269926e+01
4.669089726562500005e+02,-9.045773359808669056e+01
4.669092656249999891e+02,-9.613474515741729931e+01
4.669095585937500346e+02,-8.464756654143522496e+01
4.669098515625000232e+02,-8.778513969222171909e+01
4.669101445312500118e+02,-9.041894650929604893e+01
4.669104375000000005e+02,-9.085693524202835647e+01
4.669107304687499891e+02,-8.536149066781254646e+01
4.669110234375000346e+02,-8.178644866428568605e+01
4.669113164062500232e+02,-8.369085595794750532e+01
4.669116093750000118e+02,-1.004028837121494746e+02
4.669119023437500005e+02,-9.268726794415917425e+01
4.669121953124999891e+02,-9.050782072591178462e+01
4.669124882812500346e+02,-8.767261239298926512e+01
4.669127812500000232e+02,-9.201581850395740503e+01
4.669130742187500118e+02,-9.490408135443811943e+01
4.669133671875000005e+02,-8.803926331611123146e+01
4.669136601562499891e+02,-8.247234589525270110e+01
4.669139531250000346e+02,-8.863241932439433413e+01
4.669142460937500232e+02,-8.383739827901575836e+01
4.669145390625000118e+02,-8.788595275421151598e+01
4.669148320312500005e+02,-9.636799012241191065e+01
4.669151249999999891e+02,-9.933393897470509160e+01
4.669154179687500346e+02,-8.804779699337565546e+01
4.669157109375000232e+02,-9.657233263911555809e+01
4.669160039062500118e+02,-9.022849669223363378e+01
4.669162968750000005e+02,-9.265919868177675767e+01
4.669165898437499891e+02,-8.989493186143150183e+01
4.669168828125000346e+02,-9.692642686057533297e+01
4.669171757812500232e+02,-8.468844424364603185e+01
4.669174687500000118e+02,-8.587545018164786370e+01
4.669177617187500005e+02,-9.677740457694140730e+01
4.669180546874999891e+02,-8.981178261627610482e+01
4.669183476562500346e+02,-9.883661993895053399e+01
4.669186406250000232e+02,-9.399129050229042548e+01
4.669189335937500118e+02,-9.335611832775563812e+01
4.669192265625000005e+02,-9.363751294570393213e+01
4.669195195312499891e+02,-8.614890975412835417e+01
4.669198125000000346e+02,-8.704095952020190907e+01
4.669201054687500232e+02,-8.619826551597641640e+01
4.669203984375000118e+02,-9.304308953718734188e+01
4.669206914062500005e+02,-9.342163811658284089e+01
4.669209843749999891e+02,-1.086833632008867028e+02
4.669212773437500346e+02,-9.185499388640459983e+01
4.669215703125000232e+02,-9.058611276886928465e+01
4.669218632812500118e+02,-1.002906884770890485e+02
4.669221562500000005e+02,-9.406313170538118129e+01
4.669224492187499891e+02,-9.507159820365613712e+01
4.669227421875000346e+02,-9.213952904286529133e+01
4.669230351562500232e+02,-8.618899803161923501e+01
4.669233281250000118e+02,-8.704828230786979759e+01
4.669236210937500005e+02,-9.277036378157289676e+01
4.669239140624999891e+02,-8.782923922330530786e+01
4.669242070312500346e+02,-8.953517992755345745e+01
4.669245000000000232e+02,-9.801766816708088470e+01
4.669247929687500118e+02,-8.656116160544596028e+01
4.669250859375000005e+02,-9.430209458260534916e+01
4.669253789062499891e+02,-8.724138292028726482e+01
4.669256718750000346e+02,-8.647413491707439448e+01
4.669259648437500232e+02,-9.262237385772164089e+01
4.669262578125000118e+02,-8.852194551054026306e+01
4.669265507812500005e+02,-8.892872814922901625e+01
4.669268437499999891e+02,-8.959467602720012280e+01
4.669271367187500346e+02,-8.911929327483420593e+01
4.669274296875000232e+02,-1.006508374251803843e+02
4.669277226562500118e+02,-9.166651281429017217e+01
4.669280156250000005e+02,-8.966537528523861056e+01
4.669283085937499891e+02,-1.232736671677848790e+02
4.669286015625000346e+02,-9.309590750396014869e+01
4.669288945312500232e+02,-9.017307161380884395e+01
4.669291875000000118e+02,-8.744363248933382238e+01
4.669294804687500005e+02,-1.109816962646134328e+02
4.669297734374999891e+02,-9.365961039472020389e+01
4.669300664062500346e+02,-8.629596854128230632e+01
4.669303593750000232e+02,-8.361403221453252854e+01
4.669306523437500118e+02,-9.487504304131957156e+01
4.669309453125000005e+02,-8.611437620557047978e+01
4.669312382812499891e+02,-9.237338885488405538e+01
4.669315312500000346e+02,-9.165868502516659078e+01
4.669318242187500232e+02,-9.007193019300289905e+01
4.669321171875000118e+02,-9.376485023987558520e+01
4.669324101562500005e+02,-1.024968842155743545e+02
4.669327031249999891e+02,-9.151368453178724849e+01
4.669329960937500346e+02,-9.651171999205217844e+01
4.669332890625000232e+02,-9.223077916626557737e+01
4.669335820312500118e+02,-8.814728113434165380e+01
4.669338750000000005e+02,-8.926344368089175418e+01
4.669341679687499891e+02,-8.887530372808382140e+01
4.669344609375000346e+02,-8.309841798776865573e+01
4.669347539062500232e+02,-8.961587432028876776e+01
4.669350468750000118e+02,-9.379576992772639699e+01
4.669353398437500005e+02,-8.512408203305737686e+01
4.669356328124999891e+02,-8.044657608440286367e+01
4.669359257812500346e+02,-8.552645885345752674e+01
4.669362187500000232e+02,-9.464812754444244547e+01
4.669365117187500118e+02,-8.666738298749126557e+01
4.669368046875000005e+02,-8.803141522868619973e+01
4.669370976562499891e+02,-8.918806878674689642e+01
4.669373906250000346e+02,-8.139536648617058745e+01
4.669376835937500232e+02,-8.457885541103705407e+01
4.669379765625000118e+02,-9.303469918533231464e+01
4.669382695312500005e+02,-8.698826471481007161e+01
4.669385624999999891e+02,-8.593715792688939814e+01
4.669388554687500346e+02,-8.601899181105434877e+01
4.669391484375000232e+02,-8.249766790169607589e+01
4.669394414062500118e+02,-7.922463624147270878e+01
4.669397343750000005e+02,-1.214620017643248389e+02
4.669400273437499891e+02,-8.231241097314054400e+01
4.669403203125000346e+02,-8.348692619990266905e+01
4.669406132812500232e+02,-8.259431474379361759e+01
4.669409062500000118e+02,-8.214838046788702286e+01
4.669411992187500005e+02,-9.456767813627818953e+01
4.669414921874999891e+02,-8.239820591011302042e+01
4.669417851562500346e+02,-8.460787814598241141e+01
4.669420781250000232e+02,-9.816316892424451623e+01
4.669423710937500118e+02,-8.544986862098670599e+01
4.669426640625000005e+02,-8.402780000521821080e+01
4.669429570312499891e+02,-8.701670772904519424e+01
4.669432500000000346e+02,-9.569247850710917191e+01
4.669435429687500232e+02,-8.948481062749330306e+01
4.669438359375000118e+02,-8.490286812497225810e+01
4.669441289062500005e+02,-8.360382944002762429e+01
4.669444218749999891e+02,-8.707423037125278142e+01
4.669447148437500346e+02,-9.704758479554492112e+01
4.669450078125000232e+02,-8.868626666341305054e+01
4.669453007812500118e+02,-8.157495086600901857e+01
4.669455937500000005e+02,-8.382780673604804633e+01
4.669458867187499891e+02,-8.515817351833314319e+01
4.669461796875000346e+02,-8.633718731679010716e+01
4.669464726562500232e+02,-8.697073827281853653e+01
4.669467656250000118e+02,-8.723974870592590491e+01
4.669470585937500005e+02,-9.131166665496820656e+01
4.669473515624999891e+02,-8.553429539721093988e+01
4.669476445312500346e+02,-9.164402817066196860e+01
4.669479375000000232e+02,-9.103677585735766797e+01
4.669482304687500118e+02,-8.630524312161330158e+01
4.669485234375000005e+02,-8.491483907423349820e+01
4.669488164062499891e+02,-9.136203298685914831e+01
4.669491093750000346e+02,-9.401961347159519278e+01
4.669494023437500232e+02,-8.787636955892354251e+01
4.669496953125000118e+02,-8.199607257868733257e+01
4.669499882812500005e+02,-8.248610700001512441e+01
4.669502812499999891e+02,-9.453921574105393688e+01
4.669505742187500346e+02,-8.610284911562318655e+01
4.669508671875000232e+02,-8.741159953106259195e+01
4.669511601562500118e+02,-9.475136108971561555e+01
4.669514531250000005e+02,-9.217630102217235333e+01
4.669517460937499891e+02,-9.318000962978007351e+01
4.669520390625000346e+02,-9.908078603909238780e+01
4.669523320312500232e+02,-8.556233102324662809e+01
4.669526250000000118e+02,-8.553481040465847229e+01
4.669529179687500005e+02,-9.606085464842698229e+01
4.669532109374999891e+02,-8.805193831032283924e+01
4.669535039062500346e+02,-8.471637458740262616e+01
4.669537968750000232e+02,-8.114633064859472711e+01
4.669540898437500118e+02,-8.558025521949528525e+01
4.669543828125000005e+02,-8.581880165567980612e+01
4.669546757812499891e+02,-8.537301468991677211e+01
4.669549687500000346e+02,-8.854855657580787920e+01
4.669552617187500232e+02,-8.493272541855887425e+01
4.669555546875000118e+02,-8.471437213580712466e+01
4.669558476562500005e+02,-8.640079053528552322e+01
4.669561406249999891e+02,-8.378233830889358558e+01
4.669564335937500346e+02,-8.042809953911302046e+01
4.669567265625000232e+02,-8.528669615222594302e+01
4.669570195312500118e+02,-9.835382090301813207e+01
4.669573125000000005e+02,-8.514209372529865050e+01
4.669576054687499891e+02,-8.540411125886890886e+01
4.669578984375000346e+02,-8.572557446771698153e+01
4.669581914062500232e+02,-8.815219757085289132e+01
4.669584843750000118e+02,-8.729719343752270788e+01
4.669587773437500005e+02,-8.562822455330385196e+01
4.669590703124999891e+02,-8.852580959227307744e+01
4.669593632812500346e+02,-8.620358797669821627e+01
4.669596562500000232e+02,-8.553033544925456511e+01
4.669599492187500118e+02,-9.026429739093376270e+01
4.669602421875000005e+02,-8.991701281316639438e+01
4.669605351562499891e+02,-9.287580430212383931e+01
4.669608281250000346e+02,-9.292916404636383731e+01
4.669611210937500232e+02,-8.181987514293561503e+01
4.669614140625000118e+02,-8.483954176089659427e+01
4.669617070312500005e+02,-9.471144541843136722e+01
4.669619999999999891e+02,-9.035552422370588488e+01
4.669622929687500346e+02,-8.573100544272436707e+01
4.669625859375000232e+02,-8.356620742863482576e+01
4.669628789062500118e+02,-8.891235465241523173e+01
4.669631718750000005e+02,-8.344824587587113740e+01
4.669634648437499891e+02,-8.371401656866169105e+01
4.669637578125000346e+02,-9.933875520169017648e+01
4.669640507812500232e+02,-8.905570087422762526e+01
4.669643437500000118e+02,-9.079946589201918528e+01
4.669646367187500005e+02,-8.276875230198784550e+01
4.669649296874999891e+02,-8.410868834528484683e+01
4.669652226562500346e+02,-8.441375243029654030e+01
4.669655156250000232e+02,-9.344804788620757563e+01
4.669658085937500118e+02,-8.219947579888925304e+01
4.669661015625000005e+02,-8.359410898739349705e+01
4.669663945312499891e+02,-8.149674617768737050e+01
4.669666875000000346e+02,-7.861365294198408549e+01
4.669669804687500232e+02,-9.264118880493668939e+01
4.669672734375000118e+02,-8.887735088739634648e+01
4.669675664062500005e+02,-8.542119790209360986e+01
4.669678593749999891e+02,-1.089480062886595420e+02
4.669681523437500346e+02,-8.389955057922570347e+01
4.669684453125000232e+02,-8.587482848132572144e+01
4.669687382812500118e+02,-9.577484878023155090e+01
4.669690312500000005e+02,-8.607711946642682221e+01
4.669693242187499891e+02,-8.446603558021885760e+01
4.669696171875000346e+02,-8.903027235282260676e+01
4.669699101562500232e+02,-8.830942679328589406e+01
4.669702031250000118e+02,-9.953484208861210902e+01
4.669704960937500005e+02,-8.593683093333831380e+01
4.669707890624999891e+02,-8.355629976273360171e+01
4.669710820312500346e+02,-8.780328796762182719e+01
4.669713750000000232e+02,-8.142726343547265344e+01
4.669716679687500118e+02,-8.745042132903478205e+01
4.669719609375000005e+02,-9.552251337956741395e+01
4.669722539062499891e+02,-8.770236093405927136e+01
4.669725468750000346e+02,-8.628951832780394682e+01
4.669728398437500232e+02,-8.419478694023304399e+01
4.669731328125000118e+02,-8.802242388342351376e+01
4.669734257812500005e+02,-8.621238941965115998e+01
4.669737187499999891e+02,-8.541805614006848657e+01
4.669740117187500346e+02,-9.373194177285355977e+01
4.669743046875000232e+02,-8.334269103261375733e+01
4.669745976562500118e+02,-8.093046139310817466e+01
4.669748906250000005e+02,-8.419028016431482797e+01
4.669751835937499891e+02,-8.742583426836981175e+01
4.669754765625000346e+02,-8.900063376395685566e+01
4.669757695312500232e+02,-8.709033586758334877e+01
4.669760625000000118e+02,-8.226256583312385828e+01
4.669763554687500005e+02,-8.387666046141123388e+01
4.669766484374999891e+02,-8.522416738423017080e+01
4.669769414062500346e+02,-8.752232419858529511e+01
4.669772343750000232e+02,-8.704737186483626488e+01
4.669775273437500118e+02,-8.355407169335636297e+01
4.669778203125000005e+02,-9.047902908832372759e+01
4.669781132812499891e+02,-8.935231780964677739e+01
4.669784062500000346e+02,-8.771195252905975792e+01
4.669786992187500232e+02,-9.776835518781993528e+01
4.669789921875000118e+02,-8.648318041580488114e+01
4.669792851562500005e+02,-8.574917026244149554e+01
4.669795781249999891e+02,-8.081968564049716974e+01
4.669798710937500346e+02,-8.094075997713326842e+01
4.669801640625000232e+02,-8.345045594849233339e+01
4.669804570312500118e+02,-8.626775654137875904e+01
4.669807500000000005e+02,-8.570699463277563268e+01
4.669810429687499891e+02,-8.886513821514624567e+01
4.669813359375000346e+02,-8.853029860388083705e+01
4.669816289062500232e+02,-8.395185052801653569e+01
4.669819218750000118e+02,-8.736382180782308637e+01
4.669822148437500005e+02,-8.524539804637464613e+01
4.669825078124999891e+02,-8.704857196041727718e+01
4.669828007812500346e+02,-9.004714935977429491e+01
4.669830937500000232e+02,-8.780822819089453901e+01
4.669833867187500118e+02,-8.288780728188831404e+01
4.669836796875000005e+02,-8.140839494370312934e+01
4.669839726562499891e+02,-9.335025706582639771e+01
4.669842656250000346e+02,-8.501110809472281460e+01
4.669845585937500232e+02,-8.932565915403603185e+01
4.669848515625000118e+02,-9.163456678616179829e+01
4.669851445312500005e+02,-8.977852945814036900e+01
4.669854374999999891e+02,-8.609724822911239528e+01
4.669857304687500346e+02,-8.509814356553128789e+01
4.669860234375000232e+02,-8.283624172970606026e+01
4.669863164062500118e+02,-8.447740832469911254e+01
4.669866093750000005e+02,-8.953359159372210740e+01
4.669869023437499891e+02,-8.481460672409474455e+01
4.669871953125000346e+02,-8.351046303860292142e+01
4.669874882812500232e+02,-9.196284643056611685e+01
4.669877812500000118e+02,-9.283461864586965362e+01
4.669880742187500005e+02,-9.819455612777731801e+01
4.669883671874999891e+02,-8.791649402314718031e+01
4.669886601562500346e+02,-8.507478402126420747e+01
4.669889531250000232e+02,-9.255919799228581724e+01
4.669892460937500118e+02,-8.574919029336791709e+01
4.669895390625000005e+02,-8.989864812858350263e+01
4.669898320312499891e+02,-9.200828031470165058e+01
4.669901250000000346e+02,-8.203934978089465346e+01
4.669904179687500232e+02,-9.575939358315631011e+01
4.669907109375000118e+02,-8.600717848321140480e+01
4.669910039062500005e+02,-9.006139443185118409e+01
4.669912968749999891e+02,-9.245187013914184604e+01
4.669915898437500346e+02,-9.962994650470045599e+01
4.669918828125000232e+02,-9.340480084958207385e+01
4.669921757812500118e+02,-8.633771522863060000e+01
4.669924687500000005e+02,-8.374464667749495561e+01
4.669927617187499891e+02,-8.419552734890963563e+01
4.669930546875000346e+02,-8.299392433798145419e+01
4.669933476562500232e+02,-8.345266303506355143e+01
4.669936406250000118e+02,-9.108397000940439625e+01
4.669939335937500005e+02,-9.204516569613727484e+01
4.669942265624999891e+02,-8.450334064757022645e+01
4.669945195312500346e+02,-9.090705913540341498e+01
4.669948125000000232e+02,-9.337981391797121944e+01
4.669951054687500118e+02,-8.713573701915139225e+01
4.669953984375000005e+02,-8.948658668712681674e+01
4.669956914062499891e+02,-9.206344435045892283e+01
4.669959843750000346e+02,-8.727863791072985578e+01
4.669962773437500232e+02,-9.396600515082739946e+01
4.669965703125000118e+02,-8.189310699529789872e+01
4.669968632812500005e+02,-8.677911332228026708e+01
4.669971562499999891e+02,-8.925716541118200098e+01
4.669974492187500346e+02,-9.037562888000803696e+01
4.669977421875000232e+02,-8.905917431910209814e+01
4.669980351562500118e+02,-8.074607159974235060e+01
4.669983281250000005e+02,-8.361315485738577991e+01
4.669986210937499891e+02,-8.834405671392245551e+01
4.669989140625000346e+02,-8.356301945755160432e+01
4.669992070312500232e+02,-8.619389196734429959e+01
4.669995000000000118e+02,-8.473464112098646694e+01
4.669997929687500005e+02,-8.896189399925549424e+01
4.670000859374999891e+02,-7.874532102892183616e+01
4.670003789062500346e+02,-8.029149043223526405e+01
4.670006718750000232e+02,-8.526461140563179697e+01
4.670009648437500118e+02,-9.404013079955944931e+01
4.670012578125000005e+02,-9.167583091934622530e+01
4.670015507812499891e+02,-8.724854663481013972e+01
4.670018437500000346e+02,-9.130350122124424672e+01
4.670021367187500232e+02,-8.274804800753528866e+01
4.670024296875000118e+02,-8.818466018804052453e+01
4.670027226562500005e+02,-8.748699829779694426e+01
4.670030156249999891e+02,-8.484915549573143778e+01
4.670033085937500346e+02,-8.660284894897790764e+01
4.670036015625000232e+02,-8.902980531060856606e+01
4.670038945312500118e+02,-8.981515226825473519e+01
4.670041875000000005e+02,-8.839956094204296733e+01
4.670044804687499891e+02,-8.870462471100664459e+01
4.670047734375000346e+02,-9.071252687285345928e+01
4.670050664062500232e+02,-9.025327350382319480e+01
4.670053593750000118e+02,-9.103036262088184571e+01
4.670056523437500005e+02,-8.473295289620583048e+01
4.670059453124999891e+02,-8.795346282705790486e+01
4.670062382812500346e+02,-7.964185228496040736e+01
4.670065312500000232e+02,-8.028434709388852752e+01
4.670068242187500118e+02,-9.502636811584665111e+01
4.670071171875000005e+02,-8.665754758321804729e+01
4.670074101562499891e+02,-8.759758487827754436e+01
4.670077031250000346e+02,-8.867967098530374415e+01
4.670079960937500232e+02,-8.802120905148754559e+01
4.670082890625000118e+02,-8.619690818455387671e+01
4.670085820312500005e+02,-8.596829974520360906e+01
4.670088749999999891e+02,-9.920209997605850560e+01
4.670091679687500346e+02,-7.713901208234079832e+01
4.670094609375000232e+02,-7.747086179237685144e+01
4.670097539062500118e+02,-8.252841518517429620e+01
4.670100468750000005e+02,-8.237776175195364203e+01
4.670103398437499891e+02,-8.772504302910148510e+01
4.670106328125000346e+02,-8.618818355091408989e+01
4.670109257812500232e+02,-9.214314117213882582e+01
4.670112187500000118e+02,-8.494798236338817787e+01
4.670115117187500005e+02,-8.686009557286722327e+01
4.670118046874999891e+02,-8.642668383606732618e+01
4.670120976562500346e+02,-8.389688092038333878e+01
4.670123906250000232e+02,-9.141976407521323722e+01
4.670126835937500118e+02,-8.691653262155102766e+01
4.670129765625000005e+02,-8.908313569787303265e+01
4.670132695312499891e+02,-8.976243278539642745e+01
4.670135625000000346e+02,-9.055810673412692324e+01
4.670138554687500232e+02,-8.935213769576064635e+01
4.670141484375000118e+02,-8.881776593549307108e+01
4.670144414062500005e+02,-9.024039450013597730e+01
4.670147343749999891e+02,-9.911893912782667826e+01
4.670150273437500346e+02,-9.068284539036370973e+01
4.670153203125000232e+02,-9.889950737629510513e+01
4.670156132812500118e+02,-8.969922960822736968e+01
4.670159062500000005e+02,-9.612502199340093512e+01
4.670161992187499891e+02,-9.508627926025171462e+01
4.670164921875000346e+02,-8.424273829227817600e+01
4.670167851562500232e+02,-9.523335390815574897e+01
4.670170781250000118e+02,-8.611777259940824081e+01
4.670173710937500005e+02,-8.587246043842021948e+01
4.670176640624999891e+02,-9.138091700818489471e+01
4.670179570312500346e+02,-8.945658364142211383e+01
4.670182500000000232e+02,-9.219765276953927469e+01
4.670185429687500118e+02,-8.951042767985036619e+01
4.670188359375000005e+02,-9.374327875339815819e+01
4.670191289062499891e+02,-8.666848921971023856e+01
4.670194218750000346e+02,-8.373196233972305436e+01
4.670197148437500232e+02,-9.022176918849751814e+01
4.670200078125000118e+02,-8.643527295348364703e+01
4.670203007812500005e+02,-8.512993767849842186e+01
4.670205937499999891e+02,-8.810291414699142365e+01
4.670208867187500346e+02,-8.319343025129633418e+01
4.670211796875000232e+02,-8.042660443296783512e+01
4.670214726562500118e+02,-8.149985806312982106e+01
4.670217656250000005e+02,-9.488095560610133816e+01
4.670220585937499891e+02,-7.979877839535170381e+01
4.670223515625000346e+02,-8.392488612904087120e+01
4.670226445312500232e+02,-8.940259920435272534e+01
4.670229375000000118e+02,-8.295279623505120981e+01
4.670232304687500005e+02,-8.853169794029727768e+01
4.670235234374999891e+02,-8.495937937644751514e+01
4.670238164062500346e+02,-8.443544830465071982e+01
4.670241093750000232e+02,-8.291342890859353076e+01
4.670244023437500118e+02,-9.514125922106886435e+01
4.670246953125000005e+02,-8.992896583758977158e+01
4.670249882812499891e+02,-8.751752770412153382e+01
4.670252812500000346e+02,-9.929513421181371768e+01
4.670255742187500232e+02,-9.387581060638696329e+01
4.670258671875000118e+02,-8.763109172547557080e+01
4.670261601562500005e+02,-8.330847495086594279e+01
4.670264531249999891e+02,-1.016613584677425592e+02
4.670267460937500346e+02,-8.415703684653850303e+01
4.670270390625000232e+02,-8.152536712153650456e+01
4.670273320312500118e+02,-8.551932310862376596e+01
4.670276250000000005e+02,-9.790126075210554291e+01
4.670279179687499891e+02,-8.763567110639279178e+01
4.670282109375000346e+02,-8.744147028814099087e+01
4.670285039062500232e+02,-9.617582263699077316e+01
4.670287968750000118e+02,-9.894195714181059031e+01
4.670290898437500005e+02,-8.208042019819990287e+01
4.670293828124999891e+02,-8.194328153839850870e+01
4.670296757812500346e+02,-9.286595286393973936e+01
4.670299687500000232e+02,-9.009483154731464083e+01
4.670302617187500118e+02,-1.015903859626855734e+02
4.670305546875000005e+02,-8.568926823751260713e+01
4.670308476562499891e+02,-8.079443629740268307e+01
4.670311406250000346e+02,-8.248830332599631276e+01
4.670314335937500232e+02,-8.347125495500036152e+01
4.670317265625000118e+02,-8.629510686118052831e+01
4.670320195312500005e+02,-9.485738071761190326e+01
4.670323124999999891e+02,-8.456466683760376668e+01
4.670326054687500346e+02,-8.320133253130987327e+01
4.670328984375000232e+02,-8.771239028010187155e+01
4.670331914062500118e+02,-8.637182048144934754e+01
4.670334843750000005e+02,-9.011879701841320411e+01
4.670337773437499891e+02,-9.347803521529709769e+01
4.670340703125000346e+02,-8.911351421839836462e+01
4.670343632812500232e+02,-8.256521977461480333e+01
4.670346562500000118e+02,-8.643893273601435112e+01
4.670349492187500005e+02,-8.981751286133655299e+01
4.670352421874999891e+02,-9.198517876686027250e+01
4.670355351562500346e+02,-8.431059834484375415e+01
4.670358281250000232e+02,-8.267495520743514703e+01
4.670361210937500118e+02,-8.773430029857486545e+01
4.670364140625000005e+02,-9.335678445041692441e+01
4.670367070312499891e+02,-9.175121972275101712e+01
4.670370000000000346e+02,-8.753140621642599228e+01
4.670372929687500232e+02,-9.103638901172503495e+01
4.670375859375000118e+02,-8.910545401554854550e+01
4.670378789062500005e+02,-8.601905440726457641e+01
4.670381718749999891e+02,-1.020198459824186727e+02
4.670384648437500346e+02,-8.718268833698616049e+01
4.670387578125000232e+02,-8.768533507537070193e+01
4.670390507812500118e+02,-9.070787878890780576e+01
4.670393437500000005e+02,-8.490949659667222704e+01
4.670396367187499891e+02,-8.618841910562835551e+01
4.670399296875000346e+02,-8.796781231298028558e+01
4.670402226562500232e+02,-8.557862237077317502e+01
4.670405156250000118e+02,-9.481058301093484886e+01
4.670408085937500005e+02,-8.914177194028599160e+01
4.670411015624999891e+02,-9.685872381976038525e+01
4.670413945312500346e+02,-9.004868548314121313e+01
4.670416875000000232e+02,-8.657226761438397489e+01
4.670419804687500118e+02,-8.267448508280469355e+01
4.670422734375000005e+02,-9.981765142223503062e+01
4.670425664062499891e+02,-8.572159965543006876e+01
4.670428593750000346e+02,-8.384122649057607646e+01
4.670431523437500232e+02,-8.268159500285393904e+01
4.670434453125000118e+02,-8.890814090920436286e+01
4.670437382812500005e+02,-8.740433751110280980e+01
4.670440312499999891e+02,-8.979940234662475973e+01
4.670443242187500346e+02,-8.636604797024732250e+01
4.670446171875000232e+02,-8.514546443835348555e+01
4.670449101562500118e+02,-8.771054596772684420e+01
4.670452031250000005e+02,-9.168527740004529392e+01
4.670454960937499891e+02,-9.111951980465980228e+01
4.670457890625000346e+02,-8.631040568333396834e+01
4.670460820312500232e+02,-9.265577730200058681e+01
4.670463750000000118e+02,-8.894892583757140869e+01
4.670466679687500005e+02,-8.831489234750358719e+01
4.670469609374999891e+02,-9.119636398065212290e+01
4.670472539062500346e+02,-8.507969545245924792e+01
4.670475468750000232e+02,-1.015358020755627564e+02
4.670478398437500118e+02,-9.014441688419415755e+01
4.670481328125000005e+02,-8.832307115181447443e+01
4.670484257812499891e+02,-8.840642944449621154e+01
4.670487187500000346e+02,-8.447044650654930820e+01
4.670490117187500232e+02,-8.574953395066972917e+01
4.670493046875000118e+02,-9.160647493587723034e+01
4.670495976562500005e+02,-9.024035280129345438e+01
4.670498906249999891e+02,-8.447285115122656407e+01
4.670501835937500346e+02,-8.677355731523994109e+01
4.670504765625000232e+02,-9.980957975829352335e+01
4.670507695312500118e+02,-9.522137656368771275e+01
4.670510625000000005e+02,-8.446082574896237816e+01
4.670513554687499891e+02,-8.902316564647358632e+01
4.670516484375000346e+02,-1.051966766786950558e+02
4.670519414062500232e+02,-8.404467426135255437e+01
4.670522343750000118e+02,-8.323708996654869452e+01
4.670525273437500005e+02,-9.035880646387404624e+01
4.670528203124999891e+02,-8.371756229306436126e+01
4.670531132812500346e+02,-8.062542821961129391e+01
4.670534062500000232e+02,-8.532920456677514665e+01
4.670536992187500118e+02,-8.987835613990799288e+01
4.670539921875000005e+02,-8.641589661563565983e+01
4.670542851562499891e+02,-8.195766454444169824e+01
4.670545781250000346e+02,-8.622199492277566435e+01
4.670548710937500232e+02,-9.220346970530057717e+01
4.670551640625000118e+02,-8.972866587798570492e+01
4.670554570312500005e+02,-8.500458002239740551e+01
4.670557499999999891e+02,-8.202062858905273401e+01
4.670560429687500346e+02,-8.896678284951201476e+01
4.670563359375000232e+02,-9.294879463520831564e+01
4.670566289062500118e+02,-8.390995270237048942e+01
4.670569218750000005e+02,-8.357910416439183621e+01
4.670572148437499891e+02,-9.309080691319621792e+01
4.670575078125000346e+02,-9.511854629727558574e+01
4.670578007812500232e+02,-8.676052459876325429e+01
4.670580937500000118e+02,-9.984532233935205170e+01
4.670583867187500005e+02,-8.592746326468713391e+01
4.670586796874999891e+02,-8.574189412720011205e+01
4.670589726562500346e+02,-8.767940425714364494e+01
4.670592656250000232e+02,-8.723536501665229537e+01
4.670595585937500118e+02,-8.693435455956667113e+01
4.670598515625000005e+02,-1.048146295339902281e+02
4.670601445312499891e+02,-8.463675275772911277e+01
4.670604375000000346e+02,-8.004232324468202364e+01
4.670607304687500232e+02,-8.300398210695190926e+01
4.670610234375000118e+02,-9.072658859670836762e+01
4.670613164062500005e+02,-8.870642957357530634e+01
4.670616093749999891e+02,-8.278634740150633320e+01
4.670619023437500346e+02,-8.836188364859607702e+01
4.670621953125000232e+02,-9.211313607422232508e+01
4.670624882812500118e+02,-9.827207993171002443e+01
4.670627812500000005e+02,-8.557750819577540824e+01
4.670630742187499891e+02,-9.819702060378519093e+01
4.670633671875000346e+02,-9.350042853042053537e+01
4.670636601562500232e+02,-9.154380991794830891e+01
4.670639531250000118e+02,-9.555485446358918011e+01
4.670642460937500005e+02,-8.668452268014702611e+01
4.670645390624999891e+02,-8.515424329632237743e+01
4.670648320312500346e+02,-7.959219877078218985e+01
4.670651250000000232e+02,-8.148791175905478212e+01
4.670654179687500118e+02,-8.348874965760739997e+01
4.670657109375000005e+02,-8.194285704598628683e+01
4.670660039062499891e+02,-9.089704938141771606e+01
4.670662968750000346e+02,-9.466910435768603804e+01
4.670665898437500232e+02,-9.315540506015304345e+01
4.670668828125000118e+02,-8.849695569640411463e+01
4.670671757812500005e+02,-8.412093372806322122e+01
4.670674687499999891e+02,-8.827275740371689494e+01
4.670677617187500346e+02,-8.650324703440293206e+01
4.670680546875000232e+02,-8.114429991027512301e+01
4.670683476562500118e+02,-8.701078802852605065e+01
4.670686406250000005e+02,-8.927913436297266969e+01
4.670689335937499891e+02,-8.206081546230775814e+01
4.670692265625000346e+02,-8.625646038629736267e+01
4.670695195312500232e+02,-9.332120817003831803e+01
4.670698125000000118e+02,-8.163113956039541108e+01
4.670701054687500005e+02,-8.614755136008747627e+01
4.670703984374999891e+02,-9.260461521388278072e+01
4.670706914062500346e+02,-8.979038186373630026e+01
4.670709843750000232e+02,-8.215617072815128097e+01
4.670712773437500118e+02,-8.848246899874057192e+01
4.670715703125000005e+02,-1.049838432339659988e+02
4.670718632812499891e+02,-9.052443265901513314e+01
4.670721562500000346e+02,-8.273930909900573738e+01
4.670724492187500232e+02,-7.924222275610999588e+01
4.670727421875000118e+02,-8.078989494829899343e+01
4.670730351562500005e+02,-8.948904221032472606e+01
4.670733281249999891e+02,-8.750223804190584076e+01
4.670736210937500346e+02,-8.106159674072104337e+01
4.670739140625000232e+02,-8.744881822948813976e+01
4.670742070312500118e+02,-8.688177004364474953e+01
4.670745000000000005e+02,-8.985712506038993297e+01
4.670747929687499891e+02,-8.575146876772214455e+01
4.670750859375000346e+02,-8.410870246444373777e+01
4.670753789062500232e+02,-8.276807712114393212e+01
4.670756718750000118e+02,-8.369734667560349806e+01
4.670759648437500005e+02,-1.011943609212517288e+02
4.670762578124999891e+02,-8.753675435537779492e+01
4.670765507812500346e+02,-8.798795580757951029e+01
4.670768437500000232e+02,-9.686934794602953502e+01
4.670771367187500118e+02,-8.992839727729068500e+01
4.670774296875000005e+02,-8.614153785635770078e+01
4.670777226562499891e+02,-8.575266116501879310e+01
4.670780156250000346e+02,-7.992522720554732985e+01
4.670783085937500232e+02,-8.360218021728982762e+01
4.670786015625000118e+02,-8.084088651767588374e+01
4.670788945312500005e+02,-8.749658325946909088e+01
4.670791874999999891e+02,-8.519884818225011713e+01
4.670794804687500346e+02,-8.067877076776852618e+01
4.670797734375000232e+02,-8.645317677376016263e+01
4.670800664062500118e+02,-8.886046048820587373e+01
4.670803593750000005e+02,-8.804452151300834828e+01
4.670806523437499891e+02,-8.494961180517279331e+01
4.670809453125000346e+02,-8.894148594804750019e+01
4.670812382812500232e+02,-8.368581275385631102e+01
4.670815312500000118e+02,-8.189871676658881938e+01
4.670818242187500005e+02,-8.795034417888921041e+01
4.670821171874999891e+02,-8.376501993139257252e+01
4.670824101562500346e+02,-8.284227468086217527e+01
4.670827031250000232e+02,-8.779862421639850822e+01
4.670829960937500118e+02,-8.041405322352346730e+01
4.670832890625000005e+02,-8.524960254833493423e+01
4.670835820312499891e+02,-8.834243449104920387e+01
4.670838750000000346e+02,-8.317282459049827992e+01
4.670841679687500232e+02,-8.509966332269090117e+01
4.670844609375000118e+02,-8.294641098402195212e+01
4.670847539062500005e+02,-8.815657776326587225e+01
4.670850468749999891e+02,-8.519634260527608660e+01
4.670853398437500346e+02,-8.339113345788038600e+01
4.670856328125000232e+02,-8.304392522426815049e+01
4.670859257812500118e+02,-8.182210177138404106e+01
4.670862187500000005e+02,-9.509505893978166569e+01
4.670865117187499891e+02,-8.924934230276093672e+01
4.670868046875000346e+02,-8.491371944400140137e+01
4.670870976562500232e+02,-8.494773666726658234e+01
4.670873906250000118e+02,-8.332551138190083861e+01
4.670876835937500005e+02,-8.221787220637193627e+01
4.670879765624999891e+02,-8.414342228147809521e+01
4.670882695312500346e+02,-8.906400194161712136e+01
4.670885625000000232e+02,-8.583538728061367351e+01
4.670888554687500118e+02,-9.468675266966809545e+01
4.670891484375000005e+02,-8.278328761273867542e+01
4.670894414062499891e+02,-8.123721563606753193e+01
4.670897343750000346e+02,-8.291664140136603578e+01
4.670900273437500232e+02,-8.984928404794683843e+01
4.670903203125000118e+02,-9.202686126808461609e+01
4.670906132812500005e+02,-8.585836952610458184e+01
4.670909062499999891e+02,-8.654879715291967557e+01
4.670911992187500346e+02,-8.631992682965747576e+01
4.670914921875000232e+02,-8.581461695553501556e+01
4.670917851562500118e+02,-8.812385524718462193e+01
4.670920781250000005e+02,-8.750237514257597127e+01
4.670923710937499891e+02,-8.105303857465484896e+01
4.670926640625000346e+02,-8.255752638243016861e+01
4.670929570312500232e+02,-8.850988767657338485e+01
4.670932500000000118e+02,-8.625736760182114438e+01
4.670935429687500005e+02,-8.283125454985486158e+01
4.670938359374999891e+02,-8.931876178586158233e+01
4.670941289062500346e+02,-9.137849381325004572e+01
4.670944218750000232e+02,-8.340611839424921925e+01
4.670947148437500118e+02,-8.526236637435381738e+01
4.670950078125000005e+02,-8.240751023738886261e+01
4.670953007812499891e+02,-9.325941406882293450e+01
4.670955937500000346e+02,-9.255857935413067139e+01
4.670958867187500232e+02,-9.640342593391841319e+01
4.670961796875000118e+02,-8.556465881044255184e+01
4.670964726562500005e+02,-8.087978023394197180e+01
4.670967656249999891e+02,-8.438517416308101815e+01
4.670970585937500346e+02,-8.184986042859500799e+01
4.670973515625000232e+02,-8.223423166139546936e+01
4.670976445312500118e+02,-8.646681223896149504e+01
4.670979375000000005e+02,-8.773080214023735834e+01
4.670982304687499891e+02,-8.805279560826618024e+01
4.670985234375000346e+02,-7.887156888993723669e+01
4.670988164062500232e+02,-8.617289966844379023e+01
4.670991093750000118e+02,-8.743584792203992606e+01
4.670994023437500005e+02,-9.167166094857846304e+01
4.670996953124999891e+02,-1.026906260949020009e+02
4.670999882812500346e+02,-8.781626210732993343e+01
4.671002812500000232e+02,-8.620455972731022598e+01
4.671005742187500118e+02,-7.912477002142725269e+01
4.671008671875000005e+02,-8.296392231077604151e+01
4.671011601562499891e+02,-9.102021840047299861e+01
4.671014531250000346e+02,-8.445137131027442479e+01
4.671017460937500232e+02,-8.496299067724082477e+01
4.671020390625000118e+02,-8.919902658885406765e+01
4.671023320312500005e+02,-9.247118854224859774e+01
4.671026249999999891e+02,-9.216455378558853795e+01
4.671029179687500346e+02,-8.518081318734658680e+01
4.671032109375000232e+02,-7.766319596989971785e+01
4.671035039062500118e+02,-7.766129699814933929e+01
4.671037968750000005e+02,-8.019455802570128355e+01
4.671040898437499891e+02,-8.569038949067204669e+01
4.671043828125000346e+02,-9.736489307768232493e+01
4.671046757812500232e+02,-1.040336652915280808e+02
4.671049687500000118e+02,-9.396597104631891284e+01
4.671052617187500005e+02,-8.316321097208172830e+01
4.671055546874999891e+02,-8.596615027510497953e+01
4.671058476562500346e+02,-8.729366885503404205e+01
4.671061406250000232e+02,-7.976115289600323877e+01
4.671064335937500118e+02,-7.838855789885172953e+01
4.671067265625000005e+02,-8.563084035287660356e+01
4.671070195312499891e+02,-8.829496810239919569e+01
4.671073125000000346e+02,-9.255314263240512673e+01
4.671076054687500232e+02,-8.994437205196248897e+01
4.671078984375000118e+02,-8.543096581754630847e+01
4.671081914062500005e+02,-8.164554443021060592e+01
4.671084843749999891e+02,-8.232660815395449561e+01
4.671087773437500346e+02,-8.647071764696556784e+01
4.671090703125000232e+02,-8.222428534551764301e+01
4.671093632812500118e+02,-8.081494256351248850e+01
4.671096562500000005e+02,-7.984400493753332739e+01
4.671099492187499891e+02,-8.333984920479097980e+01
4.671102421875000346e+02,-8.350535816261569266e+01
4.671105351562500232e+02,-8.682862178997137903e+01
4.671108281250000118e+02,-9.178486343841471751e+01
4.671111210937500005e+02,-8.420757456073572200e+01
4.671114140624999891e+02,-8.746461011210897141e+01
4.671117070312500346e+02,-9.104018891056912821e+01
4.671120000000000232e+02,-8.106176882594402855e+01
4.671122929687500118e+02,-8.342523053069305661e+01
4.671125859375000005e+02,-8.713933535765045235e+01
4.671128789062499891e+02,-8.126194059880822351e+01
4.671131718750000346e+02,-9.215964740735034866e+01
4.671134648437500232e+02,-8.788214078410612728e+01
4.671137578125000118e+02,-8.483730785171036359e+01
4.671140507812500005e+02,-9.465969266819699612e+01
4.671143437499999891e+02,-9.328134570637186584e+01
4.671146367187500346e+02,-8.527706551658766898e+01
4.671149296875000232e+02,-8.992800837579521556e+01
4.671152226562500118e+02,-8.845355032014091989e+01
4.671155156250000005e+02,-8.763265400142515205e+01
4.671158085937499891e+02,-9.678365665164270126e+01
4.671161015625000346e+02,-8.443309654983497126e+01
4.671163945312500232e+02,-9.314552193864790297e+01
4.671166875000000118e+02,-8.577342560592542497e+01
4.671169804687500005e+02,-8.514189042947376151e+01
4.671172734374999891e+02,-8.954156820095795410e+01
4.671175664062500346e+02,-8.496377838645928193e+01
4.671178593750000232e+02,-9.061073696229652796e+01
4.671181523437500118e+02,-8.975913550208660752e+01
4.671184453125000005e+02,-8.044272993706275088e+01
4.671187382812499891e+02,-8.347566123951004613e+01
4.671190312500000346e+02,-8.425357605433597996e+01
4.671193242187500232e+02,-8.695072497693972480e+01
4.671196171875000118e+02,-9.342169873114625034e+01
4.671199101562500005e+02,-8.917058491033796486e+01
4.671202031249999891e+02,-8.528058878476967664e+01
4.671204960937500346e+02,-8.394378912174984464e+01
4.671207890625000232e+02,-8.677321956568376038e+01
4.671210820312500118e+02,-8.672656520903365163e+01
4.671213750000000005e+02,-9.023670243701602089e+01
4.671216679687499891e+02,-9.771770804799174925e+01
4.671219609375000346e+02,-9.669359220144512790e+01
4.671222539062500232e+02,-9.550560345618450242e+01
4.671225468750000118e+02,-9.095135937514353941e+01
4.671228398437500005e+02,-8.677436041071906914e+01
4.671231328124999891e+02,-8.845576738455014265e+01
4.671234257812500346e+02,-8.293771440244205451e+01
4.671237187500000232e+02,-8.832918179061536534e+01
4.671240117187500118e+02,-8.326041491368164316e+01
4.671243046875000005e+02,-8.235751325689135172e+01
4.671245976562499891e+02,-9.074775157265628422e+01
4.671248906250000346e+02,-8.794097757522993675e+01
4.671251835937500232e+02,-7.980115397001443966e+01
4.671254765625000118e+02,-8.240021777922864032e+01
4.671257695312500005e+02,-8.322419515792022082e+01
4.671260624999999891e+02,-9.187053828466167715e+01
4.671263554687500346e+02,-9.270705347452513934e+01
4.671266484375000232e+02,-9.148121519193463769e+01
4.671269414062500118e+02,-8.408973294769664619e+01
4.671272343750000005e+02,-9.663454402153121237e+01
4.671275273437499891e+02,-8.320592427164220339e+01
4.671278203125000346e+02,-7.977738664591807094e+01
4.671281132812500232e+02,-8.049733545294131432e+01
4.671284062500000118e+02,-9.430448071830228685e+01
4.671286992187500005e+02,-8.099107649439518752e+01
4.671289921874999891e+02,-8.481528492307984379e+01
4.671292851562500346e+02,-8.615151291344039919e+01
4.671295781250000232e+02,-8.753687592475414192e+01
4.671298710937500118e+02,-8.823675689259253829e+01
4.671301640625000005e+02,-8.597806347127342974e+01
4.671304570312499891e+02,-8.206648511532280565e+01
4.671307500000000346e+02,-7.775493976254135475e+01
4.671310429687500232e+02,-8.161572984405412967e+01
4.671313359375000118e+02,-9.299776309025430976e+01
4.671316289062500005e+02,-1.058759323795243006e+02
4.671319218749999891e+02,-8.861389951289896771e+01
4.671322148437500346e+02,-7.868711475649064369e+01
4.671325078125000232e+02,-7.725092735514047604e+01
4.671328007812500118e+02,-7.856645385317931130e+01
4.671330937500000005e+02,-8.260277560971296396e+01
4.671333867187499891e+02,-8.451407664193567371e+01
4.671336796875000346e+02,-9.365422570486926190e+01
4.671339726562500232e+02,-9.209533057788009103e+01
4.671342656250000118e+02,-9.620546098708688021e+01
4.671345585937500005e+02,-9.917889548942449096e+01
4.671348515624999891e+02,-8.589992242707762671e+01
4.671351445312500346e+02,-8.321388046758586654e+01
4.671354375000000232e+02,-8.750612186910728951e+01
4.671357304687500118e+02,-8.159909983556028124e+01
4.671360234375000005e+02,-8.463882131097557249e+01
4.671363164062499891e+02,-8.270080360351975912e+01
4.671366093750000346e+02,-8.828931753872615218e+01
4.671369023437500232e+02,-8.613808523960122443e+01
4.671371953125000118e+02,-9.137349680370368787e+01
4.671374882812500005e+02,-7.966997876745460871e+01
4.671377812499999891e+02,-8.258717190762411064e+01
4.671380742187500346e+02,-8.648970045005526686e+01
4.671383671875000232e+02,-8.254631197492889783e+01
4.671386601562500118e+02,-8.862301725067574409e+01
4.671389531250000005e+02,-8.416587988796409547e+01
4.671392460937499891e+02,-7.884741747236500942e+01
4.671395390625000346e+02,-8.485617616513037831e+01
4.671398320312500232e+02,-9.342928161779605034e+01
4.671401250000000118e+02,-8.499718546621028281e+01
4.671404179687500005e+02,-8.424814286551595899e+01
4.671407109374999891e+02,-8.538091878636632259e+01
4.671410039062500346e+02,-8.754124990560828223e+01
4.671412968750000232e+02,-8.362953915608696320e+01
4.671415898437500118e+02,-8.751092577193989541e+01
4.671418828125000005e+02,-8.617504834846342021e+01
4.671421757812499891e+02,-8.435194944753364155e+01
4.671424687500000346e+02,-7.982777110422821920e+01
4.671427617187500232e+02,-7.993235058237688406e+01
4.671430546875000118e+02,-8.596349433999552048e+01
4.671433476562500005e+02,-9.874608044516774896e+01
4.671436406249999891e+02,-8.799780898132340212e+01
4.671439335937500346e+02,-9.594483538055695249e+01
4.671442265625000232e+02,-8.059880754746464504e+01
4.671445195312500118e+02,-8.719319070424478468e+01
4.671448125000000005e+02,-8.690176419236907179e+01
4.671451054687499891e+02,-8.239973208916788394e+01
4.671453984375000346e+02,-9.294246649275584105e+01
4.671456914062500232e+02,-9.085360949485077242e+01
4.671459843750000118e+02,-8.231317069043154788e+01
4.671462773437500005e+02,-7.888558183450834349e+01
4.671465703124999891e+02,-9.224043703134560701e+01
4.671468632812500346e+02,-8.011068822880260143e+01
4.671471562500000232e+02,-8.097972442579509789e+01
4.671474492187500118e+02,-8.501864368624958956e+01
4.671477421875000005e+02,-7.904133047255548661e+01
4.671480351562499891e+02,-8.523230843580364535e+01
4.671483281250000346e+02,-8.183148541010834265e+01
4.671486210937500232e+02,-8.120221523182971168e+01
4.671489140625000118e+02,-9.016504592614894875e+01
4.671492070312500005e+02,-8.616917232648857805e+01
4.671494999999999891e+02,-8.211328467037128576e+01
4.671497929687500346e+02,-8.256242501604759809e+01
4.671500859375000232e+02,-8.461499077685870418e+01
4.671503789062500118e+02,-9.282511379020108677e+01
4.671506718750000005e+02,-8.415046887209589954e+01
4.671509648437499891e+02,-8.273670397591999404e+01
4.671512578125000346e+02,-7.916723960286975625e+01
4.671515507812500232e+02,-7.838314953879344671e+01
4.671518437500000118e+02,-8.089808919424434919e+01
4.671521367187500005e+02,-8.399248226160261765e+01
4.671524296874999891e+02,-8.024747305854174328e+01
4.671527226562500346e+02,-8.323962983114310532e+01
4.671530156250000232e+02,-9.184947025453661240e+01
4.671533085937500118e+02,-8.281290918105347032e+01
4.671536015625000005e+02,-8.241406647617731096e+01
4.671538945312499891e+02,-8.898861624106280033e+01
4.671541875000000346e+02,-8.745057938816282217e+01
4.671544804687500232e+02,-8.530098270560111473e+01
4.671547734375000118e+02,-8.037934633448787736e+01
4.671550664062500005e+02,-8.200116434748012750e+01
4.671553593749999891e+02,-9.154316983157967513e+01
4.671556523437500346e+02,-8.228252782987361513e+01
4.671559453125000232e+02,-7.933996179089852774e+01
4.671562382812500118e+02,-8.042122466613267306e+01
4.671565312500000005e+02,-7.944881777734873651e+01
4.671568242187499891e+02,-8.446246833223182193e+01
4.671571171875000346e+02,-8.629693025688007424e+01
4.671574101562500232e+02,-8.571464107550745837e+01
4.671577031250000118e+02,-8.777825671292998777e+01
4.671579960937500005e+02,-9.394336380002754083e+01
4.671582890624999891e+02,-8.840792146817314290e+01
4.671585820312500346e+02,-8.838347787008366652e+01
4.671588750000000232e+02,-7.832866749428976050e+01
4.671591679687500118e+02,-7.854994127703734819e+01
4.671594609375000005e+02,-8.326446046374343268e+01
4.671597539062499891e+02,-8.550634741142204120e+01
4.671600468750000346e+02,-8.708699903421799604e+01
4.671603398437500232e+02,-8.779162515311949733e+01
4.671606328125000118e+02,-8.683829182091309917e+01
4.671609257812500005e+02,-9.019015937452448384e+01
4.671612187499999891e+02,-8.358716277807451434e+01
4.671615117187500346e+02,-8.440333594890951474e+01
4.671618046875000232e+02,-8.971917944381992527e+01
4.671620976562500118e+02,-1.032997794339118514e+02
4.671623906250000005e+02,-8.472634703951075608e+01
4.671626835937499891e+02,-8.228317371097411126e+01
4.671629765625000346e+02,-8.095149605672651205e+01
4.671632695312500232e+02,-8.451522813864522732e+01
4.671635625000000118e+02,-8.048044162899778087e+01
4.671638554687500005e+02,-8.947124891020686732e+01
4.671641484374999891e+02,-8.537116322506746258e+01
4.671644414062500346e+02,-1.027116071438488945e+02
4.671647343750000232e+02,-8.667590588561175480e+01
4.671650273437500118e+02,-8.375750502426726030e+01
4.671653203125000005e+02,-8.317198544424505258e+01
4.671656132812499891e+02,-9.817263826426440687e+01
4.671659062500000346e+02,-9.224731751429503390e+01
4.671661992187500232e+02,-8.797715705378683992e+01
4.671664921875000118e+02,-8.662389188667705753e+01
4.671667851562500005e+02,-8.805004424947662756e+01
4.671670781249999891e+02,-8.208089522899724955e+01
4.671673710937500346e+02,-8.347024340251557817e+01
4.671676640625000232e+02,-8.554045332492052012e+01
4.671679570312500118e+02,-7.934251678343585468e+01
4.671682500000000005e+02,-9.503807102166889820e+01
4.671685429687499891e+02,-8.288324894146518318e+01
4.671688359375000346e+02,-9.166344824631453037e+01
4.671691289062500232e+02,-8.011281366252319458e+01
4.671694218750000118e+02,-8.138064865470296638e+01
4.671697148437500005e+02,-9.065860340602952760e+01
4.671700078124999891e+02,-8.900964652550734968e+01
4.671703007812500346e+02,-9.708202641609695149e+01
4.671705937500000232e+02,-8.466872583199339886e+01
4.671708867187500118e+02,-8.099760249820180036e+01
4.671711796875000005e+02,-1.100958444527519760e+02
4.671714726562499891e+02,-8.532538581574057446e+01
4.671717656250000346e+02,-9.461552919683390428e+01
4.671720585937500232e+02,-8.765802592253196224e+01
4.671723515625000118e+02,-8.704404148025002996e+01
4.671726445312500005e+02,-9.153927136094677053e+01
4.671729374999999891e+02,-9.274025333159559636e+01
4.671732304687500346e+02,-8.751259061518817362e+01
4.671735234375000232e+02,-9.215823752370630473e+01
4.671738164062500118e+02,-8.294673298280687845e+01
4.671741093750000005e+02,-8.562816479259197422e+01
4.671744023437499891e+02,-9.493804821215394441e+01
4.671746953125000346e+02,-8.684521040419292603e+01
4.671749882812500232e+02,-8.497952837011324334e+01
4.671752812500000118e+02,-8.207818661890976841e+01
4.671755742187500005e+02,-9.490963640126338419e+01
4.671758671874999891e+02,-1.048873401027229590e+02
4.671761601562500346e+02,-8.275158607091569252e+01
4.671764531250000232e+02,-8.316806281586595162e+01
4.671767460937500118e+02,-8.527863988923240868e+01
4.671770390625000005e+02,-8.540277645296160358e+01
4.671773320312499891e+02,-9.551348532596000496e+01
4.671776250000000346e+02,-8.878259325232058075e+01
4.671779179687500232e+02,-8.180589044627873818e+01
4.671782109375000118e+02,-8.130220980114214058e+01
4.671785039062500005e+02,-8.186722871860533246e+01
4.671787968749999891e+02,-8.215813251203607592e+01
4.671790898437500346e+02,-8.846491809803778494e+01
4.671793828125000232e+02,-8.483678978949633631e+01
4.671796757812500118e+02,-8.641753806716235431e+01
4.671799687500000005e+02,-8.268161801022986879e+01
4.671802617187499891e+02,-8.342741616724006803e+01
4.671805546875000346e+02,-8.780044681532689310e+01
4.671808476562500232e+02,-8.077775065070817107e+01
4.671811406250000118e+02,-8.452131943773926537e+01
4.671814335937500005e+02,-9.105137314995532449e+01
4.671817265624999891e+02,-8.514056687571097370e+01
4.671820195312500346e+02,-8.908397794166369010e+01
4.671823125000000232e+02,-9.338603784433561827e+01
4.671826054687500118e+02,-8.534029993709518180e+01
4.671828984375000005e+02,-8.164887564914337759e+01
4.671831914062499891e+02,-8.896905233287972692e+01
4.671834843750000346e+02,-9.503655201049575396e+01
4.671837773437500232e+02,-8.858272845454050071e+01
4.671840703125000118e+02,-8.747321158142960940e+01
4.671843632812500005e+02,-8.734309016383220126e+01
4.671846562499999891e+02,-8.062016283770262248e+01
4.671849492187500346e+02,-7.691311934561441888e+01
4.671852421875000232e+02,-8.517821960385302305e+01
4.671855351562500118e+02,-8.716987181442979704e+01
4.671858281250000005e+02,-8.373193004832523911e+01
4.671861210937499891e+02,-8.111929710729781107e+01
4.671864140625000346e+02,-8.671181758921419203e+01
4.671867070312500232e+02,-8.470826184126623559e+01
4.671870000000000118e+02,-8.969259549777123652e+01
4.671872929687500005e+02,-8.521828171847963063e+01
4.671875859374999891e+02,-8.927868295532638854e+01
4.671878789062500346e+02,-1.153293822683377527e+02
4.671881718750000232e+02,-8.052520326248233573e+01
4.671884648437500118e+02,-8.174281125481738286e+01
4.671887578125000005e+02,-9.056334146064300228e+01
4.671890507812499891e+02,-8.822475226142181270e+01
4.671893437500000346e+02,-8.841610112568032775e+01
4.671896367187500232e+02,-8.645902004001322894e+01
4.671899296875000118e+02,-8.384663132130818042e+01
4.671902226562500005e+02,-8.356811867265997762e+01
4.671905156249999891e+02,-8.899167455600802157e+01
4.671908085937500346e+02,-8.473514735542066489e+01
4.671911015625000232e+02,-8.876532706553062724e+01
4.671913945312500118e+02,-8.705960054885240140e+01
4.671916875000000005e+02,-8.932206861267164300e+01
4.671919804687499891e+02,-9.054013290022845695e+01
4.671922734375000346e+02,-9.156286423269816055e+01
4.671925664062500232e+02,-9.194778185183720609e+01
4.671928593750000118e+02,-8.481230567914346352e+01
4.671931523437500005e+02,-8.621011225410030931e+01
4.671934453124999891e+02,-9.910213252432814102e+01
4.671937382812500346e+02,-9.591437671716485625e+01
4.671940312500000232e+02,-9.152847668788461988e+01
4.671943242187500118e+02,-8.540426985812356975e+01
4.671946171875000005e+02,-9.199508510170595343e+01
4.671949101562499891e+02,-8.624180139224095853e+01
4.671952031250000346e+02,-8.482341661942740529e+01
4.671954960937500232e+02,-8.144133220863380984e+01
4.671957890625000118e+02,-9.574107075689295243e+01
4.671960820312500005e+02,-8.509916652364313450e+01
4.671963749999999891e+02,-8.389184984834142256e+01
4.671966679687500346e+02,-8.297880952533142818e+01
4.671969609375000232e+02,-8.138413802478527259e+01
4.671972539062500118e+02,-8.763213114072885901e+01
4.671975468750000005e+02,-1.021246869247871700e+02
4.671978398437499891e+02,-8.790808091077434483e+01
4.671981328125000346e+02,-8.642685738096025716e+01
4.671984257812500232e+02,-8.577783028275766242e+01
4.671987187500000118e+02,-8.185822051965334367e+01
4.671990117187500005e+02,-8.358024548547166432e+01
4.671993046874999891e+02,-7.988591404361994819e+01
4.671995976562500346e+02,-7.991896175698693128e+01
4.671998906250000232e+02,-8.204713643519920652e+01
4.672001835937500118e+02,-8.432933095527357636e+01
4.672004765625000005e+02,-8.593022453171370501e+01
4.672007695312499891e+02,-9.235220214949004003e+01
4.672010625000000346e+02,-9.294186983112710720e+01
4.672013554687500232e+02,-8.576338593522194742e+01
4.672016484375000118e+02,-8.489710394120572801e+01
4.672019414062500005e+02,-8.197228461185216020e+01
4.672022343749999891e+02,-8.044085095991262335e+01
4.672025273437500346e+02,-8.275365739520134412e+01
4.672028203125000232e+02,-8.088387131681886899e+01
4.672031132812500118e+02,-8.551908454147903171e+01
4.672034062500000005e+02,-9.909131083014864316e+01
4.672036992187499891e+02,-7.940268846083556298e+01
4.672039921875000346e+02,-7.822785807387734280e+01
4.672042851562500232e+02,-8.622808277149744072e+01
4.672045781250000118e+02,-8.326839777890045013e+01
4.672048710937500005e+02,-8.059877262528446806e+01
4.672051640624999891e+02,-7.955885288006432177e+01
4.672054570312500346e+02,-8.533759294092124037e+01
4.672057500000000232e+02,-8.512693995263332170e+01
4.672060429687500118e+02,-8.952016115837548682e+01
4.672063359375000005e+02,-8.521264101017899861e+01
4.672066289062499891e+02,-9.000915430765120107e+01
4.672069218750000346e+02,-9.084011018172938634e+01
4.672072148437500232e+02,-8.712150869293185451e+01
4.672075078125000118e+02,-8.063965852009432922e+01
4.672078007812500005e+02,-8.724416044316740226e+01
4.672080937499999891e+02,-8.586791995708236414e+01
4.672083867187500346e+02,-9.487663056699457798e+01
4.672086796875000232e+02,-9.012271773061213764e+01
4.672089726562500118e+02,-8.750800982961918351e+01
4.672092656250000005e+02,-8.524923044656880222e+01
4.672095585937499891e+02,-9.430369803389440619e+01
4.672098515625000346e+02,-8.454501101877215774e+01
4.672101445312500232e+02,-8.426135883566117002e+01
4.672104375000000118e+02,-1.108532302617786200e+02
4.672107304687500005e+02,-8.343954354351977543e+01
4.672110234374999891e+02,-8.723054862610402438e+01
4.672113164062500346e+02,-8.853709952874048383e+01
4.672116093750000232e+02,-7.869492635963437976e+01
4.672119023437500118e+02,-8.748769607768582546e+01
4.672121953125000005e+02,-8.084226223902290087e+01
4.672124882812499891e+02,-8.149044490487554526e+01
4.672127812500000346e+02,-8.115190558210473171e+01
4.672130742187500232e+02,-8.344862666654579186e+01
4.672133671875000118e+02,-7.985690477925676589e+01
4.672136601562500005e+02,-8.408175203841372536e+01
4.672139531249999891e+02,-8.614456330418178709e+01
4.672142460937500346e+02,-9.075689863398928026e+01
4.672145390625000232e+02,-7.886236815933050082e+01
4.672148320312500118e+02,-8.149775391222544840e+01
4.672151250000000005e+02,-7.889271602251676541e+01
4.672154179687499891e+02,-8.020170995616119569e+01
4.672157109375000346e+02,-9.374255368088594764e+01
4.672160039062500232e+02,-8.314483415747515949e+01
4.672162968750000118e+02,-7.997006978089774520e+01
4.672165898437500005e+02,-8.495489851179425500e+01
4.672168828124999891e+02,-8.365951401732674242e+01
4.672171757812500346e+02,-8.721805438512447495e+01
4.672174687500000232e+02,-9.294638494053396016e+01
4.672177617187500118e+02,-1.110115402033842997e+02
4.672180546875000005e+02,-9.130576305928721581e+01
4.672183476562499891e+02,-8.807859537626194424e+01
4.672186406250000346e+02,-8.964094505560835557e+01
4.672189335937500232e+02,-7.821876877363121139e+01
4.672192265625000118e+02,-8.278358843585372995e+01
4.672195195312500005e+02,-8.373678360712675328e+01
4.672198124999999891e+02,-9.305277458230939658e+01
4.672201054687500346e+02,-8.539015344318013945e+01
4.672203984375000232e+02,-9.196724398463911143e+01
4.672206914062500118e+02,-8.448258327235699028e+01
4.672209843750000005e+02,-7.936188053143030174e+01
4.672212773437499891e+02,-8.086240227025975003e+01
4.672215703125000346e+02,-8.105272180219233746e+01
4.672218632812500232e+02,-7.772655008870862048e+01
4.672221562500000118e+02,-8.090483086682479552e+01
4.672224492187500005e+02,-8.469682324562774056e+01
4.672227421874999891e+02,-7.874033509265504449e+01
4.672230351562500346e+02,-8.092833626778522671e+01
4.672233281250000232e+02,-8.475649546371835186e+01
4.672236210937500118e+02,-9.461327673478902511e+01
4.672239140625000005e+02,-7.822192686060903100e+01
4.672242070312499891e+02,-9.328180343440880051e+01
4.672245000000000346e+02,-8.694149868215075116e+01
4.672247929687500232e+02,-8.066816731518545680e+01
4.672250859375000118e+02,-8.590384644189757068e+01
4.672253789062500005e+02,-8.042840811080240826e+01
4.672256718749999891e+02,-8.769116722484611159e+01
4.672259648437500346e+02,-8.599670085330319580e+01
4.672262578125000232e+02,-8.470948824065665406e+01
4.672265507812500118e+02,-7.973314690673913674e+01
4.672268437500000005e+02,-8.939659391104677866e+01
4.672271367187499891e+02,-8.415396872681844798e+01
4.672274296875000346e+02,-8.754200279146957087e+01
4.672277226562500232e+02,-8.379267374520216549e+01
4.672280156250000118e+02,-9.727389874974721806e+01
4.672283085937500005e+02,-7.957600179559865694e+01
4.672286015624999891e+02,-8.734182645489184438e+01
4.672288945312500346e+02,-7.607454141037885620e+01
4.672291875000000232e+02,-7.634187704443650091e+01
4.672294804687500118e+02,-8.395433382822122326e+01
4.672297734375000005e+02,-8.491313897358521956e+01
4.672300664062499891e+02,-8.677308857657311592e+01
4.672303593750000346e+02,-9.156050570820143264e+01
4.672306523437500232e+02,-8.219443502384947919e+01
4.672309453125000118e+02,-8.731515684270931388e+01
4.672312382812500005e+02,-7.959252739585235759e+01
4.672315312499999891e+02,-8.760670496758221759e+01
4.672318242187500346e+02,-8.623634633463592536e+01
4.672321171875000232e+02,-8.429511329077848814e+01
4.672324101562500118e+02,-7.693863710929259980e+01
4.672327031250000005e+02,-8.249046226980796348e+01
4.672329960937499891e+02,-8.123178725727554195e+01
4.672332890625000346e+02,-8.104037155131413783e+01
4.672335820312500232e+02,-7.899547718357445092e+01
4.672338750000000118e+02,-9.405531817860503452e+01
4.672341679687500005e+02,-9.557724851757569695e+01
4.672344609374999891e+02,-8.064206911744228989e+01
4.672347539062500346e+02,-7.657073343274187494e+01
4.672350468750000232e+02,-7.859178933735414319e+01
4.672353398437500118e+02,-8.196129421563838946e+01
4.672356328125000005e+02,-8.340332804188369664e+01
4.672359257812499891e+02,-7.891080720904534473e+01
4.672362187500000346e+02,-7.800947780667965503e+01
4.672365117187500232e+02,-8.694512043020451131e+01
4.672368046875000118e+02,-8.513578592657886190e+01
4.672370976562500005e+02,-8.312280850603293914e+01
4.672373906249999891e+02,-8.061133649697868009e+01
4.672376835937500346e+02,-8.529989055359931172e+01
4.672379765625000232e+02,-8.382991217376284965e+01
4.672382695312500118e+02,-8.016222741115420547e+01
4.672385625000000005e+02,-8.052200707380865197e+01
4.672388554687499891e+02,-7.840458704220984032e+01
4.672391484375000346e+02,-7.648867168051276622e+01
4.672394414062500232e+02,-7.597454513659850761e+01
4.672397343750000118e+02,-7.983937141300815199e+01
4.672400273437500005e+02,-8.693719499717751376e+01
4.672403203124999891e+02,-7.704966874835793078e+01
4.672406132812500346e+02,-7.920335329561173410e+01
4.672409062500000232e+02,-8.594121385855628148e+01
4.672411992187500118e+02,-9.030690494757766373e+01
4.672414921875000005e+02,-8.243368427162852186e+01
4.672417851562499891e+02,-8.579558143578128693e+01
4.672420781250000346e+02,-8.298422638521977035e+01
4.672423710937500232e+02,-8.394892021687589079e+01
4.672426640625000118e+02,-8.593161661732159473e+01
4.672429570312500005e+02,-8.342010131900858028e+01
4.672432499999999891e+02,-8.841968443717404114e+01
4.672435429687500346e+02,-8.585618718713848807e+01
4.672438359375000232e+02,-9.361345353339788744e+01
4.672441289062500118e+02,-9.393086333783033126e+01
4.672444218750000005e+02,-9.024049090774664705e+01
4.672447148437499891e+02,-9.337704810428076030e+01
4.672450078125000346e+02,-8.315004055611552758e+01
4.672453007812500232e+02,-8.981644679242562290e+01
4.672455937500000118e+02,-8.553240329473720749e+01
4.672458867187500005e+02,-9.391942040420035198e+01
4.672461796874999891e+02,-8.229227768227394790e+01
4.672464726562500346e+02,-7.752995538596017866e+01
4.672467656250000232e+02,-7.828475493554337561e+01
4.672470585937500118e+02,-8.046563071044032256e+01
4.672473515625000005e+02,-9.258889431647966717e+01
4.672476445312499891e+02,-1.042842671615324122e+02
4.672479375000000346e+02,-8.712033719530643339e+01
4.672482304687500232e+02,-8.404312604158968725e+01
4.672485234375000118e+02,-8.244403891108838422e+01
4.672488164062500005e+02,-8.361292746684793542e+01
4.672491093749999891e+02,-7.993253395288732577e+01
4.672494023437500346e+02,-8.091203761314542930e+01
4.672496953125000232e+02,-8.915898935954839999e+01
4.672499882812500118e+02,-8.779499075105528050e+01
4.672502812500000005e+02,-8.746619727328935312e+01
4.672505742187499891e+02,-7.952522868575195503e+01
4.672508671875000346e+02,-8.210413263668378647e+01
4.672511601562500232e+02,-9.522202976319158552e+01
4.672514531250000118e+02,-8.148037924928276254e+01
4.672517460937500005e+02,-8.032064011671775461e+01
4.672520390624999891e+02,-8.423322365380491306e+01
4.672523320312500346e+02,-8.942821757537147676e+01
4.672526250000000232e+02,-9.205498715193758130e+01
4.672529179687500118e+02,-9.851882098390314013e+01
4.672532109375000005e+02,-9.478257519014753996e+01
4.672535039062499891e+02,-8.444913777202179972e+01
4.672537968750000346e+02,-8.881654379564871249e+01
4.672540898437500232e+02,-9.681943319669932180e+01
4.672543828125000118e+02,-8.121839059137005279e+01
4.672546757812500005e+02,-8.772496737335978878e+01
4.672549687499999891e+02,-8.253313237606938912e+01
4.672552617187500346e+02,-7.856515508038691564e+01
4.672555546875000232e+02,-8.152981355887554571e+01
4.672558476562500118e+02,-8.055784046489318939e+01
4.672561406250000005e+02,-8.133362067196570422e+01
4.672564335937499891e+02,-8.400386769186093261e+01
4.672567265625000346e+02,-7.784280657790284863e+01
4.672570195312500232e+02,-8.345643821866281087e+01
4.672573125000000118e+02,-7.888599567754144459e+01
4.672576054687500005e+02,-8.366230650687589332e+01
4.672578984374999891e+02,-9.376751078841458309e+01
4.672581914062500346e+02,-8.606725907386805829e+01
4.672584843750000232e+02,-8.118325836510518911e+01
4.672587773437500118e+02,-8.202653267659100322e+01
4.672590703125000005e+02,-8.221976540803592570e+01
4.672593632812499891e+02,-8.186202757620597481e+01
4.672596562500000346e+02,-8.000650122686806753e+01
4.672599492187500232e+02,-8.022758327283567326e+01
4.672602421875000118e+02,-8.143004892598747801e+01
4.672605351562500005e+02,-8.091945764939933383e+01
4.672608281249999891e+02,-7.573320514977523032e+01
4.672611210937500346e+02,-8.184953104235344767e+01
4.672614140625000232e+02,-8.560525231608875174e+01
4.672617070312500118e+02,-8.247894295669431131e+01
4.672620000000000005e+02,-8.727305964016062489e+01
4.672622929687499891e+02,-7.634808401107299858e+01
4.672625859375000346e+02,-7.541124139993574715e+01
4.672628789062500232e+02,-8.700252100335143268e+01
4.672631718750000118e+02,-8.508468278742866175e+01
4.672634648437500005e+02,-8.115774165138853391e+01
4.672637578124999891e+02,-8.518633691958763166e+01
4.672640507812500346e+02,-7.770808853130724003e+01
4.672643437500000232e+02,-7.768464447653593652e+01
4.672646367187500118e+02,-8.115134556764974150e+01
4.672649296875000005e+02,-7.898427156521209724e+01
4.672652226562499891e+02,-7.540690270591557010e+01
4.672655156250000346e+02,-7.862145280587220952e+01
4.672658085937500232e+02,-7.871144142520147113e+01
4.672661015625000118e+02,-8.351697027688578601e+01
4.672663945312500005e+02,-8.453257529504776357e+01
4.672666874999999891e+02,-7.972477784237628384e+01
4.672669804687500346e+02,-8.198587001406883701e+01
4.672672734375000232e+02,-7.884230540539242327e+01
4.672675664062500118e+02,-7.940558733643241851e+01
4.672678593750000005e+02,-8.197302712439923766e+01
4.672681523437499891e+02,-8.496432845174176407e+01
4.672684453125000346e+02,-8.272059282435611749e+01
4.672687382812500232e+02,-7.971694689143129153e+01
4.672690312500000118e+02,-8.532857182131905915e+01
4.672693242187500005e+02,-7.805865334708529701e+01
4.672696171874999891e+02,-8.207799054711369990e+01
4.672699101562500346e+02,-8.409479024734324071e+01
4.672702031250000232e+02,-8.828463853447505016e+01
4.672704960937500118e+02,-8.326319629757124119e+01
4.672707890625000005e+02,-7.692868212809688089e+01
4.672710820312499891e+02,-7.334223340279037018e+01
4.672713750000000346e+02,-7.360503724109489099e+01
4.672716679687500232e+02,-7.643953683500912177e+01
4.672719609375000118e+02,-7.565577798065896786e+01
4.672722539062500005e+02,-7.739439414115017257e+01
4.672725468749999891e+02,-7.803364764368811279e+01
4.672728398437500346e+02,-8.193815280866353135e+01
4.672731328125000232e+02,-8.386184804125599612e+01
4.672734257812500118e+02,-7.936146187559148757e+01
4.672737187500000005e+02,-8.338920940565535034e+01
4.672740117187499891e+02,-9.016103500945277460e+01
4.672743046875000346e+02,-8.253432694854630824e+01
4.672745976562500232e+02,-8.579541564857741776e+01
4.672748906250000118e+02,-8.761924067508844871e+01
4.672751835937500005e+02,-8.435205132275919482e+01
4.672754765624999891e+02,-8.855131700613277701e+01
4.672757695312500346e+02,-8.574114863300300726e+01
4.672760625000000232e+02,-8.812731899834909655e+01
4.672763554687500118e+02,-7.460325645903586178e+01
4.672766484375000005e+02,-7.779543170967994570e+01
4.672769414062499891e+02,-8.555277871081119656e+01
4.672772343750000346e+02,-7.906798908122242153e+01
4.672775273437500232e+02,-8.644954528750122336e+01
4.672778203125000118e+02,-8.047711260728463856e+01
4.672781132812500005e+02,-8.197282773318571003e+01
4.672784062499999891e+02,-8.272549704246331714e+01
4.672786992187500346e+02,-8.228896002186888836e+01
4.672789921875000232e+02,-8.452212627865333161e+01
4.672792851562500118e+02,-7.975188838895034849e+01
4.672795781250000005e+02,-7.815123142409377976e+01
4.672798710937499891e+02,-8.159656558005477223e+01
4.672801640625000346e+02,-7.706551961088995029e+01
4.672804570312500232e+02,-7.685113530912056490e+01
4.672807500000000118e+02,-7.912558736505965840e+01
4.672810429687500005e+02,-8.318450600998380651e+01
4.672813359374999891e+02,-8.177453326038173032e+01
4.672816289062500346e+02,-8.160623838871103430e+01
4.672819218750000232e+02,-7.942569588821042714e+01
4.672822148437500118e+02,-7.784577104865164188e+01
4.672825078125000005e+02,-8.294683376190697288e+01
4.672828007812499891e+02,-8.146455452503323613e+01
4.672830937500000346e+02,-7.337970299759507498e+01
4.672833867187500232e+02,-7.393098270675727690e+01
4.672836796875000118e+02,-8.182828222226959269e+01
4.672839726562500005e+02,-8.231199534642757953e+01
4.672842656249999891e+02,-8.021810986315621506e+01
4.672845585937500346e+02,-8.003957167485198454e+01
4.672848515625000232e+02,-8.431953069904629672e+01
4.672851445312500118e+02,-9.384123153108131987e+01
4.672854375000000005e+02,-8.533459931619793792e+01
4.672857304687499891e+02,-8.196036146828170388e+01
4.672860234375000346e+02,-8.450088538746742017e+01
4.672863164062500232e+02,-8.629917312911666727e+01
4.672866093750000118e+02,-8.295433344818493993e+01
4.672869023437500005e+02,-9.458558185386638684e+01
4.672871953124999891e+02,-8.869453042394854947e+01
4.672874882812500346e+02,-9.255190861126840218e+01
4.672877812500000232e+02,-8.172887772475999668e+01
4.672880742187500118e+02,-7.559464144940064045e+01
4.672883671875000005e+02,-8.725646743580259113e+01
4.672886601562499891e+02,-7.612871719635739964e+01
4.672889531250000346e+02,-7.877266802827574566e+01
4.672892460937500232e+02,-9.270448217971333804e+01
4.672895390625000118e+02,-8.353530906187492633e+01
4.672898320312500005e+02,-8.286278093078641405e+01
4.672901249999999891e+02,-8.949869593826944936e+01
4.672904179687500346e+02,-7.996279631616889105e+01
4.672907109375000232e+02,-8.413934455603181561e+01
4.672910039062500118e+02,-8.780684310802226378e+01
4.672912968750000005e+02,-8.274043798219226176e+01
4.672915898437499891e+02,-7.966709062164413524e+01
4.672918828125000346e+02,-8.491053257895950424e+01
4.672921757812500232e+02,-8.901911939529256301e+01
4.672924687500000118e+02,-7.801198700649264595e+01
4.672927617187500005e+02,-7.816184289854686540e+01
4.672930546874999891e+02,-9.140821700653248172e+01
4.672933476562500346e+02,-7.999371162044640471e+01
4.672936406250000232e+02,-8.298304449343133626e+01
4.672939335937500118e+02,-8.233064589201407557e+01
4.672942265625000005e+02,-1.007992924105593602e+02
4.672945195312499891e+02,-8.218252451433095018e+01
4.672948125000000346e+02,-7.682111188850740291e+01
4.672951054687500232e+02,-7.854120654295292070e+01
4.672953984375000118e+02,-8.126581080120013212e+01
4.672956914062500005e+02,-8.064569875299250157e+01
4.672959843749999891e+02,-8.715622574492729768e+01
4.672962773437500346e+02,-9.647306748307833857e+01
4.672965703125000232e+02,-9.549234234610625549e+01
4.672968632812500118e+02,-1.076640204591785874e+02
4.672971562500000005e+02,-8.331187872817929474e+01
4.672974492187499891e+02,-8.009781666578282966e+01
4.672977421875000346e+02,-8.048294226589079869e+01
4.672980351562500232e+02,-8.286317503375293825e+01
4.672983281250000118e+02,-7.791744740119762014e+01
4.672986210937500005e+02,-8.313946739160843435e+01
4.672989140624999891e+02,-9.097830967735123409e+01
4.672992070312500346e+02,-8.542884395352608351e+01
4.672995000000000232e+02,-7.684568213600277886e+01
4.672997929687500118e+02,-7.836095622936983318e+01
4.673000859375000005e+02,-7.876396637835070180e+01
4.673003789062499891e+02,-8.667368877715014719e+01
4.673006718750000346e+02,-8.226932344448479739e+01
4.673009648437500232e+02,-7.805253347874182168e+01
4.673012578125000118e+02,-8.411774966346450810e+01
4.673015507812500005e+02,-8.198750599939393169e+01
4.673018437499999891e+02,-8.450900959545585067e+01
4.673021367187500346e+02,-8.210152713530547430e+01
4.673024296875000232e+02,-8.256572183908031093e+01
4.673027226562500118e+02,-7.846586601162628938e+01
4.673030156250000005e+02,-8.914259768704297926e+01
4.673033085937499891e+02,-8.597297439543284270e+01
4.673036015625000346e+02,-8.233738072272407749e+01
4.673038945312500232e+02,-8.802787265499171099e+01
4.673041875000000118e+02,-9.383641727234517305e+01
4.673044804687500005e+02,-8.447939435127693741e+01
4.673047734374999891e+02,-8.665391743720961415e+01
4.673050664062500346e+02,-8.327193834159977825e+01
4.673053593750000232e+02,-8.594906378388910184e+01
4.673056523437500118e+02,-8.394709277778430589e+01
4.673059453125000005e+02,-8.035749970828982214e+01
4.673062382812499891e+02,-8.113930717165783335e+01
4.673065312500000346e+02,-7.665271422102685506e+01
4.673068242187500232e+02,-8.329384700184678536e+01
4.673071171875000118e+02,-7.439009675540462752e+01
4.673074101562500005e+02,-7.639051123525048581e+01
4.673077031249999891e+02,-8.310058460089305754e+01
4.673079960937500346e+02,-8.042421965406846596e+01
4.673082890625000232e+02,-8.672317479333887036e+01
4.673085820312500118e+02,-9.470104393162361589e+01
4.673088750000000005e+02,-8.575932142363646449e+01
4.673091679687499891e+02,-7.879039544241092585e+01
4.673094609375000346e+02,-8.120511944612891853e+01
4.673097539062500232e+02,-8.862654240187706023e+01
4.673100468750000118e+02,-7.981012743894217465e+01
4.673103398437500005e+02,-7.728544307984884654e+01
4.673106328124999891e+02,-8.187737424779751905e+01
4.673109257812500346e+02,-7.925714701014618413e+01
4.673112187500000232e+02,-7.910221698688366132e+01
4.673115117187500118e+02,-7.871984028738366135e+01
4.673118046875000005e+02,-8.120193329403198845e+01
4.673120976562499891e+02,-8.293655754456020190e+01
4.673123906250000346e+02,-7.889911896611499742e+01
4.673126835937500232e+02,-8.460121362160131753e+01
4.673129765625000118e+02,-9.288461292737042641e+01
4.673132695312500005e+02,-8.004575181019964703e+01
4.673135624999999891e+02,-7.883188588728900470e+01
4.673138554687500346e+02,-8.329475860009188182e+01
4.673141484375000232e+02,-8.267169166069324149e+01
4.673144414062500118e+02,-8.408237709377007718e+01
4.673147343750000005e+02,-8.154554760109563460e+01
4.673150273437499891e+02,-8.072446786696539789e+01
4.673153203125000346e+02,-8.207931365424667547e+01
4.673156132812500232e+02,-8.461203589796114954e+01
4.673159062500000118e+02,-8.193756339613599948e+01
4.673161992187500005e+02,-8.592131058986061021e+01
4.673164921874999891e+02,-8.011700490658290619e+01
4.673167851562500346e+02,-8.923057173369150519e+01
4.673170781250000232e+02,-8.504072477282841191e+01
4.673173710937500118e+02,-7.825759811282520673e+01
4.673176640625000005e+02,-7.949398682176726538e+01
4.673179570312499891e+02,-7.834907118715420893e+01
4.673182500000000346e+02,-9.647101133343508650e+01
4.673185429687500232e+02,-8.556137087750522596e+01
4.673188359375000118e+02,-8.800625441430460683e+01
4.673191289062500005e+02,-8.995683765931815401e+01
4.673194218749999891e+02,-8.951114047113121330e+01
4.673197148437500346e+02,-8.078916537710622947e+01
4.673200078125000232e+02,-7.935041937808040302e+01
4.673203007812500118e+02,-8.488368209052460145e+01
4.673205937500000005e+02,-8.376032697449497277e+01
4.673208867187499891e+02,-8.314590149613950132e+01
4.673211796875000346e+02,-7.687625238000640593e+01
4.673214726562500232e+02,-8.317900263031317820e+01
4.673217656250000118e+02,-8.173864830763555744e+01
4.673220585937500005e+02,-8.151060160581087644e+01
4.673223515624999891e+02,-8.379490513981023980e+01
4.673226445312500346e+02,-7.960890050893793557e+01
4.673229375000000232e+02,-8.774861500630774458e+01
4.673232304687500118e+02,-8.267386851534155312e+01
4.673235234375000005e+02,-8.285073785335845287e+01
4.673238164062499891e+02,-8.138290711463112359e+01
4.673241093750000346e+02,-8.160884160171265478e+01
4.673244023437500232e+02,-7.954722543243688904e+01
4.673246953125000118e+02,-7.779242836142363160e+01
4.673249882812500005e+02,-9.199080928006006275e+01
4.673252812499999891e+02,-8.024552523780592139e+01
4.673255742187500346e+02,-7.897053427840339168e+01
4.673258671875000232e+02,-8.118116838906823318e+01
4.673261601562500118e+02,-8.460963092797761931e+01
4.673264531250000005e+02,-8.049499850995943007e+01
4.673267460937499891e+02,-7.649102853029094717e+01
4.673270390625000346e+02,-8.014992997833716970e+01
4.673273320312500232e+02,-8.069787168756275264e+01
4.673276250000000118e+02,-7.813372526089031567e+01
4.673279179687500005e+02,-8.709092352835438078e+01
4.673282109374999891e+02,-7.905489987651219508e+01
4.673285039062500346e+02,-8.120194483043491118e+01
4.673287968750000232e+02,-8.250978987042898893e+01
4.673290898437500118e+02,-8.196948134420539134e+01
4.673293828125000005e+02,-8.479970263186891088e+01
4.673296757812499891e+02,-9.048537167346356114e+01
4.673299687500000346e+02,-8.676697759344405370e+01
4.673302617187500232e+02,-7.811101728588027981e+01
4.673305546875000118e+02,-7.761527040580013193e+01
4.673308476562500005e+02,-8.014323194171289799e+01
4.673311406249999891e+02,-8.027544137394366430e+01
4.673314335937500346e+02,-7.737549322059513202e+01
4.673317265625000232e+02,-7.731247812142109410e+01
4.673320195312500118e+02,-8.506184618422761901e+01
4.673323125000000005e+02,-8.050304118443750667e+01
4.673326054687499891e+02,-7.941926757112619839e+01
4.673328984375000346e+02,-7.260884717352602991e+01
4.673331914062500232e+02,-7.259901427528315310e+01
4.673334843750000118e+02,-8.080268464708900922e+01
4.673337773437500005e+02,-7.939365214786558056e+01
4.673340703124999891e+02,-8.488940890892122582e+01
4.673343632812500346e+02,-8.601372901951550887e+01
4.673346562500000232e+02,-8.892964218787383857e+01
4.673349492187500118e+02,-8.181020260857309268e+01
4.673352421875000005e+02,-8.806681476847893464e+01
4.673355351562499891e+02,-8.896047873917318327e+01
4.673358281250000346e+02,-8.160877218369223840e+01
4.673361210937500232e+02,-7.360838310748242463e+01
4.673364140625000118e+02,-7.428322647435516046e+01
4.673367070312500005e+02,-7.805046658257428760e+01
4.673369999999999891e+02,-7.444236089981453119e+01
4.673372929687500346e+02,-7.998248679654203386e+01
4.673375859375000232e+02,-7.573416141732953122e+01
4.673378789062500118e+02,-7.431591432305403089e+01
4.673381718750000005e+02,-7.872579633878197569e+01
4.673384648437499891e+02,-7.680352677712706111e+01
4.673387578125000346e+02,-7.829484210538622335e+01
4.673390507812500232e+02,-8.165277185942233018e+01
4.673393437500000118e+02,-8.050327640868344758e+01
4.673396367187500005e+02,-7.689804243371294490e+01
4.673399296874999891e+02,-6.856868086574087329e+01
4.673402226562500346e+02,-7.250710442770463260e+01
4.673405156250000232e+02,-8.811484933107081474e+01
4.673408085937500118e+02,-9.118979443340560920e+01
4.673411015625000005e+02,-7.788633970996092160e+01
4.673413945312499891e+02,-7.054830103067475022e+01
4.673416875000000346e+02,-7.106533914235635052e+01
4.673419804687500232e+02,-8.174612711465908887e+01
4.673422734375000118e+02,-8.590852786851559131e+01
4.673425664062500005e+02,-7.817922075182464425e+01
4.673428593749999891e+02,-9.002752712336055652e+01
4.673431523437500346e+02,-7.996587842894001597e+01
4.673434453125000232e+02,-8.094186188310010266e+01
4.673437382812500118e+02,-8.641467685656434128e+01
4.673440312500000005e+02,-9.127972198432513551e+01
4.673443242187499891e+02,-1.007678830476305762e+02
4.673446171875000346e+02,-8.749292972659716838e+01
4.673449101562500232e+02,-7.731544059845317918e+01
4.673452031250000118e+02,-7.911864883941213122e+01
4.673454960937500005e+02,-9.444353187946711614e+01
4.673457890624999891e+02,-7.869503068967756576e+01
4.673460820312500346e+02,-8.060043646615449120e+01
4.673463750000000232e+02,-9.210302273759751301e+01
4.673466679687500118e+02,-9.729044040078761668e+01
4.673469609375000005e+02,-7.385274550641543101e+01
4.673472539062499891e+02,-7.106701631227430482e+01
4.673475468750000346e+02,-7.444431349740403903e+01
4.673478398437500232e+02,-7.631530860447905695e+01
4.673481328125000118e+02,-8.067552568601166740e+01
4.673484257812500005e+02,-7.956373735365926336e+01
4.673487187499999891e+02,-9.005240425459570019e+01
4.673490117187500346e+02,-8.787440444386538729e+01
4.673493046875000232e+02,-8.268226011221466365e+01
4.673495976562500118e+02,-7.590217826387663536e+01
4.673498906250000005e+02,-8.161251264556193519e+01
4.673501835937499891e+02,-8.289611469865191395e+01
4.673504765625000346e+02,-8.114874076042839590e+01
4.673507695312500232e+02,-7.437365424256653057e+01
4.673510625000000118e+02,-7.342530238464513559e+01
4.673513554687500005e+02,-8.532303804256970636e+01
4.673516484374999891e+02,-1.050718437934597205e+02
4.673519414062500346e+02,-8.914524266764898641e+01
4.673522343750000232e+02,-7.977983763491175750e+01
4.673525273437500118e+02,-8.063157479628910096e+01
4.673528203125000005e+02,-7.133896212969465012e+01
4.673531132812499891e+02,-7.332316475975721914e+01
4.673534062500000346e+02,-8.902422786516103770e+01
4.673536992187500232e+02,-8.309543237942273208e+01
4.673539921875000118e+02,-7.839913125045056574e+01
4.673542851562500005e+02,-7.526863152062936990e+01
4.673545781249999891e+02,-7.382773786742534128e+01
4.673548710937500346e+02,-8.396452210107155167e+01
4.673551640625000232e+02,-7.445017734798136644e+01
4.673554570312500118e+02,-7.975769947786724856e+01
4.673557500000000005e+02,-8.260720067849192105e+01
4.673560429687499891e+02,-8.170627163856752873e+01
4.673563359375000346e+02,-7.779583747995286558e+01
4.673566289062500232e+02,-8.665448707329859701e+01
4.673569218750000118e+02,-8.080864186600138055e+01
4.673572148437500005e+02,-8.012498062034850932e+01
4.673575078124999891e+02,-7.329207257180982538e+01
4.673578007812500346e+02,-8.475706575783250685e+01
4.673580937500000232e+02,-8.563969339651038126e+01
4.673583867187500118e+02,-8.022237245763868430e+01
4.673586796875000005e+02,-7.679234392155861144e+01
4.673589726562499891e+02,-7.326292049296878872e+01
4.673592656250000346e+02,-8.389117099066899641e+01
4.673595585937500232e+02,-7.802376672529503310e+01
4.673598515625000118e+02,-9.274177449495587666e+01
4.673601445312500005e+02,-8.580337413703364291e+01
4.673604374999999891e+02,-7.977597478410520182e+01
4.673607304687500346e+02,-7.969812403357403241e+01
4.673610234375000232e+02,-8.113040345270279374e+01
4.673613164062500118e+02,-1.010878882423236860e+02
4.673616093750000005e+02,-8.097716724152596157e+01
4.673619023437499891e+02,-7.604844615533848184e+01
4.673621953125000346e+02,-7.841358077851148778e+01
4.673624882812500232e+02,-8.558879244491679117e+01
4.673627812500000118e+02,-7.943315374993909472e+01
4.673630742187500005e+02,-7.731423828599878334e+01
4.673633671874999891e+02,-6.946877147271706576e+01
4.673636601562500346e+02,-6.983951921588379719e+01
4.673639531250000232e+02,-7.751458976680564206e+01
4.673642460937500118e+02,-8.066091342651388629e+01
4.673645390625000005e+02,-7.587419796861394161e+01
4.673648320312499891e+02,-7.234000324284848205e+01
4.673651250000000346e+02,-7.219957230740234877e+01
4.673654179687500232e+02,-9.381880906201968173e+01
4.673657109375000118e+02,-7.466256889464675339e+01
4.673660039062500005e+02,-7.352967549515739165e+01
4.673662968749999891e+02,-7.673937095366083838e+01
4.673665898437500346e+02,-7.626334138342950553e+01
4.673668828125000232e+02,-7.656629334419483257e+01
4.673671757812500118e+02,-7.375309532543963087e+01
4.673674687500000005e+02,-7.303527819167980795e+01
4.673677617187499891e+02,-7.911924038646181145e+01
4.673680546875000346e+02,-7.907109128702765588e+01
4.673683476562500232e+02,-7.215706035976317878e+01
4.673686406250000118e+02,-7.542037182854093658e+01
4.673689335937500005e+02,-7.909494642545058696e+01
4.673692265624999891e+02,-8.705900125998078920e+01
4.673695195312500346e+02,-8.566177191750874442e+01
4.673698125000000232e+02,-8.503784822460345083e+01
4.673701054687500118e+02,-7.693790442790538009e+01
4.673703984375000005e+02,-7.411729544271565828e+01
4.673706914062499891e+02,-7.606392774966025172e+01
4.673709843750000346e+02,-7.140203357448442034e+01
4.673712773437500232e+02,-7.773601556324335604e+01
4.673715703125000118e+02,-8.271842192930421334e+01
4.673718632812500005e+02,-8.774316423843296775e+01
4.673721562499999891e+02,-8.459381395652306423e+01
4.673724492187500346e+02,-7.850291653172152451e+01
4.673727421875000232e+02,-7.077959514983776046e+01
4.673730351562500118e+02,-7.418707145480931331e+01
4.673733281250000005e+02,-8.296132258844019702e+01
4.673736210937499891e+02,-7.353000787620962342e+01
4.673739140625000346e+02,-7.361886225506241033e+01
4.673742070312500232e+02,-7.648318402740896715e+01
4.673745000000000118e+02,-9.764439047021241436e+01
4.673747929687500005e+02,-7.588163008437662427e+01
4.673750859374999891e+02,-7.455447591252379880e+01
4.673753789062500346e+02,-8.049831555043061826e+01
4.673756718750000232e+02,-7.865790734641048232e+01
4.673759648437500118e+02,-7.035654213082122510e+01
4.673762578125000005e+02,-7.090138490495422730e+01
4.673765507812499891e+02,-7.374528933610915260e+01
4.673768437500000346e+02,-7.518692704864287180e+01
4.673771367187500232e+02,-8.074156812620327628e+01
4.673774296875000118e+02,-7.977624808224481967e+01
4.673777226562500005e+02,-8.100798685903441765e+01
4.673780156249999891e+02,-7.110510275153703219e+01
4.673783085937500346e+02,-7.170401004774241471e+01
4.673786015625000232e+02,-7.179906995472900633e+01
4.673788945312500118e+02,-7.266956194343192976e+01
4.673791875000000005e+02,-7.693650124515819755e+01
4.673794804687499891e+02,-7.572109845660919802e+01
4.673797734375000346e+02,-7.645621001876126854e+01
4.673800664062500232e+02,-7.416231214551869755e+01
4.673803593750000118e+02,-7.526459503217151337e+01
4.673806523437500005e+02,-7.568401761841849407e+01
4.673809453124999891e+02,-7.837603757161001283e+01
4.673812382812500346e+02,-7.760217500947365465e+01
4.673815312500000232e+02,-7.876211761016952551e+01
4.673818242187500118e+02,-7.923789101121582235e+01
4.673821171875000005e+02,-8.234250193899885062e+01
4.673824101562499891e+02,-7.634677635763330272e+01
4.673827031250000346e+02,-8.227888233055406886e+01
4.673829960937500232e+02,-7.893386171323339795e+01
4.673832890625000118e+02,-8.381829400828338805e+01
4.673835820312500005e+02,-8.152879189819606154e+01
4.673838749999999891e+02,-7.810122569554177119e+01
4.673841679687500346e+02,-7.715018643768873119e+01
4.673844609375000232e+02,-7.885923101811786751e+01
4.673847539062500118e+02,-8.597037558150509540e+01
4.673850468750000005e+02,-8.179566785278345264e+01
4.673853398437499891e+02,-7.606564065966819044e+01
4.673856328125000346e+02,-8.040725966352823662e+01
4.673859257812500232e+02,-8.668568855085977987e+01
4.673862187500000118e+02,-7.821797814918643610e+01
4.673865117187500005e+02,-7.868588684514421061e+01
4.673868046874999891e+02,-7.906562214101930408e+01
4.673870976562500346e+02,-8.123102549572527664e+01
4.673873906250000232e+02,-8.763411265078916301e+01
4.673876835937500118e+02,-8.942807205916764701e+01
4.673879765625000005e+02,-7.649790936394806806e+01
4.673882695312499891e+02,-8.127589945153854956e+01
4.673885625000000346e+02,-7.380225509883331370e+01
4.673888554687500232e+02,-7.422554372068431405e+01
4.673891484375000118e+02,-7.660426939795348744e+01
4.673894414062500005e+02,-7.758036795793836404e+01
4.673897343749999891e+02,-7.703962620774520076e+01
4.673900273437500346e+02,-7.612958331695682546e+01
4.673903203125000232e+02,-7.216537202384647287e+01
4.673906132812500118e+02,-7.263674062372574269e+01
4.673909062500000005e+02,-7.891551547543305389e+01
4.673911992187499891e+02,-8.278983974079304176e+01
4.673914921875000346e+02,-7.846901403283138166e+01
4.673917851562500232e+02,-7.537302932403012790e+01
4.673920781250000118e+02,-7.527374016597522655e+01
4.673923710937500005e+02,-7.445951524625232310e+01
4.673926640624999891e+02,-7.346529373878935587e+01
4.673929570312500346e+02,-8.096242956151668579e+01
4.673932500000000232e+02,-7.793545866105456810e+01
4.673935429687500118e+02,-7.805336855402025265e+01
4.673938359375000005e+02,-8.206431041234674240e+01
4.673941289062499891e+02,-8.049839596778291195e+01
4.673944218750000346e+02,-7.550137051580195191e+01
4.673947148437500232e+02,-8.128608431847291627e+01
4.673950078125000118e+02,-8.141065443204963969e+01
4.673953007812500005e+02,-7.749421239052558974e+01
4.673955937499999891e+02,-8.530552933994371756e+01
4.673958867187500346e+02,-8.820641523806804685e+01
4.673961796875000232e+02,-7.753406904400840460e+01
4.673964726562500118e+02,-7.812939254011963897e+01
4.673967656250000005e+02,-8.916221304222757738e+01
4.673970585937499891e+02,-7.544626584441796524e+01
4.673973515625000346e+02,-6.992622207758989816e+01
4.673976445312500232e+02,-7.187426297362635808e+01
4.673979375000000118e+02,-8.068887520280364356e+01
4.673982304687500005e+02,-7.685769993603062744e+01
4.673985234374999891e+02,-8.362425334191001980e+01
4.673988164062500346e+02,-7.054423054385432579e+01
4.673991093750000232e+02,-6.891029646130772335e+01
4.673994023437500118e+02,-6.909116559031599536e+01
4.673996953125000005e+02,-7.334223123668989786e+01
4.673999882812499891e+02,-7.926143475633141122e+01
4.674002812500000346e+02,-7.315642105686153229e+01
4.674005742187500232e+02,-7.646201186055168364e+01
4.674008671875000118e+02,-7.932254458815927478e+01
4.674011601562500005e+02,-7.147074733127730894e+01
4.674014531249999891e+02,-7.334291626604078829e+01
4.674017460937500346e+02,-7.254219656782483128e+01
4.674020390625000232e+02,-8.112363159311937011e+01
4.674023320312500118e+02,-8.085594408786479903e+01
4.674026250000000005e+02,-7.402211210151105547e+01
4.674029179687499891e+02,-8.219508002553739345e+01
4.674032109375000346e+02,-9.956701878273364059e+01
4.674035039062500232e+02,-7.592543534081980283e+01
4.674037968750000118e+02,-8.175436645088920784e+01
4.674040898437500005e+02,-8.579231678157600527e+01
4.674043828124999891e+02,-8.534450023599420376e+01
4.674046757812500346e+02,-8.165901470135648310e+01
4.674049687500000232e+02,-9.154058460162008259e+01
4.674052617187500118e+02,-8.293544423642943286e+01
4.674055546875000005e+02,-7.195412820527209874e+01
4.674058476562499891e+02,-7.684162122464429956e+01
4.674061406250000346e+02,-7.164606287606621038e+01
4.674064335937500232e+02,-7.482396102839375374e+01
4.674067265625000118e+02,-7.711993693935016836e+01
4.674070195312500005e+02,-7.420743975426455563e+01
4.674073124999999891e+02,-7.844841576889841406e+01
4.674076054687500346e+02,-7.523723770987800208e+01
4.674078984375000232e+02,-7.678312804858707352e+01
4.674081914062500118e+02,-7.665603307897201546e+01
4.674084843750000005e+02,-7.615193176418829069e+01
4.674087773437499891e+02,-7.906156823254987387e+01
4.674090703125000346e+02,-7.777720276334218852e+01
4.674093632812500232e+02,-7.464480750347335913e+01
4.674096562500000118e+02,-7.689527100453327080e+01
4.674099492187500005e+02,-7.605974125199691116e+01
4.674102421874999891e+02,-7.060938393263492685e+01
4.674105351562500346e+02,-6.859054395357597400e+01
4.674108281250000232e+02,-7.244650027256606961e+01
4.674111210937500118e+02,-8.713205339239671332e+01
4.674114140625000005e+02,-7.317721193111032107e+01
4.674117070312499891e+02,-7.624404433989712970e+01
4.674120000000000346e+02,-7.570534074454847939e+01
4.674122929687500232e+02,-7.198764403220440045e+01
4.674125859375000118e+02,-7.354066536748233318e+01
4.674128789062500005e+02,-7.598788450689997376e+01
4.674131718749999891e+02,-7.508185819016146922e+01
4.674134648437500346e+02,-7.331990635282585345e+01
4.674137578125000232e+02,-7.226337759328741583e+01
4.674140507812500118e+02,-7.762278051061491624e+01
4.674143437500000005e+02,-7.574048996888370766e+01
4.674146367187499891e+02,-8.292758564171381863e+01
4.674149296875000346e+02,-7.368072136815436579e+01
4.674152226562500232e+02,-7.978353613159907809e+01
4.674155156250000118e+02,-7.441054337602194835e+01
4.674158085937500005e+02,-6.957504709793508368e+01
4.674161015624999891e+02,-6.964161139589370464e+01
4.674163945312500346e+02,-9.226653381011689703e+01
4.674166875000000232e+02,-8.177596862960223234e+01
4.674169804687500118e+02,-8.293938707746508499e+01
4.674172734375000005e+02,-8.784862057863807649e+01
4.674175664062499891e+02,-7.618128438810059322e+01
4.674178593750000346e+02,-7.156228486556716462e+01
4.674181523437500232e+02,-7.450489494440539318e+01
4.674184453125000118e+02,-7.796446058991031691e+01
4.674187382812500005e+02,-7.073495794969215922e+01
4.674190312499999891e+02,-7.093861971589227267e+01
4.674193242187500346e+02,-7.891964331107220687e+01
4.674196171875000232e+02,-7.636372942662197261e+01
4.674199101562500118e+02,-7.625212330344753298e+01
4.674202031250000005e+02,-7.974149845680533133e+01
4.674204960937499891e+02,-7.347495385015557190e+01
4.674207890625000346e+02,-7.252374063561478579e+01
4.674210820312500232e+02,-7.491407758035207110e+01
4.674213750000000118e+02,-8.494865109586987728e+01
4.674216679687500005e+02,-8.153959860121167935e+01
4.674219609374999891e+02,-7.141849934950344903e+01
4.674222539062500346e+02,-7.017003411632144605e+01
4.674225468750000232e+02,-7.866694784062840995e+01
4.674228398437500118e+02,-7.575064712965382796e+01
4.674231328125000005e+02,-7.672043658031581970e+01
4.674234257812499891e+02,-8.406074598867922987e+01
4.674237187500000346e+02,-1.002047570782480790e+02
4.674240117187500232e+02,-8.868696730926842520e+01
4.674243046875000118e+02,-9.179381571668287165e+01
4.674245976562500005e+02,-7.449212650558835946e+01
4.674248906249999891e+02,-7.891413309263312215e+01
4.674251835937500346e+02,-7.658753219949812774e+01
4.674254765625000232e+02,-7.774747990439172440e+01
4.674257695312500118e+02,-9.264579095643401274e+01
4.674260625000000005e+02,-7.493512592831199015e+01
4.674263554687499891e+02,-7.772949021662272173e+01
4.674266484375000346e+02,-7.469006159325050476e+01
4.674269414062500232e+02,-7.484844090785588833e+01
4.674272343750000118e+02,-7.333420017910263766e+01
4.674275273437500005e+02,-7.459496793146487903e+01
4.674278203124999891e+02,-7.621432440024138089e+01
4.674281132812500346e+02,-7.406737087753556636e+01
4.674284062500000232e+02,-8.061179184818351473e+01
4.674286992187500118e+02,-7.201092543606510787e+01
4.674289921875000005e+02,-7.356037737886887840e+01
4.674292851562499891e+02,-7.764734933013887996e+01
4.674295781250000346e+02,-7.814605303098960576e+01
4.674298710937500232e+02,-7.953193259675329330e+01
4.674301640625000118e+02,-7.478633022893676241e+01
4.674304570312500005e+02,-8.155422225030622485e+01
4.674307499999999891e+02,-7.717137107540304441e+01
4.674310429687500346e+02,-8.088990353165937108e+01
4.674313359375000232e+02,-7.564959436949968108e+01
4.674316289062500118e+02,-7.491649004307329562e+01
4.674319218750000005e+02,-7.730265098719377193e+01
4.674322148437499891e+02,-7.334749091427116241e+01
4.674325078125000346e+02,-7.026087088044799600e+01
4.674328007812500232e+02,-7.696831117975749237e+01
4.674330937500000118e+02,-8.621974833216975753e+01
4.674333867187500005e+02,-8.107169911845477372e+01
4.674336796874999891e+02,-7.584205754860394677e+01
4.674339726562500346e+02,-8.126999577390819240e+01
4.674342656250000232e+02,-7.204987792936888980e+01
4.674345585937500118e+02,-7.325199106398061133e+01
4.674348515625000005e+02,-7.076210893043726458e+01
4.674351445312499891e+02,-6.923743148485995391e+01
4.674354375000000346e+02,-7.161116100212028357e+01
4.674357304687500232e+02,-7.781308921522584399e+01
4.674360234375000118e+02,-8.688471453753641072e+01
4.674363164062500005e+02,-8.654041435836141716e+01
4.674366093749999891e+02,-8.034646405272465586e+01
4.674369023437500346e+02,-7.655147784014124568e+01
4.674371953125000232e+02,-7.047938703670067184e+01
4.674374882812500118e+02,-7.278611627130511863e+01
4.674377812500000005e+02,-7.211301737734710571e+01
4.674380742187499891e+02,-7.797833774723721945e+01
4.674383671875000346e+02,-6.631538237221731436e+01
4.674386601562500232e+02,-6.595813806111107169e+01
4.674389531250000118e+02,-8.013438698974952956e+01
4.674392460937500005e+02,-6.978297294875500256e+01
4.674395390624999891e+02,-6.825234322004428122e+01
4.674398320312500346e+02,-6.926544580231650627e+01
4.674401250000000232e+02,-7.684367760421268656e+01
4.674404179687500118e+02,-8.431303395504477294e+01
4.674407109375000005e+02,-7.318721084061256477e+01
4.674410039062499891e+02,-7.309495779836825591e+01
4.674412968750000346e+02,-7.172111967601627214e+01
4.674415898437500232e+02,-7.762853340954107750e+01
4.674418828125000118e+02,-7.583875988690533632e+01
4.674421757812500005e+02,-7.207407993374965827e+01
4.674424687499999891e+02,-6.482154885080521467e+01
4.674427617187500346e+02,-7.710452641853628108e+01
4.674430546875000232e+02,-7.046201487662015950e+01
4.674433476562500118e+02,-7.464084462126857034e+01
4.674436406250000005e+02,-7.651613790664778492e+01
4.674439335937499891e+02,-8.575473702896201189e+01
4.674442265625000346e+02,-7.514658151874598957e+01
4.674445195312500232e+02,-9.874528250670738316e+01
4.674448125000000118e+02,-7.668261328160799906e+01
4.674451054687500005e+02,-7.492890993521085363e+01
4.674453984374999891e+02,-7.485795819396912520e+01
4.674456914062500346e+02,-7.939653300096664168e+01
4.674459843750000232e+02,-7.398056924557545244e+01
4.674462773437500118e+02,-7.469036330398374446e+01
4.674465703125000005e+02,-7.297805944234647768e+01
4.674468632812499891e+02,-7.144203270552849006e+01
4.674471562500000346e+02,-6.915314875621008639e+01
4.674474492187500232e+02,-7.262286578342833820e+01
4.674477421875000118e+02,-8.324683127468983912e+01
4.674480351562500005e+02,-7.853200740174037264e+01
4.674483281249999891e+02,-8.772217711240919868e+01
4.674486210937500346e+02,-7.437425917130572373e+01
4.674489140625000232e+02,-9.505893268336058100e+01
4.674492070312500118e+02,-7.814545519891564140e+01
4.674495000000000005e+02,-8.007913343896234437e+01
4.674497929687499891e+02,-7.491206254178942459e+01
4.674500859375000346e+02,-7.383225767313307131e+01
4.674503789062500232e+02,-7.777285753687266379e+01
4.674506718750000118e+02,-8.545745094295443778e+01
4.674509648437500005e+02,-8.247541317743821310e+01
4.674512578124999891e+02,-8.515575072563353842e+01
4.674515507812500346e+02,-7.276411323017168797e+01
4.674518437500000232e+02,-7.307421733314880896e+01
4.674521367187500118e+02,-7.692390596970672334e+01
4.674524296875000005e+02,-8.652646634675090809e+01
4.674527226562499891e+02,-7.282289437508963204e+01
4.674530156250000346e+02,-7.435871175284511025e+01
4.674533085937500232e+02,-7.754238736010320565e+01
4.674536015625000118e+02,-7.344779761305177601e+01
4.674538945312500005e+02,-8.030987122407040602e+01
4.674541874999999891e+02,-7.841148236536896832e+01
4.674544804687500346e+02,-8.068394180996935461e+01
4.674547734375000232e+02,-7.695717288277487000e+01
4.674550664062500118e+02,-7.803947510257464160e+01
4.674553593750000005e+02,-7.403702551888389394e+01
4.674556523437499891e+02,-7.140833308339681196e+01
4.674559453125000346e+02,-7.392898821135369758e+01
4.674562382812500232e+02,-7.796313635258411523e+01
4.674565312500000118e+02,-7.836263034641858383e+01
4.674568242187500005e+02,-7.276210259037979711e+01
4.674571171874999891e+02,-7.232204337933721661e+01
4.674574101562500346e+02,-7.801374329382028350e+01
4.674577031250000232e+02,-7.828910549680954034e+01
4.674579960937500118e+02,-7.738838133896132376e+01
4.674582890625000005e+02,-7.666020835673948852e+01
4.674585820312499891e+02,-7.752597210100066150e+01
4.674588750000000346e+02,-7.420927082638928596e+01
4.674591679687500232e+02,-7.184502890157922650e+01
4.674594609375000118e+02,-7.108859954071068898e+01
4.674597539062500005e+02,-7.179168285463647692e+01
4.674600468749999891e+02,-7.326199024634719592e+01
4.674603398437500346e+02,-7.283810470430564976e+01
4.674606328125000232e+02,-8.672236479473659188e+01
4.674609257812500118e+02,-8.865029992333531084e+01
4.674612187500000005e+02,-7.304412978695933134e+01
4.674615117187499891e+02,-7.076257697643690392e+01
4.674618046875000346e+02,-7.001964636755009508e+01
4.674620976562500232e+02,-7.103255294410124066e+01
4.674623906250000118e+02,-7.985224801197487920e+01
4.674626835937500005e+02,-7.497561052816249116e+01
4.674629765624999891e+02,-7.147936121357788863e+01
4.674632695312500346e+02,-7.058748839429995314e+01
4.674635625000000232e+02,-6.903170900479472039e+01
4.674638554687500118e+02,-7.077896075523962338e+01
4.674641484375000005e+02,-7.481294423954378203e+01
4.674644414062499891e+02,-6.874994609526996214e+01
4.674647343750000346e+02,-6.740201070889979462e+01
4.674650273437500232e+02,-7.016959252894989163e+01
4.674653203125000118e+02,-7.393192775663284522e+01
4.674656132812500005e+02,-6.985160498773447557e+01
4.674659062499999891e+02,-7.326881902735334506e+01
4.674661992187500346e+02,-7.888462092475454313e+01
4.674664921875000232e+02,-7.852722755700324342e+01
4.674667851562500118e+02,-7.887378435934753895e+01
4.674670781250000005e+02,-7.691203756072991382e+01
4.674673710937499891e+02,-7.694199290458301732e+01
4.674676640625000346e+02,-7.843985507536392277e+01
4.674679570312500232e+02,-7.601492258510634770e+01
4.674682500000000118e+02,-7.328216446431659392e+01
4.674685429687500005e+02,-6.890876740488027963e+01
4.674688359374999891e+02,-6.945555501795642783e+01
4.674691289062500346e+02,-8.244365453964178414e+01
4.674694218750000232e+02,-7.666512526720407550e+01
4.674697148437500118e+02,-7.628689425859940343e+01
4.674700078125000005e+02,-7.244710884598622158e+01
4.674703007812499891e+02,-7.506560202974134199e+01
4.674705937500000346e+02,-7.353165941899281677e+01
4.674708867187500232e+02,-7.310068847766439148e+01
4.674711796875000118e+02,-8.512268868477632111e+01
4.674714726562500005e+02,-8.079735390462766986e+01
4.674717656249999891e+02,-7.800579250772734952e+01
4.674720585937500346e+02,-7.676069756898679941e+01
4.674723515625000232e+02,-7.951374587520861326e+01
4.674726445312500118e+02,-7.690290868280941083e+01
4.674729375000000005e+02,-7.593249302335537720e+01
4.674732304687499891e+02,-7.367695984873461157e+01
4.674735234375000346e+02,-7.411056865856315312e+01
4.674738164062500232e+02,-7.166277103397816006e+01
4.674741093750000118e+02,-7.732710167278335689e+01
4.674744023437500005e+02,-8.776161906994830986e+01
4.674746953124999891e+02,-7.936235663443571298e+01
4.674749882812500346e+02,-8.126406874067220087e+01
4.674752812500000232e+02,-7.099206085805472810e+01
4.674755742187500118e+02,-7.253293575425942663e+01
4.674758671875000005e+02,-7.206212420137906349e+01
4.674761601562499891e+02,-7.729440640042528798e+01
4.674764531250000346e+02,-7.259362194855644645e+01
4.674767460937500232e+02,-8.210304053559096360e+01
4.674770390625000118e+02,-7.172698515445168255e+01
4.674773320312500005e+02,-6.635174975777893280e+01
4.674776249999999891e+02,-7.003920474643051364e+01
4.674779179687500346e+02,-6.663153364949681645e+01
4.674782109375000232e+02,-6.764364820127080691e+01
4.674785039062500118e+02,-6.794496080208423905e+01
4.674787968750000005e+02,-6.759458500366805822e+01
4.674790898437499891e+02,-7.134482236372912212e+01
4.674793828125000346e+02,-7.523738507196381420e+01
4.674796757812500232e+02,-7.998906104883977264e+01
4.674799687500000118e+02,-6.998960141134193691e+01
4.674802617187500005e+02,-6.826898759636716818e+01
4.674805546874999891e+02,-6.532224925608088029e+01
4.674808476562500346e+02,-6.354013416679389792e+01
4.674811406250000232e+02,-6.673168022871338678e+01
4.674814335937500118e+02,-6.909509967255213780e+01
4.674817265625000005e+02,-7.443720280860863170e+01
4.674820195312499891e+02,-7.371322696325235313e+01
4.674823125000000346e+02,-6.691654160584380406e+01
4.674826054687500232e+02,-6.954190102358239756e+01
4.674828984375000118e+02,-7.183389510853395166e+01
4.674831914062500005e+02,-6.986034356817833668e+01
4.674834843749999891e+02,-6.477662713408581396e+01
4.674837773437500346e+02,-6.364632105272328744e+01
4.674840703125000232e+02,-6.661314018301980866e+01
4.674843632812500118e+02,-8.378934637344704583e+01
4.674846562500000005e+02,-8.275185246884350931e+01
4.674849492187499891e+02,-7.142244465067848580e+01
4.674852421875000346e+02,-6.763117252346887653e+01
4.674855351562500232e+02,-6.498440596342743447e+01
4.674858281250000118e+02,-6.754786351413511625e+01
4.674861210937500005e+02,-6.854827121999990425e+01
4.674864140624999891e+02,-6.880842865714301126e+01
4.674867070312500346e+02,-7.019000995020185485e+01
4.674870000000000232e+02,-6.798078283578691128e+01
4.674872929687500118e+02,-6.467803206900336477e+01
4.674875859375000005e+02,-7.245464269547989034e+01
4.674878789062499891e+02,-7.928694796433501324e+01
4.674881718750000346e+02,-7.092039656208270060e+01
4.674884648437500232e+02,-6.536714174437169333e+01
4.674887578125000118e+02,-6.567619413736065326e+01
4.674890507812500005e+02,-6.761559496580834150e+01
4.674893437499999891e+02,-6.396116361622125623e+01
4.674896367187500346e+02,-7.772785808564024990e+01
4.674899296875000232e+02,-6.535791558708692151e+01
4.674902226562500118e+02,-6.245919717495078061e+01
4.674905156250000005e+02,-6.165252264234102597e+01
4.674908085937499891e+02,-6.357805537828605225e+01
4.674911015625000346e+02,-7.270276574304585893e+01
4.674913945312500232e+02,-7.043712691557418282e+01
4.674916875000000118e+02,-6.951511570061802558e+01
4.674919804687500005e+02,-6.935108379691766345e+01
4.674922734374999891e+02,-6.947288080718577419e+01
4.674925664062500346e+02,-7.182564163178035699e+01
4.674928593750000232e+02,-7.574068157825659853e+01
4.674931523437500118e+02,-6.998709400789901736e+01
4.674934453125000005e+02,-6.685550832204565097e+01
4.674937382812499891e+02,-6.248327125204493626e+01
4.674940312500000346e+02,-6.122833984586666389e+01
4.674943242187500232e+02,-8.468709482353746409e+01
4.674946171875000118e+02,-6.884371228456016922e+01
4.674949101562500005e+02,-8.757335383001723983e+01
4.674952031249999891e+02,-7.373860225211404895e+01
4.674954960937500346e+02,-6.495792505981299314e+01
4.674957890625000232e+02,-6.169642393629194999e+01
4.674960820312500118e+02,-6.329405457074286545e+01
4.674963750000000005e+02,-6.462951160317500410e+01
4.674966679687499891e+02,-6.182108871563766428e+01
4.674969609375000346e+02,-6.162769644014176151e+01
4.674972539062500232e+02,-6.569676089019272069e+01
4.674975468750000118e+02,-7.006062806749716287e+01
4.674978398437500005e+02,-6.434559024647680303e+01
4.674981328124999891e+02,-7.566137588695967509e+01
4.674984257812500346e+02,-7.529771677553033271e+01
4.674987187500000232e+02,-7.815672653474926790e+01
4.674990117187500118e+02,-7.482755179324280448e+01
4.674993046875000005e+02,-7.035381272636941219e+01
4.674995976562499891e+02,-6.813450732030723600e+01
4.674998906250000346e+02,-6.678011998818691097e+01
4.675001835937500232e+02,-7.251005244010696060e+01
4.675004765625000118e+02,-6.266669275046290721e+01
4.675007695312500005e+02,-7.864408868815877440e+01
4.675010624999999891e+02,-7.246126026209635995e+01
4.675013554687500346e+02,-6.875479607852230401e+01
4.675016484375000232e+02,-7.454710735184407611e+01
4.675019414062500118e+02,-7.507559692126378081e+01
4.675022343750000005e+02,-6.714741838665091223e+01
4.675025273437499891e+02,-6.758139263880801195e+01
4.675028203125000346e+02,-7.045342449796893902e+01
4.675031132812500232e+02,-7.309466366587635378e+01
4.675034062500000118e+02,-7.814849039497818239e+01
4.675036992187500005e+02,-6.573112275591579134e+01
4.675039921874999891e+02,-7.049532548211585947e+01
4.675042851562500346e+02,-6.919464774173903265e+01
4.675045781250000232e+02,-7.482122316588453259e+01
4.675048710937500118e+02,-6.912888087698456729e+01
4.675051640625000005e+02,-7.432940564160871588e+01
4.675054570312499891e+02,-6.549215229192287779e+01
4.675057500000000346e+02,-6.714092478180445767e+01
4.675060429687500232e+02,-7.056131078010695035e+01
4.675063359375000118e+02,-8.059470845868159472e+01
4.675066289062500005e+02,-7.215164030596565681e+01
4.675069218749999891e+02,-7.185319880996510733e+01
4.675072148437500346e+02,-7.475054350451674168e+01
4.675075078125000232e+02,-7.350855720607492572e+01
4.675078007812500118e+02,-7.183710305006292174e+01
4.675080937500000005e+02,-6.523286840184191249e+01
4.675083867187499891e+02,-6.486246249421199650e+01
4.675086796875000346e+02,-7.039339973599527411e+01
4.675089726562500232e+02,-7.309547484651486116e+01
4.675092656250000118e+02,-7.457640163383557308e+01
4.675095585937500005e+02,-6.462667793145877226e+01
4.675098515624999891e+02,-6.586075906925211143e+01
4.675101445312500346e+02,-7.276039931385200532e+01
4.675104375000000232e+02,-7.896341978473388679e+01
4.675107304687500118e+02,-6.819609014125396129e+01
4.675110234375000005e+02,-6.664202841423700363e+01
4.675113164062499891e+02,-6.930193688130495389e+01
4.675116093750000346e+02,-6.749448481551422674e+01
4.675119023437500232e+02,-7.616022335076225147e+01
4.675121953125000118e+02,-6.811450180585140401e+01
4.675124882812500005e+02,-6.781008332192047305e+01
4.675127812499999891e+02,-6.545621897900784347e+01
4.675130742187500346e+02,-6.711014087522806904e+01
4.675133671875000232e+02,-7.249060852032661728e+01
4.675136601562500118e+02,-7.680411266631918465e+01
4.675139531250000005e+02,-7.665670213057512683e+01
4.675142460937499891e+02,-7.077944579192968888e+01
4.675145390625000346e+02,-6.789725966212205321e+01
4.675148320312500232e+02,-7.812258450490233486e+01
4.675151250000000118e+02,-6.635730485826825031e+01
4.675154179687500005e+02,-6.919677661936930235e+01
4.675157109374999891e+02,-8.904350765610161034e+01
4.675160039062500346e+02,-7.469179334426223704e+01
4.675162968750000232e+02,-7.685578723763492803e+01
4.675165898437500118e+02,-7.336437058246499987e+01
4.675168828125000005e+02,-6.630013642866400403e+01
4.675171757812499891e+02,-8.110474555456528378e+01
4.675174687500000346e+02,-6.467468368269751977e+01
4.675177617187500232e+02,-6.680227618993566807e+01
4.675180546875000118e+02,-6.847884949808945976e+01
4.675183476562500005e+02,-8.306813448970987679e+01
4.675186406249999891e+02,-7.261863860196102394e+01
4.675189335937500346e+02,-7.450118874106402700e+01
4.675192265625000232e+02,-7.030700293208653306e+01
4.675195195312500118e+02,-7.343605766439750937e+01
4.675198125000000005e+02,-7.393715203071010933e+01
4.675201054687499891e+02,-6.795060746449118483e+01
4.675203984375000346e+02,-7.214535444206713066e+01
4.675206914062500232e+02,-6.784124322952723674e+01
4.675209843750000118e+02,-6.944995091252660302e+01
4.675212773437500005e+02,-6.755028320442777101e+01
4.675215703124999891e+02,-6.956229012744702800e+01
4.675218632812500346e+02,-7.875301508238287340e+01
4.675221562500000232e+02,-7.034419325807162693e+01
4.675224492187500118e+02,-6.553462516188309905e+01
4.675227421875000005e+02,-7.411254760463889113e+01
4.675230351562499891e+02,-6.566924356753557390e+01
4.675233281250000346e+02,-7.416391684176970500e+01
4.675236210937500232e+02,-7.191461399711886315e+01
4.675239140625000118e+02,-6.697705202645553868e+01
4.675242070312500005e+02,-7.446980658908685768e+01
4.675244999999999891e+02,-6.645314763002558323e+01
4.675247929687500346e+02,-6.441662176741637325e+01
4.675250859375000232e+02,-7.286369076049362548e+01
4.675253789062500118e+02,-9.120129435278505525e+01
4.675256718750000005e+02,-7.502455379338806551e+01
4.675259648437499891e+02,-6.465194784293781538e+01
4.675262578125000346e+02,-7.722494227128662203e+01
4.675265507812500232e+02,-5.103343779729516427e+01
4.675268437500000118e+02,-5.224972670668722685e+01
4.675271367187500005e+02,-6.329953819349136523e+01
4.675274296874999891e+02,-6.632532188742560209e+01
4.675277226562500346e+02,-6.454655516548545791e+01
4.675280156250000232e+02,-8.864677984411639500e+01
4.675283085937500118e+02,-7.088217433678089208e+01
4.675286015625000005e+02,-8.522815193351689800e+01
4.675288945312499891e+02,-7.914328738101829686e+01
4.675291875000000346e+02,-8.190417991359764471e+01
4.675294804687500232e+02,-8.075615505430931762e+01
4.675297734375000118e+02,-6.998452925849973383e+01
4.675300664062500005e+02,-6.467613039394142049e+01
4.675303593749999891e+02,-7.043498306311862223e+01
4.675306523437500346e+02,-6.909474501256300982e+01
4.675309453125000232e+02,-6.525594210083281155e+01
4.675312382812500118e+02,-6.333904558051322908e+01
4.675315312500000005e+02,-7.349007498558113127e+01
4.675318242187499891e+02,-6.874529933041034724e+01
4.675321171875000346e+02,-6.444615128304023699e+01
4.675324101562500232e+02,-6.601127723025855687e+01
4.675327031250000118e+02,-7.627200506173673489e+01
4.675329960937500005e+02,-7.447747206763213512e+01
4.675332890624999891e+02,-7.185048388897625671e+01
4.675335820312500346e+02,-6.287452797053838083e+01
4.675338750000000232e+02,-5.933748252489498043e+01
4.675341679687500118e+02,-6.267681656833426018e+01
4.675344609375000005e+02,-6.551463900396373674e+01
4.675347539062499891e+02,-6.805807439573530360e+01
4.675350468750000346e+02,-6.234520096396848743e+01
4.675353398437500232e+02,-7.267673117897560076e+01
4.675356328125000118e+02,-6.995671883257890045e+01
4.675359257812500005e+02,-7.809596244229938122e+01
4.675362187499999891e+02,-6.586100085763285961e+01
4.675365117187500346e+02,-6.697164120725436476e+01
4.675368046875000232e+02,-6.351412613458749945e+01
4.675370976562500118e+02,-6.542621698696021326e+01
4.675373906250000005e+02,-6.341821811161356237e+01
4.675376835937499891e+02,-8.067810812891927696e+01
4.675379765625000346e+02,-7.304150136593388254e+01
4.675382695312500232e+02,-7.035854079200636590e+01
4.675385625000000118e+02,-6.416006212919248242e+01
4.675388554687500005e+02,-6.461918926493430604e+01
4.675391484374999891e+02,-6.496420651635352783e+01
4.675394414062500346e+02,-6.457216467349927314e+01
4.675397343750000232e+02,-6.099920894265303417e+01
4.675400273437500118e+02,-6.218645745596046481e+01
4.675403203125000005e+02,-7.163916924303276801e+01
4.675406132812499891e+02,-6.843622461383547773e+01
4.675409062500000346e+02,-7.854683615238856476e+01
4.675411992187500232e+02,-7.209472805488859137e+01
4.675414921875000118e+02,-7.685484063489839457e+01
4.675417851562500005e+02,-6.818142853278948223e+01
4.675420781249999891e+02,-7.827342979166543557e+01
4.675423710937500346e+02,-7.196654556168904548e+01
4.675426640625000232e+02,-6.251742442560292545e+01
4.675429570312500118e+02,-6.382961909240819409e+01
4.675432500000000005e+02,-7.788096685317319157e+01
4.675435429687499891e+02,-8.315946675767763452e+01
4.675438359375000346e+02,-6.191799462352641825e+01
4.675441289062500232e+02,-6.865245598345333633e+01
4.675444218750000118e+02,-6.667164116550090114e+01
4.675447148437500005e+02,-6.404974692995692465e+01
4.675450078124999891e+02,-6.144504031673725564e+01
4.675453007812500346e+02,-5.799833198820824265e+01
4.675455937500000232e+02,-5.620385946710348435e+01
4.675458867187500118e+02,-5.562361750308062369e+01
4.675461796875000005e+02,-6.118956078910621699e+01
4.675464726562499891e+02,-6.096000270174001656e+01
4.675467656250000346e+02,-5.619126416762789944e+01
4.675470585937500232e+02,-6.808726482683039194e+01
4.675473515625000118e+02,-6.381984190507288446e+01
4.675476445312500005e+02,-5.861373020063592776e+01
4.675479374999999891e+02,-6.001250175387173869e+01
4.675482304687500346e+02,-6.476914695822115675e+01
4.675485234375000232e+02,-6.370046305996445568e+01
4.675488164062500118e+02,-5.939229313812570865e+01
4.675491093750000005e+02,-6.149625336761013017e+01
4.675494023437499891e+02,-6.475951512330055948e+01
4.675496953125000346e+02,-6.799170128165999927e+01
4.675499882812500232e+02,-6.985132072305910356e+01
4.675502812500000118e+02,-6.544047723007081174e+01
4.675505742187500005e+02,-6.765854255517010074e+01
4.675508671874999891e+02,-6.425127258819466647e+01
4.675511601562500346e+02,-6.727228861219545308e+01
4.675514531250000232e+02,-6.390450714689925604e+01
4.675517460937500118e+02,-6.170814803347030875e+01
4.675520390625000005e+02,-6.904668630069568280e+01
4.675523320312499891e+02,-7.046768892154247510e+01
4.675526250000000346e+02,-6.003262579185962977e+01
4.675529179687500232e+02,-7.297895292481589991e+01
4.675532109375000118e+02,-6.264587873224348868e+01
4.675535039062500005e+02,-7.569966723510424345e+01
4.675537968749999891e+02,-6.283050602316495770e+01
4.675540898437500346e+02,-6.010683196146801066e+01
4.675543828125000232e+02,-5.669819735982527220e+01
4.675546757812500118e+02,-5.625046520543934037e+01
4.675549687500000005e+02,-5.968565984539155522e+01
4.675552617187499891e+02,-5.950530195546973999e+01
4.675555546875000346e+02,-7.359374144865577705e+01
4.675558476562500232e+02,-8.077316282631949207e+01
4.675561406250000118e+02,-6.321788543819104689e+01
4.675564335937500005e+02,-7.139708883555549335e+01
4.675567265624999891e+02,-6.173087040960852789e+01
4.675570195312500346e+02,-6.255314823427028159e+01
4.675573125000000232e+02,-7.543367194816283927e+01
4.675576054687500118e+02,-8.728525598666722374e+01
4.675578984375000005e+02,-6.233708272305271691e+01
4.675581914062499891e+02,-5.673830837240367941e+01
4.675584843750000346e+02,-7.223759361746468244e+01
4.675587773437500232e+02,-5.814836334477113411e+01
4.675590703125000118e+02,-6.203314140993398240e+01
4.675593632812500005e+02,-5.607013387745618616e+01
4.675596562499999891e+02,-6.267516898739415154e+01
4.675599492187500346e+02,-7.005932194944993796e+01
4.675602421875000232e+02,-6.257226989197636868e+01
4.675605351562500118e+02,-5.823028948039079467e+01
4.675608281250000005e+02,-5.587324598519033003e+01
4.675611210937499891e+02,-5.870222964663079779e+01
4.675614140625000346e+02,-6.551252405328965267e+01
4.675617070312500232e+02,-6.879806666993930264e+01
4.675620000000000118e+02,-5.825280308860243395e+01
4.675622929687500005e+02,-5.781975292943506872e+01
4.675625859374999891e+02,-6.290118739560238481e+01
4.675628789062500346e+02,-5.435102067282264215e+01
4.675631718750000232e+02,-5.939603211611191824e+01
4.675634648437500118e+02,-5.983302886083328787e+01
4.675637578125000005e+02,-5.660883134618031676e+01
4.675640507812499891e+02,-6.299079133965064869e+01
4.675643437500000346e+02,-6.609318327065810195e+01
4.675646367187500232e+02,-5.627890256403509284e+01
4.675649296875000118e+02,-5.907274793747779995e+01
4.675652226562500005e+02,-7.113651542332213751e+01
4.675655156249999891e+02,-6.021420577675841201e+01
4.675658085937500346e+02,-5.784122124518940922e+01
4.675661015625000232e+02,-5.855556349759861945e+01
4.675663945312500118e+02,-7.193935333383237207e+01
4.675666875000000005e+02,-6.761264283457633439e+01
4.675669804687499891e+02,-7.945915146966405018e+01
4.675672734375000346e+02,-6.922241981786555698e+01
4.675675664062500232e+02,-6.321448484866387219e+01
4.675678593750000118e+02,-6.880700510245691248e+01
4.675681523437500005e+02,-6.137323667814228401e+01
4.675684453124999891e+02,-6.236481316915318018e+01
4.675687382812500346e+02,-5.678446912403572355e+01
4.675690312500000232e+02,-5.466837338107811206e+01
4.675693242187500118e+02,-6.898763740450586113e+01
4.675696171875000005e+02,-6.206151523375756085e+01
4.675699101562499891e+02,-6.278570305760545267e+01
4.675702031250000346e+02,-5.542626659831729086e+01
4.675704960937500232e+02,-5.480732731136296820e+01
4.675707890625000118e+02,-5.426770221730046018e+01
4.675710820312500005e+02,-5.830878409046637501e+01
4.675713749999999891e+02,-5.717795905116774691e+01
4.675716679687500346e+02,-6.375493873033286008e+01
4.675719609375000232e+02,-5.914929302812219447e+01
4.675722539062500118e+02,-6.555355832966674257e+01
4.675725468750000005e+02,-5.630540665134361689e+01
4.675728398437499891e+02,-6.076869878213648235e+01
4.675731328125000346e+02,-6.411126299856624655e+01
4.675734257812500232e+02,-6.236189707573389285e+01
4.675737187500000118e+02,-5.492568547544394875e+01
4.675740117187500005e+02,-5.171303706279749690e+01
4.675743046874999891e+02,-5.921857874587029613e+01
4.675745976562500346e+02,-6.413577078795137254e+01
4.675748906250000232e+02,-7.955215095893861132e+01
4.675751835937500118e+02,-5.699660589811308853e+01
4.675754765625000005e+02,-6.180303767253647607e+01
4.675757695312499891e+02,-5.710821834546233333e+01
4.675760625000000346e+02,-6.054927153383538041e+01
4.675763554687500232e+02,-5.384378703988114978e+01
4.675766484375000118e+02,-5.482231081351477542e+01
4.675769414062500005e+02,-6.537453812911140005e+01
4.675772343749999891e+02,-5.878326648506504171e+01
4.675775273437500346e+02,-6.325101437535317217e+01
4.675778203125000232e+02,-6.039064551992165519e+01
4.675781132812500118e+02,-5.904591504211818176e+01
4.675784062500000005e+02,-6.054479941384563801e+01
4.675786992187499891e+02,-5.659035012465372461e+01
4.675789921875000346e+02,-5.640429289210697306e+01
4.675792851562500232e+02,-5.552869410741914180e+01
4.675795781250000118e+02,-5.129133117792542151e+01
4.675798710937500005e+02,-5.357837158458772819e+01
4.675801640624999891e+02,-5.842833333866031609e+01
4.675804570312500346e+02,-5.713353397257550625e+01
4.675807500000000232e+02,-5.313879230558083577e+01
4.675810429687500118e+02,-5.403167163175205445e+01
4.675813359375000005e+02,-6.291541117589112275e+01
4.675816289062499891e+02,-5.142290127172839220e+01
4.675819218750000346e+02,-5.319552590792845592e+01
4.675822148437500232e+02,-5.177922362988373095e+01
4.675825078125000118e+02,-6.430491202502503256e+01
4.675828007812500005e+02,-5.127794669819618889e+01
4.675830937499999891e+02,-5.316476955529090986e+01
4.675833867187500346e+02,-6.324806324428837456e+01
4.675836796875000232e+02,-6.057518621756095456e+01
4.675839726562500118e+02,-6.350891376682657352e+01
4.675842656250000005e+02,-5.932193208423787212e+01
4.675845585937499891e+02,-5.170640805666614170e+01
4.675848515625000346e+02,-5.202716474794117119e+01
4.675851445312500232e+02,-5.394259517858419173e+01
4.675854375000000118e+02,-6.070741357425016815e+01
4.675857304687500005e+02,-6.357627618484941223e+01
4.675860234374999891e+02,-5.296166713201338183e+01
4.675863164062500346e+02,-5.839127459902353223e+01
4.675866093750000232e+02,-5.517752429776773937e+01
4.675869023437500118e+02,-6.371361266167660631e+01
4.675871953125000005e+02,-6.429936642542919856e+01
4.675874882812499891e+02,-6.568506528909308884e+01
4.675877812500000346e+02,-5.193587608082558660e+01
4.675880742187500232e+02,-6.232698232453498122e+01
4.675883671875000118e+02,-5.697996101653887990e+01
4.675886601562500005e+02,-3.457877390466605050e+01
4.675889531249999891e+02,-3.120656245454860667e+01
4.675892460937500346e+02,-4.156350894146623887e+01
4.675895390625000232e+02,-5.219045810023693832e+01
4.675898320312500118e+02,-5.801042286624681310e+01
4.675901250000000005e+02,-6.171676328303666992e+01
4.675904179687499891e+02,-5.941792488739091027e+01
4.675907109375000346e+02,-5.538159975045389416e+01
4.675910039062500232e+02,-6.254745044648238661e+01
4.675912968750000118e+02,-5.366793435223300435e+01
4.675915898437500005e+02,-5.357838868912565289e+01
4.675918828124999891e+02,-5.741020158033666121e+01
4.675921757812500346e+02,-5.797259608373827433e+01
4.675924687500000232e+02,-5.365500437173516701e+01
4.675927617187500118e+02,-5.699586069988525594e+01
4.675930546875000005e+02,-5.877406823644761147e+01
4.675933476562499891e+02,-5.886901317597235561e+01
4.675936406250000346e+02,-7.744090646080923079e+01
4.675939335937500232e+02,-5.954775602916249966e+01
4.675942265625000118e+02,-6.914962658603326418e+01
4.675945195312500005e+02,-5.869125344980595571e+01
4.675948124999999891e+02,-5.129508797798187203e+01
4.675951054687500346e+02,-5.905482358392298892e+01
4.675953984375000232e+02,-5.693450460070966557e+01
4.675956914062500118e+02,-5.904909696382389939e+01
4.675959843750000005e+02,-6.088909760410342642e+01
4.675962773437499891e+02,-5.857742293832842506e+01
4.675965703125000346e+02,-6.719074064579024252e+01
4.675968632812500232e+02,-5.814392591709403746e+01
4.675971562500000118e+02,-5.416318828109901773e+01
4.675974492187500005e+02,-5.423493405414694735e+01
4.675977421874999891e+02,-5.527038471084195237e+01
4.675980351562500346e+02,-5.796552529567294698e+01
4.675983281250000232e+02,-6.357502951320682882e+01
4.675986210937500118e+02,-6.536634094085088975e+01
4.675989140625000005e+02,-6.265366085028180265e+01
4.675992070312499891e+02,-5.818318744417587851e+01
4.675995000000000346e+02,-6.160927134183506837e+01
4.675997929687500232e+02,-5.827291671013880858e+01
4.676000859375000118e+02,-6.613627518378697800e+01
4.676003789062500005e+02,-6.230079281622760590e+01
4.676006718749999891e+02,-7.213437805691386018e+01
4.676009648437500346e+02,-5.353292055965718532e+01
4.676012578125000232e+02,-5.447562566758041669e+01
4.676015507812500118e+02,-6.358097274751966665e+01
4.676018437500000005e+02,-5.872786651643565392e+01
4.676021367187499891e+02,-5.870928236595003114e+01
4.676024296875000346e+02,-5.590727764981188841e+01
4.676027226562500232e+02,-5.750404177883508794e+01
4.676030156250000118e+02,-6.556992188863864612e+01
4.676033085937500005e+02,-6.072451884319449533e+01
4.676036015624999891e+02,-5.263783838837199625e+01
4.676038945312500346e+02,-5.232553793067596359e+01
4.676041875000000232e+02,-5.989617336862814057e+01
4.676044804687500118e+02,-6.606373149830429270e+01
4.676047734375000005e+02,-6.036290602704497843e+01
4.676050664062499891e+02,-5.541567187177012244e+01
4.676053593750000346e+02,-5.586735528556871344e+01
4.676056523437500232e+02,-6.719406920387967830e+01
4.676059453125000118e+02,-5.761906545080184117e+01
4.676062382812500005e+02,-5.980853024845298194e+01
4.676065312499999891e+02,-5.644464472044228387e+01
4.676068242187500346e+02,-5.951618062413024290e+01
4.676071171875000232e+02,-6.164383023612293755e+01
4.676074101562500118e+02,-6.436964354343295724e+01
4.676077031250000005e+02,-6.105374493932410473e+01
4.676079960937499891e+02,-5.887703914201075150e+01
4.676082890625000346e+02,-5.581723160416585472e+01
4.676085820312500232e+02,-5.930754807585334731e+01
4.676088750000000118e+02,-5.635552189801668987e+01
4.676091679687500005e+02,-6.972741242469238898e+01
4.676094609374999891e+02,-6.162187092002855593e+01
4.676097539062500346e+02,-6.119390623166987098e+01
4.676100468750000232e+02,-6.433871440555759591e+01
4.676103398437500118e+02,-6.281265880783162459e+01
4.676106328125000005e+02,-6.863937479701961308e+01
4.676109257812499891e+02,-6.354593462467659037e+01
4.676112187500000346e+02,-6.249907273796519291e+01
4.676115117187500232e+02,-7.058432886350460933e+01
4.676118046875000118e+02,-5.983982767636412348e+01
4.676120976562500005e+02,-7.523603001859063966e+01
4.676123906249999891e+02,-6.989684525842081086e+01
4.676126835937500346e+02,-6.141911763705320482e+01
4.676129765625000232e+02,-5.550929007212551625e+01
4.676132695312500118e+02,-5.601270628974135235e+01
4.676135625000000005e+02,-6.643601558434897925e+01
4.676138554687499891e+02,-5.804753373368443192e+01
4.676141484375000346e+02,-5.560687175452218867e+01
4.676144414062500232e+02,-6.721116038147482641e+01
4.676147343750000118e+02,-5.586821758053805809e+01
4.676150273437500005e+02,-5.575942962617985899e+01
4.676153203124999891e+02,-6.108547969920320497e+01
4.676156132812500346e+02,-5.803415510694009782e+01
4.676159062500000232e+02,-6.285370346493425586e+01
4.676161992187500118e+02,-6.494598514687450574e+01
4.676164921875000005e+02,-7.717559241376244472e+01
4.676167851562499891e+02,-6.157175461135533823e+01
4.676170781250000346e+02,-5.618495676296049623e+01
4.676173710937500232e+02,-5.683630840399190021e+01
4.676176640625000118e+02,-6.505515800604189280e+01
4.676179570312500005e+02,-6.902685959285145145e+01
4.676182499999999891e+02,-6.133859789160003118e+01
4.676185429687500346e+02,-5.827412697529609886e+01
4.676188359375000232e+02,-6.028190657780786665e+01
4.676191289062500118e+02,-6.141525082079098041e+01
4.676194218750000005e+02,-5.987851155486558241e+01
4.676197148437499891e+02,-6.013764968962399848e+01
4.676200078125000346e+02,-6.194976917059531729e+01
4.676203007812500232e+02,-7.520981457211678389e+01
4.676205937500000118e+02,-6.532111395547339328e+01
4.676208867187500005e+02,-5.956289107128694127e+01
4.676211796874999891e+02,-6.307411574702157964e+01
4.676214726562500346e+02,-7.190483795323940797e+01
4.676217656250000232e+02,-5.935353976216654104e+01
4.676220585937500118e+02,-6.641253734876138992e+01
4.676223515625000005e+02,-6.139661551239809967e+01
4.676226445312499891e+02,-5.670570527795977966e+01
4.676229375000000346e+02,-6.044649047214007709e+01
4.676232304687500232e+02,-6.264142736781779774e+01
4.676235234375000118e+02,-5.958998431070188673e+01
4.676238164062500005e+02,-5.516732526662894998e+01
4.676241093749999891e+02,-6.334077242015574427e+01
4.676244023437500346e+02,-6.637990512492514483e+01
4.676246953125000232e+02,-7.318681758939324311e+01
4.676249882812500118e+02,-5.880702483445994488e+01
4.676252812500000005e+02,-6.345188438587481272e+01
4.676255742187499891e+02,-6.580999945336424162e+01
4.676258671875000346e+02,-6.641256437642995536e+01
4.676261601562500232e+02,-6.603169739439812247e+01
4.676264531250000118e+02,-7.279775406946514238e+01
4.676267460937500005e+02,-5.909432853510878658e+01
4.676270390624999891e+02,-6.378394383197633744e+01
4.676273320312500346e+02,-7.137939720284958867e+01
4.676276250000000232e+02,-5.715504095230164694e+01
4.676279179687500118e+02,-5.606588743615625248e+01
4.676282109375000005e+02,-6.277902422043912622e+01
4.676285039062499891e+02,-6.348861558046171183e+01
4.676287968750000346e+02,-5.920844507830085490e+01
4.676290898437500232e+02,-6.101050752900849261e+01
4.676293828125000118e+02,-6.419206810330572921e+01
4.676296757812500005e+02,-7.216093272280313897e+01
4.676299687499999891e+02,-5.607348824522247810e+01
4.676302617187500346e+02,-6.183323885409974707e+01
4.676305546875000232e+02,-6.358284760641495836e+01
4.676308476562500118e+02,-6.697967466138749160e+01
4.676311406250000005e+02,-6.511993132097727255e+01
4.676314335937499891e+02,-6.330684422099711384e+01
4.676317265625000346e+02,-5.770532756143775543e+01
4.676320195312500232e+02,-5.995548446154347744e+01
4.676323125000000118e+02,-5.904292055810016393e+01
4.676326054687500005e+02,-6.614757869559291237e+01
4.676328984374999891e+02,-7.029426865037127925e+01
4.676331914062500346e+02,-7.354587261946021215e+01
4.676334843750000232e+02,-6.711390017518655782e+01
4.676337773437500118e+02,-6.425772355905434097e+01
4.676340703125000005e+02,-6.768707064666961060e+01
4.676343632812499891e+02,-6.966325356628480847e+01
4.676346562500000346e+02,-6.766414131309267077e+01
4.676349492187500232e+02,-6.485457241397193684e+01
4.676352421875000118e+02,-6.269027676239815605e+01
4.676355351562500005e+02,-6.121194681432351103e+01
4.676358281249999891e+02,-6.159740421740247029e+01
4.676361210937500346e+02,-6.238886598231850655e+01
4.676364140625000232e+02,-6.604638866944695508e+01
4.676367070312500118e+02,-6.378678401087380934e+01
4.676370000000000005e+02,-6.946869092276293145e+01
4.676372929687499891e+02,-7.506134259534942998e+01
4.676375859375000346e+02,-6.415124391780918245e+01
4.676378789062500232e+02,-6.643123335186068346e+01
4.676381718750000118e+02,-7.874550771429871077e+01
4.676384648437500005e+02,-7.694793210973351449e+01
4.676387578124999891e+02,-7.332016551900368029e+01
4.676390507812500346e+02,-6.775563410821546029e+01
4.676393437500000232e+02,-8.702859769155719505e+01
4.676396367187500118e+02,-6.780929965851609609e+01
4.676399296875000005e+02,-6.670260426788499331e+01
4.676402226562499891e+02,-6.687414196362770724e+01
4.676405156250000346e+02,-6.391145874621565781e+01
4.676408085937500232e+02,-7.302248830985287498e+01
4.676411015625000118e+02,-6.862526654663913916e+01
4.676413945312500005e+02,-6.879570109776328479e+01
4.676416874999999891e+02,-6.962856006993284552e+01
4.676419804687500346e+02,-7.483631265687320422e+01
4.676422734375000232e+02,-6.618161794907658191e+01
4.676425664062500118e+02,-6.630291882771568623e+01
4.676428593750000005e+02,-7.508392253133976624e+01
4.676431523437499891e+02,-6.816546992485362466e+01
4.676434453125000346e+02,-6.872358689542680565e+01
4.676437382812500232e+02,-6.455730153679834871e+01
4.676440312500000118e+02,-6.478226059226018663e+01
4.676443242187500005e+02,-7.554381310296469110e+01
4.676446171874999891e+02,-8.102060973185865578e+01
4.676449101562500346e+02,-7.278342478627682510e+01
4.676452031250000232e+02,-7.008796034969877553e+01
4.676454960937500118e+02,-7.053629693484492691e+01
4.676457890625000005e+02,-6.847586687971832475e+01
4.676460820312499891e+02,-7.102515163682794253e+01
4.676463750000000346e+02,-7.004820955099714297e+01
4.676466679687500232e+02,-6.806737458027123466e+01
4.676469609375000118e+02,-7.720438063195368272e+01
4.676472539062500005e+02,-6.531783883709312022e+01
4.676475468749999891e+02,-6.591393524565957307e+01
4.676478398437500346e+02,-6.831535611250463091e+01
4.676481328125000232e+02,-7.541740292997454276e+01
4.676484257812500118e+02,-6.437494785040605905e+01
4.676487187500000005e+02,-6.367098557710782103e+01
4.676490117187499891e+02,-8.873515496258048074e+01
4.676493046875000346e+02,-7.122358462188536521e+01
4.676495976562500232e+02,-7.627963811885966550e+01
4.676498906250000118e+02,-7.347127335886183630e+01
4.676501835937500005e+02,-7.549587391845918205e+01
4.676504765624999891e+02,-7.050423109707571712e+01
4.676507695312500346e+02,-5.881648621162169377e+01
4.676510625000000232e+02,-4.948278291614414570e+01
4.676513554687500118e+02,-5.481307395745938038e+01
4.676516484375000005e+02,-7.390130439254791384e+01
4.676519414062499891e+02,-7.288771531225232536e+01
4.676522343750000346e+02,-7.003586428466034874e+01
4.676525273437500232e+02,-7.222506866540012993e+01
4.676528203125000118e+02,-7.762706074525907241e+01
4.676531132812500005e+02,-7.237801218337042997e+01
4.676534062499999891e+02,-6.796491010294144530e+01
4.676536992187500346e+02,-7.471038907834399367e+01
4.676539921875000232e+02,-7.875310316663194499e+01
4.676542851562500118e+02,-6.907628418434211426e+01
4.676545781250000005e+02,-6.631486476258129414e+01
4.676548710937499891e+02,-7.515292839118204427e+01
4.676551640625000346e+02,-7.698547081445573781e+01
4.676554570312500232e+02,-8.591759646164383923e+01
4.676557500000000118e+02,-8.724429019297603816e+01
4.676560429687500005e+02,-7.479292153039499169e+01
4.676563359374999891e+02,-6.746366773369155112e+01
4.676566289062500346e+02,-6.834645280627529473e+01
4.676569218750000232e+02,-6.766745913161230419e+01
4.676572148437500118e+02,-7.480515821288223322e+01
4.676575078125000005e+02,-7.257203155354677904e+01
4.676578007812499891e+02,-7.287756446164326007e+01
4.676580937500000346e+02,-7.188898876226312495e+01
4.676583867187500232e+02,-7.520101657868508482e+01
4.676586796875000118e+02,-8.784205325547760879e+01
4.676589726562500005e+02,-7.464366674076251229e+01
4.676592656249999891e+02,-6.455234096045997205e+01
4.676595585937500346e+02,-6.311310585988611876e+01
4.676598515625000232e+02,-7.059760796381671355e+01
4.676601445312500118e+02,-6.753958356220176995e+01
4.676604375000000005e+02,-7.100633059484832188e+01
4.676607304687499891e+02,-6.725958348875519732e+01
4.676610234375000346e+02,-6.730765315089576006e+01
4.676613164062500232e+02,-7.863708525788749171e+01
4.676616093750000118e+02,-7.174696722170772034e+01
4.676619023437500005e+02,-7.270529055347441272e+01
4.676621953124999891e+02,-6.527719416927331508e+01
4.676624882812500346e+02,-6.747474621542789919e+01
4.676627812500000232e+02,-7.512842844320219626e+01
4.676630742187500118e+02,-8.175192285060745689e+01
4.676633671875000005e+02,-7.730391936237433015e+01
4.676636601562499891e+02,-6.482497613754864574e+01
4.676639531250000346e+02,-6.268275791594048485e+01
4.676642460937500232e+02,-7.050760340789844349e+01
4.676645390625000118e+02,-7.594062489817703465e+01
4.676648320312500005e+02,-7.989954138216629076e+01
4.676651249999999891e+02,-6.846527073856260870e+01
4.676654179687500346e+02,-7.427921182570689496e+01
4.676657109375000232e+02,-7.617260368029646145e+01
4.676660039062500118e+02,-7.725939485889598757e+01
4.676662968750000005e+02,-6.766069703285407400e+01
4.676665898437499891e+02,-6.865787827895478301e+01
4.676668828125000346e+02,-7.439248906171810916e+01
4.676671757812500232e+02,-6.988051502103071755e+01
4.676674687500000118e+02,-7.968941304907403378e+01
4.676677617187500005e+02,-7.093475345178401881e+01
4.676680546874999891e+02,-6.780688592603314646e+01
4.676683476562500346e+02,-6.653203961769122543e+01
4.676686406250000232e+02,-6.903804315635372291e+01
4.676689335937500118e+02,-7.082853294431888003e+01
4.676692265625000005e+02,-8.218140092313107914e+01
4.676695195312499891e+02,-7.283166112939652237e+01
4.676698125000000346e+02,-6.902068043360850425e+01
4.676701054687500232e+02,-8.080013696870915396e+01
4.676703984375000118e+02,-7.173559623674854890e+01
4.676706914062500005e+02,-7.122344216235832448e+01
4.676709843749999891e+02,-6.978465164300476431e+01
4.676712773437500346e+02,-6.995902518423525862e+01
4.676715703125000232e+02,-7.094831051498147190e+01
4.676718632812500118e+02,-7.431131682921660797e+01
4.676721562500000005e+02,-7.237901918727722261e+01
4.676724492187499891e+02,-7.693486253697135169e+01
4.676727421875000346e+02,-6.500361771188079274e+01
4.676730351562500232e+02,-6.923377846890799958e+01
4.676733281250000118e+02,-7.014158466603882403e+01
4.676736210937500005e+02,-7.554279905971078790e+01
4.676739140624999891e+02,-7.113905925494340465e+01
4.676742070312500346e+02,-6.851467054481307173e+01
4.676745000000000232e+02,-6.732280983785177852e+01
4.676747929687500118e+02,-7.969724641685581901e+01
4.676750859375000005e+02,-6.463256233280807805e+01
4.676753789062499891e+02,-6.986584851447760514e+01
4.676756718750000346e+02,-8.396947045463244308e+01
4.676759648437500232e+02,-6.744187566274780465e+01
4.676762578125000118e+02,-6.317454474479271198e+01
4.676765507812500005e+02,-7.056199163105128491e+01
4.676768437499999891e+02,-6.965387470877372778e+01
4.676771367187500346e+02,-6.797219355432184784e+01
4.676774296875000232e+02,-7.152145021436959382e+01
4.676777226562500118e+02,-6.132970175763692566e+01
4.676780156250000005e+02,-6.544586887910472228e+01
4.676783085937499891e+02,-6.434366467333278194e+01
4.676786015625000346e+02,-6.614841678975597006e+01
4.676788945312500232e+02,-6.392111365040796755e+01
4.676791875000000118e+02,-7.390949854116695406e+01
4.676794804687500005e+02,-6.165380249583773065e+01
4.676797734374999891e+02,-6.768023900387811409e+01
4.676800664062500346e+02,-7.270559339097889051e+01
4.676803593750000232e+02,-7.572746185069813407e+01
4.676806523437500118e+02,-7.972033824177836436e+01
4.676809453125000005e+02,-6.600207175822704642e+01
4.676812382812499891e+02,-6.683615550930413463e+01
4.676815312500000346e+02,-7.943509932011629360e+01
4.676818242187500232e+02,-7.135622900329789786e+01
4.676821171875000118e+02,-6.892334515399834061e+01
4.676824101562500005e+02,-7.228700518590056845e+01
4.676827031249999891e+02,-7.554442886185327666e+01
4.676829960937500346e+02,-6.901344683821770332e+01
4.676832890625000232e+02,-7.110350697275481480e+01
4.676835820312500118e+02,-6.402929646231234528e+01
4.676838750000000005e+02,-6.541119921298076179e+01
4.676841679687499891e+02,-7.388548129762065741e+01
4.676844609375000346e+02,-6.814416347361795090e+01
4.676847539062500232e+02,-6.736573852405739160e+01
4.676850468750000118e+02,-6.715367922550487378e+01
4.676853398437500005e+02,-6.530463371905447900e+01
4.676856328124999891e+02,-6.765036151547303689e+01
4.676859257812500346e+02,-6.978687405882170935e+01
4.676862187500000232e+02,-6.853685149282183886e+01
4.676865117187500118e+02,-7.030580564642497166e+01
4.676868046875000005e+02,-8.027539291895089946e+01
4.676870976562499891e+02,-6.751310614092824380e+01
4.676873906250000346e+02,-6.578749203330330886e+01
4.676876835937500232e+02,-6.753231963862947396e+01
4.676879765625000118e+02,-7.663821994642833602e+01
4.676882695312500005e+02,-7.489722565236712626e+01
4.676885624999999891e+02,-7.343828456048609610e+01
4.676888554687500346e+02,-7.057440219828430372e+01
4.676891484375000232e+02,-7.983738134322490509e+01
4.676894414062500118e+02,-7.059037872755739329e+01
4.676897343750000005e+02,-7.307486935936290706e+01
4.676900273437499891e+02,-7.918130616934217869e+01
4.676903203125000346e+02,-7.087140788246396994e+01
4.676906132812500232e+02,-6.583164231238022523e+01
4.676909062500000118e+02,-7.218804623625376848e+01
4.676911992187500005e+02,-8.657787716403659317e+01
4.676914921874999891e+02,-6.908184223378218292e+01
4.676917851562500346e+02,-6.929824272060582757e+01
4.676920781250000232e+02,-6.550011751332873189e+01
4.676923710937500118e+02,-6.574182049881358125e+01
4.676926640625000005e+02,-6.970620142998967594e+01
4.676929570312499891e+02,-7.385562531792345453e+01
4.676932500000000346e+02,-7.193586863797014530e+01
4.676935429687500232e+02,-6.928115952961894664e+01
4.676938359375000118e+02,-6.890809988563169952e+01
4.676941289062500005e+02,-6.921355096368341719e+01
4.676944218749999891e+02,-7.310061034901715971e+01
4.676947148437500346e+02,-6.804659487419772290e+01
4.676950078125000232e+02,-7.002056363056220789e+01
4.676953007812500118e+02,-8.502204186681731812e+01
4.676955937500000005e+02,-7.008729791431586875e+01
4.676958867187499891e+02,-7.296803093209635449e+01
4.676961796875000346e+02,-7.074195048487112558e+01
4.676964726562500232e+02,-7.643151654611511958e+01
4.676967656250000118e+02,-7.196589848073196549e+01
4.676970585937500005e+02,-6.883921733849123825e+01
4.676973515624999891e+02,-7.250849436729569675e+01
4.676976445312500346e+02,-6.649922059740373470e+01
4.676979375000000232e+02,-6.907954469555123467e+01
4.676982304687500118e+02,-7.263668887452639922e+01
4.676985234375000005e+02,-6.943416081444621568e+01
4.676988164062499891e+02,-7.179320789099669753e+01
4.676991093750000346e+02,-7.542280697760448049e+01
4.676994023437500232e+02,-7.010761046120993001e+01
4.676996953125000118e+02,-7.479686818105915336e+01
4.676999882812500005e+02,-6.810917353486468073e+01
4.677002812499999891e+02,-6.638343696612672318e+01
4.677005742187500346e+02,-7.361650890547313963e+01
4.677008671875000232e+02,-7.942572494740215916e+01
4.677011601562500118e+02,-7.891509554750234656e+01
4.677014531250000005e+02,-8.813433283653823480e+01
4.677017460937499891e+02,-7.436401266805694377e+01
4.677020390625000346e+02,-7.399081441977092766e+01
4.677023320312500232e+02,-7.061611300631636823e+01
4.677026250000000118e+02,-6.973986430821308602e+01
4.677029179687500005e+02,-7.323586228510157525e+01
4.677032109374999891e+02,-7.206488577028790132e+01
4.677035039062500346e+02,-7.043779026141697841e+01
4.677037968750000232e+02,-7.106074016091602630e+01
4.677040898437500118e+02,-7.620562133489909229e+01
4.677043828125000005e+02,-8.393890736663669827e+01
4.677046757812499891e+02,-8.099078261124951439e+01
4.677049687500000346e+02,-7.350637458084507614e+01
4.677052617187500232e+02,-6.971390545755905066e+01
4.677055546875000118e+02,-6.826798283923417898e+01
4.677058476562500005e+02,-7.393832058996432011e+01
4.677061406249999891e+02,-8.147792309251909160e+01
4.677064335937500346e+02,-8.373871422966038836e+01
4.677067265625000232e+02,-7.357754083160354241e+01
4.677070195312500118e+02,-7.255753161657170835e+01
4.677073125000000005e+02,-7.676590567702874068e+01
4.677076054687499891e+02,-7.346769912360849730e+01
4.677078984375000346e+02,-7.311723753580353957e+01
4.677081914062500232e+02,-7.796326214298142077e+01
4.677084843750000118e+02,-7.116616284861663644e+01
4.677087773437500005e+02,-7.518244144964714337e+01
4.677090703124999891e+02,-7.195701551521101180e+01
4.677093632812500346e+02,-7.722617274333970272e+01
4.677096562500000232e+02,-7.736624315774777472e+01
4.677099492187500118e+02,-7.699094496719666836e+01
4.677102421875000005e+02,-7.252951435766613031e+01
4.677105351562499891e+02,-7.604478815645067868e+01
4.677108281250000346e+02,-7.230397165931817938e+01
4.677111210937500232e+02,-7.544231450556127072e+01
4.677114140625000118e+02,-7.347457150348274979e+01
4.677117070312500005e+02,-7.600193726767129476e+01
4.677119999999999891e+02,-7.684896937299518527e+01
4.677122929687500346e+02,-7.449196625804812300e+01
4.677125859375000232e+02,-7.898529040022106074e+01
4.677128789062500118e+02,-8.380696699025135388e+01
4.677131718750000005e+02,-6.863523325110770656e+01
4.677134648437499891e+02,-6.906653754063320605e+01
4.677137578125000346e+02,-7.355494212266654586e+01
4.677140507812500232e+02,-8.660117005753320996e+01
4.677143437500000118e+02,-6.677282231183588124e+01
4.677146367187500005e+02,-7.223278969657815196e+01
4.677149296874999891e+02,-7.613997437035231997e+01
4.677152226562500346e+02,-7.723694747027781204e+01
4.677155156250000232e+02,-7.464529035443541716e+01
4.677158085937500118e+02,-7.117904730419311932e+01
4.677161015625000005e+02,-7.657753954266721053e+01
4.677163945312499891e+02,-8.358217647075670698e+01
4.677166875000000346e+02,-8.107202812323031083e+01
4.677169804687500232e+02,-7.420492198958145025e+01
4.677172734375000118e+02,-7.005992014885443098e+01
4.677175664062500005e+02,-7.639022717340110091e+01
4.677178593749999891e+02,-7.682335678442845506e+01
4.677181523437500346e+02,-7.878802095522571847e+01
4.677184453125000232e+02,-8.267563869787102249e+01
4.677187382812500118e+02,-7.225646734608690736e+01
4.677190312500000005e+02,-7.637265029428986907e+01
4.677193242187499891e+02,-9.118194562126781477e+01
4.677196171875000346e+02,-7.251822100580272945e+01
4.677199101562500232e+02,-7.097831575661517434e+01
4.677202031250000118e+02,-8.082885977633588936e+01
4.677204960937500005e+02,-7.397614192050684778e+01
4.677207890624999891e+02,-7.806063068594623644e+01
4.677210820312500346e+02,-8.205847239300376827e+01
4.677213750000000232e+02,-7.867727697394454367e+01
4.677216679687500118e+02,-7.827784967319125542e+01
4.677219609375000005e+02,-8.006427683671557816e+01
4.677222539062499891e+02,-7.887008369767301019e+01
4.677225468750000346e+02,-8.423654896924597324e+01
4.677228398437500232e+02,-8.211128557547485229e+01
4.677231328125000118e+02,-8.114903448669899433e+01
4.677234257812500005e+02,-8.877281498724671849e+01
4.677237187499999891e+02,-7.500323941079946621e+01
4.677240117187500346e+02,-7.531553541137569141e+01
4.677243046875000232e+02,-8.007002366562437601e+01
4.677245976562500118e+02,-7.475808228989117765e+01
4.677248906250000005e+02,-7.188980808638909537e+01
4.677251835937499891e+02,-8.623681290370905117e+01
4.677254765625000346e+02,-8.142986491659790715e+01
4.677257695312500232e+02,-9.019063550106858429e+01
4.677260625000000118e+02,-7.703194844785882367e+01
4.677263554687500005e+02,-7.353759902006348170e+01
4.677266484374999891e+02,-8.620902206359573938e+01
4.677269414062500346e+02,-7.396377774121160087e+01
4.677272343750000232e+02,-8.604345402751319227e+01
4.677275273437500118e+02,-7.715404769685240183e+01
4.677278203125000005e+02,-1.003676969857610715e+02
4.677281132812499891e+02,-7.592571769251333080e+01
4.677284062500000346e+02,-8.307417383846244263e+01
4.677286992187500232e+02,-8.374798126589786307e+01
4.677289921875000118e+02,-8.100269391344613723e+01
4.677292851562500005e+02,-9.214878940088937043e+01
4.677295781249999891e+02,-8.825194912979381456e+01
4.677298710937500346e+02,-7.922101103816851264e+01
4.677301640625000232e+02,-7.125497520750053582e+01
4.677304570312500118e+02,-7.630266800756749035e+01
4.677307500000000005e+02,-7.338632905417969710e+01
4.677310429687499891e+02,-8.337657410593728002e+01
4.677313359375000346e+02,-7.651339535389125501e+01
4.677316289062500232e+02,-8.159626277288971608e+01
4.677319218750000118e+02,-7.530146078296857581e+01
4.677322148437500005e+02,-7.721208408969675929e+01
4.677325078124999891e+02,-8.523484296499971435e+01
4.677328007812500346e+02,-7.215769858765355593e+01
4.677330937500000232e+02,-7.083920483868381268e+01
4.677333867187500118e+02,-7.150596764724400600e+01
4.677336796875000005e+02,-7.857656560062311257e+01
4.677339726562499891e+02,-7.876926742309422025e+01
4.677342656250000346e+02,-7.470950668700118058e+01
4.677345585937500232e+02,-7.455550609031801912e+01
4.677348515625000118e+02,-7.466962842209692042e+01
4.677351445312500005e+02,-7.771431799917387195e+01
4.677354374999999891e+02,-8.222532003950730939e+01
4.677357304687500346e+02,-7.399017919131944154e+01
4.677360234375000232e+02,-6.879684498215695498e+01
4.677363164062500118e+02,-8.135710616686829155e+01
4.677366093750000005e+02,-7.347976796783611064e+01
4.677369023437499891e+02,-7.548276400823901611e+01
4.677371953125000346e+02,-7.969315501432129167e+01
4.677374882812500232e+02,-8.864615988137819613e+01
4.677377812500000118e+02,-7.464546600117314767e+01
4.677380742187500005e+02,-7.448152381603836147e+01
4.677383671874999891e+02,-8.214389072423399796e+01
4.677386601562500346e+02,-8.361359134226177048e+01
4.677389531250000232e+02,-7.331195659071454429e+01
4.677392460937500118e+02,-7.043348344399058192e+01
4.677395390625000005e+02,-8.177468829974444020e+01
4.677398320312499891e+02,-7.543704188086113049e+01
4.677401250000000346e+02,-7.595042595952486408e+01
4.677404179687500232e+02,-7.140887395128822845e+01
4.677407109375000118e+02,-7.488168763329596800e+01
4.677410039062500005e+02,-8.056839723269601450e+01
4.677412968749999891e+02,-8.070066981116480065e+01
4.677415898437500346e+02,-8.449279164303042933e+01
4.677418828125000232e+02,-8.372502343871354924e+01
4.677421757812500118e+02,-7.774415977784445886e+01
4.677424687500000005e+02,-7.113381157654616516e+01
4.677427617187499891e+02,-8.216718125303978582e+01
4.677430546875000346e+02,-8.109140977172570786e+01
4.677433476562500232e+02,-7.419460624523500769e+01
4.677436406250000118e+02,-7.383237509766323114e+01
4.677439335937500005e+02,-7.942026083662742053e+01
4.677442265624999891e+02,-7.857562569106491424e+01
4.677445195312500346e+02,-8.800361807307110951e+01
4.677448125000000232e+02,-7.680483583811843573e+01
4.677451054687500118e+02,-7.896198297182387194e+01
4.677453984375000005e+02,-7.288739964467694676e+01
4.677456914062499891e+02,-7.561448853936303749e+01
4.677459843750000346e+02,-8.360716132282803414e+01
4.677462773437500232e+02,-8.151749124475784924e+01
4.677465703125000118e+02,-7.974557674963010356e+01
4.677468632812500005e+02,-7.042304828855158405e+01
4.677471562499999891e+02,-6.845939656580436861e+01
4.677474492187500346e+02,-7.164210933033834294e+01
4.677477421875000232e+02,-7.133409186670887436e+01
4.677480351562500118e+02,-7.169255516930189742e+01
4.677483281250000005e+02,-7.545804171044639475e+01
4.677486210937499891e+02,-9.172714210504969401e+01
4.677489140625000346e+02,-7.334985416748735076e+01
4.677492070312500232e+02,-7.185895506999308679e+01
4.677495000000000118e+02,-8.062096028489705191e+01
4.677497929687500005e+02,-7.637834547219964065e+01
4.677500859374999891e+02,-7.599189063328550731e+01
4.677503789062500346e+02,-7.579534516959257928e+01
4.677506718750000232e+02,-7.345353262723453724e+01
4.677509648437500118e+02,-7.214831281896135806e+01
4.677512578125000005e+02,-8.402172302142972171e+01
4.677515507812499891e+02,-7.317592017573203123e+01
4.677518437500000346e+02,-8.139071240854435985e+01
4.677521367187500232e+02,-8.554572998548208318e+01
4.677524296875000118e+02,-7.826267427339685412e+01
4.677527226562500005e+02,-7.697776160561571146e+01
4.677530156249999891e+02,-7.609337840498020000e+01
4.677533085937500346e+02,-7.886794908425711981e+01
4.677536015625000232e+02,-7.560731367340174813e+01
4.677538945312500118e+02,-7.227153638689495097e+01
4.677541875000000005e+02,-7.719599198104189952e+01
4.677544804687499891e+02,-7.159896681962840148e+01
4.677547734375000346e+02,-7.226814750608657789e+01
4.677550664062500232e+02,-7.676689112594479525e+01
4.677553593750000118e+02,-7.800907008579564206e+01
4.677556523437500005e+02,-7.663723754598804305e+01
4.677559453124999891e+02,-8.298936358877050168e+01
4.677562382812500346e+02,-8.873483287294625654e+01
4.677565312500000232e+02,-7.521580530003292608e+01
4.677568242187500118e+02,-7.227280524265981398e+01
4.677571171875000005e+02,-7.363751005088651880e+01
4.677574101562499891e+02,-6.837986954241577564e+01
4.677577031250000346e+02,-8.345000599370551697e+01
4.677579960937500232e+02,-9.202900465135104469e+01
4.677582890625000118e+02,-7.703465819915957979e+01
4.677585820312500005e+02,-7.182939508862212108e+01
4.677588749999999891e+02,-7.718572701544204051e+01
4.677591679687500346e+02,-7.629881070582412406e+01
4.677594609375000232e+02,-7.629903480522342818e+01
4.677597539062500118e+02,-8.396507715241332903e+01
4.677600468750000005e+02,-7.434677352750887280e+01
4.677603398437499891e+02,-8.219796743732884181e+01
4.677606328125000346e+02,-7.934457796567701848e+01
4.677609257812500232e+02,-8.213647702130494110e+01
4.677612187500000118e+02,-7.274746553518131975e+01
4.677615117187500005e+02,-7.533106177835254869e+01
4.677618046874999891e+02,-9.296893634993251965e+01
4.677620976562500346e+02,-7.918904875545904076e+01
4.677623906250000232e+02,-8.843144393547629534e+01
4.677626835937500118e+02,-7.858266048845248974e+01
4.677629765625000005e+02,-7.395724167784783276e+01
4.677632695312499891e+02,-7.076856355221978845e+01
4.677635625000000346e+02,-7.880058572921912230e+01
4.677638554687500232e+02,-6.988710893070982877e+01
4.677641484375000118e+02,-6.961151912693176769e+01
4.677644414062500005e+02,-7.847093737023013205e+01
4.677647343749999891e+02,-9.072034617478104224e+01
4.677650273437500346e+02,-7.614522968214062359e+01
4.677653203125000232e+02,-7.099247691144205419e+01
4.677656132812500118e+02,-7.157204667074162785e+01
4.677659062500000005e+02,-7.493066189467820948e+01
4.677661992187499891e+02,-8.088965152992676622e+01
4.677664921875000346e+02,-8.532294261412616265e+01
4.677667851562500232e+02,-8.106718704792122310e+01
4.677670781250000118e+02,-7.334466844776929406e+01
4.677673710937500005e+02,-7.642587934127797666e+01
4.677676640624999891e+02,-7.447200821088365785e+01
4.677679570312500346e+02,-7.358714625182969371e+01
4.677682500000000232e+02,-7.853486692810463410e+01
4.677685429687500118e+02,-8.601760536417346259e+01
4.677688359375000005e+02,-7.923939444530232379e+01
4.677691289062499891e+02,-7.593308540785888283e+01
4.677694218750000346e+02,-7.954648085837855831e+01
4.677697148437500232e+02,-7.842082891600222183e+01
4.677700078125000118e+02,-7.374049622538906590e+01
4.677703007812500005e+02,-9.074104653898004358e+01
4.677705937499999891e+02,-7.611693108792857743e+01
4.677708867187500346e+02,-7.212288948029294033e+01
4.677711796875000232e+02,-7.356720002530587976e+01
4.677714726562500118e+02,-7.821280607310198718e+01
4.677717656250000005e+02,-7.217141256534853255e+01
4.677720585937499891e+02,-7.758286773950597137e+01
4.677723515625000346e+02,-7.783299894975512245e+01
4.677726445312500232e+02,-7.718774344651157548e+01
4.677729375000000118e+02,-7.443463326485630205e+01
4.677732304687500005e+02,-8.166058410489819153e+01
4.677735234374999891e+02,-9.703789571478765197e+01
4.677738164062500346e+02,-8.174413792677617607e+01
4.677741093750000232e+02,-8.123561284268355109e+01
4.677744023437500118e+02,-7.863935380527756536e+01
4.677746953125000005e+02,-7.233347319077957138e+01
4.677749882812499891e+02,-7.673060885004056786e+01
4.677752812500000346e+02,-7.708407306621609223e+01
4.677755742187500232e+02,-7.636525340419382246e+01
4.677758671875000118e+02,-7.465877298103619353e+01
4.677761601562500005e+02,-7.337838746060310768e+01
4.677764531249999891e+02,-7.369810728670555022e+01
4.677767460937500346e+02,-7.975825681919226895e+01
4.677770390625000232e+02,-9.202194329982967247e+01
4.677773320312500118e+02,-8.295904101573368905e+01
4.677776250000000005e+02,-7.644853037035824173e+01
4.677779179687499891e+02,-7.255410995066921487e+01
4.677782109375000346e+02,-7.415450994778313998e+01
4.677785039062500232e+02,-7.745210899885952927e+01
4.677787968750000118e+02,-7.171688586795637832e+01
4.677790898437500005e+02,-7.441585856522701192e+01
4.677793828124999891e+02,-7.883005478663579879e+01
4.677796757812500346e+02,-8.358750788793834374e+01
4.677799687500000232e+02,-7.264740764937366180e+01
4.677802617187500118e+02,-7.750035100975360081e+01
4.677805546875000005e+02,-8.344502337130747094e+01
4.677808476562499891e+02,-8.349154855031375178e+01
4.677811406250000346e+02,-7.236746299623764855e+01
4.677814335937500232e+02,-7.796198148194488908e+01
4.677817265625000118e+02,-8.644188423839850088e+01
4.677820195312500005e+02,-8.474475707555092185e+01
4.677823124999999891e+02,-8.591957885268379869e+01
4.677826054687500346e+02,-8.166750909844463990e+01
4.677828984375000232e+02,-8.010571660292674778e+01
4.677831914062500118e+02,-9.831802225147285412e+01
4.677834843750000005e+02,-7.675950206007796339e+01
4.677837773437499891e+02,-8.110671115535041054e+01
4.677840703125000346e+02,-8.615835175519529798e+01
4.677843632812500232e+02,-7.835106570205834942e+01
4.677846562500000118e+02,-7.525606269716190866e+01
4.677849492187500005e+02,-7.984918742516359202e+01
4.677852421874999891e+02,-8.263247519698693111e+01
4.677855351562500346e+02,-8.359848758457216888e+01
4.677858281250000232e+02,-7.585059126599841761e+01
4.677861210937500118e+02,-7.628133218188287401e+01
4.677864140625000005e+02,-8.131266250376283722e+01
4.677867070312499891e+02,-7.326421821721483241e+01
4.677870000000000346e+02,-7.068277094150849393e+01
4.677872929687500232e+02,-7.220224403088211318e+01
4.677875859375000118e+02,-7.839488142385204128e+01
4.677878789062500005e+02,-9.060747739557714908e+01
4.677881718749999891e+02,-7.924084898929717724e+01
4.677884648437500346e+02,-7.418775876116094992e+01
4.677887578125000232e+02,-8.252778414080754033e+01
4.677890507812500118e+02,-8.358938361162209674e+01
4.677893437500000005e+02,-8.745861758890690396e+01
4.677896367187499891e+02,-9.476103109613146103e+01
4.677899296875000346e+02,-8.196025968116346405e+01
4.677902226562500232e+02,-7.909543525863851698e+01
4.677905156250000118e+02,-7.724151982036835307e+01
4.677908085937500005e+02,-7.142812974968033757e+01
4.677911015624999891e+02,-7.717044078316622802e+01
4.677913945312500346e+02,-7.760258603731810467e+01
4.677916875000000232e+02,-8.157192100329481832e+01
4.677919804687500118e+02,-8.394971721518005836e+01
4.677922734375000005e+02,-8.811486961720711975e+01
4.677925664062499891e+02,-9.413307579487293708e+01
4.677928593750000346e+02,-8.520644502657589214e+01
4.677931523437500232e+02,-8.146912487628992494e+01
4.677934453125000118e+02,-7.828527792865475021e+01
4.677937382812500005e+02,-1.005900491111446939e+02
4.677940312499999891e+02,-8.732511119376485453e+01
4.677943242187500346e+02,-7.643840157579438710e+01
4.677946171875000232e+02,-8.171613192294744010e+01
4.677949101562500118e+02,-7.458997925491871683e+01
4.677952031250000005e+02,-7.906191061058711966e+01
4.677954960937499891e+02,-8.795647611407238742e+01
4.677957890625000346e+02,-8.569705686233740494e+01
4.677960820312500232e+02,-7.670070285350234940e+01
4.677963750000000118e+02,-7.565854216981760771e+01
4.677966679687500005e+02,-8.036549269052741806e+01
4.677969609374999891e+02,-8.205986642982914248e+01
4.677972539062500346e+02,-8.146188883161886451e+01
4.677975468750000232e+02,-7.739513734067708128e+01
4.677978398437500118e+02,-8.129009218750015009e+01
4.677981328125000005e+02,-7.318307331867501375e+01
4.677984257812499891e+02,-7.830093521757103758e+01
4.677987187500000346e+02,-7.941430142213671672e+01
4.677990117187500232e+02,-8.559853897716551785e+01
4.677993046875000118e+02,-8.090917046310909200e+01
4.677995976562500005e+02,-7.608098778081813407e+01
4.677998906249999891e+02,-7.700132149107150781e+01
4.678001835937500346e+02,-7.880230413712999393e+01
4.678004765625000232e+02,-7.876591854782145674e+01
4.678007695312500118e+02,-8.354505833577383100e+01
4.678010625000000005e+02,-7.888859012335655052e+01
4.678013554687499891e+02,-7.585913163662604575e+01
4.678016484375000346e+02,-7.826685399785260699e+01
4.678019414062500232e+02,-7.933758202630664869e+01
4.678022343750000118e+02,-8.171984188986100150e+01
4.678025273437500005e+02,-8.712955615118987396e+01
4.678028203124999891e+02,-8.827081546954195801e+01
4.678031132812500346e+02,-8.174545248519150675e+01
4.678034062500000232e+02,-7.782537350498674300e+01
4.678036992187500118e+02,-8.448788699300803273e+01
4.678039921875000005e+02,-7.935319045336510158e+01
4.678042851562499891e+02,-7.821885697821267058e+01
4.678045781250000346e+02,-7.810361933656056976e+01
4.678048710937500232e+02,-7.449219436904516556e+01
4.678051640625000118e+02,-7.503292973174740155e+01
4.678054570312500005e+02,-7.577985908875039911e+01
4.678057499999999891e+02,-7.597976616659578042e+01
4.678060429687500346e+02,-7.555175002684859464e+01
4.678063359375000232e+02,-7.610590715338949508e+01
4.678066289062500118e+02,-7.498805959526863774e+01
4.678069218750000005e+02,-7.724566613799565573e+01
4.678072148437499891e+02,-7.195925683942752471e+01
4.678075078125000346e+02,-7.515642360893147611e+01
4.678078007812500232e+02,-7.174347653854950124e+01
4.678080937500000118e+02,-7.649487505402528598e+01
4.678083867187500005e+02,-7.675174115421729937e+01
4.678086796874999891e+02,-7.358172690069432065e+01
4.678089726562500346e+02,-9.067325537902220844e+01
4.678092656250000232e+02,-7.726283101555304711e+01
4.678095585937500118e+02,-8.058667971634301352e+01
4.678098515625000005e+02,-7.997905015942295393e+01
4.678101445312499891e+02,-8.112763988014046390e+01
4.678104375000000346e+02,-7.400277225424321159e+01
4.678107304687500232e+02,-7.338738025602734183e+01
4.678110234375000118e+02,-7.515894874901948697e+01
4.678113164062500005e+02,-7.166238130463068501e+01
4.678116093749999891e+02,-7.584310065930429801e+01
4.678119023437500346e+02,-8.798713397837558148e+01
4.678121953125000232e+02,-7.751623264763394161e+01
4.678124882812500118e+02,-8.795017184104389685e+01
4.678127812500000005e+02,-7.709482201719866623e+01
4.678130742187499891e+02,-7.912745556939607638e+01
4.678133671875000346e+02,-8.027402153174365651e+01
4.678136601562500232e+02,-8.224664355308550512e+01
4.678139531250000118e+02,-7.721444559407304098e+01
4.678142460937500005e+02,-7.075161473649374955e+01
4.678145390624999891e+02,-7.254473087797086350e+01
4.678148320312500346e+02,-8.011997912732815053e+01
4.678151250000000232e+02,-8.314753023985504399e+01
4.678154179687500118e+02,-8.717080209481062525e+01
4.678157109375000005e+02,-8.231589979897556475e+01
4.678160039062499891e+02,-8.264808017137674767e+01
4.678162968750000346e+02,-8.503730735870441038e+01
4.678165898437500232e+02,-7.892815954429751457e+01
4.678168828125000118e+02,-8.314493790231549042e+01
4.678171757812500005e+02,-7.983879674880034827e+01
4.678174687499999891e+02,-8.683934317473685383e+01
4.678177617187500346e+02,-7.825286336933523046e+01
4.678180546875000232e+02,-8.219300534945139702e+01
4.678183476562500118e+02,-7.885962703807231833e+01
4.678186406250000005e+02,-8.291330474288011487e+01
4.678189335937499891e+02,-8.703978797408653634e+01
4.678192265625000346e+02,-8.070833835046460081e+01
4.678195195312500232e+02,-8.328399571317284256e+01
4.678198125000000118e+02,-8.313431620973035763e+01
4.678201054687500005e+02,-7.935632957396099130e+01
4.678203984374999891e+02,-7.920404551957778949e+01
4.678206914062500346e+02,-7.317521241828424650e+01
4.678209843750000232e+02,-7.586201937308429422e+01
4.678212773437500118e+02,-8.778994172542920182e+01
4.678215703125000005e+02,-7.730821109022078019e+01
4.678218632812499891e+02,-8.598202972220488505e+01
4.678221562500000346e+02,-7.885654419478598243e+01
4.678224492187500232e+02,-7.559105091890940287e+01
4.678227421875000118e+02,-7.604897401922231381e+01
4.678230351562500005e+02,-7.311695944118977764e+01
4.678233281249999891e+02,-8.678911163028871556e+01
4.678236210937500346e+02,-9.042058665850781551e+01
4.678239140625000232e+02,-8.765475882982974554e+01
4.678242070312500118e+02,-8.185786741877285522e+01
4.678245000000000005e+02,-8.059586627961718364e+01
4.678247929687499891e+02,-7.668583301660584084e+01
4.678250859375000346e+02,-7.672157503178247850e+01
4.678253789062500232e+02,-7.966364000286938563e+01
4.678256718750000118e+02,-8.113714594838913285e+01
4.678259648437500005e+02,-7.770101430371852302e+01
4.678262578124999891e+02,-8.211210999865335225e+01
4.678265507812500346e+02,-7.773585963955264333e+01
4.678268437500000232e+02,-7.290224059211693941e+01
4.678271367187500118e+02,-7.343501374894944433e+01
4.678274296875000005e+02,-8.122146399262572913e+01
4.678277226562499891e+02,-7.468894948778256548e+01
4.678280156250000346e+02,-7.442611978373710713e+01
4.678283085937500232e+02,-8.141076037333859006e+01
4.678286015625000118e+02,-8.584860005530208582e+01
4.678288945312500005e+02,-8.371475747759697583e+01
4.678291874999999891e+02,-8.900439879725863079e+01
4.678294804687500346e+02,-8.384926225072803163e+01
4.678297734375000232e+02,-7.805551729087204649e+01
4.678300664062500118e+02,-7.717981781963993626e+01
4.678303593750000005e+02,-7.928311310140242085e+01
4.678306523437499891e+02,-8.566361114267324695e+01
4.678309453125000346e+02,-7.446222898971153370e+01
4.678312382812500232e+02,-7.298240791870141209e+01
4.678315312500000118e+02,-7.626195402905722176e+01
4.678318242187500005e+02,-7.505765150631661697e+01
4.678321171874999891e+02,-7.573005647041821931e+01
4.678324101562500346e+02,-7.662527253991544285e+01
4.678327031250000232e+02,-8.232472926609011665e+01
4.678329960937500118e+02,-8.626984179147193288e+01
4.678332890625000005e+02,-8.484970437149156908e+01
4.678335820312499891e+02,-7.789329081497031382e+01
4.678338750000000346e+02,-9.247893418817626809e+01
4.678341679687500232e+02,-8.627065776403911457e+01
4.678344609375000118e+02,-8.087442995652553179e+01
4.678347539062500005e+02,-7.872680889687376293e+01
4.678350468749999891e+02,-7.964330560949233018e+01
4.678353398437500346e+02,-7.854496129792845238e+01
4.678356328125000232e+02,-8.162442586563850000e+01
4.678359257812500118e+02,-7.785473754408573654e+01
4.678362187500000005e+02,-7.497815808907813562e+01
4.678365117187499891e+02,-7.699816467265281972e+01
4.678368046875000346e+02,-7.348148273222390969e+01
4.678370976562500232e+02,-7.543258544331860094e+01
4.678373906250000118e+02,-7.733946279665627799e+01
4.678376835937500005e+02,-6.817667787181564165e+01
4.678379765624999891e+02,-7.391847993437686171e+01
4.678382695312500346e+02,-8.939274011685675703e+01
4.678385625000000232e+02,-8.686746203955416945e+01
4.678388554687500118e+02,-8.012471721490135224e+01
4.678391484375000005e+02,-8.137933977110688488e+01
4.678394414062499891e+02,-7.882946709094541404e+01
4.678397343750000346e+02,-7.408130434182524482e+01
4.678400273437500232e+02,-7.613227821781813986e+01
4.678403203125000118e+02,-7.792464222399357254e+01
4.678406132812500005e+02,-8.289300384137918343e+01
4.678409062499999891e+02,-9.367085374746076809e+01
4.678411992187500346e+02,-8.865741714660229889e+01
4.678414921875000232e+02,-8.363972129907322994e+01
4.678417851562500118e+02,-8.828809033706983200e+01
4.678420781250000005e+02,-8.433869838943722641e+01
4.678423710937499891e+02,-8.268943051503443087e+01
4.678426640625000346e+02,-8.061642607024671747e+01
4.678429570312500232e+02,-8.213961014935759408e+01
4.678432500000000118e+02,-8.293865852311255082e+01
4.678435429687500005e+02,-8.807523623972608107e+01
4.678438359374999891e+02,-8.588362367883428306e+01
4.678441289062500346e+02,-7.981927396563438037e+01
4.678444218750000232e+02,-8.028960859799026650e+01
4.678447148437500118e+02,-8.047681157898546189e+01
4.678450078125000005e+02,-8.602085487544975706e+01
4.678453007812499891e+02,-8.259713116256239118e+01
4.678455937500000346e+02,-8.150814043470553827e+01
4.678458867187500232e+02,-7.758615170783008352e+01
4.678461796875000118e+02,-8.871533906068745523e+01
4.678464726562500005e+02,-9.038312389425966842e+01
4.678467656249999891e+02,-7.980164927989987689e+01
4.678470585937500346e+02,-8.562732490364797400e+01
4.678473515625000232e+02,-8.566472154053221288e+01
4.678476445312500118e+02,-8.008068436668501988e+01
4.678479375000000005e+02,-8.255787894527900050e+01
4.678482304687499891e+02,-8.661068146993773098e+01
4.678485234375000346e+02,-8.204844696775995772e+01
4.678488164062500232e+02,-8.052782050407722636e+01
4.678491093750000118e+02,-7.547949556739541777e+01
4.678494023437500005e+02,-8.015035330063676611e+01
4.678496953124999891e+02,-8.441713797820442267e+01
4.678499882812500346e+02,-9.314060628344645920e+01
4.678502812500000232e+02,-8.770826362519009933e+01
4.678505742187500118e+02,-9.304640902580943873e+01
4.678508671875000005e+02,-8.221484885116277042e+01
4.678511601562499891e+02,-8.164442118107052693e+01
4.678514531250000346e+02,-9.638644181147357415e+01
4.678517460937500232e+02,-8.357945103930356368e+01
4.678520390625000118e+02,-8.023999831614227674e+01
4.678523320312500005e+02,-8.548995235819501204e+01
4.678526249999999891e+02,-8.598943346854724723e+01
4.678529179687500346e+02,-8.014705068226874118e+01
4.678532109375000232e+02,-7.810136869654772340e+01
4.678535039062500118e+02,-8.143656653493195563e+01
4.678537968750000005e+02,-7.886187982796033680e+01
4.678540898437499891e+02,-8.588413524161067869e+01
4.678543828125000346e+02,-8.971341807824609305e+01
4.678546757812500232e+02,-8.755432439505523234e+01
4.678549687500000118e+02,-8.399594199804030836e+01
4.678552617187500005e+02,-8.482095846744833523e+01
4.678555546874999891e+02,-8.372194172964121606e+01
4.678558476562500346e+02,-8.909463435129646314e+01
4.678561406250000232e+02,-8.123164982928483369e+01
4.678564335937500118e+02,-9.002391591973237439e+01
4.678567265625000005e+02,-7.849666519501495543e+01
4.678570195312499891e+02,-8.306376391078644872e+01
4.678573125000000346e+02,-8.585507149545151151e+01
4.678576054687500232e+02,-8.462070127628278726e+01
4.678578984375000118e+02,-8.108350443003631369e+01
4.678581914062500005e+02,-8.386792932776216958e+01
4.678584843749999891e+02,-8.392263926133806251e+01
4.678587773437500346e+02,-7.895297628859789540e+01
4.678590703125000232e+02,-8.080866537264685689e+01
4.678593632812500118e+02,-9.376920120795500679e+01
4.678596562500000005e+02,-8.000641568296400408e+01
4.678599492187499891e+02,-7.821840487983425305e+01
4.678602421875000346e+02,-8.044463581208673020e+01
4.678605351562500232e+02,-8.227832698554502144e+01
4.678608281250000118e+02,-8.716811912016437702e+01
4.678611210937500005e+02,-8.742308356207750819e+01
4.678614140624999891e+02,-8.032118834911564420e+01
4.678617070312500346e+02,-9.545106227633618801e+01
4.678620000000000232e+02,-8.786818350748808371e+01
4.678622929687500118e+02,-8.735869589766278409e+01
4.678625859375000005e+02,-7.579242438581984231e+01
4.678628789062499891e+02,-7.353694903945313399e+01
4.678631718750000346e+02,-7.588837889686135441e+01
4.678634648437500232e+02,-8.412077877021616246e+01
4.678637578125000118e+02,-7.881705297190337944e+01
4.678640507812500005e+02,-7.817956077225008471e+01
4.678643437499999891e+02,-8.081485103056932928e+01
4.678646367187500346e+02,-8.101935080872367223e+01
4.678649296875000232e+02,-8.806089102709916006e+01
4.678652226562500118e+02,-8.850172635497889928e+01
4.678655156250000005e+02,-8.011446612420959923e+01
4.678658085937499891e+02,-8.020906326098835848e+01
4.678661015625000346e+02,-7.842335836804865323e+01
4.678663945312500232e+02,-7.624707929617009938e+01
4.678666875000000118e+02,-7.470994060641695000e+01
4.678669804687500005e+02,-8.151319428044635629e+01
4.678672734374999891e+02,-7.917810319952405962e+01
4.678675664062500346e+02,-7.794492492710442377e+01
4.678678593750000232e+02,-8.503847518660660398e+01
4.678681523437500118e+02,-9.358052294450358488e+01
4.678684453125000005e+02,-7.996826680057368719e+01
4.678687382812499891e+02,-8.011073133332594409e+01
4.678690312500000346e+02,-8.517419689092612600e+01
4.678693242187500232e+02,-9.061876135986082659e+01
4.678696171875000118e+02,-8.309239170302015509e+01
4.678699101562500005e+02,-7.961641370839699050e+01
4.678702031249999891e+02,-8.125896791176276679e+01
4.678704960937500346e+02,-7.803376945694330402e+01
4.678707890625000232e+02,-8.379431954186102871e+01
4.678710820312500118e+02,-8.395578899107769644e+01
4.678713750000000005e+02,-8.535940084862755839e+01
4.678716679687499891e+02,-9.043251532242609869e+01
4.678719609375000346e+02,-7.996293161399367477e+01
4.678722539062500232e+02,-8.117784472446334121e+01
4.678725468750000118e+02,-8.336404202699867483e+01
4.678728398437500005e+02,-8.861980830783815577e+01
4.678731328124999891e+02,-8.942508561988626070e+01
4.678734257812500346e+02,-8.286585032715875343e+01
4.678737187500000232e+02,-9.038345521356194467e+01
4.678740117187500118e+02,-1.019592160511077026e+02
4.678743046875000005e+02,-9.495807958018944817e+01
4.678745976562499891e+02,-8.820325572695904270e+01
4.678748906250000346e+02,-8.283614958563363473e+01
4.678751835937500232e+02,-8.657187855719378433e+01
4.678754765625000118e+02,-9.506913637097116521e+01
4.678757695312500005e+02,-8.633749324179107987e+01
4.678760624999999891e+02,-9.137021265200243647e+01
4.678763554687500346e+02,-8.400462746669856529e+01
4.678766484375000232e+02,-7.986797950145259506e+01
4.678769414062500118e+02,-8.294756665096683435e+01
4.678772343750000005e+02,-8.958007921436035303e+01
4.678775273437499891e+02,-8.291177781810813485e+01
4.678778203125000346e+02,-8.153825539717352910e+01
4.678781132812500232e+02,-8.395225424301909811e+01
4.678784062500000118e+02,-8.380228691608458291e+01
4.678786992187500005e+02,-8.841129505699004199e+01
4.678789921874999891e+02,-8.182765442934191924e+01
4.678792851562500346e+02,-7.720642570986386488e+01
4.678795781250000232e+02,-8.109142780252852845e+01
4.678798710937500118e+02,-8.501942127711529906e+01
4.678801640625000005e+02,-8.435694881559399505e+01
4.678804570312499891e+02,-7.921555786739446603e+01
4.678807500000000346e+02,-7.972648201547745828e+01
4.678810429687500232e+02,-7.925834659027439955e+01
4.678813359375000118e+02,-9.041643931565261028e+01
4.678816289062500005e+02,-8.701729164080501278e+01
4.678819218749999891e+02,-8.240464483869330081e+01
4.678822148437500346e+02,-9.541245120717191242e+01
4.678825078125000232e+02,-8.312175264856014678e+01
4.678828007812500118e+02,-8.365356866104002620e+01
4.678830937500000005e+02,-9.294167983199736227e+01
4.678833867187499891e+02,-9.283299922249892688e+01
4.678836796875000346e+02,-8.112079885861979278e+01
4.678839726562500232e+02,-8.236938756091913660e+01
4.678842656250000118e+02,-9.562363210645412437e+01
4.678845585937500005e+02,-8.407494457089106277e+01
4.678848515624999891e+02,-8.019031312187770766e+01
4.678851445312500346e+02,-8.375468955815316008e+01
4.678854375000000232e+02,-7.991668140062191128e+01
4.678857304687500118e+02,-8.053469952227651163e+01
4.678860234375000005e+02,-7.597991180492122965e+01
4.678863164062499891e+02,-8.098108161232070756e+01
4.678866093750000346e+02,-7.978055468985492382e+01
4.678869023437500232e+02,-8.461463690396028881e+01
4.678871953125000118e+02,-7.942862115563767134e+01
4.678874882812500005e+02,-8.552008612511924923e+01
4.678877812499999891e+02,-7.904544188221018430e+01
4.678880742187500346e+02,-7.924151361230801172e+01
4.678883671875000232e+02,-7.871581805243016561e+01
4.678886601562500118e+02,-8.364769178701472185e+01
4.678889531250000005e+02,-8.146405557435423361e+01
4.678892460937499891e+02,-8.633235198021941414e+01
4.678895390625000346e+02,-7.755981633971921951e+01
4.678898320312500232e+02,-8.448628303484684920e+01
4.678901250000000118e+02,-7.854894661748785722e+01
4.678904179687500005e+02,-7.824287401724782853e+01
4.678907109374999891e+02,-7.672600134940223882e+01
4.678910039062500346e+02,-8.140097767849522370e+01
4.678912968750000232e+02,-9.377358466950286697e+01
4.678915898437500118e+02,-9.013437379230774127e+01
4.678918828125000005e+02,-8.869121011775355612e+01
4.678921757812499891e+02,-8.581339513529243845e+01
4.678924687500000346e+02,-8.164768613466833358e+01
4.678927617187500232e+02,-8.015829386781291532e+01
4.678930546875000118e+02,-8.227375758062893851e+01
4.678933476562500005e+02,-8.287345643062994327e+01
4.678936406249999891e+02,-8.121222185523632220e+01
4.678939335937500346e+02,-7.868150206162715676e+01
4.678942265625000232e+02,-7.498560037380342180e+01
4.678945195312500118e+02,-7.606257916851996015e+01
4.678948125000000005e+02,-8.730830976321658454e+01
4.678951054687499891e+02,-8.628799340323101319e+01
4.678953984375000346e+02,-7.933354135691814690e+01
4.678956914062500232e+02,-7.987713790497336674e+01
4.678959843750000118e+02,-8.002626252682857455e+01
4.678962773437500005e+02,-8.322038524597220999e+01
4.678965703124999891e+02,-8.674790935211701992e+01
4.678968632812500346e+02,-7.884837883793227320e+01
4.678971562500000232e+02,-7.600323233759419850e+01
4.678974492187500118e+02,-7.292107774700467360e+01
4.678977421875000005e+02,-7.663822617322723829e+01
4.678980351562499891e+02,-8.113943948191085553e+01
4.678983281250000346e+02,-8.202469408110940208e+01
4.678986210937500232e+02,-9.459243340202968398e+01
4.678989140625000118e+02,-8.699783035896196282e+01
4.678992070312500005e+02,-7.617399895555887213e+01
4.678994999999999891e+02,-7.662940263361494431e+01
4.678997929687500346e+02,-7.340356749649065193e+01
4.679000859375000232e+02,-8.058786304504671705e+01
4.679003789062500118e+02,-8.019461882073295556e+01
4.679006718750000005e+02,-8.679886634132947165e+01
4.679009648437499891e+02,-8.541399694910501239e+01
4.679012578125000346e+02,-8.978543590633958615e+01
4.679015507812500232e+02,-9.030994848196985458e+01
4.679018437500000118e+02,-8.847692755144892374e+01
4.679021367187500005e+02,-9.873197769746661834e+01
4.679024296874999891e+02,-8.111252635751549178e+01
4.679027226562500346e+02,-8.258388372036590397e+01
4.679030156250000232e+02,-8.364112043614588288e+01
4.679033085937500118e+02,-8.905306075938159438e+01
4.679036015625000005e+02,-8.248168622739510170e+01
4.679038945312499891e+02,-7.600707948448120987e+01
4.679041875000000346e+02,-7.522368000871597360e+01
4.679044804687500232e+02,-7.810168934230767945e+01
4.679047734375000118e+02,-8.184434043518065494e+01
4.679050664062500005e+02,-8.214117580311793176e+01
4.679053593749999891e+02,-8.755265205439638976e+01
4.679056523437500346e+02,-7.673797781214423708e+01
4.679059453125000232e+02,-8.318199077589730450e+01
4.679062382812500118e+02,-7.714840803838849581e+01
4.679065312500000005e+02,-8.140306337199723430e+01
4.679068242187499891e+02,-7.696642606078695792e+01
4.679071171875000346e+02,-7.957270944961811665e+01
4.679074101562500232e+02,-9.770295351459567712e+01
4.679077031250000118e+02,-8.790191187895773339e+01
4.679079960937500005e+02,-7.937290878169773123e+01
4.679082890624999891e+02,-9.276858289945410263e+01
4.679085820312500346e+02,-9.040586032672982242e+01
4.679088750000000232e+02,-8.159411372952392583e+01
4.679091679687500118e+02,-8.148221492276107369e+01
4.679094609375000005e+02,-7.930445116412451512e+01
4.679097539062499891e+02,-7.690311719518612676e+01
4.679100468750000346e+02,-8.052173744433231661e+01
4.679103398437500232e+02,-8.282684071754974298e+01
4.679106328125000118e+02,-9.241176907122323314e+01
4.679109257812500005e+02,-8.369641591251082957e+01
4.679112187499999891e+02,-8.694064439152128898e+01
4.679115117187500346e+02,-7.753774542099668565e+01
4.679118046875000232e+02,-7.707177745886886555e+01
4.679120976562500118e+02,-7.648513982224405083e+01
4.679123906250000005e+02,-8.018477897913552965e+01
4.679126835937499891e+02,-7.638569239716548509e+01
4.679129765625000346e+02,-7.603947494485448999e+01
4.679132695312500232e+02,-7.680065266279372338e+01
4.679135625000000118e+02,-8.852962293813889971e+01
4.679138554687500005e+02,-8.121236419696161590e+01
4.679141484374999891e+02,-8.084371491074557525e+01
4.679144414062500346e+02,-7.851938065240042874e+01
4.679147343750000232e+02,-8.393165085889054922e+01
4.679150273437500118e+02,-8.353353648038472556e+01
4.679153203125000005e+02,-8.582061622587893623e+01
4.679156132812499891e+02,-8.411618166665897434e+01
4.679159062500000346e+02,-8.204055731111975547e+01
4.679161992187500232e+02,-8.569299428511607175e+01
4.679164921875000118e+02,-8.428152629775810567e+01
4.679167851562500005e+02,-8.554064373660537512e+01
4.679170781249999891e+02,-8.264660750138220635e+01
4.679173710937500346e+02,-7.549171226736028473e+01
4.679176640625000232e+02,-7.336856380903400066e+01
4.679179570312500118e+02,-7.486035020799339179e+01
4.679182500000000005e+02,-8.364433027158789002e+01
4.679185429687499891e+02,-7.958857275672708909e+01
4.679188359375000346e+02,-7.441529492577039662e+01
4.679191289062500232e+02,-7.638595684364790372e+01
4.679194218750000118e+02,-8.546384323933912697e+01
4.679197148437500005e+02,-8.890781093995147444e+01
4.679200078124999891e+02,-8.906792454704392981e+01
4.679203007812500346e+02,-8.620123761492573067e+01
4.679205937500000232e+02,-8.019466602779257869e+01
4.679208867187500118e+02,-9.197817325053597415e+01
4.679211796875000005e+02,-8.598458393826382462e+01
4.679214726562499891e+02,-8.661476035557861053e+01
4.679217656250000346e+02,-8.617890843036292381e+01
4.679220585937500232e+02,-8.295405558363526666e+01
4.679223515625000118e+02,-7.640301974181716105e+01
4.679226445312500005e+02,-7.566476124593764041e+01
4.679229374999999891e+02,-7.922382246249613047e+01
4.679232304687500346e+02,-7.742796343350919130e+01
4.679235234375000232e+02,-7.954098371709646642e+01
4.679238164062500118e+02,-7.708696123966939240e+01
4.679241093750000005e+02,-8.065555224064665651e+01
4.679244023437499891e+02,-8.109610195063105209e+01
4.679246953125000346e+02,-7.980930848813187595e+01
4.679249882812500232e+02,-7.982619974084936132e+01
4.679252812500000118e+02,-8.216562288213222587e+01
4.679255742187500005e+02,-8.898467058723323930e+01
4.679258671874999891e+02,-8.486403861784522462e+01
4.679261601562500346e+02,-8.525241382303165949e+01
4.679264531250000232e+02,-8.783908475629013424e+01
4.679267460937500118e+02,-8.113373313467363346e+01
4.679270390625000005e+02,-7.544314330667516799e+01
4.679273320312499891e+02,-7.900167716624019931e+01
4.679276250000000346e+02,-9.251125373050550138e+01
4.679279179687500232e+02,-9.762814764657323963e+01
4.679282109375000118e+02,-8.063007525153950894e+01
4.679285039062500005e+02,-7.849451790586640243e+01
4.679287968749999891e+02,-8.251656783747824875e+01
4.679290898437500346e+02,-7.865322655784525807e+01
4.679293828125000232e+02,-7.999305549477998056e+01
4.679296757812500118e+02,-8.548847127779919219e+01
4.679299687500000005e+02,-8.933191230036652541e+01
4.679302617187499891e+02,-8.498515574494150826e+01
4.679305546875000346e+02,-8.023952649481400101e+01
4.679308476562500232e+02,-8.703904788774231349e+01
4.679311406250000118e+02,-8.569257537957537352e+01
4.679314335937500005e+02,-8.846120257957274191e+01
4.679317265624999891e+02,-8.951931600731165872e+01
4.679320195312500346e+02,-8.854840578624242653e+01
4.679323125000000232e+02,-8.737148803979359002e+01
4.679326054687500118e+02,-8.030912012227625496e+01
4.679328984375000005e+02,-9.625171327899627727e+01
4.679331914062499891e+02,-8.517722046800498958e+01
4.679334843750000346e+02,-8.309341488038703005e+01
4.679337773437500232e+02,-7.964955697755678443e+01
4.679340703125000118e+02,-7.766364662950026343e+01
4.679343632812500005e+02,-8.312852747248047081e+01
4.679346562499999891e+02,-8.360185976412705600e+01
4.679349492187500346e+02,-8.403610066983935667e+01
4.679352421875000232e+02,-8.310728259484952218e+01
4.679355351562500118e+02,-8.558584053038281070e+01
4.679358281250000005e+02,-9.588898068122192342e+01
4.679361210937499891e+02,-8.987375338266575397e+01
4.679364140625000346e+02,-8.404709245697169706e+01
4.679367070312500232e+02,-8.706185310695310875e+01
4.679370000000000118e+02,-8.926419954839613524e+01
4.679372929687500005e+02,-7.947226548489611275e+01
4.679375859374999891e+02,-8.175611529604489647e+01
4.679378789062500346e+02,-8.540034403095680204e+01
4.679381718750000232e+02,-9.041421417984963682e+01
4.679384648437500118e+02,-8.349058147477053637e+01
4.679387578125000005e+02,-8.719698638256829781e+01
4.679390507812499891e+02,-8.327585479413075120e+01
4.679393437500000346e+02,-8.799679930570574982e+01
4.679396367187500232e+02,-8.579403472092934635e+01
4.679399296875000118e+02,-8.376292221012107575e+01
4.679402226562500005e+02,-7.799951182241683512e+01
4.679405156249999891e+02,-7.576163864064773179e+01
4.679408085937500346e+02,-8.590315257619658951e+01
4.679411015625000232e+02,-8.192470822433352851e+01
4.679413945312500118e+02,-8.186247181898983172e+01
4.679416875000000005e+02,-9.118802121496466384e+01
4.679419804687499891e+02,-8.457892170202741511e+01
4.679422734375000346e+02,-8.449084224792977693e+01
4.679425664062500232e+02,-7.797044269672801420e+01
4.679428593750000118e+02,-8.093674267248233889e+01
4.679431523437500005e+02,-8.219843391505645513e+01
4.679434453124999891e+02,-8.229082904880995386e+01
4.679437382812500346e+02,-8.398247055369465386e+01
4.679440312500000232e+02,-8.785163154853977119e+01
4.679443242187500118e+02,-9.322388258852312504e+01
4.679446171875000005e+02,-8.590797152421140481e+01
4.679449101562499891e+02,-8.243623359815660478e+01
4.679452031250000346e+02,-7.850246288472166611e+01
4.679454960937500232e+02,-7.904426527984381323e+01
4.679457890625000118e+02,-8.231091449901416013e+01
4.679460820312500005e+02,-8.273793385974606451e+01
4.679463749999999891e+02,-8.053198608346455956e+01
4.679466679687500346e+02,-8.109726946415642601e+01
4.679469609375000232e+02,-8.152557219851730963e+01
4.679472539062500118e+02,-9.227264944564181803e+01
4.679475468750000005e+02,-8.874751924357290989e+01
4.679478398437499891e+02,-8.927579465954522675e+01
4.679481328125000346e+02,-8.359655835419097514e+01
4.679484257812500232e+02,-8.558824400596844839e+01
4.679487187500000118e+02,-9.008221631848510924e+01
4.679490117187500005e+02,-8.335990691845361766e+01
4.679493046874999891e+02,-7.911956034248801473e+01
4.679495976562500346e+02,-8.045184042713678707e+01
4.679498906250000232e+02,-1.028464117438345369e+02
4.679501835937500118e+02,-8.318521775473215030e+01
4.679504765625000005e+02,-7.719928318753750318e+01
4.679507695312499891e+02,-8.262859963398270224e+01
4.679510625000000346e+02,-9.304499121864466815e+01
4.679513554687500232e+02,-8.756276437804230284e+01
4.679516484375000118e+02,-8.846992581758279073e+01
4.679519414062500005e+02,-9.067019031827098274e+01
4.679522343749999891e+02,-8.803568926269591088e+01
4.679525273437500346e+02,-8.217029508319072306e+01
4.679528203125000232e+02,-7.875562079217422706e+01
4.679531132812500118e+02,-8.201491663999370019e+01
4.679534062500000005e+02,-8.512133588808234208e+01
4.679536992187499891e+02,-9.822526382011727719e+01
4.679539921875000346e+02,-9.306833318898320329e+01
4.679542851562500232e+02,-8.639774007696736646e+01
4.679545781250000118e+02,-8.274296418135969589e+01
4.679548710937500005e+02,-9.136611814831871925e+01
4.679551640624999891e+02,-9.210778535373337661e+01
4.679554570312500346e+02,-8.324881849495008623e+01
4.679557500000000232e+02,-9.207087316454669690e+01
4.679560429687500118e+02,-8.599993949247605940e+01
4.679563359375000005e+02,-7.985573203050753932e+01
4.679566289062499891e+02,-7.573083878321598661e+01
4.679569218750000346e+02,-7.607055045670009008e+01
4.679572148437500232e+02,-9.295404281916302125e+01
4.679575078125000118e+02,-7.737667334683976605e+01
4.679578007812500005e+02,-7.616156149795460806e+01
4.679580937499999891e+02,-8.195667801853403489e+01
4.679583867187500346e+02,-8.228246668861299895e+01
4.679586796875000232e+02,-7.647492544975484918e+01
4.679589726562500118e+02,-7.927402944140730767e+01
4.679592656250000005e+02,-1.034370123638147163e+02
4.679595585937499891e+02,-8.642360379146563787e+01
4.679598515625000346e+02,-8.038088812408295780e+01
4.679601445312500232e+02,-9.098213009591695766e+01
4.679604375000000118e+02,-7.670668886534043907e+01
4.679607304687500005e+02,-8.008243940737379774e+01
4.679610234374999891e+02,-7.488677934352335797e+01
4.679613164062500346e+02,-7.745084331235825914e+01
4.679616093750000232e+02,-8.765938040562376443e+01
4.679619023437500118e+02,-8.660883707022593114e+01
4.679621953125000005e+02,-7.901377634750798507e+01
4.679624882812499891e+02,-7.732821341028115114e+01
4.679627812500000346e+02,-8.784980544623545029e+01
4.679630742187500232e+02,-8.345947946478111135e+01
4.679633671875000118e+02,-8.082226258874540292e+01
4.679636601562500005e+02,-8.922655867153267195e+01
4.679639531249999891e+02,-8.283384802862494212e+01
4.679642460937500346e+02,-9.056458555516270792e+01
4.679645390625000232e+02,-8.833324752562076299e+01
4.679648320312500118e+02,-8.351034693875629955e+01
4.679651250000000005e+02,-8.896529326260811388e+01
4.679654179687499891e+02,-7.707857059376786424e+01
4.679657109375000346e+02,-7.707222668134583898e+01
4.679660039062500232e+02,-8.967825022796731105e+01
4.679662968750000118e+02,-8.015793177524091107e+01
4.679665898437500005e+02,-8.119964850655230748e+01
4.679668828124999891e+02,-8.313931381014286615e+01
4.679671757812500346e+02,-8.382162820037116546e+01
4.679674687500000232e+02,-8.960877946677776151e+01
4.679677617187500118e+02,-8.344956103844003792e+01
4.679680546875000005e+02,-8.508455341940796757e+01
4.679683476562499891e+02,-8.435735769126128503e+01
4.679686406250000346e+02,-7.997122522713019066e+01
4.679689335937500232e+02,-7.852961274010627335e+01
4.679692265625000118e+02,-9.173242964667787192e+01
4.679695195312500005e+02,-8.231325856982769551e+01
4.679698124999999891e+02,-8.522085330685337112e+01
4.679701054687500346e+02,-7.897209587845756573e+01
4.679703984375000232e+02,-8.647061296472492131e+01
4.679706914062500118e+02,-8.795401117650975209e+01
4.679709843750000005e+02,-8.716401062528959187e+01
4.679712773437499891e+02,-9.520994399591765500e+01
4.679715703125000346e+02,-8.807998554901003274e+01
4.679718632812500232e+02,-8.292130585459557324e+01
4.679721562500000118e+02,-9.023605806727509560e+01
4.679724492187500005e+02,-8.123357052340028872e+01
4.679727421874999891e+02,-8.143359102018024487e+01
4.679730351562500346e+02,-7.928502349055327159e+01
4.679733281250000232e+02,-8.141533070273638373e+01
4.679736210937500118e+02,-9.347170285680242330e+01
4.679739140625000005e+02,-8.185093793241165372e+01
4.679742070312499891e+02,-8.403458311709073314e+01
4.679745000000000346e+02,-8.841371241032155126e+01
4.679747929687500232e+02,-9.256682771931779996e+01
4.679750859375000118e+02,-8.775507101816958766e+01
4.679753789062500005e+02,-8.282282998958855558e+01
4.679756718749999891e+02,-7.826947420546648004e+01
4.679759648437500346e+02,-8.600100288955680128e+01
4.679762578125000232e+02,-1.008064295304403970e+02
4.679765507812500118e+02,-8.861506998862346052e+01
4.679768437500000005e+02,-8.380288616093095300e+01
4.679771367187499891e+02,-8.414896658814913621e+01
4.679774296875000346e+02,-8.007876200808635758e+01
4.679777226562500232e+02,-8.891258740650982872e+01
4.679780156250000118e+02,-7.841472031085311301e+01
4.679783085937500005e+02,-8.022042733522010849e+01
4.679786015624999891e+02,-8.245150776642475421e+01
4.679788945312500346e+02,-7.953891666074291322e+01
4.679791875000000232e+02,-8.215015236847702340e+01
4.679794804687500118e+02,-8.290730593268986581e+01
4.679797734375000005e+02,-8.618095735875709806e+01
4.679800664062499891e+02,-1.018322935927183153e+02
4.679803593750000346e+02,-8.686151133696981219e+01
4.679806523437500232e+02,-7.978584825837626227e+01
4.679809453125000118e+02,-7.994171531678350107e+01
4.679812382812500005e+02,-8.291151618098275833e+01
4.679815312499999891e+02,-8.995111291116091934e+01
4.679818242187500346e+02,-8.585978986011652125e+01
4.679821171875000232e+02,-9.109236420896255026e+01
4.679824101562500118e+02,-8.941903601648516542e+01
4.679827031250000005e+02,-9.011628462771695069e+01
4.679829960937499891e+02,-9.371463955717044314e+01
4.679832890625000346e+02,-8.625836333975476578e+01
4.679835820312500232e+02,-7.979888438885210178e+01
4.679838750000000118e+02,-9.106512257103182151e+01
4.679841679687500005e+02,-8.345136497214718929e+01
4.679844609374999891e+02,-8.267974093679043790e+01
4.679847539062500346e+02,-8.074120253686555770e+01
4.679850468750000232e+02,-8.548710688834951554e+01
4.679853398437500118e+02,-9.537578039348566961e+01
4.679856328125000005e+02,-8.927626883251755885e+01
4.679859257812499891e+02,-7.968814288683881841e+01
4.679862187500000346e+02,-8.402684509448263839e+01
4.679865117187500232e+02,-8.652660411712751909e+01
4.679868046875000118e+02,-8.303659760961798497e+01
4.679870976562500005e+02,-8.632300838375229546e+01
4.679873906249999891e+02,-8.782858365441217074e+01
4.679876835937500346e+02,-8.305222640601024864e+01
4.679879765625000232e+02,-8.224797997033283536e+01
4.679882695312500118e+02,-8.454508378398114132e+01
4.679885625000000005e+02,-9.703466667857148309e+01
4.679888554687499891e+02,-8.582381994469891140e+01
4.679891484375000346e+02,-8.194972354931748271e+01
4.679894414062500232e+02,-8.293882318254112818e+01
4.679897343750000118e+02,-9.202374106180602098e+01
4.679900273437500005e+02,-9.243411665972524816e+01
4.679903203124999891e+02,-8.568559577650637493e+01
4.679906132812500346e+02,-8.359120003479746686e+01
4.679909062500000232e+02,-8.885656150406860831e+01
4.679911992187500118e+02,-8.453140956738633349e+01
4.679914921875000005e+02,-8.306313125491497829e+01
4.679917851562499891e+02,-8.549138960312606628e+01
4.679920781250000346e+02,-8.844630593585540623e+01
4.679923710937500232e+02,-8.698739809963250025e+01
4.679926640625000118e+02,-8.039564390458153298e+01
4.679929570312500005e+02,-8.740553028842496985e+01
4.679932499999999891e+02,-8.251413941534985952e+01
4.679935429687500346e+02,-8.024275113084128463e+01
4.679938359375000232e+02,-9.163646538398936059e+01
4.679941289062500118e+02,-8.935147169583416371e+01
4.679944218750000005e+02,-8.894688883190843853e+01
4.679947148437499891e+02,-8.375437005734505647e+01
4.679950078125000346e+02,-8.105618064146739243e+01
4.679953007812500232e+02,-8.698707253832429842e+01
4.679955937500000118e+02,-9.388964320357816007e+01
4.679958867187500005e+02,-9.506187193943112845e+01
4.679961796874999891e+02,-8.714926513821394849e+01
4.679964726562500346e+02,-8.947592369887144059e+01
4.679967656250000232e+02,-1.009608160018942016e+02
4.679970585937500118e+02,-8.537106227416083470e+01
4.679973515625000005e+02,-1.132728621524542092e+02
4.679976445312499891e+02,-9.201083247918342067e+01
4.679979375000000346e+02,-9.605522376596816514e+01
4.679982304687500232e+02,-8.781663791397079422e+01
4.679985234375000118e+02,-9.627873873450565156e+01
4.679988164062500005e+02,-7.992169345056039731e+01
4.679991093749999891e+02,-8.049069380776873572e+01
4.679994023437500346e+02,-8.468068745759379112e+01
4.679996953125000232e+02,-8.625350443089330099e+01
4.679999882812500118e+02,-8.316732663573839091e+01
4.680002812500000005e+02,-8.859375982084934265e+01
4.680005742187499891e+02,-7.934415974472501887e+01
4.680008671875000346e+02,-7.835277458114708793e+01
4.680011601562500232e+02,-9.205065351525270501e+01
4.680014531250000118e+02,-8.341805943293397263e+01
4.680017460937500005e+02,-1.068035895301169234e+02
4.680020390624999891e+02,-8.815893577839844397e+01
4.680023320312500346e+02,-8.893157519107472808e+01
4.680026250000000232e+02,-8.930728677995703890e+01
4.680029179687500118e+02,-8.971803056991298320e+01
4.680032109375000005e+02,-1.071201584953435599e+02
4.680035039062499891e+02,-8.224344415121178997e+01
4.680037968750000346e+02,-8.066911812118048886e+01
4.680040898437500232e+02,-8.963419665064613184e+01
4.680043828125000118e+02,-8.156355167951828378e+01
4.680046757812500005e+02,-8.324130847272292044e+01
4.680049687499999891e+02,-8.993622579936968009e+01
4.680052617187500346e+02,-8.965302532846571637e+01
4.680055546875000232e+02,-8.521565623451067495e+01
4.680058476562500118e+02,-8.348763367892249221e+01
4.680061406250000005e+02,-8.247389236250940314e+01
4.680064335937499891e+02,-8.622249223238193849e+01
4.680067265625000346e+02,-9.105427881002012214e+01
4.680070195312500232e+02,-8.212328153168880363e+01
4.680073125000000118e+02,-8.224847828808385941e+01
4.680076054687500005e+02,-8.043009217914324438e+01
4.680078984374999891e+02,-8.039541877371583212e+01
4.680081914062500346e+02,-8.850780084118119362e+01
4.680084843750000232e+02,-8.028420245372758757e+01
4.680087773437500118e+02,-9.010734494555107688e+01
4.680090703125000005e+02,-8.573545372822286481e+01
4.680093632812499891e+02,-8.101295984904224667e+01
4.680096562500000346e+02,-8.256565272254687216e+01
4.680099492187500232e+02,-7.792520298307722726e+01
4.680102421875000118e+02,-8.738411069709576395e+01
4.680105351562500005e+02,-8.306934150094149061e+01
4.680108281249999891e+02,-8.237184276467527866e+01
4.680111210937500346e+02,-8.188989613862230499e+01
4.680114140625000232e+02,-8.660832827635431386e+01
4.680117070312500118e+02,-8.530339282530673017e+01
4.680120000000000005e+02,-9.815476267072240546e+01
4.680122929687499891e+02,-9.587968850302138435e+01
4.680125859375000346e+02,-8.978463514316337069e+01
4.680128789062500232e+02,-8.017620362310455562e+01
4.680131718750000118e+02,-8.517529248036680656e+01
4.680134648437500005e+02,-8.331065424310251899e+01
4.680137578124999891e+02,-8.007988638920011226e+01
4.680140507812500346e+02,-8.981687076757822297e+01
4.680143437500000232e+02,-9.108924056861148699e+01
4.680146367187500118e+02,-8.208765714847899631e+01
4.680149296875000005e+02,-8.037610833732466631e+01
4.680152226562499891e+02,-8.771054090148479077e+01
4.680155156250000346e+02,-8.977985706855569958e+01
4.680158085937500232e+02,-9.298469203105609893e+01
4.680161015625000118e+02,-8.836362651300962057e+01
4.680163945312500005e+02,-8.715743287796429684e+01
4.680166874999999891e+02,-8.943324334394114317e+01
4.680169804687500346e+02,-8.241338449513921205e+01
4.680172734375000232e+02,-8.090682853706996980e+01
4.680175664062500118e+02,-8.740024658801783630e+01
4.680178593750000005e+02,-8.794501436100190972e+01
4.680181523437499891e+02,-9.188976222961034068e+01
4.680184453125000346e+02,-9.027985240224934671e+01
4.680187382812500232e+02,-8.884283281023876100e+01
4.680190312500000118e+02,-9.295396523540520661e+01
4.680193242187500005e+02,-9.121816205671527200e+01
4.680196171874999891e+02,-8.437224537333358398e+01
4.680199101562500346e+02,-8.698687954028162039e+01
4.680202031250000232e+02,-9.286790748250999172e+01
4.680204960937500118e+02,-8.275203376985052728e+01
4.680207890625000005e+02,-8.987127124134596556e+01
4.680210820312499891e+02,-8.638711283047314282e+01
4.680213750000000346e+02,-8.102492181367155410e+01
4.680216679687500232e+02,-8.068149634689757477e+01
4.680219609375000118e+02,-8.136611323551875330e+01
4.680222539062500005e+02,-8.475921301658073048e+01
4.680225468749999891e+02,-8.901272816857675707e+01
4.680228398437500346e+02,-9.181845899819479939e+01
4.680231328125000232e+02,-9.354176735761228656e+01
4.680234257812500118e+02,-9.397543101874819627e+01
4.680237187500000005e+02,-9.175200008449837696e+01
4.680240117187499891e+02,-9.391864482697984329e+01
4.680243046875000346e+02,-8.290748718524764627e+01
4.680245976562500232e+02,-8.558515372489816286e+01
4.680248906250000118e+02,-8.474256423512488823e+01
4.680251835937500005e+02,-9.274838648340043790e+01
4.680254765624999891e+02,-8.594052722130335553e+01
4.680257695312500346e+02,-8.112994170597693255e+01
4.680260625000000232e+02,-8.365988798475038379e+01
4.680263554687500118e+02,-7.998444774417960446e+01
4.680266484375000005e+02,-8.220116478809862315e+01
4.680269414062499891e+02,-9.970598919972798058e+01
4.680272343750000346e+02,-8.344303539123049518e+01
4.680275273437500232e+02,-7.862635580176981875e+01
4.680278203125000118e+02,-8.435437742568993258e+01
4.680281132812500005e+02,-8.042223656811843568e+01
4.680284062499999891e+02,-8.132824740803867769e+01
4.680286992187500346e+02,-9.049496310680260081e+01
4.680289921875000232e+02,-9.427190858894201142e+01
4.680292851562500118e+02,-8.835151645165524315e+01
4.680295781250000005e+02,-8.761530762450459520e+01
4.680298710937499891e+02,-8.858609302600213198e+01
4.680301640625000346e+02,-8.587584540013281753e+01
4.680304570312500232e+02,-9.632927387175507761e+01
4.680307500000000118e+02,-8.615241812817762934e+01
4.680310429687500005e+02,-8.764153453735764288e+01
4.680313359374999891e+02,-8.930362035879392124e+01
4.680316289062500346e+02,-8.865363645617590294e+01
4.680319218750000232e+02,-9.068699758538718925e+01
4.680322148437500118e+02,-8.884500983132006979e+01
4.680325078125000005e+02,-7.915415387348406284e+01
4.680328007812499891e+02,-8.565601300741099067e+01
4.680330937500000346e+02,-9.080306530799157372e+01
4.680333867187500232e+02,-1.015480151740272561e+02
4.680336796875000118e+02,-8.272845420827238172e+01
4.680339726562500005e+02,-8.176193017841444544e+01
4.680342656249999891e+02,-8.918158803796504230e+01
4.680345585937500346e+02,-8.313291008497408541e+01
4.680348515625000232e+02,-8.757202092272231653e+01
4.680351445312500118e+02,-8.531421557703836811e+01
4.680354375000000005e+02,-8.290262490477955737e+01
4.680357304687499891e+02,-8.078057851241651122e+01
4.680360234375000346e+02,-8.335181129020212154e+01
4.680363164062500232e+02,-8.518615313109955878e+01
4.680366093750000118e+02,-7.949518734117899044e+01
4.680369023437500005e+02,-8.003562334394415245e+01
4.680371953124999891e+02,-8.503763097333786902e+01
4.680374882812500346e+02,-1.017433083859081648e+02
4.680377812500000232e+02,-9.463540839115378844e+01
4.680380742187500118e+02,-8.626521626093713735e+01
4.680383671875000005e+02,-7.727886781067613242e+01
4.680386601562499891e+02,-7.867759386166677871e+01
4.680389531250000346e+02,-9.036402591147904673e+01
4.680392460937500232e+02,-8.277037401037662789e+01
4.680395390625000118e+02,-8.364844759714529232e+01
4.680398320312500005e+02,-8.715403272340410012e+01
4.680401249999999891e+02,-9.208683619309611856e+01
4.680404179687500346e+02,-9.299646638586142444e+01
4.680407109375000232e+02,-8.725786316719066349e+01
4.680410039062500118e+02,-1.094386569759551975e+02
4.680412968750000005e+02,-9.478845231419391837e+01
4.680415898437499891e+02,-8.645551323976226854e+01
4.680418828125000346e+02,-8.404071659248394610e+01
4.680421757812500232e+02,-8.584240542092467763e+01
4.680424687500000118e+02,-8.515511576313011233e+01
4.680427617187500005e+02,-8.830963335779891565e+01
4.680430546874999891e+02,-8.314916844561567189e+01
4.680433476562500346e+02,-8.538555125045397176e+01
4.680436406250000232e+02,-8.695084386002008614e+01
4.680439335937500118e+02,-8.282060667602243598e+01
4.680442265625000005e+02,-8.278757733041828715e+01
4.680445195312499891e+02,-9.678795367770351277e+01
4.680448125000000346e+02,-8.595532790623323649e+01
4.680451054687500232e+02,-8.417629133485309012e+01
4.680453984375000118e+02,-8.263777755354283272e+01
4.680456914062500005e+02,-8.171778143597465771e+01
4.680459843749999891e+02,-8.193141626078286777e+01
4.680462773437500346e+02,-8.357800312839317769e+01
4.680465703125000232e+02,-7.700041883121136266e+01
4.680468632812500118e+02,-7.812037342541215423e+01
4.680471562500000005e+02,-8.730645401311025466e+01
4.680474492187499891e+02,-8.089782044577748366e+01
4.680477421875000346e+02,-9.098854970059539937e+01
4.680480351562500232e+02,-8.930963057935342420e+01
4.680483281250000118e+02,-9.051779694901000539e+01
4.680486210937500005e+02,-9.374999742849284701e+01
4.680489140624999891e+02,-8.215673115010247329e+01
4.680492070312500346e+02,-7.960766073010100286e+01
4.680495000000000232e+02,-7.897775011292678471e+01
4.680497929687500118e+02,-7.562148103642482511e+01
4.680500859375000005e+02,-7.760521533140786232e+01
4.680503789062499891e+02,-9.782831804551511823e+01
4.680506718750000346e+02,-7.897447623900093561e+01
4.680509648437500232e+02,-7.979862543017758014e+01
4.680512578125000118e+02,-8.641648570160666054e+01
4.680515507812500005e+02,-8.963028484557034403e+01
4.680518437499999891e+02,-8.840940605346348491e+01
4.680521367187500346e+02,-8.666493897267409352e+01
4.680524296875000232e+02,-1.056646351522975635e+02
4.680527226562500118e+02,-9.176103062301324087e+01
4.680530156250000005e+02,-8.536242983590565814e+01
4.680533085937499891e+02,-1.048214732266682461e+02
4.680536015625000346e+02,-8.364274005459094496e+01
4.680538945312500232e+02,-8.641962530986525337e+01
4.680541875000000118e+02,-9.018304308391910240e+01
4.680544804687500005e+02,-9.547834270292040060e+01
4.680547734374999891e+02,-8.686763009175477634e+01
4.680550664062500346e+02,-8.920596292307600095e+01
4.680553593750000232e+02,-9.832162876588992617e+01
4.680556523437500118e+02,-9.232176429150401020e+01
4.680559453125000005e+02,-8.183287177530417011e+01
4.680562382812499891e+02,-8.618629925987005436e+01
4.680565312500000346e+02,-8.611085226804107151e+01
4.680568242187500232e+02,-1.049859193373751367e+02
4.680571171875000118e+02,-8.562867363110225938e+01
4.680574101562500005e+02,-8.469664242505258756e+01
4.680577031249999891e+02,-8.760597933046477692e+01
4.680579960937500346e+02,-8.386362685239404868e+01
4.680582890625000232e+02,-7.844305469829407684e+01
4.680585820312500118e+02,-8.396732366891404808e+01
4.680588750000000005e+02,-9.089311459301728746e+01
4.680591679687499891e+02,-8.860919601711606219e+01
4.680594609375000346e+02,-9.124594748830043045e+01
4.680597539062500232e+02,-8.815723556466245725e+01
4.680600468750000118e+02,-8.128724520947186249e+01
4.680603398437500005e+02,-7.853886541407422328e+01
4.680606328124999891e+02,-8.378289728732659114e+01
4.680609257812500346e+02,-8.899824238557313549e+01
4.680612187500000232e+02,-8.260031931372621727e+01
4.680615117187500118e+02,-8.045698623697697371e+01
4.680618046875000005e+02,-8.062525817489245128e+01
4.680620976562499891e+02,-8.418893768833058289e+01
4.680623906250000346e+02,-9.097464735069763719e+01
4.680626835937500232e+02,-8.768936940628410071e+01
4.680629765625000118e+02,-8.527795614852726658e+01
4.680632695312500005e+02,-8.530415746681231326e+01
4.680635624999999891e+02,-8.766047236717344049e+01
4.680638554687500346e+02,-8.776154195455389129e+01
4.680641484375000232e+02,-8.188176423936205595e+01
4.680644414062500118e+02,-8.228956137497587520e+01
4.680647343750000005e+02,-9.790432919222192254e+01
4.680650273437499891e+02,-1.014086509839934678e+02
4.680653203125000346e+02,-8.740652785495217358e+01
4.680656132812500232e+02,-8.355766679411163977e+01
4.680659062500000118e+02,-8.809791828933578017e+01
4.680661992187500005e+02,-9.258240830063954263e+01
4.680664921874999891e+02,-8.671491035333298214e+01
4.680667851562500346e+02,-8.138127918291401386e+01
4.680670781250000232e+02,-9.917453837797586402e+01
4.680673710937500118e+02,-9.064226114328340600e+01
4.680676640625000005e+02,-9.161785680046267544e+01
4.680679570312499891e+02,-8.485135379091721575e+01
4.680682500000000346e+02,-8.462597033618003195e+01
4.680685429687500232e+02,-8.797265602941857310e+01
4.680688359375000118e+02,-8.738247101394399863e+01
4.680691289062500005e+02,-9.297362748479579864e+01
4.680694218749999891e+02,-8.325789710536012933e+01
4.680697148437500346e+02,-8.306830894653049313e+01
4.680700078125000232e+02,-8.536540532792109559e+01
4.680703007812500118e+02,-8.678855867288275761e+01
4.680705937500000005e+02,-8.448897448088628437e+01
4.680708867187499891e+02,-9.020557406961971481e+01
4.680711796875000346e+02,-9.381237077991551132e+01
4.680714726562500232e+02,-8.473060365939039684e+01
4.680717656250000118e+02,-8.501282117636114322e+01
4.680720585937500005e+02,-8.334507077388222740e+01
4.680723515624999891e+02,-8.349015176271997518e+01
4.680726445312500346e+02,-8.540340861744199685e+01
4.680729375000000232e+02,-7.727316243010037056e+01
4.680732304687500118e+02,-8.005688371970188655e+01
4.680735234375000005e+02,-9.005275412620116526e+01
4.680738164062499891e+02,-8.304520911594147492e+01
4.680741093750000346e+02,-8.313893108775552321e+01
4.680744023437500232e+02,-8.019523490152488421e+01
4.680746953125000118e+02,-8.565768307976802021e+01
4.680749882812500005e+02,-8.468442660638091013e+01
4.680752812499999891e+02,-8.357390686883351805e+01
4.680755742187500346e+02,-9.524771659964342518e+01
4.680758671875000232e+02,-8.342965137276780752e+01
4.680761601562500118e+02,-8.679468922598178438e+01
4.680764531250000005e+02,-8.793136271955077632e+01
4.680767460937499891e+02,-8.365852220550962670e+01
4.680770390625000346e+02,-8.229997817449898889e+01
4.680773320312500232e+02,-8.724435987042815555e+01
4.680776250000000118e+02,-8.449667174197550423e+01
4.680779179687500005e+02,-8.396881322927640667e+01
4.680782109374999891e+02,-8.592591056897019541e+01
4.680785039062500346e+02,-1.061958604553942394e+02
4.680787968750000232e+02,-9.415532534550953869e+01
4.680790898437500118e+02,-8.341319512488352927e+01
4.680793828125000005e+02,-7.863346340789337319e+01
4.680796757812499891e+02,-8.731852620357713590e+01
4.680799687500000346e+02,-8.101957914589729626e+01
4.680802617187500232e+02,-8.569985965865339494e+01
4.680805546875000118e+02,-9.743318748032410781e+01
4.680808476562500005e+02,-8.397647784711992358e+01
4.680811406249999891e+02,-9.458158548168498214e+01
4.680814335937500346e+02,-8.343953946877550720e+01
4.680817265625000232e+02,-9.253665959402063379e+01
4.680820195312500118e+02,-1.076635259388231987e+02
4.680823125000000005e+02,-9.071135573830288479e+01
4.680826054687499891e+02,-8.523061980435784335e+01
4.680828984375000346e+02,-8.548385917906273335e+01
4.680831914062500232e+02,-8.112469556452859365e+01
4.680834843750000118e+02,-8.274948201240394496e+01
4.680837773437500005e+02,-8.366964818216743538e+01
4.680840703124999891e+02,-9.632110836530304709e+01
4.680843632812500346e+02,-8.914171276093949814e+01
4.680846562500000232e+02,-9.260910126812903798e+01
4.680849492187500118e+02,-8.571634592340090819e+01
4.680852421875000005e+02,-8.456700033370594838e+01
4.680855351562499891e+02,-9.159991701036700817e+01
4.680858281250000346e+02,-8.593630526660055580e+01
4.680861210937500232e+02,-9.207964080251657890e+01
4.680864140625000118e+02,-8.365006230037411683e+01
4.680867070312500005e+02,-8.144945122256777381e+01
4.680869999999999891e+02,-9.183027104176676403e+01
4.680872929687500346e+02,-8.157923227676832312e+01
4.680875859375000232e+02,-8.810611022595819009e+01
4.680878789062500118e+02,-8.315661352669435757e+01
4.680881718750000005e+02,-8.523094998521573018e+01
4.680884648437499891e+02,-7.983708154604761376e+01
4.680887578125000346e+02,-8.093802298180006005e+01
4.680890507812500232e+02,-8.370926385555918614e+01
4.680893437500000118e+02,-8.773038177771110213e+01
4.680896367187500005e+02,-8.384054770041144877e+01
4.680899296874999891e+02,-9.147046505244551895e+01
4.680902226562500346e+02,-9.490444731221384700e+01
4.680905156250000232e+02,-8.346056632141092280e+01
4.680908085937500118e+02,-8.380485792132596146e+01
4.680911015625000005e+02,-9.307195225674792027e+01
4.680913945312499891e+02,-9.765326345838565203e+01
4.680916875000000346e+02,-9.472252203326820563e+01
4.680919804687500232e+02,-8.668972205582483070e+01
4.680922734375000118e+02,-9.262777937812998630e+01
4.680925664062500005e+02,-8.487267199985952004e+01
4.680928593749999891e+02,-8.470322224550294266e+01
4.680931523437500346e+02,-8.253583150009080782e+01
4.680934453125000232e+02,-8.617883999103165138e+01
4.680937382812500118e+02,-8.269219425141963598e+01
4.680940312500000005e+02,-8.204619994742336075e+01
4.680943242187499891e+02,-9.033891828895461629e+01
4.680946171875000346e+02,-8.896061506219170667e+01
4.680949101562500232e+02,-8.389792944492192817e+01
4.680952031250000118e+02,-9.046114885741496892e+01
4.680954960937500005e+02,-8.929477472474653155e+01
4.680957890624999891e+02,-8.665146003680702336e+01
4.680960820312500346e+02,-8.011340282408001201e+01
4.680963750000000232e+02,-8.544534317190709771e+01
4.680966679687500118e+02,-8.851787430774152199e+01
4.680969609375000005e+02,-8.595234115880234071e+01
4.680972539062499891e+02,-8.717253207371065571e+01
4.680975468750000346e+02,-9.793959602921142960e+01
4.680978398437500232e+02,-8.344626800188342486e+01
4.680981328125000118e+02,-7.917682551951271819e+01
4.680984257812500005e+02,-8.197648052034688249e+01
4.680987187499999891e+02,-9.111090153348710885e+01
4.680990117187500346e+02,-8.481800552507452551e+01
4.680993046875000232e+02,-8.354540855572010116e+01
4.680995976562500118e+02,-8.518427121520804235e+01
4.680998906250000005e+02,-8.283455138271021667e+01
4.681001835937499891e+02,-9.118865661833831382e+01
4.681004765625000346e+02,-8.515724528851075092e+01
4.681007695312500232e+02,-8.466921388852529162e+01
4.681010625000000118e+02,-8.707889083960949961e+01
4.681013554687500005e+02,-9.656949618534520141e+01
4.681016484374999891e+02,-9.689476118497066182e+01
4.681019414062500346e+02,-8.569495437351119449e+01
4.681022343750000232e+02,-8.408664244694409717e+01
4.681025273437500118e+02,-8.685942511026006230e+01
4.681028203125000005e+02,-8.544033019764418668e+01
4.681031132812499891e+02,-8.432374521703292203e+01
4.681034062500000346e+02,-9.209590558304078911e+01
4.681036992187500232e+02,-8.441324249653280276e+01
4.681039921875000118e+02,-8.374816761574828661e+01
4.681042851562500005e+02,-7.864707939995733454e+01
4.681045781249999891e+02,-8.033838449235737755e+01
4.681048710937500346e+02,-8.674332878722601947e+01
4.681051640625000232e+02,-9.238931146677941797e+01
4.681054570312500118e+02,-9.164814277020613531e+01
4.681057500000000005e+02,-8.479307460720413303e+01
4.681060429687499891e+02,-8.391421928445721790e+01
4.681063359375000346e+02,-8.349028426564652250e+01
4.681066289062500232e+02,-8.381518095265617774e+01
4.681069218750000118e+02,-8.238755984851604808e+01
4.681072148437500005e+02,-8.502210858459454812e+01
4.681075078124999891e+02,-8.573495415886395676e+01
4.681078007812500346e+02,-7.952625824123327902e+01
4.681080937500000232e+02,-7.997818642306232562e+01
4.681083867187500118e+02,-9.028587470529073755e+01
4.681086796875000005e+02,-9.217548239590654191e+01
4.681089726562499891e+02,-9.123746109348073219e+01
4.681092656250000346e+02,-8.384559994324888521e+01
4.681095585937500232e+02,-9.687311821511445942e+01
4.681098515625000118e+02,-9.631893331792296920e+01
4.681101445312500005e+02,-9.487404025087704440e+01
4.681104374999999891e+02,-9.374720111390314514e+01
4.681107304687500346e+02,-8.962725464701316014e+01
4.681110234375000232e+02,-8.575684832655744572e+01
4.681113164062500118e+02,-8.900163339379851379e+01
4.681116093750000005e+02,-8.039334487185739420e+01
4.681119023437499891e+02,-8.119028665474401407e+01
4.681121953125000346e+02,-9.180090371497071544e+01
4.681124882812500232e+02,-8.910594995091024373e+01
4.681127812500000118e+02,-8.549706249028244542e+01
4.681130742187500005e+02,-8.155919932251993032e+01
4.681133671874999891e+02,-8.195864582924711783e+01
4.681136601562500346e+02,-8.569158116481671073e+01
4.681139531250000232e+02,-9.218906474824817110e+01
4.681142460937500118e+02,-8.663150644919826959e+01
4.681145390625000005e+02,-8.917750108398502107e+01
4.681148320312499891e+02,-9.361746696246045474e+01
4.681151250000000346e+02,-9.148974943838624085e+01
4.681154179687500232e+02,-9.101440410565473371e+01
4.681157109375000118e+02,-9.099968726241897343e+01
4.681160039062500005e+02,-9.155721989672537120e+01
4.681162968749999891e+02,-8.703203611353038127e+01
4.681165898437500346e+02,-1.005402983531370467e+02
4.681168828125000232e+02,-9.236393864486672101e+01
4.681171757812500118e+02,-9.138017525730282387e+01
4.681174687500000005e+02,-8.884054122533260056e+01
4.681177617187499891e+02,-8.673313610090565362e+01
4.681180546875000346e+02,-8.699671412786328517e+01
4.681183476562500232e+02,-8.021818136681770284e+01
4.681186406250000118e+02,-8.339996058255837852e+01
4.681189335937500005e+02,-8.474369380036304733e+01
4.681192265624999891e+02,-8.527868016487572334e+01
4.681195195312500346e+02,-9.593530724997590653e+01
4.681198125000000232e+02,-8.902766539840087034e+01
4.681201054687500118e+02,-8.515385467571744016e+01
4.681203984375000005e+02,-9.019945873656880053e+01
4.681206914062499891e+02,-8.820555757758542370e+01
4.681209843750000346e+02,-8.090255154268899673e+01
4.681212773437500232e+02,-8.642578967692342928e+01
4.681215703125000118e+02,-9.057266630650386219e+01
4.681218632812500005e+02,-8.602370073601070999e+01
4.681221562499999891e+02,-9.230946443449100514e+01
4.681224492187500346e+02,-9.330671082666609095e+01
4.681227421875000232e+02,-9.396130873366813319e+01
4.681230351562500118e+02,-8.428434580921690156e+01
4.681233281250000005e+02,-8.435619440724542528e+01
4.681236210937499891e+02,-8.580332387978251063e+01
4.681239140625000346e+02,-9.246620116402081635e+01
4.681242070312500232e+02,-8.995944651232930767e+01
4.681245000000000118e+02,-8.571265623204146777e+01
4.681247929687500005e+02,-8.263833923234570022e+01
4.681250859374999891e+02,-8.820677482505155353e+01
4.681253789062500346e+02,-8.782518964822473606e+01
4.681256718750000232e+02,-8.860061020882383787e+01
4.681259648437500118e+02,-8.840349106067830576e+01
4.681262578125000005e+02,-8.916959410919810125e+01
4.681265507812499891e+02,-8.964453213626629235e+01
4.681268437500000346e+02,-8.925544201122843901e+01
4.681271367187500232e+02,-9.187840416602467997e+01
4.681274296875000118e+02,-1.191405528487629226e+02
4.681277226562500005e+02,-8.911505747852565662e+01
4.681280156249999891e+02,-8.766752148487330487e+01
4.681283085937500346e+02,-9.741348113766224515e+01
4.681286015625000232e+02,-8.323479554362447175e+01
4.681288945312500118e+02,-8.457571078840302903e+01
4.681291875000000005e+02,-8.617293109183349031e+01
4.681294804687499891e+02,-1.000491132456864136e+02
4.681297734375000346e+02,-8.744327297882168182e+01
4.681300664062500232e+02,-9.510405251353216727e+01
4.681303593750000118e+02,-8.734637767410335130e+01
4.681306523437500005e+02,-8.607663892357996360e+01
4.681309453124999891e+02,-9.022521425484345059e+01
4.681312382812500346e+02,-8.716382886156374354e+01
4.681315312500000232e+02,-8.870143520042843477e+01
4.681318242187500118e+02,-8.252614829165521826e+01
4.681321171875000005e+02,-9.224061978742932411e+01
4.681324101562499891e+02,-8.569814713291722796e+01
4.681327031250000346e+02,-8.218324991603552121e+01
4.681329960937500232e+02,-8.789640163239640458e+01
4.681332890625000118e+02,-8.722230213149043720e+01
4.681335820312500005e+02,-1.005972025019455884e+02
4.681338749999999891e+02,-1.014330003978412833e+02
4.681341679687500346e+02,-1.008274433826459671e+02
4.681344609375000232e+02,-8.319581363679603214e+01
4.681347539062500118e+02,-8.163598476862483722e+01
4.681350468750000005e+02,-8.254561952567074457e+01
4.681353398437499891e+02,-8.626069403882172537e+01
4.681356328125000346e+02,-8.645485864317853952e+01
4.681359257812500232e+02,-8.784838733958957846e+01
4.681362187500000118e+02,-9.111692678037756821e+01
4.681365117187500005e+02,-8.632275033812149445e+01
4.681368046874999891e+02,-9.078718950346203087e+01
4.681370976562500346e+02,-8.683294651056273494e+01
4.681373906250000232e+02,-8.371261420402483111e+01
4.681376835937500118e+02,-9.399358463267424213e+01
4.681379765625000005e+02,-8.677818080993719718e+01
4.681382695312499891e+02,-8.432993134233481669e+01
4.681385625000000346e+02,-8.132744090074503163e+01
4.681388554687500232e+02,-8.476508769141391042e+01
4.681391484375000118e+02,-8.528470310386056497e+01
4.681394414062500005e+02,-8.746717191144382753e+01
4.681397343749999891e+02,-8.917829109481019145e+01
4.681400273437500346e+02,-8.608611186097378720e+01
4.681403203125000232e+02,-9.022537172166713049e+01
4.681406132812500118e+02,-8.384838299887394442e+01
4.681409062500000005e+02,-8.855497179058049539e+01
4.681411992187499891e+02,-9.625595282592875890e+01
4.681414921875000346e+02,-1.013138456475728901e+02
4.681417851562500232e+02,-8.448302736929255730e+01
4.681420781250000118e+02,-8.303691987828523224e+01
4.681423710937500005e+02,-8.513859858764234900e+01
4.681426640624999891e+02,-9.174910072128636784e+01
4.681429570312500346e+02,-8.972308868046054897e+01
4.681432500000000232e+02,-8.205050613405474280e+01
4.681435429687500118e+02,-9.084193507788396005e+01
4.681438359375000005e+02,-8.938375127398914799e+01
4.681441289062499891e+02,-9.317348851276550192e+01
4.681444218750000346e+02,-1.018921572183209605e+02
4.681447148437500232e+02,-8.550115924277906743e+01
4.681450078125000118e+02,-8.704580310937755883e+01
4.681453007812500005e+02,-8.399634350747065525e+01
4.681455937499999891e+02,-8.751379476726597773e+01
4.681458867187500346e+02,-9.153272651914086566e+01
4.681461796875000232e+02,-8.662700174045934887e+01
4.681464726562500118e+02,-9.131872891432561801e+01
4.681467656250000005e+02,-8.709061045094313158e+01
4.681470585937499891e+02,-8.080964386953750989e+01
4.681473515625000346e+02,-8.557905935284153998e+01
4.681476445312500232e+02,-8.952165899779741665e+01
4.681479375000000118e+02,-9.073142264473480623e+01
4.681482304687500005e+02,-9.018620459948350288e+01
4.681485234374999891e+02,-9.209220146216864578e+01
4.681488164062500346e+02,-8.798317983469783599e+01
4.681491093750000232e+02,-1.179173072045203412e+02
4.681494023437500118e+02,-8.911898566460610027e+01
4.681496953125000005e+02,-8.667308477647652865e+01
4.681499882812499891e+02,-1.042564953168555206e+02
4.681502812500000346e+02,-9.816997488866658728e+01
4.681505742187500232e+02,-9.695662741684770936e+01
4.681508671875000118e+02,-8.425735859922988880e+01
4.681511601562500005e+02,-8.422318469944619324e+01
4.681514531249999891e+02,-9.433683332884940853e+01
4.681517460937500346e+02,-9.224696369538713725e+01
4.681520390625000232e+02,-9.032175074234673673e+01
4.681523320312500118e+02,-9.159661965526355232e+01
4.681526250000000005e+02,-8.453053511513979856e+01
4.681529179687499891e+02,-9.979826084883146109e+01
4.681532109375000346e+02,-8.983134312804165234e+01
4.681535039062500232e+02,-1.030718734040388540e+02
4.681537968750000118e+02,-9.640946078791742480e+01
4.681540898437500005e+02,-9.112014373729515171e+01
4.681543828124999891e+02,-9.734521237848613850e+01
4.681546757812500346e+02,-8.672098208834471222e+01
4.681549687500000232e+02,-8.759167864265742764e+01
4.681552617187500118e+02,-9.292636014391931099e+01
4.681555546875000005e+02,-7.900570963211968945e+01
4.681558476562499891e+02,-8.146889960844214329e+01
4.681561406250000346e+02,-9.690036879431544037e+01
4.681564335937500232e+02,-9.492591405297804386e+01
4.681567265625000118e+02,-8.928741654714929155e+01
4.681570195312500005e+02,-8.285870551832394426e+01
4.681573124999999891e+02,-8.511143787215330292e+01
4.681576054687500346e+02,-8.420178858880910866e+01
4.681578984375000232e+02,-7.675708769011146160e+01
4.681581914062500118e+02,-8.060614251193453583e+01
4.681584843750000005e+02,-8.721340898795986618e+01
4.681587773437499891e+02,-8.282458645092339111e+01
4.681590703125000346e+02,-9.179219374603185599e+01
4.681593632812500232e+02,-8.814329415563111070e+01
4.681596562500000118e+02,-9.231376604162875310e+01
4.681599492187500005e+02,-9.285546055580935842e+01
4.681602421874999891e+02,-8.837891035920793570e+01
4.681605351562500346e+02,-8.918863897641045924e+01
4.681608281250000232e+02,-9.159411211729684510e+01
4.681611210937500118e+02,-9.820894374565281737e+01
4.681614140625000005e+02,-8.630071980482645699e+01
4.681617070312499891e+02,-8.483702774759294130e+01
4.681620000000000346e+02,-9.165195848708918902e+01
4.681622929687500232e+02,-9.004435696968569403e+01
4.681625859375000118e+02,-9.010412505975941144e+01
4.681628789062500005e+02,-9.774507933477121924e+01
4.681631718749999891e+02,-8.674888695557407914e+01
4.681634648437500346e+02,-9.355742720635737442e+01
4.681637578125000232e+02,-8.599557445376255771e+01
4.681640507812500118e+02,-9.064198323002962354e+01
4.681643437500000005e+02,-8.915940863253295845e+01
4.681646367187499891e+02,-9.660019199452280247e+01
4.681649296875000346e+02,-9.140147340816420751e+01
4.681652226562500232e+02,-9.015804089236252139e+01
4.681655156250000118e+02,-8.983143335020369591e+01
4.681658085937500005e+02,-9.931927915291353770e+01
4.681661015624999891e+02,-9.030992166578265312e+01
4.681663945312500346e+02,-8.877162168145430599e+01
4.681666875000000232e+02,-9.003743378561981103e+01
4.681669804687500118e+02,-9.295510020362775094e+01
4.681672734375000005e+02,-1.006018269995233254e+02
4.681675664062499891e+02,-8.202134480251002913e+01
4.681678593750000346e+02,-7.931365762273473763e+01
4.681681523437500232e+02,-8.753180678308237361e+01
4.681684453125000118e+02,-7.883576758327509992e+01
4.681687382812500005e+02,-8.360041986580880291e+01
4.681690312499999891e+02,-8.670038443105916315e+01
4.681693242187500346e+02,-8.628130083278247753e+01
4.681696171875000232e+02,-8.918018111796904179e+01
4.681699101562500118e+02,-9.186543428785884657e+01
4.681702031250000005e+02,-8.663916417442941054e+01
4.681704960937499891e+02,-9.521985825110701285e+01
4.681707890625000346e+02,-9.025165788869209393e+01
4.681710820312500232e+02,-8.836652903806782433e+01
4.681713750000000118e+02,-8.673765298073891472e+01
4.681716679687500005e+02,-9.649920469870056650e+01
4.681719609374999891e+02,-8.412847271730358045e+01
4.681722539062500346e+02,-8.869874943113754284e+01
4.681725468750000232e+02,-8.867123192123571584e+01
4.681728398437500118e+02,-8.799257365736002612e+01
4.681731328125000005e+02,-8.840811758601896031e+01
4.681734257812499891e+02,-8.725648210934082272e+01
4.681737187500000346e+02,-9.064991756945987333e+01
4.681740117187500232e+02,-9.042468468235865942e+01
4.681743046875000118e+02,-8.743522488257815439e+01
4.681745976562500005e+02,-8.726612431908039014e+01
4.681748906249999891e+02,-8.967421254679500464e+01
4.681751835937500346e+02,-9.421252174956282488e+01
4.681754765625000232e+02,-8.857366560970383773e+01
4.681757695312500118e+02,-9.194487282422193175e+01
4.681760625000000005e+02,-8.492479631459519851e+01
4.681763554687499891e+02,-8.523401511385985430e+01
4.681766484375000346e+02,-8.534850356142970895e+01
4.681769414062500232e+02,-9.045318010616662718e+01
4.681772343750000118e+02,-8.768432870116897959e+01
4.681775273437500005e+02,-8.294870062574113945e+01
4.681778203124999891e+02,-8.207213796223000202e+01
4.681781132812500346e+02,-8.341214681442964718e+01
4.681784062500000232e+02,-8.487646971759912162e+01
4.681786992187500118e+02,-9.459671449998991477e+01
4.681789921875000005e+02,-9.094994682773263150e+01
4.681792851562499891e+02,-8.550935735876613819e+01
4.681795781250000346e+02,-8.005974322232519569e+01
4.681798710937500232e+02,-8.627200994255639444e+01
4.681801640625000118e+02,-9.424473595265317272e+01
4.681804570312500005e+02,-8.575739549342091550e+01
4.681807499999999891e+02,-9.494697274326759384e+01
4.681810429687500346e+02,-8.574362339907159480e+01
4.681813359375000232e+02,-8.769567949342109614e+01
4.681816289062500118e+02,-1.041979798522324216e+02
4.681819218750000005e+02,-1.044724292508821293e+02
4.681822148437499891e+02,-8.761879895555654230e+01
4.681825078125000346e+02,-9.692177071783928000e+01
4.681828007812500232e+02,-9.692913079312549485e+01
4.681830937500000118e+02,-8.652828296550222831e+01
4.681833867187500005e+02,-8.699416159942911975e+01
4.681836796874999891e+02,-8.733088126712158328e+01
4.681839726562500346e+02,-8.690707454839240143e+01
4.681842656250000232e+02,-8.854994267082381043e+01
4.681845585937500118e+02,-9.076476337855963550e+01
4.681848515625000005e+02,-9.437764624787222090e+01
4.681851445312499891e+02,-9.305661493581484933e+01
4.681854375000000346e+02,-1.110254616104213312e+02
4.681857304687500232e+02,-9.198720552952795515e+01
4.681860234375000118e+02,-9.841767557550846846e+01
4.681863164062500005e+02,-8.993097022276204200e+01
4.681866093749999891e+02,-8.529922395579478689e+01
4.681869023437500346e+02,-8.435901166598618772e+01
4.681871953125000232e+02,-9.110555218042237868e+01
4.681874882812500118e+02,-8.383279498877439551e+01
4.681877812500000005e+02,-8.209727042614970571e+01
4.681880742187499891e+02,-9.355009639329607296e+01
4.681883671875000346e+02,-9.315963621786103488e+01
4.681886601562500232e+02,-8.295723626583531995e+01
4.681889531250000118e+02,-8.020192844794719633e+01
4.681892460937500005e+02,-8.325695466674989120e+01
4.681895390624999891e+02,-9.439982642605883711e+01
4.681898320312500346e+02,-8.703008351745438631e+01
4.681901250000000232e+02,-8.733656302441387709e+01
4.681904179687500118e+02,-9.139583331729922122e+01
4.681907109375000005e+02,-9.157003502705822484e+01
4.681910039062499891e+02,-9.473231664670120722e+01
4.681912968750000346e+02,-8.322187816960823170e+01
4.681915898437500232e+02,-7.923384168008989548e+01
4.681918828125000118e+02,-8.656646638339552169e+01
4.681921757812500005e+02,-1.025563616956341946e+02
4.681924687499999891e+02,-9.511263088851949021e+01
4.681927617187500346e+02,-8.267408688901292635e+01
4.681930546875000232e+02,-8.359647858576131796e+01
4.681933476562500118e+02,-8.484789487888656367e+01
4.681936406250000005e+02,-8.230021260687747997e+01
4.681939335937499891e+02,-8.744217701840378254e+01
4.681942265625000346e+02,-9.321758789940699330e+01
4.681945195312500232e+02,-9.411184270126636875e+01
4.681948125000000118e+02,-8.276954282517380079e+01
4.681951054687500005e+02,-8.105760722060375656e+01
4.681953984374999891e+02,-7.953896375542329622e+01
4.681956914062500346e+02,-8.717831359926631762e+01
4.681959843750000232e+02,-8.381716025264530856e+01
4.681962773437500118e+02,-8.572083324205109989e+01
4.681965703125000005e+02,-9.370171182873184534e+01
4.681968632812499891e+02,-8.883457449719797694e+01
4.681971562500000346e+02,-8.213233078332490322e+01
4.681974492187500232e+02,-8.465367130852277455e+01
4.681977421875000118e+02,-8.444670161046178691e+01
4.681980351562500005e+02,-9.486518454115059740e+01
4.681983281249999891e+02,-8.498210454785095180e+01
4.681986210937500346e+02,-9.698319836819820239e+01
4.681989140625000232e+02,-9.038135135663165443e+01
4.681992070312500118e+02,-8.957474399612212324e+01
4.681995000000000005e+02,-9.003662085831449247e+01
4.681997929687499891e+02,-8.720988054607070694e+01
4.682000859375000346e+02,-8.238745419575968754e+01
4.682003789062500232e+02,-8.042928256252884012e+01
4.682006718750000118e+02,-8.711934899126521259e+01
4.682009648437500005e+02,-8.171647007598778600e+01
4.682012578124999891e+02,-8.643728312798614866e+01
4.682015507812500346e+02,-8.966997895299979859e+01
4.682018437500000232e+02,-8.821052953352234738e+01
4.682021367187500118e+02,-8.566739991825856748e+01
4.682024296875000005e+02,-9.397807270525535728e+01
4.682027226562499891e+02,-9.089636160157817812e+01
4.682030156250000346e+02,-8.786055049905114345e+01
4.682033085937500232e+02,-8.869667591175826260e+01
4.682036015625000118e+02,-8.613597464467572706e+01
4.682038945312500005e+02,-8.893466520030047207e+01
4.682041874999999891e+02,-9.608524904582498039e+01
4.682044804687500346e+02,-8.900762370103498711e+01
4.682047734375000232e+02,-1.041836820859987256e+02
4.682050664062500118e+02,-8.502654086119109422e+01
4.682053593750000005e+02,-8.912632724127038841e+01
4.682056523437499891e+02,-8.620258783908138867e+01
4.682059453125000346e+02,-8.688070234254340107e+01
4.682062382812500232e+02,-8.557101061578892143e+01
4.682065312500000118e+02,-8.117816200160937967e+01
4.682068242187500005e+02,-8.486261590141609190e+01
4.682071171874999891e+02,-1.069498536807370073e+02
4.682074101562500346e+02,-8.704209550297460396e+01
4.682077031250000232e+02,-9.695471408892763066e+01
4.682079960937500118e+02,-8.998854282993707443e+01
4.682082890625000005e+02,-8.617204960671907088e+01
4.682085820312499891e+02,-9.208688557831408161e+01
4.682088750000000346e+02,-8.606565095330424242e+01
4.682091679687500232e+02,-7.994154926033594677e+01
4.682094609375000118e+02,-8.447732788874931487e+01
4.682097539062500005e+02,-8.465687107924742349e+01
4.682100468749999891e+02,-1.012959835641438389e+02
4.682103398437500346e+02,-9.043543429903391484e+01
4.682106328125000232e+02,-8.856537435714730577e+01
4.682109257812500118e+02,-8.790680912207660924e+01
4.682112187500000005e+02,-8.343237691889498819e+01
4.682115117187499891e+02,-8.540887925685393611e+01
4.682118046875000346e+02,-9.178816762743568347e+01
4.682120976562500232e+02,-8.677490755034301628e+01
4.682123906250000118e+02,-9.370963891156699788e+01
4.682126835937500005e+02,-8.648718350991129000e+01
4.682129765624999891e+02,-8.612037582287297255e+01
4.682132695312500346e+02,-8.478505838005931139e+01
4.682135625000000232e+02,-8.627234258211417739e+01
4.682138554687500118e+02,-9.559199710511158798e+01
4.682141484375000005e+02,-8.625277290047820600e+01
4.682144414062499891e+02,-8.951431745359491288e+01
4.682147343750000346e+02,-8.620872017345155314e+01
4.682150273437500232e+02,-9.403175472333728635e+01
4.682153203125000118e+02,-9.465077855049949562e+01
4.682156132812500005e+02,-9.509488847779074661e+01
4.682159062499999891e+02,-8.951155612449505838e+01
4.682161992187500346e+02,-9.541860955273192246e+01
4.682164921875000232e+02,-9.202603190218636087e+01
4.682167851562500118e+02,-9.462844105545053708e+01
4.682170781250000005e+02,-8.481215955040867982e+01
4.682173710937499891e+02,-8.127626491404448927e+01
4.682176640625000346e+02,-8.920784078011254792e+01
4.682179570312500232e+02,-9.004222645590706975e+01
4.682182500000000118e+02,-8.281120037034301617e+01
4.682185429687500005e+02,-8.427392549748270767e+01
4.682188359374999891e+02,-1.039076776719314239e+02
4.682191289062500346e+02,-9.084134173441455573e+01
4.682194218750000232e+02,-8.687364225651334948e+01
4.682197148437500118e+02,-8.991072799851932018e+01
4.682200078125000005e+02,-8.347118893590143784e+01
4.682203007812499891e+02,-8.469641689553162678e+01
4.682205937500000346e+02,-9.050279377930236535e+01
4.682208867187500232e+02,-9.235685495584853300e+01
4.682211796875000118e+02,-9.126595421105793093e+01
4.682214726562500005e+02,-9.049929724644894691e+01
4.682217656249999891e+02,-8.789022593929817617e+01
4.682220585937500346e+02,-1.077087315430817824e+02
4.682223515625000232e+02,-8.578179990569040569e+01
4.682226445312500118e+02,-8.482536522164963344e+01
4.682229375000000005e+02,-9.301396724850235387e+01
4.682232304687499891e+02,-9.615912337005872246e+01
4.682235234375000346e+02,-9.785341285167834258e+01
4.682238164062500232e+02,-8.785811058381401040e+01
4.682241093750000118e+02,-8.359903992638845693e+01
4.682244023437500005e+02,-8.702902488180279761e+01
4.682246953124999891e+02,-8.904563625420273354e+01
4.682249882812500346e+02,-9.263705576064403147e+01
4.682252812500000232e+02,-8.279991124445687944e+01
4.682255742187500118e+02,-9.338646358978407136e+01
4.682258671875000005e+02,-8.822142505918280619e+01
4.682261601562499891e+02,-8.548087205092905094e+01
4.682264531250000346e+02,-8.586306751840513130e+01
4.682267460937500232e+02,-9.086199451007814787e+01
4.682270390625000118e+02,-8.987088526914018871e+01
4.682273320312500005e+02,-8.767426453363283656e+01
4.682276249999999891e+02,-9.724449231078521905e+01
4.682279179687500346e+02,-9.885353517751248376e+01
4.682282109375000232e+02,-8.813072455204995492e+01
4.682285039062500118e+02,-9.241888639180851328e+01
4.682287968750000005e+02,-9.040608447597976749e+01
4.682290898437499891e+02,-1.047201914301015648e+02
4.682293828125000346e+02,-9.061096450224900423e+01
4.682296757812500232e+02,-9.073075233916982540e+01
4.682299687500000118e+02,-8.205627334266431205e+01
4.682302617187500005e+02,-8.681933460468341934e+01
4.682305546874999891e+02,-8.726788749418560087e+01
4.682308476562500346e+02,-8.675460296305490715e+01
4.682311406250000232e+02,-8.277985940114584196e+01
4.682314335937500118e+02,-8.529929680422064564e+01
4.682317265625000005e+02,-9.070438065263377325e+01
4.682320195312499891e+02,-8.301363346115515185e+01
4.682323125000000346e+02,-8.805324874548108482e+01
4.682326054687500232e+02,-8.213293705969554992e+01
4.682328984375000118e+02,-8.424361743618092646e+01
4.682331914062500005e+02,-8.998568201867212224e+01
4.682334843749999891e+02,-8.178356983535084623e+01
4.682337773437500346e+02,-8.577570701622721572e+01
4.682340703125000232e+02,-8.997326334277779836e+01
4.682343632812500118e+02,-8.081678427414612997e+01
4.682346562500000005e+02,-8.381767625122249399e+01
4.682349492187499891e+02,-9.669414961287037613e+01
4.682352421875000346e+02,-9.344784449777824875e+01
4.682355351562500232e+02,-8.758686011087428369e+01
4.682358281250000118e+02,-8.628914325902240989e+01
4.682361210937500005e+02,-8.046616429776734947e+01
4.682364140624999891e+02,-8.076361283966107862e+01
4.682367070312500346e+02,-8.588284833946340768e+01
4.682370000000000232e+02,-8.424846354809865545e+01
4.682372929687500118e+02,-8.407424132225521873e+01
4.682375859375000005e+02,-8.141751919879858690e+01
4.682378789062499891e+02,-8.170365222361810709e+01
4.682381718750000346e+02,-9.474607357898165105e+01
4.682384648437500232e+02,-8.912218832019588888e+01
4.682387578125000118e+02,-8.736480780845616323e+01
4.682390507812500005e+02,-8.441801032347031253e+01
4.682393437499999891e+02,-9.082333799924305140e+01
4.682396367187500346e+02,-9.953547310353586397e+01
4.682399296875000232e+02,-9.169076206628965053e+01
4.682402226562500118e+02,-9.078870474190468087e+01
4.682405156250000005e+02,-9.823132983312233080e+01
4.682408085937499891e+02,-8.714419754585237854e+01
4.682411015625000346e+02,-8.523862420809876994e+01
4.682413945312500232e+02,-8.751372003602291727e+01
4.682416875000000118e+02,-8.806310301850261624e+01
4.682419804687500005e+02,-8.830506022795916010e+01
4.682422734374999891e+02,-8.840655821233555400e+01
4.682425664062500346e+02,-8.718216124058471905e+01
4.682428593750000232e+02,-8.892113548805774315e+01
4.682431523437500118e+02,-9.949178601184098625e+01
4.682434453125000005e+02,-9.811843584313969302e+01
4.682437382812499891e+02,-8.590445893184345039e+01
4.682440312500000346e+02,-8.791893805689616670e+01
4.682443242187500232e+02,-9.914800860719716979e+01
4.682446171875000118e+02,-9.190535760103603025e+01
4.682449101562500005e+02,-9.145513371744533515e+01
4.682452031249999891e+02,-1.063388348522577758e+02
4.682454960937500346e+02,-9.761107216700452227e+01
4.682457890625000232e+02,-1.024560106791373073e+02
4.682460820312500118e+02,-9.611126711250722110e+01
4.682463750000000005e+02,-9.843626211521311120e+01
4.682466679687499891e+02,-8.823602209374919880e+01
4.682469609375000346e+02,-9.093230022627024312e+01
4.682472539062500232e+02,-8.763352231167557704e+01
4.682475468750000118e+02,-8.153219203797422665e+01
4.682478398437500005e+02,-8.991503510282763045e+01
4.682481328124999891e+02,-8.865233483059168407e+01
4.682484257812500346e+02,-8.561817595764219391e+01
4.682487187500000232e+02,-8.533382714311767359e+01
4.682490117187500118e+02,-8.880078430407827739e+01
4.682493046875000005e+02,-9.150321974335822972e+01
4.682495976562499891e+02,-8.730139765785830264e+01
4.682498906250000346e+02,-8.597857991102762298e+01
4.682501835937500232e+02,-9.142420385863545107e+01
4.682504765625000118e+02,-8.266489694351983530e+01
4.682507695312500005e+02,-8.424937738873359194e+01
4.682510624999999891e+02,-8.717284252434568259e+01
4.682513554687500346e+02,-9.022816447639870319e+01
4.682516484375000232e+02,-8.495934345442934443e+01
4.682519414062500118e+02,-8.429009570036853916e+01
4.682522343750000005e+02,-8.445463262622300249e+01
4.682525273437499891e+02,-8.601565499859587760e+01
4.682528203125000346e+02,-8.714560391758672608e+01
4.682531132812500232e+02,-8.947981539192362277e+01
4.682534062500000118e+02,-9.060951608763696186e+01
4.682536992187500005e+02,-8.651130359846847284e+01
4.682539921874999891e+02,-9.007459423083501804e+01
4.682542851562500346e+02,-9.762788105154638174e+01
4.682545781250000232e+02,-9.056735255926042782e+01
4.682548710937500118e+02,-9.360322063305224560e+01
4.682551640625000005e+02,-9.394013162564257868e+01
4.682554570312499891e+02,-8.843664799494538897e+01
4.682557500000000346e+02,-9.093366287409487825e+01
4.682560429687500232e+02,-1.072203890592278555e+02
4.682563359375000118e+02,-9.610342599507117711e+01
4.682566289062500005e+02,-8.669019216476213785e+01
4.682569218749999891e+02,-9.255784211479040380e+01
4.682572148437500346e+02,-8.816566098357876058e+01
4.682575078125000232e+02,-1.004831139393326964e+02
4.682578007812500118e+02,-8.698222915070084582e+01
4.682580937500000005e+02,-9.022128522641069992e+01
4.682583867187499891e+02,-9.322570494807393970e+01
4.682586796875000346e+02,-9.437149154465281242e+01
4.682589726562500232e+02,-8.594251473881951142e+01
4.682592656250000118e+02,-9.900678724431836031e+01
4.682595585937500005e+02,-8.514188023449129616e+01
4.682598515624999891e+02,-8.968593616902580834e+01
4.682601445312500346e+02,-8.820946974391790718e+01
4.682604375000000232e+02,-8.631754719044693047e+01
4.682607304687500118e+02,-8.539658061633073771e+01
4.682610234375000005e+02,-8.919500197278580345e+01
4.682613164062499891e+02,-1.049648525330244553e+02
4.682616093750000346e+02,-9.408464316430048768e+01
4.682619023437500232e+02,-9.573685759747334600e+01
4.682621953125000118e+02,-1.091472567044291395e+02
4.682624882812500005e+02,-9.575522789092174492e+01
4.682627812499999891e+02,-9.045263663450711533e+01
4.682630742187500346e+02,-8.491448431936943564e+01
4.682633671875000232e+02,-8.696074495306028496e+01
4.682636601562500118e+02,-8.787738026521262213e+01
4.682639531250000005e+02,-8.418767912843051704e+01
4.682642460937499891e+02,-8.748303731277172801e+01
4.682645390625000346e+02,-8.726858484174312025e+01
4.682648320312500232e+02,-8.519684332726411924e+01
4.682651250000000118e+02,-1.024030965653218317e+02
4.682654179687500005e+02,-8.838164560579076579e+01
4.682657109374999891e+02,-8.886166676972557354e+01
4.682660039062500346e+02,-9.754174750973592722e+01
4.682662968750000232e+02,-1.028115077599362195e+02
4.682665898437500118e+02,-9.183681488440497276e+01
4.682668828125000005e+02,-9.298888381543943638e+01
4.682671757812499891e+02,-9.261122311458935030e+01
4.682674687500000346e+02,-9.052058158031178436e+01
4.682677617187500232e+02,-8.941472619771231223e+01
4.682680546875000118e+02,-8.123785582396875782e+01
4.682683476562500005e+02,-7.973478277851394580e+01
4.682686406249999891e+02,-9.068826459374250248e+01
4.682689335937500346e+02,-8.916691903699546629e+01
4.682692265625000232e+02,-8.741096229617474478e+01
4.682695195312500118e+02,-8.909550577017135709e+01
4.682698125000000005e+02,-1.016774929660574998e+02
4.682701054687499891e+02,-8.556705947382114630e+01
4.682703984375000346e+02,-9.407266908655313387e+01
4.682706914062500232e+02,-9.414077889570907587e+01
4.682709843750000118e+02,-8.623987744758099439e+01
4.682712773437500005e+02,-8.532329332613412021e+01
4.682715703124999891e+02,-9.170755998113187957e+01
4.682718632812500346e+02,-8.683153033952932276e+01
4.682721562500000232e+02,-8.839665933422223532e+01
4.682724492187500118e+02,-8.977691189762026625e+01
4.682727421875000005e+02,-9.075350383086252748e+01
4.682730351562499891e+02,-8.856479375096293438e+01
4.682733281250000346e+02,-8.502927838423276796e+01
4.682736210937500232e+02,-9.545928844996706175e+01
4.682739140625000118e+02,-8.914911802622482639e+01
4.682742070312500005e+02,-8.920142548466375843e+01
4.682744999999999891e+02,-8.487030621432182897e+01
4.682747929687500346e+02,-8.716378610370827573e+01
4.682750859375000232e+02,-1.146940236091518130e+02
4.682753789062500118e+02,-8.745185509339600571e+01
4.682756718750000005e+02,-1.013159676126362001e+02
4.682759648437499891e+02,-9.608538615419155349e+01
4.682762578125000346e+02,-8.674052873402459340e+01
4.682765507812500232e+02,-8.295147008508250508e+01
4.682768437500000118e+02,-9.329945171718959784e+01
4.682771367187500005e+02,-9.228646185200119589e+01
4.682774296874999891e+02,-8.648717036152896753e+01
4.682777226562500346e+02,-8.478574680219816173e+01
4.682780156250000232e+02,-8.321077735321772195e+01
4.682783085937500118e+02,-8.556478130262915727e+01
4.682786015625000005e+02,-8.668944716634206316e+01
4.682788945312499891e+02,-8.621624707622663664e+01
4.682791875000000346e+02,-9.153830370211076684e+01
4.682794804687500232e+02,-8.842955528987582170e+01
4.682797734375000118e+02,-9.067276824679908032e+01
4.682800664062500005e+02,-8.498405155917706111e+01
4.682803593749999891e+02,-8.839577655797450007e+01
4.682806523437500346e+02,-9.060167921724141138e+01
4.682809453125000232e+02,-8.823139212870299275e+01
4.682812382812500118e+02,-8.848863920064987099e+01
4.682815312500000005e+02,-9.085922340623397986e+01
4.682818242187499891e+02,-9.502879949969523921e+01
4.682821171875000346e+02,-8.765286072533663742e+01
4.682824101562500232e+02,-8.834696329018049710e+01
4.682827031250000118e+02,-9.017722698293015071e+01
4.682829960937500005e+02,-9.116326728114130162e+01
4.682832890624999891e+02,-9.031893619235360404e+01
4.682835820312500346e+02,-8.243897912407676642e+01
4.682838750000000232e+02,-8.454189475351766703e+01
4.682841679687500118e+02,-8.410857987950905112e+01
4.682844609375000005e+02,-8.396085343067736062e+01
4.682847539062499891e+02,-9.000612819994148595e+01
4.682850468750000346e+02,-8.923642259591139236e+01
4.682853398437500232e+02,-9.419005704823645431e+01
4.682856328125000118e+02,-9.810613637159774214e+01
4.682859257812500005e+02,-9.871536188162239966e+01
4.682862187499999891e+02,-9.522437974331660371e+01
4.682865117187500346e+02,-8.651609693268703438e+01
4.682868046875000232e+02,-1.024683044856037668e+02
4.682870976562500118e+02,-9.037205973692351790e+01
4.682873906250000005e+02,-8.560859698500424031e+01
4.682876835937499891e+02,-8.537026127851667923e+01
4.682879765625000346e+02,-9.234790712973983773e+01
4.682882695312500232e+02,-9.037791736969973044e+01
4.682885625000000118e+02,-9.531579894414153387e+01
4.682888554687500005e+02,-8.699252832675549030e+01
4.682891484374999891e+02,-8.645896461521466847e+01
4.682894414062500346e+02,-8.423701194338252662e+01
4.682897343750000232e+02,-8.643783712148776033e+01
4.682900273437500118e+02,-8.394816027381070001e+01
4.682903203125000005e+02,-8.445599531196199905e+01
4.682906132812499891e+02,-8.654000037739254481e+01
4.682909062500000346e+02,-8.601153057962318371e+01
4.682911992187500232e+02,-9.079102931655049247e+01
4.682914921875000118e+02,-8.896004823177645449e+01
4.682917851562500005e+02,-8.552068210534966397e+01
4.682920781249999891e+02,-8.523776247445533727e+01
4.682923710937500346e+02,-9.069896714244657687e+01
4.682926640625000232e+02,-8.412525780298935274e+01
4.682929570312500118e+02,-8.846368216313888411e+01
4.682932500000000005e+02,-9.132664746171658976e+01
4.682935429687499891e+02,-8.881793407356525449e+01
4.682938359375000346e+02,-8.502244538411430597e+01
4.682941289062500232e+02,-8.615105419615774451e+01
4.682944218750000118e+02,-9.166664684092025084e+01
4.682947148437500005e+02,-9.017566717706229440e+01
4.682950078124999891e+02,-9.792354024104541566e+01
4.682953007812500346e+02,-8.866807141801484704e+01
4.682955937500000232e+02,-9.844702944094922259e+01
4.682958867187500118e+02,-8.795562724350105555e+01
4.682961796875000005e+02,-9.051285534763263740e+01
4.682964726562499891e+02,-9.599650706622215068e+01
4.682967656250000346e+02,-8.692624403915252174e+01
4.682970585937500232e+02,-8.721051533549392332e+01
4.682973515625000118e+02,-8.743102254033533427e+01
4.682976445312500005e+02,-9.221282740543655621e+01
4.682979374999999891e+02,-9.636875727643237610e+01
4.682982304687500346e+02,-8.862753025219478786e+01
4.682985234375000232e+02,-9.423665127509282513e+01
4.682988164062500118e+02,-9.245670031351815510e+01
4.682991093750000005e+02,-9.805523207435562938e+01
4.682994023437499891e+02,-9.986281239403679422e+01
4.682996953125000346e+02,-1.002793538795937280e+02
4.682999882812500232e+02,-8.986834428966983523e+01
4.683002812500000118e+02,-8.491896730709004260e+01
4.683005742187500005e+02,-9.107709429563530534e+01
4.683008671874999891e+02,-9.299776753885097946e+01
4.683011601562500346e+02,-9.819396257696172370e+01
4.683014531250000232e+02,-1.056682927107696912e+02
4.683017460937500118e+02,-8.852159231118420735e+01
4.683020390625000005e+02,-8.871335246855259982e+01
4.683023320312499891e+02,-9.524358515105032552e+01
4.683026250000000346e+02,-8.498531691805978028e+01
4.683029179687500232e+02,-9.287253054915366590e+01
4.683032109375000118e+02,-9.233373642659680058e+01
4.683035039062500005e+02,-9.876134200186710643e+01
4.683037968749999891e+02,-8.948300474672564064e+01
4.683040898437500346e+02,-9.134559150320926335e+01
4.683043828125000232e+02,-9.360162212201609577e+01
4.683046757812500118e+02,-1.033952293647466263e+02
4.683049687500000005e+02,-8.594514649875092971e+01
4.683052617187499891e+02,-8.388048286089009764e+01
4.683055546875000346e+02,-9.510756217005713609e+01
4.683058476562500232e+02,-8.400206662750564135e+01
4.683061406250000118e+02,-8.406590148356363557e+01
4.683064335937500005e+02,-9.828076143130741116e+01
4.683067265624999891e+02,-9.031016822512670217e+01
4.683070195312500346e+02,-9.573773417859969470e+01
4.683073125000000232e+02,-8.721288826932310201e+01
4.683076054687500118e+02,-9.273690226012718085e+01
4.683078984375000005e+02,-9.458647564484122938e+01
4.683081914062499891e+02,-9.452031850467720631e+01
4.683084843750000346e+02,-9.129618523977028133e+01
4.683087773437500232e+02,-9.308083363378926833e+01
4.683090703125000118e+02,-9.129386386517435881e+01
4.683093632812500005e+02,-8.743851448438130092e+01
4.683096562499999891e+02,-8.307133662034539157e+01
4.683099492187500346e+02,-8.986697625800054823e+01
4.683102421875000232e+02,-8.572777247440978954e+01
4.683105351562500118e+02,-8.355021270419271673e+01
4.683108281250000005e+02,-8.428471547968335642e+01
4.683111210937499891e+02,-8.650141945086920714e+01
4.683114140625000346e+02,-9.687209071815809125e+01
4.683117070312500232e+02,-9.290420516157664110e+01
4.683120000000000118e+02,-9.375479734095348761e+01
4.683122929687500005e+02,-9.110201879113127177e+01
4.683125859374999891e+02,-1.060322013299070250e+02
4.683128789062500346e+02,-8.650405275676526173e+01
4.683131718750000232e+02,-9.650598063428653006e+01
4.683134648437500118e+02,-8.457924611836199347e+01
4.683137578125000005e+02,-8.268171798406946493e+01
4.683140507812499891e+02,-8.654568174694936999e+01
4.683143437500000346e+02,-9.176247517425605338e+01
4.683146367187500232e+02,-8.925481211972896745e+01
4.683149296875000118e+02,-8.935066244632341181e+01
4.683152226562500005e+02,-9.169780507565043592e+01
4.683155156249999891e+02,-8.814671507173299858e+01
4.683158085937500346e+02,-8.389813626239768496e+01
4.683161015625000232e+02,-8.626405090196996639e+01
4.683163945312500118e+02,-8.751282409472693757e+01
4.683166875000000005e+02,-1.053459867114661108e+02
4.683169804687499891e+02,-9.197315276207643819e+01
4.683172734375000346e+02,-8.983311694841468409e+01
4.683175664062500232e+02,-8.415597863230368603e+01
4.683178593750000118e+02,-8.827299615003299493e+01
4.683181523437500005e+02,-8.739384550189284084e+01
4.683184453124999891e+02,-8.954567902374495247e+01
4.683187382812500346e+02,-9.234488262848246620e+01
4.683190312500000232e+02,-1.010686744738174809e+02
4.683193242187500118e+02,-9.880248102300676294e+01
4.683196171875000005e+02,-9.991740521535825792e+01
4.683199101562499891e+02,-9.193346466573173359e+01
4.683202031250000346e+02,-1.096561293102973309e+02
4.683204960937500232e+02,-9.893670430186345754e+01
4.683207890625000118e+02,-1.007598976072464012e+02
4.683210820312500005e+02,-8.931845748905791993e+01
4.683213749999999891e+02,-8.579145768035637332e+01
4.683216679687500346e+02,-8.897341468037764400e+01
4.683219609375000232e+02,-9.139458316363561607e+01
4.683222539062500118e+02,-8.551473081452718361e+01
4.683225468750000005e+02,-1.007114631228938038e+02
4.683228398437499891e+02,-8.454706307959610001e+01
4.683231328125000346e+02,-8.973844040470261518e+01
4.683234257812500232e+02,-8.993383662440822945e+01
4.683237187500000118e+02,-8.995105612811302365e+01
4.683240117187500005e+02,-1.118002377574723027e+02
4.683243046874999891e+02,-9.907576429610534774e+01
4.683245976562500346e+02,-9.005300745133062890e+01
4.683248906250000232e+02,-8.664707583277251501e+01
4.683251835937500118e+02,-8.203259095319181426e+01
4.683254765625000005e+02,-9.045907144940645139e+01
4.683257695312499891e+02,-8.801552244498361688e+01
4.683260625000000346e+02,-9.170976083468744378e+01
4.683263554687500232e+02,-8.963086595108960353e+01
4.683266484375000118e+02,-8.995517267345999812e+01
4.683269414062500005e+02,-8.826920119964860589e+01
4.683272343749999891e+02,-8.286432318709621825e+01
4.683275273437500346e+02,-8.853174341142930359e+01
4.683278203125000232e+02,-8.673330290064014036e+01
4.683281132812500118e+02,-8.765192353936492964e+01
4.683284062500000005e+02,-8.873614209596860292e+01
4.683286992187499891e+02,-8.542086975047783426e+01
4.683289921875000346e+02,-8.721775839236583749e+01
4.683292851562500232e+02,-8.451930777090208835e+01
4.683295781250000118e+02,-8.829721798775958064e+01
4.683298710937500005e+02,-9.331524255172331550e+01
4.683301640624999891e+02,-8.896755237079553069e+01
4.683304570312500346e+02,-8.952723570482649507e+01
4.683307500000000232e+02,-8.987601363911247176e+01
4.683310429687500118e+02,-8.360695886928147047e+01
4.683313359375000005e+02,-8.276400670650802738e+01
4.683316289062499891e+02,-9.535333629961041879e+01
4.683319218750000346e+02,-8.774415822095858175e+01
4.683322148437500232e+02,-8.343027021532174103e+01
4.683325078125000118e+02,-8.957411005803731996e+01
4.683328007812500005e+02,-8.597074046675162151e+01
4.683330937499999891e+02,-8.718917256230490409e+01
4.683333867187500346e+02,-9.093296730622100199e+01
4.683336796875000232e+02,-9.140823505048636832e+01
4.683339726562500118e+02,-8.635719061385964324e+01
4.683342656250000005e+02,-8.954866343461725364e+01
4.683345585937499891e+02,-1.006248793991756258e+02
4.683348515625000346e+02,-9.441173362636828870e+01
4.683351445312500232e+02,-8.631518346486097926e+01
4.683354375000000118e+02,-8.921876387499466432e+01
4.683357304687500005e+02,-9.617731539965262755e+01
4.683360234374999891e+02,-8.874504068891459951e+01
4.683363164062500346e+02,-8.542065094459951524e+01
4.683366093750000232e+02,-9.634452296311300756e+01
4.683369023437500118e+02,-8.577588118698821518e+01
4.683371953125000005e+02,-8.288925798016020963e+01
4.683374882812499891e+02,-8.881385816953454082e+01
4.683377812500000346e+02,-8.950405397707467614e+01
4.683380742187500232e+02,-8.495489785495492185e+01
4.683383671875000118e+02,-8.551220413860380631e+01
4.683386601562500005e+02,-9.056725772472474034e+01
4.683389531249999891e+02,-8.551951980773102946e+01
4.683392460937500346e+02,-8.303786859214640970e+01
4.683395390625000232e+02,-1.025128484607681401e+02
4.683398320312500118e+02,-1.019790159765403104e+02
4.683401250000000005e+02,-9.210508315760486653e+01
4.683404179687499891e+02,-1.004587592249947789e+02
4.683407109375000346e+02,-9.354389917497029217e+01
4.683410039062500232e+02,-9.246662116086385197e+01
4.683412968750000118e+02,-8.525407250897313816e+01
4.683415898437500005e+02,-8.271225765400058094e+01
4.683418828124999891e+02,-8.382177364350773985e+01
4.683421757812500346e+02,-8.516064303471236485e+01
4.683424687500000232e+02,-8.640373113537330596e+01
4.683427617187500118e+02,-9.236018821220602604e+01
4.683430546875000005e+02,-9.334370707057985328e+01
4.683433476562499891e+02,-9.316319304234244214e+01
4.683436406250000346e+02,-9.147102863606852452e+01
4.683439335937500232e+02,-9.887866759670414751e+01
4.683442265625000118e+02,-1.008240524275222754e+02
4.683445195312500005e+02,-9.009216478447235943e+01
4.683448124999999891e+02,-8.767982009140780519e+01
4.683451054687500346e+02,-9.398639198711633469e+01
4.683453984375000232e+02,-8.756916247063735170e+01
4.683456914062500118e+02,-9.051211125031630900e+01
4.683459843750000005e+02,-8.860110421618122700e+01
4.683462773437499891e+02,-8.971330567340258710e+01
4.683465703125000346e+02,-1.069058341101826670e+02
4.683468632812500232e+02,-8.600445404680070283e+01
4.683471562500000118e+02,-8.458686134818310620e+01
4.683474492187500005e+02,-1.000721296593556247e+02
4.683477421874999891e+02,-8.503116315731924146e+01
4.683480351562500346e+02,-8.911285754192292075e+01
4.683483281250000232e+02,-8.811102634870694317e+01
4.683486210937500118e+02,-1.057206693756177884e+02
4.683489140625000005e+02,-9.156805814285128520e+01
4.683492070312499891e+02,-8.967645677692794948e+01
4.683495000000000346e+02,-1.026181887268876665e+02
4.683497929687500232e+02,-9.214148642582436821e+01
4.683500859375000118e+02,-9.024386545976263108e+01
4.683503789062500005e+02,-8.950466320640786932e+01
4.683506718749999891e+02,-1.041433834878468190e+02
4.683509648437500346e+02,-1.022324195735227477e+02
4.683512578125000232e+02,-9.029960241331653492e+01
4.683515507812500118e+02,-1.055572501245945887e+02
4.683518437500000005e+02,-9.623169192172585440e+01
4.683521367187499891e+02,-8.534387705808130420e+01
4.683524296875000346e+02,-8.105726410046804631e+01
4.683527226562500232e+02,-8.636268793345809058e+01
4.683530156250000118e+02,-8.452680590122639614e+01
4.683533085937500005e+02,-8.927033314851874479e+01
4.683536015624999891e+02,-8.443250022580018310e+01
4.683538945312500346e+02,-8.831900859659059222e+01
4.683541875000000232e+02,-9.282503369029976170e+01
4.683544804687500118e+02,-9.017303035513536713e+01
4.683547734375000005e+02,-8.964757296556342681e+01
4.683550664062499891e+02,-8.825125300149309737e+01
4.683553593750000346e+02,-1.094938529573642541e+02
4.683556523437500232e+02,-9.285950150426626237e+01
4.683559453125000118e+02,-9.500787123593528349e+01
4.683562382812500005e+02,-9.319695151752895868e+01
4.683565312499999891e+02,-8.352850665569461341e+01
4.683568242187500346e+02,-8.628596432778266490e+01
4.683571171875000232e+02,-8.772101331020070347e+01
4.683574101562500118e+02,-8.650482944944533870e+01
4.683577031250000005e+02,-9.094871384102724221e+01
4.683579960937499891e+02,-8.901107032156966170e+01
4.683582890625000346e+02,-8.863816604361525719e+01
4.683585820312500232e+02,-8.448993013115570250e+01
4.683588750000000118e+02,-8.560406490856529160e+01
4.683591679687500005e+02,-9.320159321488554838e+01
4.683594609374999891e+02,-9.568020331073613249e+01
4.683597539062500346e+02,-9.315422219305675355e+01
4.683600468750000232e+02,-9.572883177345937611e+01
4.683603398437500118e+02,-8.881880321804624145e+01
4.683606328125000005e+02,-9.499469094735565022e+01
4.683609257812499891e+02,-8.999071845817660176e+01
4.683612187500000346e+02,-9.047474607377321831e+01
4.683615117187500232e+02,-9.083988882036395296e+01
4.683618046875000118e+02,-9.440919868252495917e+01
4.683620976562500005e+02,-8.593801655161814779e+01
4.683623906249999891e+02,-1.010592627931076208e+02
4.683626835937500346e+02,-9.253456141807606627e+01
4.683629765625000232e+02,-9.477251122014394014e+01
4.683632695312500118e+02,-1.070044184880296569e+02
4.683635625000000005e+02,-9.400735037443722319e+01
4.683638554687499891e+02,-8.860156293115494464e+01
4.683641484375000346e+02,-9.446489088464136330e+01
4.683644414062500232e+02,-9.044589389288543657e+01
4.683647343750000118e+02,-8.865073326502550799e+01
4.683650273437500005e+02,-8.820965419295733057e+01
4.683653203124999891e+02,-8.912754552204305014e+01
4.683656132812500346e+02,-9.275000959686657609e+01
4.683659062500000232e+02,-9.974428804540438875e+01
4.683661992187500118e+02,-1.214331294452742611e+02
4.683664921875000005e+02,-9.555830489201471778e+01
4.683667851562499891e+02,-9.838177180031807723e+01
4.683670781250000346e+02,-9.369266495316411181e+01
4.683673710937500232e+02,-9.146655839379920394e+01
4.683676640625000118e+02,-8.678896632430102898e+01
4.683679570312500005e+02,-8.262833704874383045e+01
4.683682499999999891e+02,-9.144543091893032738e+01
4.683685429687500346e+02,-8.987308085054490903e+01
4.683688359375000232e+02,-8.527991074456633669e+01
4.683691289062500118e+02,-9.011065314246748414e+01
4.683694218750000005e+02,-8.495118685401712355e+01
4.683697148437499891e+02,-9.693692988776733444e+01
4.683700078125000346e+02,-8.432287699437587492e+01
4.683703007812500232e+02,-8.620283690580049551e+01
4.683705937500000118e+02,-8.742388040644671321e+01
4.683708867187500005e+02,-8.820846013737286739e+01
4.683711796874999891e+02,-8.583338533949637394e+01
4.683714726562500346e+02,-8.933380640498458547e+01
4.683717656250000232e+02,-8.573759127139710756e+01
4.683720585937500118e+02,-8.656192902783772070e+01
4.683723515625000005e+02,-9.808381715297875303e+01
4.683726445312499891e+02,-1.102333444978961836e+02
4.683729375000000346e+02,-8.946680269351018921e+01
4.683732304687500232e+02,-9.096506991454035074e+01
4.683735234375000118e+02,-9.883075191972112350e+01
4.683738164062500005e+02,-9.673076114254621416e+01
4.683741093749999891e+02,-8.520797203464054803e+01
4.683744023437500346e+02,-1.148363145487931547e+02
4.683746953125000232e+02,-1.015110812023815754e+02
4.683749882812500118e+02,-9.346633164562739182e+01
4.683752812500000005e+02,-9.303338868408935980e+01
4.683755742187499891e+02,-8.468958078217951879e+01
4.683758671875000346e+02,-8.399687467187648338e+01
4.683761601562500232e+02,-1.004265041764625863e+02
4.683764531250000118e+02,-9.237470161547490477e+01
4.683767460937500005e+02,-8.656301761209221013e+01
4.683770390624999891e+02,-9.268312825340041172e+01
4.683773320312500346e+02,-9.794820669076200659e+01
4.683776250000000232e+02,-9.080076273936079190e+01
4.683779179687500118e+02,-8.640191598115002591e+01
4.683782109375000005e+02,-8.694387956213782331e+01
4.683785039062499891e+02,-8.703528587485510570e+01
4.683787968750000346e+02,-8.634408671343983599e+01
4.683790898437500232e+02,-8.882643382661974840e+01
4.683793828125000118e+02,-9.164140038462120685e+01
4.683796757812500005e+02,-9.187565126393052140e+01
4.683799687499999891e+02,-8.493266481628461406e+01
4.683802617187500346e+02,-8.293248647379307670e+01
4.683805546875000232e+02,-8.707132239688370134e+01
4.683808476562500118e+02,-9.292173931094720274e+01
4.683811406250000005e+02,-9.347877675121114294e+01
4.683814335937499891e+02,-1.008352265650601680e+02
4.683817265625000346e+02,-9.047052541283969163e+01
4.683820195312500232e+02,-9.384843619090455036e+01
4.683823125000000118e+02,-9.953250711075830282e+01
4.683826054687500005e+02,-8.601532456113055503e+01
4.683828984374999891e+02,-8.996962778704644847e+01
4.683831914062500346e+02,-9.194513539025942350e+01
4.683834843750000232e+02,-9.097791203335842170e+01
4.683837773437500118e+02,-9.100962616007606698e+01
4.683840703125000005e+02,-8.869479930705534798e+01
4.683843632812499891e+02,-9.213325576681586426e+01
4.683846562500000346e+02,-8.642466026955874270e+01
4.683849492187500232e+02,-8.874308843715779460e+01
4.683852421875000118e+02,-9.109129837822462150e+01
4.683855351562500005e+02,-8.555143756716262260e+01
4.683858281249999891e+02,-8.918436048763872748e+01
4.683861210937500346e+02,-1.013139951886580405e+02
4.683864140625000232e+02,-1.025683013804389674e+02
4.683867070312500118e+02,-9.455476109993691125e+01
4.683870000000000005e+02,-8.900438262811934464e+01
4.683872929687499891e+02,-8.404303078165298757e+01
4.683875859375000346e+02,-9.673871526164987245e+01
4.683878789062500232e+02,-8.704038022969334065e+01
4.683881718750000118e+02,-8.569075072574793239e+01
4.683884648437500005e+02,-9.026844877836373371e+01
4.683887578124999891e+02,-9.025574384531458350e+01
4.683890507812500346e+02,-9.819113989016062760e+01
4.683893437500000232e+02,-9.577541343070194557e+01
4.683896367187500118e+02,-8.828559774056716947e+01
4.683899296875000005e+02,-8.462621923002045321e+01
4.683902226562499891e+02,-9.065777339679408442e+01
4.683905156250000346e+02,-9.173997974001730427e+01
4.683908085937500232e+02,-8.814077679357863815e+01
4.683911015625000118e+02,-8.822416686833078359e+01
4.683913945312500005e+02,-9.684334396213039042e+01
4.683916874999999891e+02,-9.731130991483054515e+01
4.683919804687500346e+02,-9.812010313343621704e+01
4.683922734375000232e+02,-9.382134609004796744e+01
4.683925664062500118e+02,-9.031799073918178067e+01
4.683928593750000005e+02,-9.730172804623167337e+01
4.683931523437499891e+02,-9.129986689449100368e+01
4.683934453125000346e+02,-1.009938151264705937e+02
4.683937382812500232e+02,-9.944949047238537787e+01
4.683940312500000118e+02,-9.236253123999813397e+01
4.683943242187500005e+02,-9.616843830181700525e+01
4.683946171874999891e+02,-9.355122962456579216e+01
4.683949101562500346e+02,-9.236970626238817772e+01
4.683952031250000232e+02,-8.784741762518441988e+01
4.683954960937500118e+02,-9.778711757282523820e+01
4.683957890625000005e+02,-9.725276863526971738e+01
4.683960820312499891e+02,-9.920497155765716002e+01
4.683963750000000346e+02,-9.851266290734200481e+01
4.683966679687500232e+02,-8.790001252201462023e+01
4.683969609375000118e+02,-8.784262416636448734e+01
4.683972539062500005e+02,-9.492605147203640570e+01
4.683975468749999891e+02,-8.469618521336147410e+01
4.683978398437500346e+02,-9.411618398782466954e+01
4.683981328125000232e+02,-8.630177403285338755e+01
4.683984257812500118e+02,-8.974447938439793404e+01
4.683987187500000005e+02,-8.696816916357784066e+01
4.683990117187499891e+02,-9.230911884825243874e+01
4.683993046875000346e+02,-9.856722209488421527e+01
4.683995976562500232e+02,-8.950659703055282534e+01
4.683998906250000118e+02,-9.006918248004777183e+01
4.684001835937500005e+02,-8.976535539283909770e+01
4.684004765624999891e+02,-9.143075488292504360e+01
4.684007695312500346e+02,-9.037680230464144415e+01
4.684010625000000232e+02,-9.715725303235913657e+01
4.684013554687500118e+02,-8.701484167660260027e+01
4.684016484375000005e+02,-8.378133139627706782e+01
4.684019414062499891e+02,-9.651070178860769033e+01
4.684022343750000346e+02,-9.516242060456222873e+01
4.684025273437500232e+02,-8.824033066001256032e+01
4.684028203125000118e+02,-9.523525703862279101e+01
4.684031132812500005e+02,-9.172545415003182256e+01
4.684034062499999891e+02,-8.946376094583075655e+01
4.684036992187500346e+02,-9.052523516790346036e+01
4.684039921875000232e+02,-1.039369384961095193e+02
4.684042851562500118e+02,-9.738341948160241657e+01
4.684045781250000005e+02,-9.047431081420961618e+01
4.684048710937499891e+02,-1.070461616799956772e+02
4.684051640625000346e+02,-9.140155537898939997e+01
4.684054570312500232e+02,-9.496538432731713897e+01
4.684057500000000118e+02,-8.823319325191829421e+01
4.684060429687500005e+02,-9.015884197927940136e+01
4.684063359374999891e+02,-9.131154318967787731e+01
4.684066289062500346e+02,-9.720380790533479853e+01
4.684069218750000232e+02,-8.699032670817224755e+01
4.684072148437500118e+02,-8.657480397107988779e+01
4.684075078125000005e+02,-8.885471092370730162e+01
4.684078007812499891e+02,-8.409495010925942893e+01
4.684080937500000346e+02,-8.574273313615856296e+01
4.684083867187500232e+02,-9.333648250350725561e+01
4.684086796875000118e+02,-8.871926355090296568e+01
4.684089726562500005e+02,-9.598875081488081662e+01
4.684092656249999891e+02,-1.010042548591338232e+02
4.684095585937500346e+02,-9.331293921041151407e+01
4.684098515625000232e+02,-9.381086629510961927e+01
4.684101445312500118e+02,-8.481480189103837120e+01
4.684104375000000005e+02,-8.300475294287582528e+01
4.684107304687499891e+02,-8.367414445601129103e+01
4.684110234375000346e+02,-9.702482945610582021e+01
4.684113164062500232e+02,-9.279784770206231315e+01
4.684116093750000118e+02,-8.980743104414244726e+01
4.684119023437500005e+02,-8.991090158585187453e+01
4.684121953124999891e+02,-9.300472580258956157e+01
4.684124882812500346e+02,-8.950752899818766650e+01
4.684127812500000232e+02,-9.506843609778968585e+01
4.684130742187500118e+02,-1.124426000568949178e+02
4.684133671875000005e+02,-9.199363322396131082e+01
4.684136601562499891e+02,-9.645979814883679637e+01
4.684139531250000346e+02,-9.787873802327050043e+01
4.684142460937500232e+02,-9.357920634269234483e+01
4.684145390625000118e+02,-9.481950251192787960e+01
4.684148320312500005e+02,-9.665038142518177722e+01
4.684151249999999891e+02,-1.098110777368743385e+02
4.684154179687500346e+02,-8.810705552720929745e+01
4.684157109375000232e+02,-8.625108734621078099e+01
4.684160039062500118e+02,-8.603799031262792596e+01
4.684162968750000005e+02,-9.124938585559574733e+01
4.684165898437499891e+02,-8.950335298218739410e+01
4.684168828125000346e+02,-9.071904519233555675e+01
4.684171757812500232e+02,-8.876153366507995202e+01
4.684174687500000118e+02,-9.109774135828050134e+01
4.684177617187500005e+02,-9.951427553769090650e+01
4.684180546874999891e+02,-8.550091321993306792e+01
4.684183476562500346e+02,-8.650124041612812675e+01
4.684186406250000232e+02,-9.144817643487159842e+01
4.684189335937500118e+02,-8.564461345773949574e+01
4.684192265625000005e+02,-8.172260052535010288e+01
4.684195195312499891e+02,-8.566488673463166492e+01
4.684198125000000346e+02,-9.568814774109775101e+01
4.684201054687500232e+02,-8.946794410072260462e+01
4.684203984375000118e+02,-9.286985052521069406e+01
4.684206914062500005e+02,-9.916576883599776693e+01
4.684209843749999891e+02,-9.364443273567117387e+01
4.684212773437500346e+02,-8.890848802248055449e+01
4.684215703125000232e+02,-8.294832589773393750e+01
4.684218632812500118e+02,-8.502173915830675810e+01
4.684221562500000005e+02,-9.861255244113732488e+01
4.684224492187499891e+02,-1.000527197089006108e+02
4.684227421875000346e+02,-9.727085085153503030e+01
4.684230351562500232e+02,-9.740189334620421846e+01
4.684233281250000118e+02,-9.007105773669827897e+01
4.684236210937500005e+02,-9.257610317613938378e+01
4.684239140624999891e+02,-9.145090969971668926e+01
4.684242070312500346e+02,-8.997734773060761881e+01
4.684245000000000232e+02,-8.569335755248326336e+01
4.684247929687500118e+02,-9.606872015037124868e+01
4.684250859375000005e+02,-9.186939048278277653e+01
4.684253789062499891e+02,-8.996258855646209440e+01
4.684256718750000346e+02,-9.401393510761801053e+01
4.684259648437500232e+02,-9.184140333670073630e+01
4.684262578125000118e+02,-8.814260953119897124e+01
4.684265507812500005e+02,-8.455260588711206537e+01
4.684268437499999891e+02,-9.396747653494139740e+01
4.684271367187500346e+02,-8.895111167500837723e+01
4.684274296875000232e+02,-9.666591741548002403e+01
4.684277226562500118e+02,-1.035396378024100130e+02
4.684280156250000005e+02,-8.763831948494819812e+01
4.684283085937499891e+02,-8.859354792291952663e+01
4.684286015625000346e+02,-9.476284711804643734e+01
4.684288945312500232e+02,-9.170852141313440598e+01
4.684291875000000118e+02,-9.005375435714996968e+01
4.684294804687500005e+02,-8.653775420600166512e+01
4.684297734374999891e+02,-9.599923263081096536e+01
4.684300664062500346e+02,-8.757443334051620809e+01
4.684303593750000232e+02,-8.858765272438861871e+01
4.684306523437500118e+02,-8.455870584605381168e+01
4.684309453125000005e+02,-8.670196479087657337e+01
4.684312382812499891e+02,-9.147360104018473237e+01
4.684315312500000346e+02,-9.003024468108735334e+01
4.684318242187500232e+02,-8.473101900475973025e+01
4.684321171875000118e+02,-8.607013807251922799e+01
4.684324101562500005e+02,-9.253046579355255119e+01
4.684327031249999891e+02,-9.368570913957429980e+01
4.684329960937500346e+02,-9.240959770118416827e+01
4.684332890625000232e+02,-1.028567891690171905e+02
4.684335820312500118e+02,-9.801877657533458432e+01
4.684338750000000005e+02,-9.185355149511195805e+01
4.684341679687499891e+02,-8.984347758617778368e+01
4.684344609375000346e+02,-1.011887156385010513e+02
4.684347539062500232e+02,-8.532309851791703181e+01
4.684350468750000118e+02,-8.559544484185813928e+01
4.684353398437500005e+02,-9.024628371821472683e+01
4.684356328124999891e+02,-9.229869224379416437e+01
4.684359257812500346e+02,-8.533396486627593447e+01
4.684362187500000232e+02,-9.105762480103547318e+01
4.684365117187500118e+02,-8.216262912823077613e+01
4.684368046875000005e+02,-8.623486316479848313e+01
4.684370976562499891e+02,-8.770786630336283451e+01
4.684373906250000346e+02,-9.274914676099923838e+01
4.684376835937500232e+02,-9.720233659299915985e+01
4.684379765625000118e+02,-8.883257574683766222e+01
4.684382695312500005e+02,-9.265497740799818871e+01
4.684385624999999891e+02,-8.852117937808290549e+01
4.684388554687500346e+02,-9.662436565448797410e+01
4.684391484375000232e+02,-9.253758088731925113e+01
4.684394414062500118e+02,-8.885836305538235536e+01
4.684397343750000005e+02,-1.102618022894772167e+02
4.684400273437499891e+02,-9.965425261363995446e+01
4.684403203125000346e+02,-9.143178258292704186e+01
4.684406132812500232e+02,-9.708079280923070087e+01
4.684409062500000118e+02,-8.825099794234606065e+01
4.684411992187500005e+02,-8.498084837534116787e+01
4.684414921874999891e+02,-8.483121860233794109e+01
4.684417851562500346e+02,-9.322457124715803900e+01
4.684420781250000232e+02,-9.109524712402232183e+01
4.684423710937500118e+02,-8.640991674651328935e+01
4.684426640625000005e+02,-9.699854096275488757e+01
4.684429570312499891e+02,-9.026702561502283118e+01
4.684432500000000346e+02,-8.499462412404555778e+01
4.684435429687500232e+02,-8.780379716283619018e+01
4.684438359375000118e+02,-9.155894311123967100e+01
4.684441289062500005e+02,-9.552094202338388129e+01
4.684444218749999891e+02,-9.287092611911833728e+01
4.684447148437500346e+02,-8.869892811062436522e+01
4.684450078125000232e+02,-9.583924437410217934e+01
4.684453007812500118e+02,-9.423355395646764521e+01
4.684455937500000005e+02,-9.544447190326637553e+01
4.684458867187499891e+02,-1.008191317304271877e+02
4.684461796875000346e+02,-9.301180486206227727e+01
4.684464726562500232e+02,-8.517239980903062246e+01
4.684467656250000118e+02,-8.489314531134887432e+01
4.684470585937500005e+02,-9.077072581734746848e+01
4.684473515624999891e+02,-8.733893963283847484e+01
4.684476445312500346e+02,-9.011817348252958482e+01
4.684479375000000232e+02,-9.264766717647951566e+01
4.684482304687500118e+02,-9.571428697576504874e+01
4.684485234375000005e+02,-9.731207633021901415e+01
4.684488164062499891e+02,-8.848120223669278062e+01
4.684491093750000346e+02,-8.617850991676257877e+01
4.684494023437500232e+02,-9.258847932322819929e+01
4.684496953125000118e+02,-9.425125080761137042e+01
4.684499882812500005e+02,-1.101591266563699207e+02
4.684502812499999891e+02,-9.451527617734727471e+01
4.684505742187500346e+02,-8.669542210235128721e+01
4.684508671875000232e+02,-8.370894599140547143e+01
4.684511601562500118e+02,-8.767714244186394978e+01
4.684514531250000005e+02,-9.457257554392973020e+01
4.684517460937499891e+02,-8.745900784616972601e+01
4.684520390625000346e+02,-9.206930264175827006e+01
4.684523320312500232e+02,-9.087568324134772979e+01
4.684526250000000118e+02,-9.277071656471994743e+01
4.684529179687500005e+02,-9.421503529415002731e+01
4.684532109374999891e+02,-8.730366627130118218e+01
4.684535039062500346e+02,-9.343635985304499059e+01
4.684537968750000232e+02,-9.216187580082896602e+01
4.684540898437500118e+02,-9.428160709327241307e+01
4.684543828125000005e+02,-9.662758137483800169e+01
4.684546757812499891e+02,-9.190130464741366723e+01
4.684549687500000346e+02,-1.074561478110906165e+02
4.684552617187500232e+02,-8.870834257869088901e+01
4.684555546875000118e+02,-8.651507354282512097e+01
4.684558476562500005e+02,-9.085168106486642614e+01
4.684561406249999891e+02,-8.832257629889524253e+01
4.684564335937500346e+02,-1.018880389699205296e+02
4.684567265625000232e+02,-8.830478337688090562e+01
4.684570195312500118e+02,-8.837117631298737308e+01
4.684573125000000005e+02,-9.251213832128325976e+01
4.684576054687499891e+02,-9.616935598206484315e+01
4.684578984375000346e+02,-8.789829751275547665e+01
4.684581914062500232e+02,-8.652386803349658351e+01
4.684584843750000118e+02,-8.921212958771062063e+01
4.684587773437500005e+02,-8.929145103232673364e+01
4.684590703124999891e+02,-9.203894581120060536e+01
4.684593632812500346e+02,-9.133897976092239901e+01
4.684596562500000232e+02,-8.895018988676829963e+01
4.684599492187500118e+02,-8.472436081680463360e+01
4.684602421875000005e+02,-8.235293034233188791e+01
4.684605351562499891e+02,-9.328872837737917223e+01
4.684608281250000346e+02,-1.020930200221516770e+02
4.684611210937500232e+02,-9.611436753479281947e+01
4.684614140625000118e+02,-9.601952947741635569e+01
4.684617070312500005e+02,-9.027368695063043447e+01
4.684619999999999891e+02,-9.188289664703799531e+01
4.684622929687500346e+02,-8.298645420612388079e+01
4.684625859375000232e+02,-8.605532898973865485e+01
4.684628789062500118e+02,-8.230163935988525736e+01
4.684631718750000005e+02,-8.615113236037016975e+01
4.684634648437499891e+02,-1.030335586062932407e+02
4.684637578125000346e+02,-9.190915285583375294e+01
4.684640507812500232e+02,-8.877812668361180215e+01
4.684643437500000118e+02,-8.784534244990325647e+01
4.684646367187500005e+02,-8.451913154407968420e+01
4.684649296874999891e+02,-8.454113302611659719e+01
4.684652226562500346e+02,-8.957668062312846757e+01
4.684655156250000232e+02,-8.592575264319476958e+01
4.684658085937500118e+02,-8.439583995370263381e+01
4.684661015625000005e+02,-8.493139717624920593e+01
4.684663945312499891e+02,-9.608726856172155806e+01
4.684666875000000346e+02,-8.528061470268234245e+01
4.684669804687500232e+02,-1.139582654414765557e+02
4.684672734375000118e+02,-9.082127040291261721e+01
4.684675664062500005e+02,-9.771206433890752407e+01
4.684678593749999891e+02,-8.939764504148563162e+01
4.684681523437500346e+02,-9.646684882128218419e+01
4.684684453125000232e+02,-9.600381838737497731e+01
4.684687382812500118e+02,-9.087972077273340687e+01
4.684690312500000005e+02,-9.735812966457204709e+01
4.684693242187499891e+02,-8.421860084495008891e+01
4.684696171875000346e+02,-8.744940977362224999e+01
4.684699101562500232e+02,-9.539319911334636970e+01
4.684702031250000118e+02,-8.415698119618627970e+01
4.684704960937500005e+02,-9.079421049251516251e+01
4.684707890624999891e+02,-8.832367867606558320e+01
4.684710820312500346e+02,-8.463426889632441430e+01
4.684713750000000232e+02,-9.253634095504455104e+01
4.684716679687500118e+02,-9.860396980507844944e+01
4.684719609375000005e+02,-8.919305423695469415e+01
4.684722539062499891e+02,-8.586390107779064351e+01
4.684725468750000346e+02,-9.525451775419570311e+01
4.684728398437500232e+02,-8.737246888845672288e+01
4.684731328125000118e+02,-8.831743157588817894e+01
4.684734257812500005e+02,-8.447107693093980174e+01
4.684737187499999891e+02,-8.716819284432743586e+01
4.684740117187500346e+02,-8.334280957608720541e+01
4.684743046875000232e+02,-8.645834130854620980e+01
4.684745976562500118e+02,-9.633223901445728643e+01
4.684748906250000005e+02,-9.228109681581564416e+01
4.684751835937499891e+02,-8.146492092848654920e+01
4.684754765625000346e+02,-8.300327695067511513e+01
4.684757695312500232e+02,-8.986271102034571356e+01
4.684760625000000118e+02,-9.711320422475510838e+01
4.684763554687500005e+02,-1.033583041116625338e+02
4.684766484374999891e+02,-9.498386266826281599e+01
4.684769414062500346e+02,-9.713054290272195601e+01
4.684772343750000232e+02,-9.251195122256905279e+01
4.684775273437500118e+02,-9.100548511305107979e+01
4.684778203125000005e+02,-8.632900834886893904e+01
4.684781132812499891e+02,-8.618278240331460438e+01
4.684784062500000346e+02,-9.380566078092975602e+01
4.684786992187500232e+02,-8.678828908089786864e+01
4.684789921875000118e+02,-8.616081019664349583e+01
4.684792851562500005e+02,-9.031361286486976780e+01
4.684795781249999891e+02,-9.617085229233984478e+01
4.684798710937500346e+02,-1.047848984451553633e+02
4.684801640625000232e+02,-1.024263781791837857e+02
4.684804570312500118e+02,-9.198084928382689895e+01
4.684807500000000005e+02,-9.717390832096302233e+01
4.684810429687499891e+02,-8.738947452860071508e+01
4.684813359375000346e+02,-9.050956283568814342e+01
4.684816289062500232e+02,-8.266829970320260657e+01
4.684819218750000118e+02,-8.572872624051169055e+01
4.684822148437500005e+02,-9.240197920767336370e+01
4.684825078124999891e+02,-9.087367141436496354e+01
4.684828007812500346e+02,-8.605023705621889007e+01
4.684830937500000232e+02,-9.186105352269898106e+01
4.684833867187500118e+02,-9.293931135480102057e+01
4.684836796875000005e+02,-8.730868993700254066e+01
4.684839726562499891e+02,-9.661730524315962043e+01
4.684842656250000346e+02,-8.846204329664458044e+01
4.684845585937500232e+02,-8.709384124006602690e+01
4.684848515625000118e+02,-8.316855016190078231e+01
4.684851445312500005e+02,-8.780878172094789136e+01
4.684854374999999891e+02,-8.660513609208544494e+01
4.684857304687500346e+02,-8.789599672360587590e+01
4.684860234375000232e+02,-9.274661124233711007e+01
4.684863164062500118e+02,-9.126320382104125883e+01
4.684866093750000005e+02,-8.646993052179189476e+01
4.684869023437499891e+02,-9.140187573288943668e+01
4.684871953125000346e+02,-9.153068551146860443e+01
4.684874882812500232e+02,-1.060536569087381622e+02
4.684877812500000118e+02,-9.507650901970039570e+01
4.684880742187500005e+02,-9.533863803064157594e+01
4.684883671874999891e+02,-9.675035274139453634e+01
4.684886601562500346e+02,-9.563804688647161356e+01
4.684889531250000232e+02,-8.861472644298586943e+01
4.684892460937500118e+02,-8.819178373353720701e+01
4.684895390625000005e+02,-8.749787320057642148e+01
4.684898320312499891e+02,-8.711950418332854440e+01
4.684901250000000346e+02,-9.879708510496094220e+01
4.684904179687500232e+02,-8.523135717526994881e+01
4.684907109375000118e+02,-9.537278152676765330e+01
4.684910039062500005e+02,-9.513782681180059342e+01
4.684912968749999891e+02,-9.342008939406571244e+01
4.684915898437500346e+02,-8.616684494797398486e+01
4.684918828125000232e+02,-8.668528035717757518e+01
4.684921757812500118e+02,-8.970282236604330706e+01
4.684924687500000005e+02,-9.029272469444761384e+01
4.684927617187499891e+02,-9.799199726491377760e+01
4.684930546875000346e+02,-1.005846500665741985e+02
4.684933476562500232e+02,-9.988976246180882868e+01
4.684936406250000118e+02,-9.813389597641176465e+01
4.684939335937500005e+02,-9.046859772420805257e+01
4.684942265624999891e+02,-9.273367635306784962e+01
4.684945195312500346e+02,-8.855087677401201063e+01
4.684948125000000232e+02,-9.074885941131739742e+01
4.684951054687500118e+02,-9.213282857733557307e+01
4.684953984375000005e+02,-1.007660431787812172e+02
4.684956914062499891e+02,-9.398835369021340114e+01
4.684959843750000346e+02,-9.991750372490463405e+01
4.684962773437500232e+02,-1.037116176617737722e+02
4.684965703125000118e+02,-9.547809241396821278e+01
4.684968632812500005e+02,-9.642109452428536542e+01
4.684971562499999891e+02,-1.023238354453295642e+02
4.684974492187500346e+02,-8.638290825555972674e+01
4.684977421875000232e+02,-8.326733995811486011e+01
4.684980351562500118e+02,-9.381557613869324541e+01
4.684983281250000005e+02,-9.042264799674649112e+01
4.684986210937499891e+02,-9.991332664587747558e+01
4.684989140625000346e+02,-8.781101399609934788e+01
4.684992070312500232e+02,-9.275245566256124619e+01
4.684995000000000118e+02,-1.055696017402473501e+02
4.684997929687500005e+02,-8.995362418628246814e+01
4.685000859374999891e+02,-9.246047765303435995e+01
4.685003789062500346e+02,-1.113128790406130975e+02
4.685006718750000232e+02,-9.047262574476366126e+01
4.685009648437500118e+02,-8.619748503598309242e+01
4.685012578125000005e+02,-9.017564236364808039e+01
4.685015507812499891e+02,-9.368011534272908136e+01
4.685018437500000346e+02,-9.283849423901830278e+01
4.685021367187500232e+02,-9.859027587005971327e+01
4.685024296875000118e+02,-9.685589145248279408e+01
4.685027226562500005e+02,-9.564810180360152003e+01
4.685030156249999891e+02,-9.213176185502702253e+01
4.685033085937500346e+02,-8.491729945590392958e+01
4.685036015625000232e+02,-8.643834202602570826e+01
4.685038945312500118e+02,-9.659453694459968176e+01
4.685041875000000005e+02,-9.891171869581144449e+01
4.685044804687499891e+02,-8.799907302778731832e+01
4.685047734375000346e+02,-9.204898539740000274e+01
4.685050664062500232e+02,-8.873834649113426565e+01
4.685053593750000118e+02,-9.985498853333828606e+01
4.685056523437500005e+02,-9.062391440256467945e+01
4.685059453124999891e+02,-1.009455185733298066e+02
4.685062382812500346e+02,-8.949311060163863374e+01
4.685065312500000232e+02,-8.848175601224701836e+01
4.685068242187500118e+02,-8.289310053865017380e+01
4.685071171875000005e+02,-9.989429731357691367e+01
4.685074101562499891e+02,-8.432642710175502998e+01
4.685077031250000346e+02,-8.221714756024626070e+01
4.685079960937500232e+02,-8.911610191468348319e+01
4.685082890625000118e+02,-9.279443939572659872e+01
4.685085820312500005e+02,-9.921807190194297732e+01
4.685088749999999891e+02,-8.991017774940004870e+01
4.685091679687500346e+02,-9.789034406536650579e+01
4.685094609375000232e+02,-9.017091356273314773e+01
4.685097539062500118e+02,-9.288951457777747578e+01
4.685100468750000005e+02,-9.593113103582700774e+01
4.685103398437499891e+02,-9.047814108594145921e+01
4.685106328125000346e+02,-9.039559557376864518e+01
4.685109257812500232e+02,-8.896154065673778177e+01
4.685112187500000118e+02,-9.510754540491483056e+01
4.685115117187500005e+02,-9.314394305089680870e+01
4.685118046874999891e+02,-9.737417726823963449e+01
4.685120976562500346e+02,-8.684493711581160369e+01
4.685123906250000232e+02,-8.338719866624251154e+01
4.685126835937500118e+02,-8.576611885190418150e+01
4.685129765625000005e+02,-9.514526343420754984e+01
4.685132695312499891e+02,-9.055375068395730409e+01
4.685135625000000346e+02,-9.176529225057672079e+01
4.685138554687500232e+02,-8.765467285522198893e+01
4.685141484375000118e+02,-8.490145804877421654e+01
4.685144414062500005e+02,-9.300742939524093345e+01
4.685147343749999891e+02,-9.323619278814871336e+01
4.685150273437500346e+02,-9.411238855548212712e+01
4.685153203125000232e+02,-1.097789839734576702e+02
4.685156132812500118e+02,-9.917051133397052354e+01
4.685159062500000005e+02,-9.548570685821533743e+01
4.685161992187499891e+02,-8.741448427189527592e+01
4.685164921875000346e+02,-9.804348000525406803e+01
4.685167851562500232e+02,-8.556387673495378010e+01
4.685170781250000118e+02,-8.763466049528106794e+01
4.685173710937500005e+02,-9.624236338826923998e+01
4.685176640624999891e+02,-9.273727075557239630e+01
4.685179570312500346e+02,-8.372626795419967038e+01
4.685182500000000232e+02,-8.182589420451093076e+01
4.685185429687500118e+02,-8.872684191699030976e+01
4.685188359375000005e+02,-1.048928571848228444e+02
4.685191289062499891e+02,-9.055773305433010023e+01
4.685194218750000346e+02,-9.524611884688668795e+01
4.685197148437500232e+02,-1.021309897381857468e+02
4.685200078125000118e+02,-8.872219316112357035e+01
4.685203007812500005e+02,-8.745325637158748577e+01
4.685205937499999891e+02,-8.826742709034185452e+01
4.685208867187500346e+02,-9.748292665746596697e+01
4.685211796875000232e+02,-8.900218134924580227e+01
4.685214726562500118e+02,-8.854382838152594104e+01
4.685217656250000005e+02,-8.847350268376033000e+01
4.685220585937499891e+02,-9.196920013362584712e+01
4.685223515625000346e+02,-9.402050168907345551e+01
4.685226445312500232e+02,-9.390947480354626009e+01
4.685229375000000118e+02,-9.210493862364251072e+01
4.685232304687500005e+02,-9.103879861590425548e+01
4.685235234374999891e+02,-9.123177011179286922e+01
4.685238164062500346e+02,-9.070849220924631595e+01
4.685241093750000232e+02,-8.975851729341042073e+01
4.685244023437500118e+02,-1.039294205309352606e+02
4.685246953125000005e+02,-9.814519236823606718e+01
4.685249882812499891e+02,-8.950750639072241199e+01
4.685252812500000346e+02,-9.190147834764349000e+01
4.685255742187500232e+02,-9.736250838689549880e+01
4.685258671875000118e+02,-9.201834014183808108e+01
4.685261601562500005e+02,-9.075247356241980867e+01
4.685264531249999891e+02,-9.450678465408267925e+01
4.685267460937500346e+02,-9.351057482342855565e+01
4.685270390625000232e+02,-9.540227149466666390e+01
4.685273320312500118e+02,-1.134178428655625481e+02
4.685276250000000005e+02,-9.477573923863201344e+01
4.685279179687499891e+02,-9.759163636323394542e+01
4.685282109375000346e+02,-9.910522327546773624e+01
4.685285039062500232e+02,-9.132040503840536871e+01
4.685287968750000118e+02,-9.375631187633049990e+01
4.685290898437500005e+02,-1.117692548901703162e+02
4.685293828124999891e+02,-1.003158480076403833e+02
4.685296757812500346e+02,-9.892086711159066681e+01
4.685299687500000232e+02,-1.059298706976201743e+02
4.685302617187500118e+02,-9.506341974246323900e+01
4.685305546875000005e+02,-9.136318651462315188e+01
4.685308476562499891e+02,-9.525529899748966045e+01
4.685311406250000346e+02,-9.446534515793125308e+01
4.685314335937500232e+02,-9.096236054253984094e+01
4.685317265625000118e+02,-9.025727408172147648e+01
4.685320195312500005e+02,-9.566784512519944883e+01
4.685323124999999891e+02,-1.001239681265869876e+02
4.685326054687500346e+02,-9.981772399774553151e+01
4.685328984375000232e+02,-8.856183475830304985e+01
4.685331914062500118e+02,-8.871945444910709000e+01
4.685334843750000005e+02,-9.226266073848235294e+01
4.685337773437499891e+02,-9.205392497245377115e+01
4.685340703125000346e+02,-9.566714880391516829e+01
4.685343632812500232e+02,-9.561918082650711881e+01
4.685346562500000118e+02,-1.009935048008262299e+02
4.685349492187500005e+02,-9.041823616168456113e+01
4.685352421874999891e+02,-8.879741470449206986e+01
4.685355351562500346e+02,-8.704753244076079000e+01
4.685358281250000232e+02,-9.248101037193873708e+01
4.685361210937500118e+02,-9.199137276365901528e+01
4.685364140625000005e+02,-8.897475911564097828e+01
4.685367070312499891e+02,-9.595706079054657778e+01
4.685370000000000346e+02,-9.086726035122987355e+01
4.685372929687500232e+02,-8.981627374486954807e+01
4.685375859375000118e+02,-8.818622888399184490e+01
4.685378789062500005e+02,-9.577751316533259285e+01
4.685381718749999891e+02,-9.280848588381158493e+01
4.685384648437500346e+02,-9.565174929848359398e+01
4.685387578125000232e+02,-8.931090855169478004e+01
4.685390507812500118e+02,-8.704332527756645277e+01
4.685393437500000005e+02,-8.800644953862990860e+01
4.685396367187499891e+02,-8.937573849769721335e+01
4.685399296875000346e+02,-8.736250492149773095e+01
4.685402226562500232e+02,-9.337263791067971397e+01
4.685405156250000118e+02,-8.748532546155622924e+01
4.685408085937500005e+02,-9.026656699012679042e+01
4.685411015624999891e+02,-9.371211314593344355e+01
4.685413945312500346e+02,-1.100136405663885029e+02
4.685416875000000232e+02,-8.978202024161952011e+01
4.685419804687500118e+02,-8.706885532558949592e+01
4.685422734375000005e+02,-9.472175828065005021e+01
4.685425664062499891e+02,-8.760007329767759643e+01
4.685428593750000346e+02,-8.280561002752727973e+01
4.685431523437500232e+02,-9.260540851430087628e+01
4.685434453125000118e+02,-8.864151798026250617e+01
4.685437382812500005e+02,-9.398669506740567670e+01
4.685440312499999891e+02,-8.712481393272284436e+01
4.685443242187500346e+02,-1.061194661676762223e+02
4.685446171875000232e+02,-8.479360437447044774e+01
4.685449101562500118e+02,-8.733184399904686757e+01
4.685452031250000005e+02,-1.193190587469654531e+02
4.685454960937499891e+02,-9.770988938569131221e+01
4.685457890625000346e+02,-9.971854335797422664e+01
4.685460820312500232e+02,-9.922818653524194588e+01
4.685463750000000118e+02,-9.227832681498799161e+01
4.685466679687500005e+02,-9.615252764341518343e+01
4.685469609374999891e+02,-1.061082692205482516e+02
4.685472539062500346e+02,-1.030873308898968190e+02
4.685475468750000232e+02,-1.018843065967998029e+02
4.685478398437500118e+02,-8.969900879508642788e+01
4.685481328125000005e+02,-9.307891523093312003e+01
4.685484257812499891e+02,-9.348744007110056486e+01
4.685487187500000346e+02,-8.883315896306193338e+01
4.685490117187500232e+02,-9.343965650622598673e+01
4.685493046875000118e+02,-8.995220655877145077e+01
4.685495976562500005e+02,-9.593814271398258597e+01
4.685498906249999891e+02,-9.273648168065301434e+01
4.685501835937500346e+02,-9.671661591859462703e+01
4.685504765625000232e+02,-9.260113442686252938e+01
4.685507695312500118e+02,-1.078193123705231784e+02
4.685510625000000005e+02,-9.533863122538328128e+01
4.685513554687499891e+02,-9.562184687478699630e+01
4.685516484375000346e+02,-9.215567473676598809e+01
4.685519414062500232e+02,-9.794428618867662806e+01
4.685522343750000118e+02,-9.583766598258856106e+01
4.685525273437500005e+02,-8.957790328438238703e+01
4.685528203124999891e+02,-8.927502083965249824e+01
4.685531132812500346e+02,-9.302639109331961720e+01
4.685534062500000232e+02,-9.425647610713980384e+01
4.685536992187500118e+02,-9.758530535242522319e+01
4.685539921875000005e+02,-9.233061492720270280e+01
4.685542851562499891e+02,-9.401088268311195861e+01
4.685545781250000346e+02,-9.223124262505010051e+01
4.685548710937500232e+02,-8.545739953656851640e+01
4.685551640625000118e+02,-8.489752715732768706e+01
4.685554570312500005e+02,-8.690603284097633718e+01
4.685557499999999891e+02,-9.228707143923526246e+01
4.685560429687500346e+02,-9.186252110812772287e+01
4.685563359375000232e+02,-9.138685184710436715e+01
4.685566289062500118e+02,-9.153663945913518774e+01
4.685569218750000005e+02,-8.379250993988813434e+01
4.685572148437499891e+02,-9.255910093551773343e+01
4.685575078125000346e+02,-9.764553157886517454e+01
4.685578007812500232e+02,-8.882623929338603830e+01
4.685580937500000118e+02,-8.904601768087219682e+01
4.685583867187500005e+02,-8.575301324699498196e+01
4.685586796874999891e+02,-9.135629339455371678e+01
4.685589726562500346e+02,-9.016905300532826573e+01
4.685592656250000232e+02,-9.406583683556331721e+01
4.685595585937500118e+02,-9.756833254968984193e+01
4.685598515625000005e+02,-9.890099355955312888e+01
4.685601445312499891e+02,-1.066307386488749529e+02
4.685604375000000346e+02,-9.158636323289914571e+01
4.685607304687500232e+02,-8.300560019163532388e+01
4.685610234375000118e+02,-8.612541718713431749e+01
4.685613164062500005e+02,-9.042157949259318173e+01
4.685616093749999891e+02,-8.876700476746000845e+01
4.685619023437500346e+02,-9.369285360656901673e+01
4.685621953125000232e+02,-8.899015261261132537e+01
4.685624882812500118e+02,-9.450828422214047464e+01
4.685627812500000005e+02,-9.305800298279045535e+01
4.685630742187499891e+02,-9.477954981863577189e+01
4.685633671875000346e+02,-9.914575165681930002e+01
4.685636601562500232e+02,-8.915842989821931042e+01
4.685639531250000118e+02,-8.830800002493985801e+01
4.685642460937500005e+02,-1.036597572272032437e+02
4.685645390624999891e+02,-9.795612456510048105e+01
4.685648320312500346e+02,-9.089511944424847911e+01
4.685651250000000232e+02,-9.539387838676415754e+01
4.685654179687500118e+02,-9.188904723799554120e+01
4.685657109375000005e+02,-9.444778429385789309e+01
4.685660039062499891e+02,-8.951207232387277202e+01
4.685662968750000346e+02,-8.689148964000597175e+01
4.685665898437500232e+02,-9.836780039853211122e+01
4.685668828125000118e+02,-9.635808029072181569e+01
4.685671757812500005e+02,-9.618966409341867063e+01
4.685674687499999891e+02,-1.017778734327318944e+02
4.685677617187500346e+02,-1.036217320066299976e+02
4.685680546875000232e+02,-9.522450708476202408e+01
4.685683476562500118e+02,-1.065121911095363885e+02
4.685686406250000005e+02,-8.784315357631307108e+01
4.685689335937499891e+02,-8.647938010623283844e+01
4.685692265625000346e+02,-9.228793305382311019e+01
4.685695195312500232e+02,-9.756511655396616334e+01
4.685698125000000118e+02,-9.816446774605194037e+01
4.685701054687500005e+02,-9.133193742617528699e+01
4.685703984374999891e+02,-9.441036240893211584e+01
4.685706914062500346e+02,-9.901504041826160574e+01
4.685709843750000232e+02,-9.210734678483385096e+01
4.685712773437500118e+02,-8.620881707533581562e+01
4.685715703125000005e+02,-9.074748318107786815e+01
4.685718632812499891e+02,-9.740694312486442641e+01
4.685721562500000346e+02,-9.766038045405601054e+01
4.685724492187500232e+02,-9.918656065782053588e+01
4.685727421875000118e+02,-9.825254345662941091e+01
4.685730351562500005e+02,-9.175963347118511138e+01
4.685733281249999891e+02,-1.093182622757079798e+02
4.685736210937500346e+02,-9.742951219607493840e+01
4.685739140625000232e+02,-9.225123769460000744e+01
4.685742070312500118e+02,-9.003870630092258409e+01
4.685745000000000005e+02,-9.339717605165047587e+01
4.685747929687499891e+02,-9.306032266438788270e+01
4.685750859375000346e+02,-8.943571189596609372e+01
4.685753789062500232e+02,-9.261593474527160197e+01
4.685756718750000118e+02,-9.023050321213737845e+01
4.685759648437500005e+02,-8.679623696952182854e+01
4.685762578124999891e+02,-9.046341209441942510e+01
4.685765507812500346e+02,-9.466832026710746106e+01
4.685768437500000232e+02,-1.029655740111485471e+02
4.685771367187500118e+02,-9.965215382651706477e+01
4.685774296875000005e+02,-1.116603778330263026e+02
4.685777226562499891e+02,-1.071854288158080521e+02
4.685780156250000346e+02,-9.555505291330072737e+01
4.685783085937500232e+02,-9.210811085289789446e+01
4.685786015625000118e+02,-8.561434524536554136e+01
4.685788945312500005e+02,-8.968980616913414394e+01
4.685791874999999891e+02,-9.119874994879492647e+01
4.685794804687500346e+02,-9.264208023427545413e+01
4.685797734375000232e+02,-1.009304950316140719e+02
4.685800664062500118e+02,-9.113411115793327610e+01
4.685803593750000005e+02,-9.076758378728500531e+01
4.685806523437499891e+02,-1.093025522313781863e+02
4.685809453125000346e+02,-8.929843222405851577e+01
4.685812382812500232e+02,-9.430054936180954428e+01
4.685815312500000118e+02,-1.040812278080507411e+02
4.685818242187500005e+02,-9.569274189250785412e+01
4.685821171874999891e+02,-9.144968456957144554e+01
4.685824101562500346e+02,-9.270881740248370306e+01
4.685827031250000232e+02,-8.998256791098901886e+01
4.685829960937500118e+02,-9.397254376790411357e+01
4.685832890625000005e+02,-9.346005719130657496e+01
4.685835820312499891e+02,-1.018159757283787172e+02
4.685838750000000346e+02,-9.890994995756179264e+01
4.685841679687500232e+02,-9.731912687680554086e+01
4.685844609375000118e+02,-8.847944228122989330e+01
4.685847539062500005e+02,-8.778850014824514858e+01
4.685850468749999891e+02,-9.810700097687151811e+01
4.685853398437500346e+02,-9.464471365635994005e+01
4.685856328125000232e+02,-8.836067632791517212e+01
4.685859257812500118e+02,-9.009606122403823747e+01
4.685862187500000005e+02,-9.067392268514529974e+01
4.685865117187499891e+02,-9.235340366806802592e+01
4.685868046875000346e+02,-9.181777780610131856e+01
4.685870976562500232e+02,-9.454996234249490783e+01
4.685873906250000118e+02,-1.033934241986510614e+02
4.685876835937500005e+02,-9.233627797814725113e+01
4.685879765624999891e+02,-9.010284468316459083e+01
4.685882695312500346e+02,-9.707196407240559211e+01
4.685885625000000232e+02,-9.190518858375679656e+01
4.685888554687500118e+02,-9.449692779688648159e+01
4.685891484375000005e+02,-9.364500867336415979e+01
4.685894414062499891e+02,-9.502136369479289613e+01
4.685897343750000346e+02,-9.326490220202143178e+01
4.685900273437500232e+02,-8.816492754394026576e+01
4.685903203125000118e+02,-9.442009763804436773e+01
4.685906132812500005e+02,-8.809187837099241847e+01
4.685909062499999891e+02,-8.868588637035182387e+01
4.685911992187500346e+02,-9.214692654635237545e+01
4.685914921875000232e+02,-8.969342091611733281e+01
4.685917851562500118e+02,-8.874747709687504482e+01
4.685920781250000005e+02,-8.623453670970857843e+01
4.685923710937499891e+02,-9.312105940783133917e+01
4.685926640625000346e+02,-9.776156204741283773e+01
4.685929570312500232e+02,-8.969915788729608153e+01
4.685932500000000118e+02,-9.232429389938377540e+01
4.685935429687500005e+02,-9.025880516247603680e+01
4.685938359374999891e+02,-9.771481530734283183e+01
4.685941289062500346e+02,-9.168040500619086686e+01
4.685944218750000232e+02,-9.737089726443383597e+01
4.685947148437500118e+02,-8.940242316893277064e+01
4.685950078125000005e+02,-9.442784470336147251e+01
4.685953007812499891e+02,-8.802207520875556668e+01
4.685955937500000346e+02,-8.568429736578266898e+01
4.685958867187500232e+02,-8.869264026304108484e+01
4.685961796875000118e+02,-9.291755787918003762e+01
4.685964726562500005e+02,-9.217273416481225468e+01
4.685967656249999891e+02,-9.432765034115607250e+01
4.685970585937500346e+02,-8.941558214209366895e+01
4.685973515625000232e+02,-9.222908928916909588e+01
4.685976445312500118e+02,-8.852807693147150303e+01
4.685979375000000005e+02,-8.776947170086215522e+01
4.685982304687499891e+02,-9.415451802630630596e+01
4.685985234375000346e+02,-1.007068575787746454e+02
4.685988164062500232e+02,-9.321683211992615270e+01
4.685991093750000118e+02,-9.393129417883105248e+01
4.685994023437500005e+02,-8.973385323856166451e+01
4.685996953124999891e+02,-8.780350423221480582e+01
4.685999882812500346e+02,-9.185866831987176795e+01
4.686002812500000232e+02,-9.131209404564246768e+01
4.686005742187500118e+02,-8.755390882169565714e+01
4.686008671875000005e+02,-9.076302850414030843e+01
4.686011601562499891e+02,-9.523775944733819188e+01
4.686014531250000346e+02,-8.702507969185424486e+01
4.686017460937500232e+02,-9.238852881978746723e+01
4.686020390625000118e+02,-8.791640558901627855e+01
4.686023320312500005e+02,-8.885556661912653453e+01
4.686026249999999891e+02,-9.525361053807513656e+01
4.686029179687500346e+02,-9.222159633839210358e+01
4.686032109375000232e+02,-1.007351804193369418e+02
4.686035039062500118e+02,-8.824520122452042870e+01
4.686037968750000005e+02,-8.898228736314359821e+01
4.686040898437499891e+02,-8.886986684730622699e+01
4.686043828125000346e+02,-8.513443350568533674e+01
4.686046757812500232e+02,-9.829501598772503712e+01
4.686049687500000118e+02,-8.234864806039290386e+01
4.686052617187500005e+02,-8.485100504002124921e+01
4.686055546874999891e+02,-1.015507794517399986e+02
4.686058476562500346e+02,-9.311869407151925770e+01
4.686061406250000232e+02,-9.899633444287884743e+01
4.686064335937500118e+02,-9.228462522426551118e+01
4.686067265625000005e+02,-8.997618091409968599e+01
4.686070195312499891e+02,-9.553568710252852725e+01
4.686073125000000346e+02,-9.176877150612014589e+01
4.686076054687500232e+02,-8.851607550888657272e+01
4.686078984375000118e+02,-8.879658731715727527e+01
4.686081914062500005e+02,-9.269016435009775989e+01
4.686084843749999891e+02,-9.013373224557406616e+01
4.686087773437500346e+02,-9.346192288729861275e+01
4.686090703125000232e+02,-9.386520509035335635e+01
4.686093632812500118e+02,-9.054041706208604978e+01
4.686096562500000005e+02,-8.781709553304276028e+01
4.686099492187499891e+02,-9.515622913617033873e+01
4.686102421875000346e+02,-9.117938689245617923e+01
4.686105351562500232e+02,-9.729348075645317806e+01
4.686108281250000118e+02,-9.541729502889884884e+01
4.686111210937500005e+02,-9.130482191172384887e+01
4.686114140624999891e+02,-9.218008362891930574e+01
4.686117070312500346e+02,-8.921421802399250112e+01
4.686120000000000232e+02,-9.025952814095296617e+01
4.686122929687500118e+02,-9.698362797598451834e+01
4.686125859375000005e+02,-9.427486837441328760e+01
4.686128789062499891e+02,-9.853294208071358184e+01
4.686131718750000346e+02,-9.091611416893655928e+01
4.686134648437500232e+02,-8.955218877327560278e+01
4.686137578125000118e+02,-9.700312028250166918e+01
4.686140507812500005e+02,-9.750073349250889976e+01
4.686143437499999891e+02,-9.015573556884990580e+01
4.686146367187500346e+02,-9.488807149268865260e+01
4.686149296875000232e+02,-1.090393335893068780e+02
4.686152226562500118e+02,-9.567745732116163992e+01
4.686155156250000005e+02,-9.085715689232414150e+01
4.686158085937499891e+02,-8.997264185269619929e+01
4.686161015625000346e+02,-9.540194763416721457e+01
4.686163945312500232e+02,-9.994130265169982863e+01
4.686166875000000118e+02,-9.553889594156254361e+01
4.686169804687500005e+02,-9.270648014715749241e+01
4.686172734374999891e+02,-9.052932243008572755e+01
4.686175664062500346e+02,-9.867588462319895370e+01
4.686178593750000232e+02,-9.432403172343370557e+01
4.686181523437500118e+02,-9.710243821052668522e+01
4.686184453125000005e+02,-9.435771476523234469e+01
4.686187382812499891e+02,-9.521710647536096417e+01
4.686190312500000346e+02,-9.700631560717390300e+01
4.686193242187500232e+02,-9.060468669939999131e+01
4.686196171875000118e+02,-8.894398729235228984e+01
4.686199101562500005e+02,-9.277241990961405804e+01
4.686202031249999891e+02,-9.189356834462054735e+01
4.686204960937500346e+02,-8.960187612083475983e+01
4.686207890625000232e+02,-8.942816634445833301e+01
4.686210820312500118e+02,-9.231466632338910472e+01
4.686213750000000005e+02,-9.259476405721181891e+01
4.686216679687499891e+02,-9.454585316183477062e+01
4.686219609375000346e+02,-9.440253771619170209e+01
4.686222539062500232e+02,-9.573363737469739476e+01
4.686225468750000118e+02,-9.509081801799564460e+01
4.686228398437500005e+02,-8.867683365234842086e+01
4.686231328124999891e+02,-1.001602630092138213e+02
4.686234257812500346e+02,-9.172559876222187825e+01
4.686237187500000232e+02,-9.302678286778274241e+01
4.686240117187500118e+02,-9.041928433003177190e+01
4.686243046875000005e+02,-9.426545604871704143e+01
4.686245976562499891e+02,-9.783556828894353430e+01
4.686248906250000346e+02,-9.745953863022873520e+01
4.686251835937500232e+02,-9.645279859444110571e+01
4.686254765625000118e+02,-9.699387123290989621e+01
4.686257695312500005e+02,-9.317797782332516476e+01
4.686260624999999891e+02,-9.055672195721621165e+01
4.686263554687500346e+02,-8.960892095127570656e+01
4.686266484375000232e+02,-9.536680562127288852e+01
4.686269414062500118e+02,-9.178609904677804820e+01
4.686272343750000005e+02,-8.383842439380180167e+01
4.686275273437499891e+02,-9.324343607265289791e+01
4.686278203125000346e+02,-9.053767760093769823e+01
4.686281132812500232e+02,-9.468985668829981250e+01
4.686284062500000118e+02,-8.503569970572407044e+01
4.686286992187500005e+02,-8.698587231666826369e+01
4.686289921874999891e+02,-9.012305815603603776e+01
4.686292851562500346e+02,-9.379453635550190427e+01
4.686295781250000232e+02,-9.014057193869538764e+01
4.686298710937500118e+02,-8.761324824488191609e+01
4.686301640625000005e+02,-8.853188541849910109e+01
4.686304570312499891e+02,-9.714146630759103118e+01
4.686307500000000346e+02,-1.001470070647610697e+02
4.686310429687500232e+02,-9.133747737759370011e+01
4.686313359375000118e+02,-9.119556539052238975e+01
4.686316289062500005e+02,-1.075456407089742470e+02
4.686319218749999891e+02,-9.968468124679274922e+01
4.686322148437500346e+02,-8.941454247388607257e+01
4.686325078125000232e+02,-9.027425257867596997e+01
4.686328007812500118e+02,-8.859776730655740096e+01
4.686330937500000005e+02,-8.861538586822889840e+01
4.686333867187499891e+02,-1.057848233527418813e+02
4.686336796875000346e+02,-8.987534534053592949e+01
4.686339726562500232e+02,-9.094101676079503704e+01
4.686342656250000118e+02,-9.826716521952425865e+01
4.686345585937500005e+02,-1.081373897200090823e+02
4.686348515624999891e+02,-9.475310498951009208e+01
4.686351445312500346e+02,-9.505344751163391948e+01
4.686354375000000232e+02,-9.410445077455840135e+01
4.686357304687500118e+02,-8.908096927291354916e+01
4.686360234375000005e+02,-1.072911888049570166e+02
4.686363164062499891e+02,-9.009951113801864153e+01
4.686366093750000346e+02,-9.402738162182258463e+01
4.686369023437500232e+02,-8.911757746411730352e+01
4.686371953125000118e+02,-8.831061442382105042e+01
4.686374882812500005e+02,-9.510263893091638465e+01
4.686377812499999891e+02,-9.725829659321810539e+01
4.686380742187500346e+02,-9.333753763062571807e+01
4.686383671875000232e+02,-9.029022965994457195e+01
4.686386601562500118e+02,-8.703864783073291278e+01
4.686389531250000005e+02,-8.447534708293051153e+01
4.686392460937499891e+02,-8.961658458197982213e+01
4.686395390625000346e+02,-9.236943936491451268e+01
4.686398320312500232e+02,-8.664428374443168934e+01
4.686401250000000118e+02,-8.355409984792613898e+01
4.686404179687500005e+02,-9.327271939929339339e+01
4.686407109374999891e+02,-9.557236856936533798e+01
4.686410039062500346e+02,-9.843793674628783208e+01
4.686412968750000232e+02,-9.837962756508952111e+01
4.686415898437500118e+02,-9.429383736584938447e+01
4.686418828125000005e+02,-9.390808569505487924e+01
4.686421757812499891e+02,-9.167188862634151292e+01
4.686424687500000346e+02,-9.248242744333498422e+01
4.686427617187500232e+02,-8.884115838735698389e+01
4.686430546875000118e+02,-8.812996077389243510e+01
4.686433476562500005e+02,-9.351632503326445089e+01
4.686436406249999891e+02,-9.073445896969316493e+01
4.686439335937500346e+02,-9.533707414460018015e+01
4.686442265625000232e+02,-8.690372647876310452e+01
4.686445195312500118e+02,-8.351017810198359825e+01
4.686448125000000005e+02,-1.009587386911778140e+02
4.686451054687499891e+02,-9.040835562346266840e+01
4.686453984375000346e+02,-8.648150492785387655e+01
4.686456914062500232e+02,-9.053741352382598961e+01
4.686459843750000118e+02,-9.086383250779883269e+01
4.686462773437500005e+02,-9.565223631221385858e+01
4.686465703124999891e+02,-8.885700967691398944e+01
4.686468632812500346e+02,-9.569618371779471033e+01
4.686471562500000232e+02,-8.750914115558721562e+01
4.686474492187500118e+02,-9.006741777951998529e+01
4.686477421875000005e+02,-9.250755776374616346e+01
4.686480351562499891e+02,-8.890071938098061821e+01
4.686483281250000346e+02,-9.296743006679591304e+01
4.686486210937500232e+02,-9.963714789288948737e+01
4.686489140625000118e+02,-9.183039289664606031e+01
4.686492070312500005e+02,-9.106967287255338306e+01
4.686494999999999891e+02,-8.971377898350512226e+01
4.686497929687500346e+02,-9.734530254137294492e+01
4.686500859375000232e+02,-9.611684342088284438e+01
4.686503789062500118e+02,-8.964996813389836916e+01
4.686506718750000005e+02,-9.499052105845107974e+01
4.686509648437499891e+02,-8.724584704409492986e+01
4.686512578125000346e+02,-1.014231085650150987e+02
4.686515507812500232e+02,-8.685300709492261717e+01
4.686518437500000118e+02,-8.658136000424435963e+01
4.686521367187500005e+02,-9.194620767430782848e+01
4.686524296874999891e+02,-1.039484400387480747e+02
4.686527226562500346e+02,-9.796763519281239496e+01
4.686530156250000232e+02,-1.339921256939562682e+02
4.686533085937500118e+02,-1.212835333322020688e+02
4.686536015625000005e+02,-9.596369762635198697e+01
4.686538945312499891e+02,-9.230010044053472029e+01
4.686541875000000346e+02,-9.493634850732617281e+01
4.686544804687500232e+02,-9.551444307096501518e+01
4.686547734375000118e+02,-9.419877126647135412e+01
4.686550664062500005e+02,-9.702687075208669398e+01
4.686553593749999891e+02,-9.885178224617769160e+01
4.686556523437500346e+02,-1.057001597663114296e+02
4.686559453125000232e+02,-9.038349681654976564e+01
4.686562382812500118e+02,-9.666452762648766850e+01
4.686565312500000005e+02,-1.052753705991464699e+02
4.686568242187499891e+02,-9.501540936668901338e+01
4.686571171875000346e+02,-1.007976156310675719e+02
4.686574101562500232e+02,-9.930330504441563733e+01
4.686577031250000118e+02,-8.859944013121229034e+01
4.686579960937500005e+02,-8.735835065990217174e+01
4.686582890624999891e+02,-8.885065755434217749e+01
4.686585820312500346e+02,-9.226514168092607804e+01
4.686588750000000232e+02,-9.408264122472797908e+01
4.686591679687500118e+02,-9.028805008302870760e+01
4.686594609375000005e+02,-8.854057827506858303e+01
4.686597539062499891e+02,-1.022257799240529863e+02
4.686600468750000346e+02,-9.490337934661229724e+01
4.686603398437500232e+02,-9.743529289397324078e+01
4.686606328125000118e+02,-9.397058999000209667e+01
4.686609257812500005e+02,-1.030534528872876479e+02
4.686612187499999891e+02,-9.536009831163276829e+01
4.686615117187500346e+02,-9.406682726073997003e+01
4.686618046875000232e+02,-8.999251050093849358e+01
4.686620976562500118e+02,-1.041615586211834739e+02
4.686623906250000005e+02,-8.997406427576348165e+01
4.686626835937499891e+02,-8.829868356767612170e+01
4.686629765625000346e+02,-9.160743993216820513e+01
4.686632695312500232e+02,-8.998988590841941004e+01
4.686635625000000118e+02,-8.442220506130175295e+01
4.686638554687500005e+02,-8.579110399820399380e+01
4.686641484374999891e+02,-9.742850071452261318e+01
4.686644414062500346e+02,-9.556685485533677138e+01
4.686647343750000232e+02,-9.706231070862868648e+01
4.686650273437500118e+02,-9.009239341273698187e+01
4.686653203125000005e+02,-9.495531030484117707e+01
4.686656132812499891e+02,-8.745568225569515164e+01
4.686659062500000346e+02,-9.348964235035742831e+01
4.686661992187500232e+02,-9.077052688109500878e+01
4.686664921875000118e+02,-8.765430534249395578e+01
4.686667851562500005e+02,-9.433732857161076879e+01
4.686670781249999891e+02,-9.319116330096441914e+01
4.686673710937500346e+02,-9.321031954214119253e+01
4.686676640625000232e+02,-9.762966979017504343e+01
4.686679570312500118e+02,-9.303827179346126286e+01
4.686682500000000005e+02,-1.045549950372810883e+02
4.686685429687499891e+02,-1.049474649263125627e+02
4.686688359375000346e+02,-9.200084195297242218e+01
4.686691289062500232e+02,-8.848089624780232043e+01
4.686694218750000118e+02,-8.728605068938976785e+01
4.686697148437500005e+02,-9.802523442301777834e+01
4.686700078124999891e+02,-8.665233338325847967e+01
4.686703007812500346e+02,-1.013305117227595389e+02
4.686705937500000232e+02,-8.791218809542641566e+01
4.686708867187500118e+02,-9.678404464247302030e+01
4.686711796875000005e+02,-1.004054541236536693e+02
4.686714726562499891e+02,-9.733134311492415236e+01
4.686717656250000346e+02,-9.870555510870404703e+01
4.686720585937500232e+02,-9.207373092498771427e+01
4.686723515625000118e+02,-9.156219394070052431e+01
4.686726445312500005e+02,-9.607146771701083310e+01
4.686729374999999891e+02,-8.927544724074742533e+01
4.686732304687500346e+02,-9.344219636998901990e+01
4.686735234375000232e+02,-9.686302166094455401e+01
4.686738164062500118e+02,-8.921272114299154055e+01
4.686741093750000005e+02,-8.924966334148669489e+01
4.686744023437499891e+02,-1.007478696029358218e+02
4.686746953125000346e+02,-9.618016868925209906e+01
4.686749882812500232e+02,-9.595455964870809851e+01
4.686752812500000118e+02,-9.116507307103188396e+01
4.686755742187500005e+02,-9.110829421512579529e+01
4.686758671874999891e+02,-9.997392623750819496e+01
4.686761601562500346e+02,-9.903569550311269154e+01
4.686764531250000232e+02,-9.252113510676637986e+01
4.686767460937500118e+02,-8.628588372998487444e+01
4.686770390625000005e+02,-9.635449792852665496e+01
4.686773320312499891e+02,-9.107988822388337269e+01
4.686776250000000346e+02,-9.387656024568373425e+01
4.686779179687500232e+02,-8.858366087767743124e+01
4.686782109375000118e+02,-9.838598884228309771e+01
4.686785039062500005e+02,-9.184364109749827776e+01
4.686787968749999891e+02,-9.307661646040011760e+01
4.686790898437500346e+02,-9.352614226695850164e+01
4.686793828125000232e+02,-9.893267476255880410e+01
4.686796757812500118e+02,-9.214877839464750764e+01
4.686799687500000005e+02,-9.282396799163898038e+01
4.686802617187499891e+02,-1.002359672580835337e+02
4.686805546875000346e+02,-9.978836538669821721e+01
4.686808476562500232e+02,-9.689305456705608321e+01
4.686811406250000118e+02,-9.417462987054834400e+01
4.686814335937500005e+02,-1.018631842505842400e+02
4.686817265624999891e+02,-8.531242759822319499e+01
4.686820195312500346e+02,-8.886174932308290408e+01
4.686823125000000232e+02,-9.680374568593224183e+01
4.686826054687500118e+02,-9.151971686086790214e+01
4.686828984375000005e+02,-8.776839016297897444e+01
4.686831914062499891e+02,-9.206725155058461496e+01
4.686834843750000346e+02,-9.568011921687207177e+01
4.686837773437500232e+02,-9.569759115900403401e+01
4.686840703125000118e+02,-9.067669925803986075e+01
4.686843632812500005e+02,-9.434528947626183992e+01
4.686846562499999891e+02,-8.646106319592971090e+01
4.686849492187500346e+02,-8.294371406402788693e+01
4.686852421875000232e+02,-9.317121415674574791e+01
4.686855351562500118e+02,-9.411428058987453937e+01
4.686858281250000005e+02,-9.158649293797752478e+01
4.686861210937499891e+02,-8.965101614951302622e+01
4.686864140625000346e+02,-9.120929866298129696e+01
4.686867070312500232e+02,-8.879127000983467610e+01
4.686870000000000118e+02,-9.047662230566821506e+01
4.686872929687500005e+02,-8.895049041883123664e+01
4.686875859374999891e+02,-9.377838163466550725e+01
4.686878789062500346e+02,-9.759466877852636912e+01
4.686881718750000232e+02,-9.132483943583615371e+01
4.686884648437500118e+02,-9.694722333721541929e+01
4.686887578125000005e+02,-9.155863023497315112e+01
4.686890507812499891e+02,-1.073338390303086953e+02
4.686893437500000346e+02,-9.659045172489157949e+01
4.686896367187500232e+02,-9.775388707600703242e+01
4.686899296875000118e+02,-9.604362484952736168e+01
4.686902226562500005e+02,-9.002197815038934436e+01
4.686905156249999891e+02,-1.043261811934951879e+02
4.686908085937500346e+02,-9.943329977749718296e+01
4.686911015625000232e+02,-8.848694019585876447e+01
4.686913945312500118e+02,-8.583723706541647402e+01
4.686916875000000005e+02,-9.486422682722772493e+01
4.686919804687499891e+02,-9.226026818950637676e+01
4.686922734375000346e+02,-9.946465872642548334e+01
4.686925664062500232e+02,-9.673015760235210792e+01
4.686928593750000118e+02,-1.078040075593502820e+02
4.686931523437500005e+02,-8.959533122319329834e+01
4.686934453124999891e+02,-9.181896055023142367e+01
4.686937382812500346e+02,-9.872748465151714470e+01
4.686940312500000232e+02,-9.459663538832271001e+01
4.686943242187500118e+02,-1.030032834067268368e+02
4.686946171875000005e+02,-1.005363404745608875e+02
4.686949101562499891e+02,-9.962483508504317342e+01
4.686952031250000346e+02,-8.974650950542533678e+01
4.686954960937500232e+02,-9.141066550516683265e+01
4.686957890625000118e+02,-9.285215367420147459e+01
4.686960820312500005e+02,-9.751229359746035641e+01
4.686963749999999891e+02,-9.596306377566554602e+01
4.686966679687500346e+02,-9.587386630494933115e+01
4.686969609375000232e+02,-8.610983853532292187e+01
4.686972539062500118e+02,-1.025150853781026825e+02
4.686975468750000005e+02,-9.282919647752464698e+01
4.686978398437499891e+02,-9.479826050239771007e+01
4.686981328125000346e+02,-9.873924743721249797e+01
4.686984257812500232e+02,-9.233489422570882255e+01
4.686987187500000118e+02,-8.759075961893996976e+01
4.686990117187500005e+02,-9.610393916081675059e+01
4.686993046874999891e+02,-9.442830978404484199e+01
4.686995976562500346e+02,-8.985187224186161359e+01
4.686998906250000232e+02,-9.831012163029930662e+01
4.687001835937500118e+02,-8.727626953231774110e+01
4.687004765625000005e+02,-9.027564414759361000e+01
4.687007695312499891e+02,-8.804241829912483297e+01
4.687010625000000346e+02,-8.850746564637998404e+01
4.687013554687500232e+02,-1.008474450281752581e+02
4.687016484375000118e+02,-9.225425463756765510e+01
4.687019414062500005e+02,-1.016616543767710539e+02
4.687022343749999891e+02,-9.397546972339453930e+01
4.687025273437500346e+02,-9.743827187831234937e+01
4.687028203125000232e+02,-9.718068870184730201e+01
4.687031132812500118e+02,-9.146693781026456804e+01
4.687034062500000005e+02,-1.016108293861319680e+02
4.687036992187499891e+02,-9.587307726383032502e+01
4.687039921875000346e+02,-9.167653755633895685e+01
4.687042851562500232e+02,-9.811547928168678823e+01
4.687045781250000118e+02,-9.271634868681468333e+01
4.687048710937500005e+02,-9.370150645556964264e+01
4.687051640624999891e+02,-8.955749172721689888e+01
4.687054570312500346e+02,-9.028944531279300634e+01
4.687057500000000232e+02,-9.164186107107235557e+01
4.687060429687500118e+02,-1.007768425076027796e+02
4.687063359375000005e+02,-8.854472941653622797e+01
4.687066289062499891e+02,-8.784800503189569554e+01
4.687069218750000346e+02,-9.103603949070111412e+01
4.687072148437500232e+02,-9.378687207078047550e+01
4.687075078125000118e+02,-9.195412077087800640e+01
4.687078007812500005e+02,-9.618110113608108236e+01
4.687080937499999891e+02,-1.000764505045397215e+02
4.687083867187500346e+02,-9.006002220317868989e+01
4.687086796875000232e+02,-8.936680158301587085e+01
4.687089726562500118e+02,-9.405680271731739595e+01
4.687092656250000005e+02,-9.681279176510891205e+01
4.687095585937499891e+02,-9.055826672987805637e+01
4.687098515625000346e+02,-9.287282725979567033e+01
4.687101445312500232e+02,-9.357762158194265112e+01
4.687104375000000118e+02,-9.123608535531347741e+01
4.687107304687500005e+02,-9.528699946114767272e+01
4.687110234374999891e+02,-9.316899810682346583e+01
4.687113164062500346e+02,-9.234398670884225169e+01
4.687116093750000232e+02,-1.013506592832555100e+02
4.687119023437500118e+02,-9.639043196388092838e+01
4.687121953125000005e+02,-9.014139249579585567e+01
4.687124882812499891e+02,-9.928587254898712899e+01
4.687127812500000346e+02,-9.064457447904472076e+01
4.687130742187500232e+02,-9.322171678272219708e+01
4.687133671875000118e+02,-1.059999962085745864e+02
4.687136601562500005e+02,-9.639182207902678101e+01
4.687139531249999891e+02,-9.431819997158623892e+01
4.687142460937500346e+02,-9.598578775692507747e+01
4.687145390625000232e+02,-9.579637722653764342e+01
4.687148320312500118e+02,-9.108886996400947567e+01
4.687151250000000005e+02,-8.966110127509084293e+01
4.687154179687499891e+02,-1.068212814174131609e+02
4.687157109375000346e+02,-9.183778654753726300e+01
4.687160039062500232e+02,-8.934013193028305011e+01
4.687162968750000118e+02,-8.720481094959511381e+01
4.687165898437500005e+02,-9.433363566114340415e+01
4.687168828124999891e+02,-9.493775990175323898e+01
4.687171757812500346e+02,-1.032313164460840227e+02
4.687174687500000232e+02,-9.415656738140457094e+01
4.687177617187500118e+02,-9.986891825872223194e+01
4.687180546875000005e+02,-9.376031120026681265e+01
4.687183476562499891e+02,-9.115172213341607232e+01
4.687186406250000346e+02,-8.966207132963602078e+01
4.687189335937500232e+02,-9.856663067930129785e+01
4.687192265625000118e+02,-9.703200667091979881e+01
4.687195195312500005e+02,-9.177698388895096571e+01
4.687198124999999891e+02,-9.773283175754571062e+01
4.687201054687500346e+02,-9.037981703885239426e+01
4.687203984375000232e+02,-9.002719515885897295e+01
4.687206914062500118e+02,-9.333585329710172118e+01
4.687209843750000005e+02,-8.976199088645358870e+01
4.687212773437499891e+02,-9.528715175520861180e+01
4.687215703125000346e+02,-9.334883615769638254e+01
4.687218632812500232e+02,-8.798991547307718974e+01
4.687221562500000118e+02,-8.896682377952915033e+01
4.687224492187500005e+02,-9.049895622816585217e+01
4.687227421874999891e+02,-9.498328628913652949e+01
4.687230351562500346e+02,-9.527526099366284029e+01
4.687233281250000232e+02,-9.806512808660662017e+01
4.687236210937500118e+02,-9.594743413131725163e+01
4.687239140625000005e+02,-9.189053249393128908e+01
4.687242070312499891e+02,-9.572496547834633418e+01
4.687245000000000346e+02,-9.595438650807011527e+01
4.687247929687500232e+02,-8.821708634575603014e+01
4.687250859375000118e+02,-9.439416989512199052e+01
4.687253789062500005e+02,-8.954248867592062311e+01
4.687256718749999891e+02,-9.023056543442871202e+01
4.687259648437500346e+02,-9.334918046236208511e+01
4.687262578125000232e+02,-8.735944753030835841e+01
4.687265507812500118e+02,-9.539185427979390397e+01
4.687268437500000005e+02,-1.006090169191345893e+02
4.687271367187499891e+02,-9.744018334402581161e+01
4.687274296875000346e+02,-9.218192721761701591e+01
4.687277226562500232e+02,-8.708089445982217569e+01
4.687280156250000118e+02,-9.779702058470675752e+01
4.687283085937500005e+02,-1.064536354987467064e+02
4.687286015624999891e+02,-9.802810516095999560e+01
4.687288945312500346e+02,-9.152441452632251639e+01
4.687291875000000232e+02,-9.275415306061955789e+01
4.687294804687500118e+02,-9.702485822778207591e+01
4.687297734375000005e+02,-9.262283000975406821e+01
4.687300664062499891e+02,-9.959455334221418354e+01
4.687303593750000346e+02,-9.048541831836726601e+01
4.687306523437500232e+02,-9.094784368329695212e+01
4.687309453125000118e+02,-9.135100627228149506e+01
4.687312382812500005e+02,-9.145177378681482594e+01
4.687315312499999891e+02,-9.519046355313875551e+01
4.687318242187500346e+02,-9.866136644578197945e+01
4.687321171875000232e+02,-9.646097706795777071e+01
4.687324101562500118e+02,-9.466027960970220079e+01
4.687327031250000005e+02,-9.044992744466523504e+01
4.687329960937499891e+02,-9.836842887736472107e+01
4.687332890625000346e+02,-1.007770868463272365e+02
4.687335820312500232e+02,-9.122846756467413343e+01
4.687338750000000118e+02,-9.133418996565754355e+01
4.687341679687500005e+02,-8.945478052152326143e+01
4.687344609374999891e+02,-9.518779905409998321e+01
4.687347539062500346e+02,-9.408688210665205531e+01
4.687350468750000232e+02,-9.280727589282460599e+01
4.687353398437500118e+02,-9.612809786285322389e+01
4.687356328125000005e+02,-9.890332271391659447e+01
4.687359257812499891e+02,-1.040593635179455845e+02
4.687362187500000346e+02,-9.024509258074556328e+01
4.687365117187500232e+02,-9.397505240367102886e+01
4.687368046875000118e+02,-8.968926022744648208e+01
4.687370976562500005e+02,-9.117436014245511444e+01
4.687373906249999891e+02,-9.464730960064464682e+01
4.687376835937500346e+02,-9.576902310146519426e+01
4.687379765625000232e+02,-9.961816982288868871e+01
4.687382695312500118e+02,-9.398574868806059612e+01
4.687385625000000005e+02,-9.200275013465639518e+01
4.687388554687499891e+02,-9.369458098595792706e+01
4.687391484375000346e+02,-9.753193499819741419e+01
4.687394414062500232e+02,-1.016472594818479536e+02
4.687397343750000118e+02,-9.732735681499841007e+01
4.687400273437500005e+02,-9.411234652005884982e+01
4.687403203124999891e+02,-9.143890052592000472e+01
4.687406132812500346e+02,-1.053458053007901185e+02
4.687409062500000232e+02,-1.003353817080198951e+02
4.687411992187500118e+02,-1.008592128953016953e+02
4.687414921875000005e+02,-1.024572029795172767e+02
4.687417851562499891e+02,-8.684250526611677401e+01
4.687420781250000346e+02,-9.150436444600612163e+01
4.687423710937500232e+02,-9.703101844230067741e+01
4.687426640625000118e+02,-9.573133448177216565e+01
4.687429570312500005e+02,-9.126722043600777567e+01
4.687432499999999891e+02,-9.499369121876182476e+01
4.687435429687500346e+02,-9.342254679752682023e+01
4.687438359375000232e+02,-1.000019012282877071e+02
4.687441289062500118e+02,-9.323680430100415606e+01
4.687444218750000005e+02,-9.069156895142214125e+01
4.687447148437499891e+02,-9.046679255211181214e+01
4.687450078125000346e+02,-9.077488508301662762e+01
4.687453007812500232e+02,-9.620323176934049059e+01
4.687455937500000118e+02,-9.478769915528745571e+01
4.687458867187500005e+02,-9.138793840708730443e+01
4.687461796874999891e+02,-1.042311867533502436e+02
4.687464726562500346e+02,-9.649880739509671912e+01
4.687467656250000232e+02,-8.631892474281981720e+01
4.687470585937500118e+02,-9.220711700849122394e+01
4.687473515625000005e+02,-9.287806982068536854e+01
4.687476445312499891e+02,-9.462291355597294285e+01
4.687479375000000346e+02,-9.131571249722358630e+01
4.687482304687500232e+02,-8.908205513326234382e+01
4.687485234375000118e+02,-9.018125287869339957e+01
4.687488164062500005e+02,-1.013877508434734978e+02
4.687491093749999891e+02,-1.000217835132852144e+02
4.687494023437500346e+02,-9.664311804346689883e+01
4.687496953125000232e+02,-1.197238603506051078e+02
4.687499882812500118e+02,-9.561607491804183212e+01
4.687502812500000005e+02,-9.190066479210773309e+01
4.687505742187499891e+02,-9.341996408857811218e+01
4.687508671875000346e+02,-9.810755813282003146e+01
4.687511601562500232e+02,-1.022277395854465709e+02
4.687514531250000118e+02,-1.028002458373378545e+02
4.687517460937500005e+02,-9.138117508239608355e+01
4.687520390624999891e+02,-9.581362906319347417e+01
4.687523320312500346e+02,-9.680476285280397519e+01
4.687526250000000232e+02,-9.213431874834537894e+01
4.687529179687500118e+02,-1.014476368564656781e+02
4.687532109375000005e+02,-8.954856435771458223e+01
4.687535039062499891e+02,-9.150700303632696375e+01
4.687537968750000346e+02,-9.414480775920858946e+01
4.687540898437500232e+02,-8.867988753275287195e+01
4.687543828125000118e+02,-8.735066007861071569e+01
4.687546757812500005e+02,-9.162164334914785968e+01
4.687549687499999891e+02,-8.735847638477642363e+01
4.687552617187500346e+02,-9.770199125373657978e+01
4.687555546875000232e+02,-1.071669721063949368e+02
4.687558476562500118e+02,-8.810675731591935289e+01
4.687561406250000005e+02,-8.993714617256840427e+01
4.687564335937499891e+02,-9.413348521743131414e+01
4.687567265625000346e+02,-9.847757199733629818e+01
4.687570195312500232e+02,-9.770127735193854335e+01
4.687573125000000118e+02,-9.248573599765541076e+01
4.687576054687500005e+02,-9.116776490304333436e+01
4.687578984374999891e+02,-9.048069219576780142e+01
4.687581914062500346e+02,-9.707475552290813425e+01
4.687584843750000232e+02,-8.914415295913079262e+01
4.687587773437500118e+02,-9.663975048695425585e+01
4.687590703125000005e+02,-9.171446999270582978e+01
4.687593632812499891e+02,-9.232627927226117492e+01
4.687596562500000346e+02,-9.711203915217920724e+01
4.687599492187500232e+02,-1.004503558665558813e+02
4.687602421875000118e+02,-1.030394035387324436e+02
4.687605351562500005e+02,-1.087359020556059761e+02
4.687608281249999891e+02,-1.011758078100691023e+02
4.687611210937500346e+02,-9.321851298090368232e+01
4.687614140625000232e+02,-8.908715606992488745e+01
4.687617070312500118e+02,-9.425005304482398572e+01
