Frequency_MHz,Power_dBHz
4.663620000000000232e+02,-8.423887089237280179e+01
4.663622929687500118e+02,-8.260123881003198676e+01
4.663625859375000005e+02,-8.078047174435980082e+01
4.663628789062499891e+02,-8.428840185033141097e+01
4.663631718750000346e+02,-1.035216417450438371e+02
4.663634648437500232e+02,-8.713310255904508494e+01
4.663637578125000118e+02,-8.373332863647192426e+01
4.663640507812500005e+02,-8.413639998835400036e+01
4.663643437499999891e+02,-8.212789641932472762e+01
4.663646367187500346e+02,-8.465545060175594472e+01
4.663649296875000232e+02,-8.259654043375712718e+01
4.663652226562500118e+02,-8.302327107396354222e+01
4.663655156250000005e+02,-9.191787760685352282e+01
4.663658085937499891e+02,-8.783014801296440055e+01
4.663661015625000346e+02,-8.459406190557155014e+01
4.663663945312500232e+02,-8.605680549074129715e+01
4.663666875000000118e+02,-8.728899152077035239e+01
4.663669804687500005e+02,-8.765253425314011793e+01
4.663672734374999891e+02,-8.677061578918907969e+01
4.663675664062500346e+02,-8.457649025262959697e+01
4.663678593750000232e+02,-9.090236254270294580e+01
4.663681523437500118e+02,-8.472042362437990448e+01
4.663684453125000005e+02,-8.884282178583461587e+01
4.663687382812499891e+02,-8.633480320987726486e+01
4.663690312500000346e+02,-9.579193949891396187e+01
4.663693242187500232e+02,-9.397603903564052530e+01
4.663696171875000118e+02,-8.624060979833137708e+01
4.663699101562500005e+02,-8.449207730837261465e+01
4.663702031249999891e+02,-9.748464874505469879e+01
4.663704960937500346e+02,-8.430532843307582880e+01
4.663707890625000232e+02,-8.615961195437280651e+01
4.663710820312500118e+02,-8.783226372968741202e+01
4.663713750000000005e+02,-8.695239035235958625e+01
4.663716679687499891e+02,-9.656028829564004923e+01
4.663719609375000346e+02,-8.612926589649434561e+01
4.663722539062500232e+02,-8.152184889222802155e+01
4.663725468750000118e+02,-8.673560225996511974e+01
4.663728398437500005e+02,-8.380463099002395211e+01
4.663731328124999891e+02,-8.496999958325176294e+01
4.663734257812500346e+02,-9.087704978784478271e+01
4.663737187500000232e+02,-8.424524419924601659e+01
4.663740117187500118e+02,-8.599643511499030524e+01
4.663743046875000005e+02,-8.887097113370343493e+01
4.663745976562499891e+02,-8.137820575904518705e+01
4.663748906250000346e+02,-8.154218249477879965e+01
4.663751835937500232e+02,-8.224152964410163236e+01
4.663754765625000118e+02,-8.805238323690475966e+01
4.663757695312500005e+02,-8.939693876538724737e+01
4.663760624999999891e+02,-9.142748935008205535e+01
4.663763554687500346e+02,-8.368984413527778088e+01
4.663766484375000232e+02,-8.647863026638800932e+01
4.663769414062500118e+02,-8.475476308211547405e+01
4.663772343750000005e+02,-8.153199375390185821e+01
4.663775273437499891e+02,-8.318881666005052011e+01
4.663778203125000346e+02,-8.271671486480477142e+01
4.663781132812500232e+02,-9.249550800590490951e+01
4.663784062500000118e+02,-1.029567723493266982e+02
4.663786992187500005e+02,-8.777782428528949765e+01
4.663789921874999891e+02,-8.568491957241582213e+01
4.663792851562500346e+02,-9.307752603476160402e+01
4.663795781250000232e+02,-8.489067176442574691e+01
4.663798710937500118e+02,-8.337127742098539329e+01
4.663801640625000005e+02,-8.584471292629612549e+01
4.663804570312499891e+02,-8.516861761677205322e+01
4.663807500000000346e+02,-9.979659868601545725e+01
4.663810429687500232e+02,-1.033744426057486976e+02
4.663813359375000118e+02,-8.660791915641669902e+01
4.663816289062500005e+02,-8.831091234796573985e+01
4.663819218749999891e+02,-9.374689027605079161e+01
4.663822148437500346e+02,-8.649426483583044956e+01
4.663825078125000232e+02,-9.131017280128206437e+01
4.663828007812500118e+02,-8.938022357965736830e+01
4.663830937500000005e+02,-8.586805613354420075e+01
4.663833867187499891e+02,-1.042995228387847249e+02
4.663836796875000346e+02,-9.826000575591174879e+01
4.663839726562500232e+02,-8.588068277038397014e+01
4.663842656250000118e+02,-8.516813963537290988e+01
4.663845585937500005e+02,-9.465588665852024519e+01
4.663848515624999891e+02,-8.619253629342027523e+01
4.663851445312500346e+02,-1.025853359405754759e+02
4.663854375000000232e+02,-8.769417162536419141e+01
4.663857304687500118e+02,-9.363449597705680105e+01
4.663860234375000005e+02,-9.059099704048229285e+01
4.663863164062499891e+02,-9.095493058730147595e+01
4.663866093750000346e+02,-8.196134928643500928e+01
4.663869023437500232e+02,-8.573557287745977362e+01
4.663871953125000118e+02,-8.744263617685820122e+01
4.663874882812500005e+02,-1.047701716149968831e+02
4.663877812499999891e+02,-8.581450588412151603e+01
4.663880742187500346e+02,-8.607971395611656362e+01
4.663883671875000232e+02,-1.016897224254572336e+02
4.663886601562500118e+02,-8.791464433002757062e+01
4.663889531250000005e+02,-8.218487099496056203e+01
4.663892460937499891e+02,-8.234376475422084241e+01
4.663895390625000346e+02,-8.803943275344956021e+01
4.663898320312500232e+02,-8.850588233405187566e+01
4.663901250000000118e+02,-8.498272611320561509e+01
4.663904179687500005e+02,-8.267555301495070808e+01
4.663907109374999891e+02,-9.264113886460560821e+01
4.663910039062500346e+02,-9.046195162371661525e+01
4.663912968750000232e+02,-8.137319059288404333e+01
4.663915898437500118e+02,-7.999919766113683295e+01
4.663918828125000005e+02,-8.816368465506852203e+01
4.663921757812499891e+02,-8.543399100900239773e+01
4.663924687500000346e+02,-9.138594964218840744e+01
4.663927617187500232e+02,-8.152478400209525944e+01
4.663930546875000118e+02,-8.882352548578650442e+01
4.663933476562500005e+02,-9.829030027394469471e+01
4.663936406249999891e+02,-8.358366701787842601e+01
4.663939335937500346e+02,-7.939058694724184306e+01
4.663942265625000232e+02,-8.647771490997115507e+01
4.663945195312500118e+02,-8.453575839734421038e+01
4.663948125000000005e+02,-8.923841952567397584e+01
4.663951054687499891e+02,-8.612001884046915734e+01
4.663953984375000346e+02,-8.574363556953886700e+01
4.663956914062500232e+02,-9.750021633659298459e+01
4.663959843750000118e+02,-8.777001117836830701e+01
4.663962773437500005e+02,-7.933920105657585964e+01
4.663965703124999891e+02,-8.350745170090931424e+01
4.663968632812500346e+02,-8.748625612226460646e+01
4.663971562500000232e+02,-8.540471202286798302e+01
4.663974492187500118e+02,-9.501225572873777026e+01
4.663977421875000005e+02,-9.067302384469455490e+01
4.663980351562499891e+02,-9.189861533926264769e+01
4.663983281250000346e+02,-9.124905096356303602e+01
4.663986210937500232e+02,-8.198857751058815779e+01
4.663989140625000118e+02,-8.242918097503846298e+01
4.663992070312500005e+02,-1.047546535065041127e+02
4.663994999999999891e+02,-8.451805007972133410e+01
4.663997929687500346e+02,-8.852628825861351913e+01
4.664000859375000232e+02,-1.036307595371303734e+02
4.664003789062500118e+02,-9.603080699406676501e+01
4.664006718750000005e+02,-9.227388859232837603e+01
4.664009648437499891e+02,-8.650239266618203260e+01
4.664012578125000346e+02,-8.301427368205339974e+01
4.664015507812500232e+02,-8.801266195996544184e+01
4.664018437500000118e+02,-9.463805843462209566e+01
4.664021367187500005e+02,-8.771058713464972811e+01
4.664024296874999891e+02,-9.147918130455778396e+01
4.664027226562500346e+02,-9.002660218611431731e+01
4.664030156250000232e+02,-8.979076898303779330e+01
4.664033085937500118e+02,-8.811967883343662322e+01
4.664036015625000005e+02,-8.624141176535894715e+01
4.664038945312499891e+02,-8.972129552641644068e+01
4.664041875000000346e+02,-1.004408636563572372e+02
4.664044804687500232e+02,-8.964371221710382542e+01
4.664047734375000118e+02,-9.611738750443846868e+01
4.664050664062500005e+02,-9.185546203835571077e+01
4.664053593749999891e+02,-9.359809466840590630e+01
4.664056523437500346e+02,-9.024582530998053187e+01
4.664059453125000232e+02,-8.754765856258137546e+01
4.664062382812500118e+02,-9.234652171259200770e+01
4.664065312500000005e+02,-9.630944658246045265e+01
4.664068242187499891e+02,-9.812924922293487384e+01
4.664071171875000346e+02,-9.019899469923161917e+01
4.664074101562500232e+02,-9.396194944718288866e+01
4.664077031250000118e+02,-9.800287342952950098e+01
4.664079960937500005e+02,-9.703980061541061275e+01
4.664082890624999891e+02,-8.647769297883085926e+01
4.664085820312500346e+02,-8.796815371538639283e+01
4.664088750000000232e+02,-9.710390573269977210e+01
4.664091679687500118e+02,-9.133413412700369349e+01
4.664094609375000005e+02,-8.916245339433500305e+01
4.664097539062499891e+02,-8.596188395734245091e+01
4.664100468750000346e+02,-8.663527392975760222e+01
4.664103398437500232e+02,-9.514434778003274573e+01
4.664106328125000118e+02,-9.522471855593586554e+01
4.664109257812500005e+02,-8.748865475712663908e+01
4.664112187499999891e+02,-9.284973705256487619e+01
4.664115117187500346e+02,-9.252377862494599015e+01
4.664118046875000232e+02,-9.213580840992491972e+01
4.664120976562500118e+02,-8.320630824722206853e+01
4.664123906250000005e+02,-8.339034351721863914e+01
4.664126835937499891e+02,-8.691194867185180328e+01
4.664129765625000346e+02,-9.764882758276549168e+01
4.664132695312500232e+02,-8.885727744763553915e+01
4.664135625000000118e+02,-9.214204142256281216e+01
4.664138554687500005e+02,-9.287301119928331161e+01
4.664141484374999891e+02,-8.920749286911329534e+01
4.664144414062500346e+02,-9.009634773063568502e+01
4.664147343750000232e+02,-8.133001718571117067e+01
4.664150273437500118e+02,-8.309446767660742239e+01
4.664153203125000005e+02,-9.790234436416881181e+01
4.664156132812499891e+02,-8.845271833755222701e+01
4.664159062500000346e+02,-9.390187610082048764e+01
4.664161992187500232e+02,-9.642483946996087241e+01
4.664164921875000118e+02,-9.446349839418415684e+01
4.664167851562500005e+02,-9.330271594003392011e+01
4.664170781249999891e+02,-8.519022338787419812e+01
4.664173710937500346e+02,-8.267695109772644457e+01
4.664176640625000232e+02,-9.293634529265695221e+01
4.664179570312500118e+02,-8.600645129016932344e+01
4.664182500000000005e+02,-9.154613403686228423e+01
4.664185429687499891e+02,-9.335440034562752487e+01
4.664188359375000346e+02,-8.955728833170853420e+01
4.664191289062500232e+02,-8.954274132629944916e+01
4.664194218750000118e+02,-9.099799862944240658e+01
4.664197148437500005e+02,-8.532932812864748939e+01
4.664200078124999891e+02,-8.770745821954976407e+01
4.664203007812500346e+02,-8.952392390285034196e+01
4.664205937500000232e+02,-8.629563052242326648e+01
4.664208867187500118e+02,-9.331763882280682765e+01
4.664211796875000005e+02,-8.754714801656643886e+01
4.664214726562499891e+02,-8.625379484205279823e+01
4.664217656250000346e+02,-8.494316865771170910e+01
4.664220585937500232e+02,-8.919566168183280297e+01
4.664223515625000118e+02,-9.429228006869722378e+01
4.664226445312500005e+02,-9.621477664556537945e+01
4.664229374999999891e+02,-8.650406760401884299e+01
4.664232304687500346e+02,-9.240815540382386928e+01
4.664235234375000232e+02,-8.607259589576310077e+01
4.664238164062500118e+02,-8.421311167298080136e+01
4.664241093750000005e+02,-8.412365444481639543e+01
4.664244023437499891e+02,-8.406204784134315844e+01
4.664246953125000346e+02,-9.117798465022883647e+01
4.664249882812500232e+02,-1.080071197822131239e+02
4.664252812500000118e+02,-8.825962579487028847e+01
4.664255742187500005e+02,-8.704305360345503573e+01
4.664258671874999891e+02,-8.726370576859119410e+01
4.664261601562500346e+02,-8.255850151141949311e+01
4.664264531250000232e+02,-8.402121502324823155e+01
4.664267460937500118e+02,-8.369867218154838895e+01
4.664270390625000005e+02,-8.650399025947358211e+01
4.664273320312499891e+02,-9.450671243125302112e+01
4.664276250000000346e+02,-1.125048021111504823e+02
4.664279179687500232e+02,-8.546410983461899491e+01
4.664282109375000118e+02,-9.128035931258062874e+01
4.664285039062500005e+02,-8.455339399826164026e+01
4.664287968749999891e+02,-8.071646301168037496e+01
4.664290898437500346e+02,-8.602007337515010477e+01
4.664293828125000232e+02,-8.425881706974222141e+01
4.664296757812500118e+02,-9.311567869666345132e+01
4.664299687500000005e+02,-9.142267003584663598e+01
4.664302617187499891e+02,-8.681666842373238069e+01
4.664305546875000346e+02,-8.686573034752618128e+01
4.664308476562500232e+02,-9.364834067026134790e+01
4.664311406250000118e+02,-8.524997875668668712e+01
4.664314335937500005e+02,-8.013483757197839452e+01
4.664317265624999891e+02,-9.271286722816472547e+01
4.664320195312500346e+02,-8.719862111038639796e+01
4.664323125000000232e+02,-9.039712323283141870e+01
4.664326054687500118e+02,-8.651555141475722621e+01
4.664328984375000005e+02,-8.633903631618822772e+01
4.664331914062499891e+02,-9.786269082801877062e+01
4.664334843750000346e+02,-9.202550052078032650e+01
4.664337773437500232e+02,-7.864450524591549652e+01
4.664340703125000118e+02,-8.088456833156141101e+01
4.664343632812500005e+02,-9.411490082534950830e+01
4.664346562499999891e+02,-1.065808767596184907e+02
4.664349492187500346e+02,-8.492861594601004072e+01
4.664352421875000232e+02,-8.405199394528999335e+01
4.664355351562500118e+02,-8.777632411645302568e+01
4.664358281250000005e+02,-8.885507921798281927e+01
4.664361210937499891e+02,-8.143620656538026026e+01
4.664364140625000346e+02,-7.840799082756302596e+01
4.664367070312500232e+02,-8.610057022469780463e+01
4.664370000000000118e+02,-9.458218889739183055e+01
4.664372929687500005e+02,-8.600804223921610969e+01
4.664375859374999891e+02,-8.203230192118488162e+01
4.664378789062500346e+02,-8.135265461445189317e+01
4.664381718750000232e+02,-8.381410670182175693e+01
4.664384648437500118e+02,-8.205581407919152070e+01
4.664387578125000005e+02,-7.878014475293218766e+01
4.664390507812499891e+02,-8.177395357442796353e+01
4.664393437500000346e+02,-9.043639774116969932e+01
4.664396367187500232e+02,-8.997482611187911061e+01
4.664399296875000118e+02,-8.456806204217981815e+01
4.664402226562500005e+02,-7.979342885757571935e+01
4.664405156249999891e+02,-8.042358005480170391e+01
4.664408085937500346e+02,-8.418632879733934260e+01
4.664411015625000232e+02,-7.981930730558828202e+01
4.664413945312500118e+02,-8.249545240039972782e+01
4.664416875000000005e+02,-9.133980582246211100e+01
4.664419804687499891e+02,-9.032702844768104455e+01
4.664422734375000346e+02,-8.524215527766001799e+01
4.664425664062500232e+02,-8.188913115051470015e+01
4.664428593750000118e+02,-7.942296463072000279e+01
4.664431523437500005e+02,-8.914218216437133435e+01
4.664434453124999891e+02,-8.312226272506576663e+01
4.664437382812500346e+02,-8.290244404279539481e+01
4.664440312500000232e+02,-9.007279692226111933e+01
4.664443242187500118e+02,-9.180212530665252757e+01
4.664446171875000005e+02,-9.170063878566008952e+01
4.664449101562499891e+02,-8.861644967479134039e+01
4.664452031250000346e+02,-8.207668263653457075e+01
4.664454960937500232e+02,-8.930179306389716487e+01
4.664457890625000118e+02,-9.143879752991081489e+01
4.664460820312500005e+02,-8.676510312758708210e+01
4.664463749999999891e+02,-9.365586947817959640e+01
4.664466679687500346e+02,-8.479974420435067373e+01
4.664469609375000232e+02,-9.503789404857008094e+01
4.664472539062500118e+02,-9.526785724344048845e+01
4.664475468750000005e+02,-8.554621707915293882e+01
4.664478398437499891e+02,-8.864063310086514491e+01
4.664481328125000346e+02,-8.734265247319216030e+01
4.664484257812500232e+02,-9.614888005978748708e+01
4.664487187500000118e+02,-1.007329101336117247e+02
4.664490117187500005e+02,-8.298557190313324838e+01
4.664493046874999891e+02,-8.526284382718124277e+01
4.664495976562500346e+02,-9.880346698993389509e+01
4.664498906250000232e+02,-8.856647243931233504e+01
4.664501835937500118e+02,-8.459311537877809428e+01
4.664504765625000005e+02,-8.342839027149824460e+01
4.664507695312499891e+02,-9.394073127500527676e+01
4.664510625000000346e+02,-1.108714035904425685e+02
4.664513554687500232e+02,-8.775191410349293619e+01
4.664516484375000118e+02,-8.331880963055530742e+01
4.664519414062500005e+02,-9.017440099568055700e+01
4.664522343749999891e+02,-8.965807803500055684e+01
4.664525273437500346e+02,-8.825991099686731900e+01
4.664528203125000232e+02,-8.026379761410397862e+01
4.664531132812500118e+02,-8.808726428171630118e+01
4.664534062500000005e+02,-1.004930842326209302e+02
4.664536992187499891e+02,-9.377676296713802628e+01
4.664539921875000346e+02,-8.527588578492598970e+01
4.664542851562500232e+02,-8.349585703954227256e+01
4.664545781250000118e+02,-8.962015624097548994e+01
4.664548710937500005e+02,-8.782679833513060430e+01
4.664551640624999891e+02,-8.626875427939877738e+01
4.664554570312500346e+02,-8.672632563644893366e+01
4.664557500000000232e+02,-9.410942674559578336e+01
4.664560429687500118e+02,-9.900880226839188936e+01
4.664563359375000005e+02,-9.079356177023072405e+01
4.664566289062499891e+02,-8.382597499969322996e+01
4.664569218750000346e+02,-8.340224949877872973e+01
4.664572148437500232e+02,-8.546484588962847795e+01
4.664575078125000118e+02,-1.022061694179087254e+02
4.664578007812500005e+02,-8.750647298655685802e+01
4.664580937499999891e+02,-9.032182521672511655e+01
4.664583867187500346e+02,-8.989057498898893073e+01
4.664586796875000232e+02,-9.158266883953592696e+01
4.664589726562500118e+02,-8.750324509765425773e+01
4.664592656250000005e+02,-8.318190679285990541e+01
4.664595585937499891e+02,-8.481462043218421343e+01
4.664598515625000346e+02,-8.614298363644847711e+01
4.664601445312500232e+02,-9.315515044807000322e+01
4.664604375000000118e+02,-9.268452438641614322e+01
4.664607304687500005e+02,-8.692343297719504847e+01
4.664610234374999891e+02,-9.514212761227655335e+01
4.664613164062500346e+02,-8.669014047721788074e+01
4.664616093750000232e+02,-8.520742268008905285e+01
4.664619023437500118e+02,-8.464145132676182470e+01
4.664621953125000005e+02,-9.069341969609452292e+01
4.664624882812499891e+02,-9.476708681093364817e+01
4.664627812500000346e+02,-9.596888951842304039e+01
4.664630742187500232e+02,-8.759615683084605564e+01
4.664633671875000118e+02,-8.984732896953737225e+01
4.664636601562500005e+02,-8.606469666723722867e+01
4.664639531249999891e+02,-8.627672227258250359e+01
4.664642460937500346e+02,-8.921947158111802878e+01
4.664645390625000232e+02,-9.473058740262527522e+01
4.664648320312500118e+02,-1.017978249778005591e+02
4.664651250000000005e+02,-1.126051510177336183e+02
4.664654179687499891e+02,-9.909086872392536804e+01
4.664657109375000346e+02,-9.407542369831841711e+01
4.664660039062500232e+02,-9.209954598981371987e+01
4.664662968750000118e+02,-8.867918688258781401e+01
4.664665898437500005e+02,-9.414540869253228550e+01
4.664668828124999891e+02,-1.036882250563501771e+02
4.664671757812500346e+02,-8.656000688739389659e+01
4.664674687500000232e+02,-8.413296937563274014e+01
4.664677617187500118e+02,-8.560187283891985999e+01
4.664680546875000005e+02,-9.303834732647565886e+01
4.664683476562499891e+02,-8.884208117280968509e+01
4.664686406250000346e+02,-9.145412681003348609e+01
4.664689335937500232e+02,-8.866532342905904329e+01
4.664692265625000118e+02,-9.305885295881969910e+01
4.664695195312500005e+02,-8.592290609836432225e+01
4.664698124999999891e+02,-8.301632683579553884e+01
4.664701054687500346e+02,-8.186072092130439160e+01
4.664703984375000232e+02,-8.345368440760100270e+01
4.664706914062500118e+02,-8.819243291410978713e+01
4.664709843750000005e+02,-9.029193094758022653e+01
4.664712773437499891e+02,-9.094065590812549260e+01
4.664715703125000346e+02,-9.298949806740088775e+01
4.664718632812500232e+02,-8.676135801394964631e+01
4.664721562500000118e+02,-8.362014576940175914e+01
4.664724492187500005e+02,-8.261413453978308041e+01
4.664727421874999891e+02,-8.128113075212367278e+01
4.664730351562500346e+02,-8.989964776455167339e+01
4.664733281250000232e+02,-8.664540374498407971e+01
4.664736210937500118e+02,-8.620498504191472477e+01
4.664739140625000005e+02,-9.132926040088014474e+01
4.664742070312499891e+02,-9.405706966223910115e+01
4.664745000000000346e+02,-8.567492352913099296e+01
4.664747929687500232e+02,-8.922300558734035292e+01
4.664750859375000118e+02,-8.571968797632348469e+01
4.664753789062500005e+02,-8.662045201563901742e+01
4.664756718749999891e+02,-1.068973068486554894e+02
4.664759648437500346e+02,-8.720387193214882871e+01
4.664762578125000232e+02,-8.501093388516886762e+01
4.664765507812500118e+02,-8.890458507654827258e+01
4.664768437500000005e+02,-9.127971798229489764e+01
4.664771367187499891e+02,-8.902738278417908191e+01
4.664774296875000346e+02,-9.556168568189067969e+01
4.664777226562500232e+02,-9.056384896916250682e+01
4.664780156250000118e+02,-8.198582398416023409e+01
4.664783085937500005e+02,-1.012488421164369043e+02
4.664786015624999891e+02,-8.443239054267846200e+01
4.664788945312500346e+02,-8.477503503630350679e+01
4.664791875000000232e+02,-9.155392083420062477e+01
4.664794804687500118e+02,-8.979496236281525512e+01
4.664797734375000005e+02,-8.401420617518725464e+01
4.664800664062499891e+02,-8.233279088776646404e+01
4.664803593750000346e+02,-7.936910010970822782e+01
4.664806523437500232e+02,-8.156658739490934806e+01
4.664809453125000118e+02,-8.771209819898928117e+01
4.664812382812500005e+02,-8.552224424683900850e+01
4.664815312499999891e+02,-8.786510361562406501e+01
4.664818242187500346e+02,-1.038629502536024916e+02
4.664821171875000232e+02,-8.446898454221707198e+01
4.664824101562500118e+02,-7.987727184441426687e+01
4.664827031250000005e+02,-7.815760465156769499e+01
4.664829960937499891e+02,-7.771556495994896352e+01
4.664832890625000346e+02,-8.623558975545481076e+01
4.664835820312500232e+02,-8.524067034999038128e+01
4.664838750000000118e+02,-8.561773500991185415e+01
4.664841679687500005e+02,-9.402782957299527311e+01
4.664844609374999891e+02,-8.772031299309090002e+01
4.664847539062500346e+02,-8.011677725814990936e+01
4.664850468750000232e+02,-7.878504038321790404e+01
4.664853398437500118e+02,-7.804012831189255905e+01
4.664856328125000005e+02,-8.076058651493944751e+01
4.664859257812499891e+02,-8.697938276489048803e+01
4.664862187500000346e+02,-8.961877819575811088e+01
4.664865117187500232e+02,-9.199514890837512837e+01
4.664868046875000118e+02,-9.342849763407811281e+01
4.664870976562500005e+02,-8.156876845657993158e+01
4.664873906249999891e+02,-7.997546874175691300e+01
4.664876835937500346e+02,-8.194282752528005176e+01
4.664879765625000232e+02,-8.472295657992177098e+01
4.664882695312500118e+02,-8.550833989657732559e+01
4.664885625000000005e+02,-8.824062187956431558e+01
4.664888554687499891e+02,-9.238247521201844847e+01
4.664891484375000346e+02,-8.947457333930870504e+01
4.664894414062500232e+02,-8.417933532167600674e+01
4.664897343750000118e+02,-8.052947633335668343e+01
4.664900273437500005e+02,-8.432185917403398889e+01
4.664903203124999891e+02,-9.543412780860002442e+01
4.664906132812500346e+02,-8.946771044142681717e+01
4.664909062500000232e+02,-8.553793559852353212e+01
4.664911992187500118e+02,-9.137751385476299504e+01
4.664914921875000005e+02,-9.074887086871783026e+01
4.664917851562499891e+02,-8.432443213693005646e+01
4.664920781250000346e+02,-8.079254576069357086e+01
4.664923710937500232e+02,-8.036876311380299853e+01
4.664926640625000118e+02,-8.943121246697612037e+01
4.664929570312500005e+02,-8.658523945823192491e+01
4.664932499999999891e+02,-8.711593885188939623e+01
4.664935429687500346e+02,-8.969916132346676818e+01
4.664938359375000232e+02,-8.599353673280205612e+01
4.664941289062500118e+02,-8.449959204132082391e+01
4.664944218750000005e+02,-8.446155359249735284e+01
4.664947148437499891e+02,-8.123883394417222803e+01
4.664950078125000346e+02,-8.395645622873564662e+01
4.664953007812500232e+02,-8.384389227805316125e+01
4.664955937500000118e+02,-8.466106409676855549e+01
4.664958867187500005e+02,-9.755240344391735619e+01
4.664961796874999891e+02,-8.660370151829859253e+01
4.664964726562500346e+02,-8.246511305609713816e+01
4.664967656250000232e+02,-8.408784664071080783e+01
4.664970585937500118e+02,-8.474021128496278266e+01
4.664973515625000005e+02,-8.441598136206509650e+01
4.664976445312499891e+02,-8.577438034721780014e+01
4.664979375000000346e+02,-8.388679110428776653e+01
4.664982304687500232e+02,-8.948854550992049894e+01
4.664985234375000118e+02,-9.161262861236949107e+01
4.664988164062500005e+02,-8.252786910142860677e+01
4.664991093749999891e+02,-8.148901185600166741e+01
4.664994023437500346e+02,-9.034254288640858022e+01
4.664996953125000232e+02,-8.380165175048185233e+01
4.664999882812500118e+02,-8.523983115352163509e+01
4.665002812500000005e+02,-9.037895840944929660e+01
4.665005742187499891e+02,-9.099459051862521619e+01
4.665008671875000346e+02,-8.714676635294188145e+01
4.665011601562500232e+02,-8.953969656308197500e+01
4.665014531250000118e+02,-8.239210850878492920e+01
4.665017460937500005e+02,-8.843756344989991192e+01
4.665020390624999891e+02,-8.961987870462166939e+01
4.665023320312500346e+02,-8.227485820541380690e+01
4.665026250000000232e+02,-9.304689351479701998e+01
4.665029179687500118e+02,-9.290515356128236135e+01
4.665032109375000005e+02,-9.042497895789155393e+01
4.665035039062499891e+02,-9.440609088386676717e+01
4.665037968750000346e+02,-8.589189104850278511e+01
4.665040898437500232e+02,-8.849926671598856842e+01
4.665043828125000118e+02,-9.086508299560023261e+01
4.665046757812500005e+02,-8.635296931712979074e+01
4.665049687499999891e+02,-8.611138595320467459e+01
4.665052617187500346e+02,-9.158156680405861039e+01
4.665055546875000232e+02,-1.010245384384427325e+02
4.665058476562500118e+02,-9.017979587869081115e+01
4.665061406250000005e+02,-9.096797017666321494e+01
4.665064335937499891e+02,-8.626971289079607175e+01
4.665067265625000346e+02,-9.430939220213844010e+01
4.665070195312500232e+02,-9.643178241888377045e+01
4.665073125000000118e+02,-8.801961699599826261e+01
4.665076054687500005e+02,-9.726578326923160489e+01
4.665078984374999891e+02,-9.246471477147834150e+01
4.665081914062500346e+02,-9.669186864119666325e+01
4.665084843750000232e+02,-9.096800888156258225e+01
4.665087773437500118e+02,-8.236344415571079480e+01
4.665090703125000005e+02,-8.674954696357238504e+01
4.665093632812499891e+02,-9.971894407811888073e+01
4.665096562500000346e+02,-9.551396244428993043e+01
4.665099492187500232e+02,-9.760324326144790064e+01
4.665102421875000118e+02,-9.717309908206831892e+01
4.665105351562500005e+02,-1.018600094998762700e+02
4.665108281249999891e+02,-9.358119122268020362e+01
4.665111210937500346e+02,-8.301251257025123209e+01
4.665114140625000232e+02,-8.078203144447962814e+01
4.665117070312500118e+02,-9.183831252817400070e+01
4.665120000000000005e+02,-8.817862374641333645e+01
4.665122929687499891e+02,-9.314843107442149517e+01
4.665125859375000346e+02,-9.083942542767481143e+01
4.665128789062500232e+02,-9.468919794384227373e+01
4.665131718750000118e+02,-8.746958790028708108e+01
4.665134648437500005e+02,-8.463812241904270195e+01
4.665137578124999891e+02,-8.124492136647360496e+01
4.665140507812500346e+02,-8.578989949860707043e+01
4.665143437500000232e+02,-9.139090857402638335e+01
4.665146367187500118e+02,-9.527012024011055757e+01
4.665149296875000005e+02,-8.671029003723236883e+01
4.665152226562499891e+02,-9.153051364961697800e+01
4.665155156250000346e+02,-9.484085254334348747e+01
4.665158085937500232e+02,-8.601740933394791000e+01
4.665161015625000118e+02,-8.458952454082437100e+01
4.665163945312500005e+02,-8.303072491780901032e+01
4.665166874999999891e+02,-1.033304811742016938e+02
4.665169804687500346e+02,-8.838205036064107389e+01
4.665172734375000232e+02,-8.676945228239267749e+01
4.665175664062500118e+02,-8.690553376674952801e+01
4.665178593750000005e+02,-9.594276833047615582e+01
4.665181523437499891e+02,-9.556876806741928476e+01
4.665184453125000346e+02,-9.518836170758859794e+01
4.665187382812500232e+02,-8.654082105585789009e+01
4.665190312500000118e+02,-9.013101061656193735e+01
4.665193242187500005e+02,-8.924398805011591662e+01
4.665196171874999891e+02,-8.817657176984346279e+01
4.665199101562500346e+02,-8.850742937984372816e+01
4.665202031250000232e+02,-9.216559536025384602e+01
4.665204960937500118e+02,-9.431338089334619212e+01
4.665207890625000005e+02,-9.703471185057821913e+01
4.665210820312499891e+02,-8.911045178375515263e+01
4.665213750000000346e+02,-9.138547996118265360e+01
4.665216679687500232e+02,-8.937870164138911377e+01
4.665219609375000118e+02,-9.148256437354334025e+01
4.665222539062500005e+02,-8.858091629407356038e+01
4.665225468749999891e+02,-9.533805957291014010e+01
4.665228398437500346e+02,-8.545804672474908159e+01
4.665231328125000232e+02,-9.786013058259014485e+01
4.665234257812500118e+02,-8.857964971189377934e+01
4.665237187500000005e+02,-9.460631635408890361e+01
4.665240117187499891e+02,-8.713585466952628167e+01
4.665243046875000346e+02,-8.490302529948107235e+01
4.665245976562500232e+02,-8.932728622013563324e+01
4.665248906250000118e+02,-8.638966336303441551e+01
4.665251835937500005e+02,-8.306864344982373893e+01
4.665254765624999891e+02,-8.785713603413751116e+01
4.665257695312500346e+02,-8.413054603914608265e+01
4.665260625000000232e+02,-8.882159430236016817e+01
4.665263554687500118e+02,-9.223957984925257847e+01
4.665266484375000005e+02,-8.703878671181522009e+01
4.665269414062499891e+02,-8.476749669973611390e+01
4.665272343750000346e+02,-8.201159167821812446e+01
4.665275273437500232e+02,-8.066417890425290693e+01
4.665278203125000118e+02,-8.160991079820436767e+01
4.665281132812500005e+02,-8.510707516404252715e+01
4.665284062499999891e+02,-8.463025396330054662e+01
4.665286992187500346e+02,-1.001718279406244960e+02
4.665289921875000232e+02,-1.087777852478723020e+02
4.665292851562500118e+02,-8.394544356413103969e+01
4.665295781250000005e+02,-7.965874512979995359e+01
4.665298710937499891e+02,-7.840915431063915264e+01
4.665301640625000346e+02,-7.959950876252419505e+01
4.665304570312500232e+02,-8.200111000686729312e+01
4.665307500000000118e+02,-8.446578703604524208e+01
4.665310429687500005e+02,-8.948940754629916228e+01
4.665313359374999891e+02,-9.024159540356063758e+01
4.665316289062500346e+02,-9.126304974949080417e+01
4.665319218750000232e+02,-8.293712289562860462e+01
4.665322148437500118e+02,-7.943563390067684793e+01
4.665325078125000005e+02,-8.030835158154951614e+01
4.665328007812499891e+02,-8.200038811389833882e+01
4.665330937500000346e+02,-8.500665097355127386e+01
4.665333867187500232e+02,-9.033849768013423898e+01
4.665336796875000118e+02,-8.440393458694003925e+01
4.665339726562500005e+02,-8.792757947775552907e+01
4.665342656249999891e+02,-9.114960096638418463e+01
4.665345585937500346e+02,-8.433668459595573097e+01
4.665348515625000232e+02,-8.390042850777319927e+01
4.665351445312500118e+02,-8.616032244761876768e+01
4.665354375000000005e+02,-8.459095737107713830e+01
4.665357304687499891e+02,-8.811106187386099009e+01
4.665360234375000346e+02,-8.393862387418600690e+01
4.665363164062500232e+02,-8.126635637916581345e+01
4.665366093750000118e+02,-9.278662392206294385e+01
4.665369023437500005e+02,-8.594112630796944075e+01
4.665371953124999891e+02,-8.800192864610799859e+01
4.665374882812500346e+02,-9.232094036220901501e+01
4.665377812500000232e+02,-9.062069671634843360e+01
4.665380742187500118e+02,-9.076468152939617084e+01
4.665383671875000005e+02,-8.791637104335832475e+01
4.665386601562499891e+02,-8.008515109143806399e+01
4.665389531250000346e+02,-8.466578860973015708e+01
4.665392460937500232e+02,-8.271683347925177543e+01
4.665395390625000118e+02,-8.629928300689815046e+01
4.665398320312500005e+02,-9.054220580685509390e+01
4.665401249999999891e+02,-1.021589495161489083e+02
4.665404179687500346e+02,-9.710292489084142176e+01
4.665407109375000232e+02,-8.824627629431643072e+01
4.665410039062500118e+02,-8.693583097889893452e+01
4.665412968750000005e+02,-8.128424093800744288e+01
4.665415898437499891e+02,-8.397180053051206983e+01
4.665418828125000346e+02,-8.374092720887007602e+01
4.665421757812500232e+02,-8.497617678557794818e+01
4.665424687500000118e+02,-8.741891385583784313e+01
4.665427617187500005e+02,-9.300683545872530544e+01
4.665430546874999891e+02,-8.939469390822029027e+01
4.665433476562500346e+02,-9.568349222294079937e+01
4.665436406250000232e+02,-8.490516549016672343e+01
4.665439335937500118e+02,-8.344513419937193532e+01
4.665442265625000005e+02,-8.514127978350315118e+01
4.665445195312499891e+02,-8.938690852047665203e+01
4.665448125000000346e+02,-8.447723841208271267e+01
4.665451054687500232e+02,-8.655107846945372785e+01
4.665453984375000118e+02,-8.975639151656073977e+01
4.665456914062500005e+02,-9.285667723439831889e+01
4.665459843749999891e+02,-9.490139682992469261e+01
4.665462773437500346e+02,-8.719020353893694164e+01
4.665465703125000232e+02,-8.397124587677716079e+01
4.665468632812500118e+02,-8.873909923186374726e+01
4.665471562500000005e+02,-1.057103993228843422e+02
4.665474492187499891e+02,-9.166701577683261348e+01
4.665477421875000346e+02,-8.703032900229825941e+01
4.665480351562500232e+02,-8.940171487662765060e+01
4.665483281250000118e+02,-9.138819290218144431e+01
4.665486210937500005e+02,-8.552470630125760920e+01
4.665489140624999891e+02,-8.774849217172612725e+01
4.665492070312500346e+02,-8.476719037794403278e+01
4.665495000000000232e+02,-8.677383735624344752e+01
4.665497929687500118e+02,-8.982522968709679390e+01
4.665500859375000005e+02,-8.741154837647860631e+01
4.665503789062499891e+02,-9.162570575409046114e+01
4.665506718750000346e+02,-9.769136408859094445e+01
4.665509648437500232e+02,-8.231216536353402091e+01
4.665512578125000118e+02,-8.485525730157584690e+01
4.665515507812500005e+02,-8.689923512784140769e+01
4.665518437499999891e+02,-8.093067981067319749e+01
4.665521367187500346e+02,-8.596257418195224886e+01
4.665524296875000232e+02,-8.913057735499421597e+01
4.665527226562500118e+02,-9.233098044146143479e+01
4.665530156250000005e+02,-9.397124702528299167e+01
4.665533085937499891e+02,-8.525534438160669026e+01
4.665536015625000346e+02,-7.974245473269702700e+01
4.665538945312500232e+02,-9.189524262489045725e+01
4.665541875000000118e+02,-8.138452902637627062e+01
4.665544804687500005e+02,-8.225007220856413426e+01
4.665547734374999891e+02,-8.738430651145446859e+01
4.665550664062500346e+02,-9.205829123789241919e+01
4.665553593750000232e+02,-9.255496038929845781e+01
4.665556523437500118e+02,-9.328048755442654283e+01
4.665559453125000005e+02,-7.961567022421374418e+01
4.665562382812499891e+02,-8.100744593153449102e+01
4.665565312500000346e+02,-9.692740299682449745e+01
4.665568242187500232e+02,-8.370326947711444632e+01
4.665571171875000118e+02,-8.579997591667992651e+01
4.665574101562500005e+02,-8.762073427476168774e+01
4.665577031249999891e+02,-8.703168769565705531e+01
4.665579960937500346e+02,-9.841642222242526827e+01
4.665582890625000232e+02,-8.177491278581568679e+01
4.665585820312500118e+02,-7.889907160114547935e+01
4.665588750000000005e+02,-8.667829442273345819e+01
4.665591679687499891e+02,-8.930143138952992388e+01
4.665594609375000346e+02,-8.799350603447740582e+01
4.665597539062500232e+02,-8.649507525923016260e+01
4.665600468750000118e+02,-8.274011544039781541e+01
4.665603398437500005e+02,-8.507213622224951166e+01
4.665606328124999891e+02,-8.807905651786191470e+01
4.665609257812500346e+02,-7.918450309652838826e+01
4.665612187500000232e+02,-7.990061095789369006e+01
4.665615117187500118e+02,-9.009184137667232051e+01
4.665618046875000005e+02,-9.206407942416734613e+01
4.665620976562499891e+02,-8.741088945972441593e+01
4.665623906250000346e+02,-8.149365009803955218e+01
4.665626835937500232e+02,-8.165076807017264571e+01
4.665629765625000118e+02,-1.065725186072750574e+02
4.665632695312500005e+02,-8.247052034469811588e+01
4.665635624999999891e+02,-8.175043615977244826e+01
4.665638554687500346e+02,-8.387358552718454519e+01
4.665641484375000232e+02,-9.108096307036218775e+01
4.665644414062500118e+02,-9.471755208915062951e+01
4.665647343750000005e+02,-8.408660767537648439e+01
4.665650273437499891e+02,-8.265162449086702168e+01
4.665653203125000346e+02,-9.296431526070067264e+01
4.665656132812500232e+02,-8.644943012122836024e+01
4.665659062500000118e+02,-8.895583138113168786e+01
4.665661992187500005e+02,-8.763962318848496125e+01
4.665664921874999891e+02,-9.064811058509320674e+01
4.665667851562500346e+02,-9.978776800114609102e+01
4.665670781250000232e+02,-8.817796908834185388e+01
4.665673710937500118e+02,-8.590075129339153648e+01
4.665676640625000005e+02,-9.685489653411576683e+01
4.665679570312499891e+02,-8.461701579106855320e+01
4.665682500000000346e+02,-8.969249619285442066e+01
4.665685429687500232e+02,-9.112310673870474886e+01
4.665688359375000118e+02,-9.276384228029704104e+01
4.665691289062500005e+02,-9.735633188963055318e+01
4.665694218749999891e+02,-8.465929347063487853e+01
4.665697148437500346e+02,-8.885918586862771917e+01
4.665700078125000232e+02,-9.395272271210025394e+01
4.665703007812500118e+02,-8.742019245684087991e+01
4.665705937500000005e+02,-8.554041961818239770e+01
4.665708867187499891e+02,-9.818573964126839826e+01
4.665711796875000346e+02,-8.446621385426693962e+01
4.665714726562500232e+02,-8.797422964526431599e+01
4.665717656250000118e+02,-9.273462064179439324e+01
4.665720585937500005e+02,-8.372325129005429289e+01
4.665723515624999891e+02,-8.543757316135437918e+01
4.665726445312500346e+02,-8.316017364330909345e+01
4.665729375000000232e+02,-8.592409112418818040e+01
4.665732304687500118e+02,-9.486096226110771568e+01
4.665735234375000005e+02,-8.815717606538970585e+01
4.665738164062499891e+02,-8.501510504764716813e+01
4.665741093750000346e+02,-8.946626687698034175e+01
4.665744023437500232e+02,-8.558687993591280474e+01
4.665746953125000118e+02,-8.230700603838926099e+01
4.665749882812500005e+02,-8.082847982079385929e+01
4.665752812499999891e+02,-8.645187994946573440e+01
4.665755742187500346e+02,-9.501278461038468492e+01
4.665758671875000232e+02,-9.214033293216627385e+01
4.665761601562500118e+02,-8.879771048597231697e+01
4.665764531250000005e+02,-8.433659397800370527e+01
4.665767460937499891e+02,-9.425175981006957215e+01
4.665770390625000346e+02,-8.480623667030540958e+01
4.665773320312500232e+02,-8.030110065144681641e+01
4.665776250000000118e+02,-8.252877056070872186e+01
4.665779179687500005e+02,-9.685767958962406965e+01
4.665782109374999891e+02,-8.484749129465546957e+01
4.665785039062500346e+02,-8.789021006232614752e+01
4.665787968750000232e+02,-8.581279454211100699e+01
4.665790898437500118e+02,-8.366113648782013001e+01
4.665793828125000005e+02,-9.127984240756310896e+01
4.665796757812499891e+02,-8.441534616065624164e+01
4.665799687500000346e+02,-8.294330442384793400e+01
4.665802617187500232e+02,-9.564204191320297355e+01
4.665805546875000118e+02,-8.607009316828134615e+01
4.665808476562500005e+02,-7.831040500039227936e+01
4.665811406249999891e+02,-8.917511348890778322e+01
4.665814335937500346e+02,-8.451064430588985488e+01
4.665817265625000232e+02,-8.433971950334060352e+01
4.665820195312500118e+02,-9.594832235713398916e+01
4.665823125000000005e+02,-8.508828996886514062e+01
4.665826054687499891e+02,-8.758496504735425958e+01
4.665828984375000346e+02,-8.525011638939021452e+01
4.665831914062500232e+02,-8.062603078875135054e+01
4.665834843750000118e+02,-8.205826408417065920e+01
4.665837773437500005e+02,-8.744656055200557887e+01
4.665840703124999891e+02,-8.681300050948969727e+01
4.665843632812500346e+02,-8.893276475114420521e+01
4.665846562500000232e+02,-9.516386070660367125e+01
4.665849492187500118e+02,-9.883823025865468992e+01
4.665852421875000005e+02,-8.602115232530795197e+01
4.665855351562499891e+02,-8.311824022686533908e+01
4.665858281250000346e+02,-8.397661684832145568e+01
4.665861210937500232e+02,-8.992062574705317957e+01
4.665864140625000118e+02,-8.776522514721493451e+01
4.665867070312500005e+02,-1.018163090755894586e+02
4.665869999999999891e+02,-8.501516877983712561e+01
4.665872929687500346e+02,-8.620609690787452450e+01
4.665875859375000232e+02,-1.029883836053849109e+02
4.665878789062500118e+02,-8.275283329314260072e+01
4.665881718750000005e+02,-8.884149499977831965e+01
4.665884648437499891e+02,-1.010982488929032002e+02
4.665887578125000346e+02,-9.475551264368550619e+01
4.665890507812500232e+02,-8.627116998463361597e+01
4.665893437500000118e+02,-9.356090248398919584e+01
4.665896367187500005e+02,-8.404915921205088125e+01
4.665899296874999891e+02,-8.642422828326849071e+01
4.665902226562500346e+02,-8.653009888867563859e+01
4.665905156250000232e+02,-8.836440370955634194e+01
4.665908085937500118e+02,-8.695382974949033894e+01
4.665911015625000005e+02,-8.851558806153904868e+01
4.665913945312499891e+02,-8.960813579751092561e+01
4.665916875000000346e+02,-8.746274540123472718e+01
4.665919804687500232e+02,-9.215951059313154303e+01
4.665922734375000118e+02,-8.407209101567566734e+01
4.665925664062500005e+02,-9.186450143563924087e+01
4.665928593749999891e+02,-8.907888916850360772e+01
4.665931523437500346e+02,-8.353036224818842470e+01
4.665934453125000232e+02,-8.355492836590555328e+01
4.665937382812500118e+02,-9.221185181198775638e+01
4.665940312500000005e+02,-8.317066956854421278e+01
4.665943242187499891e+02,-8.833874812569254686e+01
4.665946171875000346e+02,-8.411349499952999054e+01
4.665949101562500232e+02,-8.745064462510794101e+01
4.665952031250000118e+02,-9.664976235258296811e+01
4.665954960937500005e+02,-8.453710894936916986e+01
4.665957890624999891e+02,-8.070313893777068870e+01
4.665960820312500346e+02,-8.594851211140466773e+01
4.665963750000000232e+02,-8.922668363301650629e+01
4.665966679687500118e+02,-8.474246479216981243e+01
4.665969609375000005e+02,-8.272417019328651122e+01
4.665972539062499891e+02,-8.568010333022994018e+01
4.665975468750000346e+02,-9.296214870266777552e+01
4.665978398437500232e+02,-8.990675807804717579e+01
4.665981328125000118e+02,-8.272649409909151075e+01
4.665984257812500005e+02,-8.301446089237543902e+01
4.665987187499999891e+02,-9.219185504594511826e+01
4.665990117187500346e+02,-8.659304349434565040e+01
4.665993046875000232e+02,-8.330341166116784279e+01
4.665995976562500118e+02,-8.339969769245577424e+01
4.665998906250000005e+02,-8.495541513955805613e+01
4.666001835937499891e+02,-9.247807180799469506e+01
4.666004765625000346e+02,-8.552452661364844744e+01
4.666007695312500232e+02,-8.179162629261190887e+01
4.666010625000000118e+02,-8.353344311471276740e+01
4.666013554687500005e+02,-8.750614604431487464e+01
4.666016484374999891e+02,-8.776299630878155256e+01
4.666019414062500346e+02,-8.185168744698059129e+01
4.666022343750000232e+02,-7.980309537555390875e+01
4.666025273437500118e+02,-8.074892453427216310e+01
4.666028203125000005e+02,-9.319912967999724174e+01
4.666031132812499891e+02,-8.250352225342352597e+01
4.666034062500000346e+02,-7.989516100377572627e+01
4.666036992187500232e+02,-8.455712990564521192e+01
4.666039921875000118e+02,-1.062840262839074654e+02
4.666042851562500005e+02,-8.762251082897229537e+01
4.666045781249999891e+02,-8.034715788385987878e+01
4.666048710937500346e+02,-7.809488819878681909e+01
4.666051640625000232e+02,-8.135739591422139938e+01
4.666054570312500118e+02,-1.051852971942922181e+02
4.666057500000000005e+02,-8.025783356077751307e+01
4.666060429687499891e+02,-8.044339531995339598e+01
4.666063359375000346e+02,-9.165925797798821861e+01
4.666066289062500232e+02,-9.035438955655391169e+01
4.666069218750000118e+02,-8.252077761757882968e+01
4.666072148437500005e+02,-7.838806095899875004e+01
4.666075078124999891e+02,-7.827916042564676502e+01
4.666078007812500346e+02,-8.622283886820609666e+01
4.666080937500000232e+02,-8.611088973294585003e+01
4.666083867187500118e+02,-8.049447992923325046e+01
4.666086796875000005e+02,-9.628004929839337933e+01
4.666089726562499891e+02,-8.663218510685805995e+01
4.666092656250000346e+02,-8.462213250547301868e+01
4.666095585937500232e+02,-8.149178743441190420e+01
4.666098515625000118e+02,-8.052940565976254561e+01
4.666101445312500005e+02,-8.508721483032152832e+01
4.666104374999999891e+02,-9.758374532384075906e+01
4.666107304687500346e+02,-8.249136271679449806e+01
4.666110234375000232e+02,-8.989556870159658786e+01
4.666113164062500118e+02,-8.716372359656163837e+01
4.666116093750000005e+02,-9.176454528192961391e+01
4.666119023437499891e+02,-8.564549693882725023e+01
4.666121953125000346e+02,-8.222479116473068927e+01
4.666124882812500232e+02,-8.652138934073192900e+01
4.666127812500000118e+02,-9.238963432997975644e+01
4.666130742187500005e+02,-9.172273842026191915e+01
4.666133671874999891e+02,-9.018672935178558703e+01
4.666136601562500346e+02,-8.292514515236852901e+01
4.666139531250000232e+02,-8.568827639352994652e+01
4.666142460937500118e+02,-9.155448955888893181e+01
4.666145390625000005e+02,-8.819435264205239378e+01
4.666148320312499891e+02,-8.521806889453651479e+01
4.666151250000000346e+02,-8.768124901701541773e+01
4.666154179687500232e+02,-8.807059069878766877e+01
4.666157109375000118e+02,-8.901035800863570557e+01
4.666160039062500005e+02,-8.374129782116325771e+01
4.666162968749999891e+02,-8.380112068514348778e+01
4.666165898437500346e+02,-9.180687556790556414e+01
4.666168828125000232e+02,-9.505610536639620989e+01
4.666171757812500118e+02,-8.887047184964414726e+01
4.666174687500000005e+02,-8.785374284818040280e+01
4.666177617187499891e+02,-8.500716479932904690e+01
4.666180546875000346e+02,-9.291239594150297876e+01
4.666183476562500232e+02,-8.625858947276870481e+01
4.666186406250000118e+02,-8.174854951662810265e+01
4.666189335937500005e+02,-9.355445505254989769e+01
4.666192265624999891e+02,-9.177052259523878774e+01
4.666195195312500346e+02,-9.700532083712319320e+01
4.666198125000000232e+02,-8.719004317706243512e+01
4.666201054687500118e+02,-8.372056334895242458e+01
4.666203984375000005e+02,-9.220176760902843682e+01
4.666206914062499891e+02,-8.599942401553391846e+01
4.666209843750000346e+02,-8.471133239478805876e+01
4.666212773437500232e+02,-9.274242941892114800e+01
4.666215703125000118e+02,-8.877626248668815379e+01
4.666218632812500005e+02,-1.087178536227491463e+02
4.666221562499999891e+02,-8.825263386366806628e+01
4.666224492187500346e+02,-8.428161654303154648e+01
4.666227421875000232e+02,-8.796860920763941749e+01
4.666230351562500118e+02,-8.538700294208537400e+01
4.666233281250000005e+02,-8.645548102074526753e+01
4.666236210937499891e+02,-8.700729037894069506e+01
4.666239140625000346e+02,-9.172238844856828166e+01
4.666242070312500232e+02,-1.000692513927537988e+02
4.666245000000000118e+02,-8.923498380752631931e+01
4.666247929687500005e+02,-8.756860076905522305e+01
4.666250859374999891e+02,-9.152436430706691795e+01
4.666253789062500346e+02,-8.590668515279463691e+01
4.666256718750000232e+02,-8.847933514681044187e+01
4.666259648437500118e+02,-9.006711117327718341e+01
4.666262578125000005e+02,-8.863279203642872517e+01
4.666265507812499891e+02,-8.946148424007506605e+01
4.666268437500000346e+02,-8.690377316333852775e+01
4.666271367187500232e+02,-8.435442347690934639e+01
4.666274296875000118e+02,-8.506602053629130467e+01
4.666277226562500005e+02,-8.337917467632300372e+01
4.666280156249999891e+02,-9.242885768393585977e+01
4.666283085937500346e+02,-8.702446554964456027e+01
4.666286015625000232e+02,-8.269554789339913725e+01
4.666288945312500118e+02,-9.056157480107879110e+01
4.666291875000000005e+02,-8.724910955855000338e+01
4.666294804687499891e+02,-8.292702256896299673e+01
4.666297734375000346e+02,-9.129615898010871433e+01
4.666300664062500232e+02,-8.010745970520935089e+01
4.666303593750000118e+02,-8.830256384297558725e+01
4.666306523437500005e+02,-9.339635346301301411e+01
4.666309453124999891e+02,-8.267278865364865226e+01
4.666312382812500346e+02,-8.994800471091294014e+01
4.666315312500000232e+02,-8.881519738842975187e+01
4.666318242187500118e+02,-8.546122014993650851e+01
4.666321171875000005e+02,-9.165635449839511750e+01
4.666324101562499891e+02,-8.270434596909635161e+01
4.666327031250000346e+02,-8.567828832319463572e+01
4.666329960937500232e+02,-9.413418440071603754e+01
4.666332890625000118e+02,-8.587669542966537506e+01
4.666335820312500005e+02,-8.775489898936278621e+01
4.666338749999999891e+02,-9.871720585097334322e+01
4.666341679687500346e+02,-9.308987127710076948e+01
4.666344609375000232e+02,-9.033751061994348674e+01
4.666347539062500118e+02,-8.926837387595638518e+01
4.666350468750000005e+02,-9.011811386808437874e+01
4.666353398437499891e+02,-9.098504179043898432e+01
4.666356328125000346e+02,-8.347659761897108410e+01
4.666359257812500232e+02,-8.751275024630410826e+01
4.666362187500000118e+02,-8.842910325325081544e+01
4.666365117187500005e+02,-9.820907081084918389e+01
4.666368046874999891e+02,-9.202368102950400441e+01
4.666370976562500346e+02,-1.077189742293138721e+02
4.666373906250000232e+02,-9.570571349081733104e+01
4.666376835937500118e+02,-8.530546157667104978e+01
4.666379765625000005e+02,-8.085248098203656753e+01
4.666382695312499891e+02,-8.059428308235351324e+01
4.666385625000000346e+02,-8.331335588014512439e+01
4.666388554687500232e+02,-8.423967364061468288e+01
4.666391484375000118e+02,-9.395165127567733521e+01
4.666394414062500005e+02,-9.351267173816714262e+01
4.666397343749999891e+02,-8.785493789154408262e+01
4.666400273437500346e+02,-8.387747600040043494e+01
4.666403203125000232e+02,-8.225827644678756201e+01
4.666406132812500118e+02,-7.830067696428474733e+01
4.666409062500000005e+02,-7.908475820759305464e+01
4.666411992187499891e+02,-8.161091636693993223e+01
4.666414921875000346e+02,-8.666756265473873100e+01
4.666417851562500232e+02,-9.018176122210368817e+01
4.666420781250000118e+02,-9.422632286378103572e+01
4.666423710937500005e+02,-8.353780535910124172e+01
4.666426640624999891e+02,-8.454768719810162736e+01
4.666429570312500346e+02,-8.001198308225872324e+01
4.666432500000000232e+02,-8.049338947730751670e+01
4.666435429687500118e+02,-8.213290993962471020e+01
4.666438359375000005e+02,-8.863923584915764309e+01
4.666441289062499891e+02,-9.049347730300654291e+01
4.666444218750000346e+02,-8.942442454743611790e+01
4.666447148437500232e+02,-9.818855786591156232e+01
4.666450078125000118e+02,-9.665743378103317696e+01
4.666453007812500005e+02,-8.562007811325484852e+01
4.666455937499999891e+02,-9.072212283203158734e+01
4.666458867187500346e+02,-8.783313622764678996e+01
4.666461796875000232e+02,-9.005574383977346997e+01
4.666464726562500118e+02,-9.132929822641449391e+01
4.666467656250000005e+02,-8.798817887789562064e+01
4.666470585937499891e+02,-8.132303170277685922e+01
4.666473515625000346e+02,-8.061134964244091350e+01
4.666476445312500232e+02,-8.973983064561879530e+01
4.666479375000000118e+02,-8.576484484125981567e+01
4.666482304687500005e+02,-8.484732829952127986e+01
4.666485234374999891e+02,-9.073795181955601663e+01
4.666488164062500346e+02,-9.046796543601836049e+01
4.666491093750000232e+02,-8.951517092197029513e+01
4.666494023437500118e+02,-8.107606609197051739e+01
4.666496953125000005e+02,-7.583050279879208233e+01
4.666499882812499891e+02,-7.742975246175501525e+01
4.666502812500000346e+02,-9.605076621205341780e+01
4.666505742187500232e+02,-8.011016006152877367e+01
4.666508671875000118e+02,-8.121033607034043200e+01
4.666511601562500005e+02,-8.418152319159221975e+01
4.666514531249999891e+02,-9.111132672469948091e+01
4.666517460937500346e+02,-8.473473236018310217e+01
4.666520390625000232e+02,-7.548609738492334031e+01
4.666523320312500118e+02,-7.405531589763977252e+01
4.666526250000000005e+02,-8.186816014671845210e+01
4.666529179687499891e+02,-8.203668929752996064e+01
4.666532109375000346e+02,-8.004551006654780565e+01
4.666535039062500232e+02,-8.282567489619307821e+01
4.666537968750000118e+02,-8.579028966917800858e+01
4.666540898437500005e+02,-9.256191993712445765e+01
4.666543828124999891e+02,-7.729398518027467446e+01
4.666546757812500346e+02,-7.462105220641961978e+01
4.666549687500000232e+02,-7.792250531892931065e+01
4.666552617187500118e+02,-9.711066400601171722e+01
4.666555546875000005e+02,-8.396547252112821980e+01
4.666558476562499891e+02,-9.298298553980130521e+01
4.666561406250000346e+02,-8.365855635009104674e+01
4.666564335937500232e+02,-9.011906367364585435e+01
4.666567265625000118e+02,-8.151982787590893054e+01
4.666570195312500005e+02,-7.735798698804377693e+01
4.666573124999999891e+02,-7.822490755507556059e+01
4.666576054687500346e+02,-8.862668575701732721e+01
4.666578984375000232e+02,-8.708966627751206602e+01
4.666581914062500118e+02,-8.562929470639913632e+01
4.666584843750000005e+02,-9.147901274967466634e+01
4.666587773437499891e+02,-8.293574429727505049e+01
4.666590703125000346e+02,-8.379902220792018852e+01
4.666593632812500232e+02,-8.307723642776639394e+01
4.666596562500000118e+02,-8.181968814494680942e+01
4.666599492187500005e+02,-8.506233631604180800e+01
4.666602421874999891e+02,-8.354004980718744378e+01
4.666605351562500346e+02,-9.511869054034218607e+01
4.666608281250000232e+02,-8.279929425042462299e+01
4.666611210937500118e+02,-8.445744627570186935e+01
4.666614140625000005e+02,-8.263661568812867131e+01
4.666617070312499891e+02,-8.583657708975488276e+01
4.666620000000000346e+02,-8.124053764812573775e+01
4.666622929687500232e+02,-8.024308334381467489e+01
4.666625859375000118e+02,-8.327702221420489082e+01
4.666628789062500005e+02,-8.764028737208528241e+01
4.666631718749999891e+02,-8.019684623664387857e+01
4.666634648437500346e+02,-8.291198104860981744e+01
4.666637578125000232e+02,-8.158485944494641728e+01
4.666640507812500118e+02,-8.303920173026696716e+01
4.666643437500000005e+02,-8.075544637145117122e+01
4.666646367187499891e+02,-7.817334191334080629e+01
4.666649296875000346e+02,-7.957762019582857249e+01
4.666652226562500232e+02,-8.231472150521585718e+01
4.666655156250000118e+02,-8.792670638534772820e+01
4.666658085937500005e+02,-8.253447408088189263e+01
4.666661015624999891e+02,-8.147552033220911483e+01
4.666663945312500346e+02,-8.287740809258521324e+01
4.666666875000000232e+02,-8.376243786906741207e+01
4.666669804687500118e+02,-8.136637754284362245e+01
4.666672734375000005e+02,-8.284248274184355409e+01
4.666675664062499891e+02,-8.415652593156272587e+01
4.666678593750000346e+02,-9.335236503398533614e+01
4.666681523437500232e+02,-9.177174952835582644e+01
4.666684453125000118e+02,-8.604178659405459939e+01
4.666687382812500005e+02,-8.557422149437454095e+01
4.666690312499999891e+02,-8.317479006998428304e+01
4.666693242187500346e+02,-8.309488821579215312e+01
4.666696171875000232e+02,-9.246816798187482789e+01
4.666699101562500118e+02,-9.476003452886637035e+01
4.666702031250000005e+02,-9.387198577690058698e+01
4.666704960937499891e+02,-9.066424494200285267e+01
4.666707890625000346e+02,-8.550638951859950510e+01
4.666710820312500232e+02,-9.003330224971878692e+01
4.666713750000000118e+02,-8.810184477777855250e+01
4.666716679687500005e+02,-8.501236641737352784e+01
4.666719609374999891e+02,-9.207759556679989998e+01
4.666722539062500346e+02,-8.345751735427950280e+01
4.666725468750000232e+02,-8.296974044350328370e+01
4.666728398437500118e+02,-9.589771386612028437e+01
4.666731328125000005e+02,-8.251430777247753667e+01
4.666734257812499891e+02,-8.490702411754425327e+01
4.666737187500000346e+02,-9.078918200579182951e+01
4.666740117187500232e+02,-9.259789125246240360e+01
4.666743046875000118e+02,-9.013180696378833545e+01
4.666745976562500005e+02,-8.432860071810191016e+01
4.666748906249999891e+02,-8.335438739247967987e+01
4.666751835937500346e+02,-8.631588616249112533e+01
4.666754765625000232e+02,-8.359633560033586264e+01
4.666757695312500118e+02,-8.282809219242190579e+01
4.666760625000000005e+02,-8.477209379612246209e+01
4.666763554687499891e+02,-8.968934100724679581e+01
4.666766484375000346e+02,-8.528155750972020144e+01
4.666769414062500232e+02,-8.426566437644351026e+01
4.666772343750000118e+02,-8.665190308766958083e+01
4.666775273437500005e+02,-8.745263725024925350e+01
4.666778203124999891e+02,-8.417973820597649137e+01
4.666781132812500346e+02,-8.176002699822961972e+01
4.666784062500000232e+02,-9.088387075403451831e+01
4.666786992187500118e+02,-8.585645088423250115e+01
4.666789921875000005e+02,-9.082050212209790629e+01
4.666792851562499891e+02,-8.654377628322288274e+01
4.666795781250000346e+02,-9.039455965531060144e+01
4.666798710937500232e+02,-9.001437143653546968e+01
4.666801640625000118e+02,-8.263122420975668092e+01
4.666804570312500005e+02,-8.071894451732141818e+01
4.666807499999999891e+02,-8.765409899110073866e+01
4.666810429687500346e+02,-8.858282587872568570e+01
4.666813359375000232e+02,-8.581085774716234482e+01
4.666816289062500118e+02,-8.639846742697284299e+01
4.666819218750000005e+02,-8.766763547910778698e+01
4.666822148437499891e+02,-8.597580480864249353e+01
4.666825078125000346e+02,-8.155595175873179414e+01
4.666828007812500232e+02,-8.071636216877405445e+01
4.666830937500000118e+02,-8.112148501551062907e+01
4.666833867187500005e+02,-1.009660759789774573e+02
4.666836796874999891e+02,-8.666296987222601445e+01
4.666839726562500346e+02,-8.578809004374234348e+01
4.666842656250000232e+02,-8.927702940646318552e+01
4.666845585937500118e+02,-8.291683757924552367e+01
4.666848515625000005e+02,-7.965200187393836018e+01
4.666851445312499891e+02,-8.105024606855913305e+01
4.666854375000000346e+02,-8.004026307857623124e+01
4.666857304687500232e+02,-8.334415031018136233e+01
4.666860234375000118e+02,-9.840766371810116198e+01
4.666863164062500005e+02,-9.252641443068091576e+01
4.666866093749999891e+02,-1.010940279650591975e+02
4.666869023437500346e+02,-9.165651312036766285e+01
4.666871953125000232e+02,-8.451911124457551239e+01
4.666874882812500118e+02,-7.977723372900270249e+01
4.666877812500000005e+02,-8.480125035388806509e+01
4.666880742187499891e+02,-8.005395321036598943e+01
4.666883671875000346e+02,-8.639009281741992652e+01
4.666886601562500232e+02,-9.209650508860180196e+01
4.666889531250000118e+02,-1.009680318377180868e+02
4.666892460937500005e+02,-8.519399587604516455e+01
4.666895390624999891e+02,-8.504603549537266360e+01
4.666898320312500346e+02,-8.249405816969948546e+01
4.666901250000000232e+02,-8.712494525419069191e+01
4.666904179687500118e+02,-8.493293472146639544e+01
4.666907109375000005e+02,-8.218001103913010752e+01
4.666910039062499891e+02,-8.616554954434954539e+01
4.666912968750000346e+02,-8.859111157886397336e+01
4.666915898437500232e+02,-8.642791626980519482e+01
4.666918828125000118e+02,-7.967326215001294543e+01
4.666921757812500005e+02,-8.178186117789323362e+01
4.666924687499999891e+02,-8.824025054050386530e+01
4.666927617187500346e+02,-1.065656833424125551e+02
4.666930546875000232e+02,-8.735495157692690782e+01
4.666933476562500118e+02,-9.048986003992243354e+01
4.666936406250000005e+02,-8.548397407133111869e+01
4.666939335937499891e+02,-9.505464312051799425e+01
4.666942265625000346e+02,-7.965118635697595550e+01
4.666945195312500232e+02,-7.744934154482754707e+01
4.666948125000000118e+02,-8.118185017139309423e+01
4.666951054687500005e+02,-1.027772447657473265e+02
4.666953984374999891e+02,-9.080186082875967202e+01
4.666956914062500346e+02,-1.074852504502679267e+02
4.666959843750000232e+02,-8.782819467532402768e+01
4.666962773437500118e+02,-9.971427297580022753e+01
4.666965703125000005e+02,-8.204344921512701205e+01
4.666968632812499891e+02,-7.762676169362953260e+01
4.666971562500000346e+02,-7.735628367971531816e+01
4.666974492187500232e+02,-8.939930922372673194e+01
4.666977421875000118e+02,-8.484518494934459909e+01
4.666980351562500005e+02,-8.676183804992241733e+01
4.666983281249999891e+02,-8.595663898076161047e+01
4.666986210937500346e+02,-8.796358942572153694e+01
4.666989140625000232e+02,-9.083113324968267932e+01
4.666992070312500118e+02,-8.144155835848400216e+01
4.666995000000000005e+02,-7.796448875303852333e+01
4.666997929687499891e+02,-8.233730445016300337e+01
4.667000859375000346e+02,-8.692896778445729922e+01
4.667003789062500232e+02,-8.546776255696963176e+01
4.667006718750000118e+02,-8.500487769651165593e+01
4.667009648437500005e+02,-8.780690415003167004e+01
4.667012578124999891e+02,-9.724950990507477400e+01
4.667015507812500346e+02,-9.201637461249190153e+01
4.667018437500000232e+02,-8.437713340558205743e+01
4.667021367187500118e+02,-8.326254752911646051e+01
4.667024296875000005e+02,-9.107179152560189550e+01
4.667027226562499891e+02,-8.341920517198302321e+01
4.667030156250000346e+02,-8.453798328768237980e+01
4.667033085937500232e+02,-8.340020880473140608e+01
4.667036015625000118e+02,-9.188506257112834419e+01
4.667038945312500005e+02,-9.294688356028660792e+01
4.667041874999999891e+02,-9.174840220468021812e+01
4.667044804687500346e+02,-9.977349338584240002e+01
4.667047734375000232e+02,-8.811298695631749922e+01
4.667050664062500118e+02,-8.881517110978970209e+01
4.667053593750000005e+02,-8.935670245398647182e+01
4.667056523437499891e+02,-8.414655450704847794e+01
4.667059453125000346e+02,-8.957275742716616662e+01
4.667062382812500232e+02,-9.483399096736390277e+01
4.667065312500000118e+02,-8.770509655041558972e+01
4.667068242187500005e+02,-8.440277154189496400e+01
4.667071171874999891e+02,-8.143778013147527872e+01
4.667074101562500346e+02,-8.486198295377707268e+01
4.667077031250000232e+02,-8.711251049010260772e+01
4.667079960937500118e+02,-1.013654093549695432e+02
4.667082890625000005e+02,-9.025827247267515929e+01
4.667085820312499891e+02,-9.858693095366662362e+01
4.667088750000000346e+02,-8.803566743493797730e+01
4.667091679687500232e+02,-8.321622421961365035e+01
4.667094609375000118e+02,-7.853655548360212890e+01
4.667097539062500005e+02,-8.002378095144950976e+01
4.667100468749999891e+02,-8.931513709003807833e+01
4.667103398437500346e+02,-8.973780751336835237e+01
4.667106328125000232e+02,-9.345477606295368389e+01
4.667109257812500118e+02,-8.988547501565427922e+01
4.667112187500000005e+02,-9.067046936100710752e+01
4.667115117187499891e+02,-8.661525720977735432e+01
4.667118046875000346e+02,-8.016243452639714917e+01
4.667120976562500232e+02,-8.037715336576599157e+01
4.667123906250000118e+02,-8.350395672780206269e+01
4.667126835937500005e+02,-9.003323225999281476e+01
4.667129765624999891e+02,-9.329465153320244042e+01
4.667132695312500346e+02,-8.703092359946526813e+01
4.667135625000000232e+02,-8.488934329555175395e+01
4.667138554687500118e+02,-8.525687366122382116e+01
4.667141484375000005e+02,-8.305457171481562284e+01
4.667144414062499891e+02,-8.192867841557558961e+01
4.667147343750000346e+02,-9.029232340931349654e+01
4.667150273437500232e+02,-8.485390496430044038e+01
4.667153203125000118e+02,-8.722969578856458384e+01
4.667156132812500005e+02,-8.556031541926428474e+01
4.667159062499999891e+02,-8.365742052832531783e+01
4.667161992187500346e+02,-8.304228787722472305e+01
4.667164921875000232e+02,-8.450875452774653240e+01
4.667167851562500118e+02,-8.490229336135426763e+01
4.667170781250000005e+02,-8.617905251830305247e+01
4.667173710937499891e+02,-9.751942882806504542e+01
4.667176640625000346e+02,-8.405640192031793845e+01
4.667179570312500232e+02,-8.139398560444683994e+01
4.667182500000000118e+02,-8.230696533457179953e+01
4.667185429687500005e+02,-8.670152846567262372e+01
4.667188359374999891e+02,-8.520178843292471527e+01
4.667191289062500346e+02,-9.723369080118290242e+01
4.667194218750000232e+02,-8.561948082822209471e+01
4.667197148437500118e+02,-9.395618655967089694e+01
4.667200078125000005e+02,-8.714490784401775159e+01
4.667203007812499891e+02,-7.858396776140166651e+01
4.667205937500000346e+02,-7.892980432251293621e+01
4.667208867187500232e+02,-8.511057807403096831e+01
4.667211796875000118e+02,-8.517839024378989166e+01
4.667214726562500005e+02,-8.975730722275267226e+01
4.667217656249999891e+02,-8.424463058093635937e+01
4.667220585937500346e+02,-9.160045540740622982e+01
4.667223515625000232e+02,-9.602995309012810310e+01
4.667226445312500118e+02,-8.215809025084024597e+01
4.667229375000000005e+02,-7.845881527326424987e+01
4.667232304687499891e+02,-8.326476774026028238e+01
4.667235234375000346e+02,-8.728677032974434269e+01
4.667238164062500232e+02,-8.650916179980028176e+01
4.667241093750000118e+02,-8.698278631275856299e+01
4.667244023437500005e+02,-8.396787238344997206e+01
4.667246953124999891e+02,-8.747275394230442203e+01
4.667249882812500346e+02,-8.335803166430716260e+01
4.667252812500000232e+02,-7.865257797731496225e+01
4.667255742187500118e+02,-8.506432318135111359e+01
4.667258671875000005e+02,-7.758982983015800983e+01
4.667261601562499891e+02,-8.465441360239724133e+01
4.667264531250000346e+02,-8.947494940042571443e+01
4.667267460937500232e+02,-9.057380967685794815e+01
4.667270390625000118e+02,-8.512941473280864102e+01
4.667273320312500005e+02,-8.808068567135603644e+01
4.667276249999999891e+02,-8.131183166439515730e+01
4.667279179687500346e+02,-8.580630474764305404e+01
4.667282109375000232e+02,-8.114564171729959696e+01
4.667285039062500118e+02,-7.971455539022397829e+01
4.667287968750000005e+02,-8.831082238822085628e+01
4.667290898437499891e+02,-9.209568176868617684e+01
4.667293828125000346e+02,-8.156974025660221628e+01
4.667296757812500232e+02,-7.950003656508368977e+01
4.667299687500000118e+02,-8.577945980195549680e+01
4.667302617187500005e+02,-8.138330700239423265e+01
4.667305546874999891e+02,-8.609571383924657084e+01
4.667308476562500346e+02,-8.320468639859589643e+01
4.667311406250000232e+02,-8.529217625017003002e+01
4.667314335937500118e+02,-8.814368681380761927e+01
4.667317265625000005e+02,-8.826999247910448787e+01
4.667320195312499891e+02,-7.850440122300180690e+01
4.667323125000000346e+02,-8.054836321083728023e+01
4.667326054687500232e+02,-8.686682069080691804e+01
4.667328984375000118e+02,-7.914666766121987962e+01
4.667331914062500005e+02,-8.668440399600477519e+01
4.667334843749999891e+02,-8.869337148648850189e+01
4.667337773437500346e+02,-8.659839461455732135e+01
4.667340703125000232e+02,-9.424930313257780767e+01
4.667343632812500118e+02,-8.601376796840911254e+01
4.667346562500000005e+02,-7.809054230392773377e+01
4.667349492187499891e+02,-8.644477645165613922e+01
4.667352421875000346e+02,-7.988742854254327597e+01
4.667355351562500232e+02,-8.352900033791023304e+01
4.667358281250000118e+02,-8.441720251336796821e+01
4.667361210937500005e+02,-8.177597334630723935e+01
4.667364140624999891e+02,-9.155523879960659883e+01
4.667367070312500346e+02,-8.690223512221507463e+01
4.667370000000000232e+02,-8.442226622462055730e+01
4.667372929687500118e+02,-8.175455266351221439e+01
4.667375859375000005e+02,-8.895455291361767536e+01
4.667378789062499891e+02,-8.315401962613992737e+01
4.667381718750000346e+02,-8.713478221425476988e+01
4.667384648437500232e+02,-8.115271945467740977e+01
4.667387578125000118e+02,-8.571553394181088947e+01
4.667390507812500005e+02,-8.292908385685352357e+01
4.667393437499999891e+02,-8.095228682741216630e+01
4.667396367187500346e+02,-8.717226535539241183e+01
4.667399296875000232e+02,-8.499505002166264944e+01
4.667402226562500118e+02,-8.983066843828625281e+01
4.667405156250000005e+02,-9.441617552256514045e+01
4.667408085937499891e+02,-8.510711438965168441e+01
4.667411015625000346e+02,-8.697462514418818103e+01
4.667413945312500232e+02,-8.410460190163915684e+01
4.667416875000000118e+02,-7.646972715967396539e+01
4.667419804687500005e+02,-8.449028104080124990e+01
4.667422734374999891e+02,-9.052647156758565927e+01
4.667425664062500346e+02,-8.543275139389760398e+01
4.667428593750000232e+02,-8.743845786251668528e+01
4.667431523437500118e+02,-9.936815321641677201e+01
4.667434453125000005e+02,-9.235534522451912665e+01
4.667437382812499891e+02,-9.161034721994836616e+01
4.667440312500000346e+02,-7.979961323658390882e+01
4.667443242187500232e+02,-8.150093421213954059e+01
4.667446171875000118e+02,-9.498454985391533967e+01
4.667449101562500005e+02,-8.778302831294746511e+01
4.667452031249999891e+02,-8.106379316231404175e+01
4.667454960937500346e+02,-9.025648865324606618e+01
4.667457890625000232e+02,-8.544506733877676652e+01
4.667460820312500118e+02,-8.434501126258972192e+01
4.667463750000000005e+02,-8.879997523160697881e+01
4.667466679687499891e+02,-8.422815450914298196e+01
4.667469609375000346e+02,-9.423056316721067560e+01
4.667472539062500232e+02,-1.000866708942788534e+02
4.667475468750000118e+02,-8.340342520141064142e+01
4.667478398437500005e+02,-8.749453910584389860e+01
4.667481328124999891e+02,-7.984739412710891315e+01
4.667484257812500346e+02,-7.721443290829961370e+01
4.667487187500000232e+02,-8.171276906898762604e+01
4.667490117187500118e+02,-8.815017697012451947e+01
4.667493046875000005e+02,-8.479160495875957793e+01
4.667495976562499891e+02,-8.928704682735209985e+01
4.667498906250000346e+02,-9.038393660419698961e+01
4.667501835937500232e+02,-8.546348325880251195e+01
4.667504765625000118e+02,-9.787393606248181754e+01
4.667507695312500005e+02,-7.757082322298886368e+01
4.667510624999999891e+02,-7.756162538911375748e+01
4.667513554687500346e+02,-8.466293923610794536e+01
4.667516484375000232e+02,-7.915027390721716927e+01
4.667519414062500118e+02,-8.440600295865552027e+01
4.667522343750000005e+02,-8.729540994565573442e+01
4.667525273437499891e+02,-9.392181499001976874e+01
4.667528203125000346e+02,-8.512829807122071202e+01
4.667531132812500232e+02,-8.942540982415775375e+01
4.667534062500000118e+02,-7.846270081901610638e+01
4.667536992187500005e+02,-8.229671923801399203e+01
4.667539921874999891e+02,-7.865371303357235888e+01
4.667542851562500346e+02,-8.427495515708086771e+01
4.667545781250000232e+02,-8.752817736728175646e+01
4.667548710937500118e+02,-8.262016476884920735e+01
4.667551640625000005e+02,-8.721763685536785715e+01
4.667554570312499891e+02,-9.009883513365556951e+01
4.667557500000000346e+02,-8.972328022148417404e+01
4.667560429687500232e+02,-8.817179638155525367e+01
4.667563359375000118e+02,-8.040618231217544576e+01
4.667566289062500005e+02,-8.363856586141886851e+01
4.667569218749999891e+02,-9.514014578360689711e+01
4.667572148437500346e+02,-8.502783529215314218e+01
4.667575078125000232e+02,-8.524180873614702136e+01
4.667578007812500118e+02,-9.047878156758525847e+01
4.667580937500000005e+02,-8.503887923354533029e+01
4.667583867187499891e+02,-8.654498976519973041e+01
4.667586796875000346e+02,-8.207141105577017015e+01
4.667589726562500232e+02,-8.150301184343491911e+01
4.667592656250000118e+02,-9.197988704016260897e+01
4.667595585937500005e+02,-9.140502366604854956e+01
4.667598515624999891e+02,-8.720260593693744511e+01
4.667601445312500346e+02,-9.440936729592561960e+01
4.667604375000000232e+02,-8.272273110745982194e+01
4.667607304687500118e+02,-8.063750900835870539e+01
4.667610234375000005e+02,-8.138188088430564449e+01
4.667613164062499891e+02,-8.463638343923619800e+01
4.667616093750000346e+02,-9.430064558709355538e+01
4.667619023437500232e+02,-9.359783958118215708e+01
4.667621953125000118e+02,-9.251539057422746737e+01
4.667624882812500005e+02,-8.541310997903559610e+01
4.667627812499999891e+02,-8.592200026717702599e+01
4.667630742187500346e+02,-8.347950266743626457e+01
4.667633671875000232e+02,-7.988069979738492066e+01
4.667636601562500118e+02,-8.620828103519299646e+01
4.667639531250000005e+02,-8.983595090475708389e+01
4.667642460937499891e+02,-9.078277091478994976e+01
4.667645390625000346e+02,-9.072770767347087428e+01
4.667648320312500232e+02,-8.142268185434946304e+01
4.667651250000000118e+02,-7.989596280351162250e+01
4.667654179687500005e+02,-9.054772112627601643e+01
4.667657109374999891e+02,-8.308555919424792080e+01
4.667660039062500346e+02,-8.449988367386282562e+01
4.667662968750000232e+02,-8.306081895088907174e+01
4.667665898437500118e+02,-8.706178617684260246e+01
4.667668828125000005e+02,-9.369229600704562699e+01
4.667671757812499891e+02,-8.103439019647873920e+01
4.667674687500000346e+02,-7.667072935559596658e+01
4.667677617187500232e+02,-8.362013757828543703e+01
4.667680546875000118e+02,-9.912915955493056686e+01
4.667683476562500005e+02,-9.156216042888121365e+01
4.667686406249999891e+02,-8.474199885155857714e+01
4.667689335937500346e+02,-8.274050480679834152e+01
4.667692265625000232e+02,-9.034569457422330174e+01
4.667695195312500118e+02,-8.357510440559693166e+01
4.667698125000000005e+02,-7.714706768719047147e+01
4.667701054687499891e+02,-7.744501987763487705e+01
4.667703984375000346e+02,-1.102447164019371684e+02
4.667706914062500232e+02,-8.767256026220371723e+01
4.667709843750000118e+02,-8.534666256980372623e+01
4.667712773437500005e+02,-8.152560135033526478e+01
4.667715703124999891e+02,-8.703160899107514581e+01
4.667718632812500346e+02,-8.651979166078511696e+01
4.667721562500000232e+02,-8.526446789236896961e+01
4.667724492187500118e+02,-7.794468749960243770e+01
4.667727421875000005e+02,-8.617286318295425929e+01
4.667730351562499891e+02,-8.584678685296417200e+01
4.667733281250000346e+02,-8.821076670303764899e+01
4.667736210937500232e+02,-8.134167481199904159e+01
4.667739140625000118e+02,-8.363974088239856997e+01
4.667742070312500005e+02,-8.690667152029399745e+01
4.667744999999999891e+02,-8.236016657049434286e+01
4.667747929687500346e+02,-8.072399524549885541e+01
4.667750859375000232e+02,-8.134411423776492711e+01
4.667753789062500118e+02,-9.365228547825715566e+01
4.667756718750000005e+02,-8.541878819151703794e+01
4.667759648437499891e+02,-8.561264380597428669e+01
4.667762578125000346e+02,-8.326222083078096148e+01
4.667765507812500232e+02,-8.763258494278362321e+01
4.667768437500000118e+02,-8.228958660648083878e+01
4.667771367187500005e+02,-8.576543023402709309e+01
4.667774296874999891e+02,-7.798305911489245545e+01
4.667777226562500346e+02,-8.358891670174782007e+01
4.667780156250000232e+02,-8.136011429289426644e+01
4.667783085937500118e+02,-9.353602374925614527e+01
4.667786015625000005e+02,-9.038255725450282796e+01
4.667788945312499891e+02,-8.588738679319179425e+01
4.667791875000000346e+02,-8.126827361411477568e+01
4.667794804687500232e+02,-8.431908297735270708e+01
4.667797734375000118e+02,-8.080642575348748835e+01
4.667800664062500005e+02,-8.269731556733520961e+01
4.667803593749999891e+02,-8.315232191938213191e+01
4.667806523437500346e+02,-8.664041675853735569e+01
4.667809453125000232e+02,-9.427583401417646769e+01
4.667812382812500118e+02,-8.766526257622898299e+01
4.667815312500000005e+02,-8.571106419547109567e+01
4.667818242187499891e+02,-8.686743415300952620e+01
4.667821171875000346e+02,-8.614963443360798578e+01
4.667824101562500232e+02,-8.607229441510543211e+01
4.667827031250000118e+02,-8.372850514916002851e+01
4.667829960937500005e+02,-8.837706547489382558e+01
4.667832890624999891e+02,-9.168072264751327793e+01
4.667835820312500346e+02,-8.286737079902287917e+01
4.667838750000000232e+02,-8.353865781718191386e+01
4.667841679687500118e+02,-8.722083083323030905e+01
4.667844609375000005e+02,-8.592204171905521548e+01
4.667847539062499891e+02,-9.009053298181839864e+01
4.667850468750000346e+02,-9.225709950855956265e+01
4.667853398437500232e+02,-9.048716744601854600e+01
4.667856328125000118e+02,-9.377825544854702855e+01
4.667859257812500005e+02,-8.470196941061121265e+01
4.667862187499999891e+02,-8.733566641787889751e+01
4.667865117187500346e+02,-9.878355160245507705e+01
4.667868046875000232e+02,-9.043351237600816717e+01
4.667870976562500118e+02,-8.121718456580801160e+01
4.667873906250000005e+02,-8.122673778120588395e+01
4.667876835937499891e+02,-9.450868779648735085e+01
4.667879765625000346e+02,-8.680706138370504732e+01
4.667882695312500232e+02,-8.450249607129768492e+01
4.667885625000000118e+02,-8.821896194354877707e+01
4.667888554687500005e+02,-8.211930414604353246e+01
4.667891484374999891e+02,-8.552891106519584241e+01
4.667894414062500346e+02,-8.586573842073333651e+01
4.667897343750000232e+02,-7.762687764488313746e+01
4.667900273437500118e+02,-8.260739279330755380e+01
4.667903203125000005e+02,-8.618291729271687984e+01
4.667906132812499891e+02,-8.503263542055040602e+01
4.667909062500000346e+02,-9.136613495082440295e+01
4.667911992187500232e+02,-8.241873690543707198e+01
4.667914921875000118e+02,-8.175409075981468732e+01
4.667917851562500005e+02,-8.221897399453277444e+01
4.667920781249999891e+02,-8.242297638593221620e+01
4.667923710937500346e+02,-7.902861518003786045e+01
4.667926640625000232e+02,-9.284689604066365121e+01
4.667929570312500118e+02,-8.013057209146346338e+01
4.667932500000000005e+02,-8.052023596524001903e+01
4.667935429687499891e+02,-7.976031558940661625e+01
4.667938359375000346e+02,-8.478790075190248388e+01
4.667941289062500232e+02,-8.263695559940158830e+01
4.667944218750000118e+02,-8.138437339122724268e+01
4.667947148437500005e+02,-9.067900876413774824e+01
4.667950078124999891e+02,-8.687934632614512509e+01
4.667953007812500346e+02,-8.239530379263860027e+01
4.667955937500000232e+02,-7.777094647290216756e+01
4.667958867187500118e+02,-7.589322446124241139e+01
4.667961796875000005e+02,-8.247661953567556736e+01
4.667964726562499891e+02,-9.040233490682921058e+01
4.667967656250000346e+02,-8.128358979661845751e+01
4.667970585937500232e+02,-8.224735261297480804e+01
4.667973515625000118e+02,-8.370493557088164494e+01
4.667976445312500005e+02,-8.667046657233754559e+01
4.667979374999999891e+02,-7.995356833123597085e+01
4.667982304687500346e+02,-7.494251267896936497e+01
4.667985234375000232e+02,-7.790699905037598683e+01
4.667988164062500118e+02,-8.930549051485925816e+01
4.667991093750000005e+02,-9.237382236686606518e+01
4.667994023437499891e+02,-8.064612077254692224e+01
4.667996953125000346e+02,-8.078647429986679640e+01
4.667999882812500232e+02,-8.253078107288509102e+01
4.668002812500000118e+02,-8.272100989781124269e+01
4.668005742187500005e+02,-7.870579091232771418e+01
4.668008671874999891e+02,-7.794773151057053440e+01
4.668011601562500346e+02,-8.191834524879185153e+01
4.668014531250000232e+02,-8.405169161350110585e+01
4.668017460937500118e+02,-8.512109282757549522e+01
4.668020390625000005e+02,-8.044110317586167014e+01
4.668023320312499891e+02,-7.953748292267556508e+01
4.668026250000000346e+02,-8.167439210584630871e+01
4.668029179687500232e+02,-9.105417520315577917e+01
4.668032109375000118e+02,-8.167016868878479841e+01
4.668035039062500005e+02,-8.204552793236388197e+01
4.668037968749999891e+02,-8.056551600230358190e+01
4.668040898437500346e+02,-9.128337596188565328e+01
4.668043828125000232e+02,-8.352236686812605626e+01
4.668046757812500118e+02,-8.068784033568113045e+01
4.668049687500000005e+02,-7.945413839814409585e+01
4.668052617187499891e+02,-8.030079650221244947e+01
4.668055546875000346e+02,-8.694099010999700283e+01
4.668058476562500232e+02,-8.280450461156647179e+01
4.668061406250000118e+02,-8.085434859970558819e+01
4.668064335937500005e+02,-9.290438254608694990e+01
4.668067265624999891e+02,-8.604476970012490256e+01
4.668070195312500346e+02,-9.079316036611119500e+01
4.668073125000000232e+02,-8.429200009911559732e+01
4.668076054687500118e+02,-7.799961199657847999e+01
4.668078984375000005e+02,-7.572200757464533183e+01
4.668081914062499891e+02,-7.859273270307328119e+01
4.668084843750000346e+02,-7.840407564580252142e+01
4.668087773437500232e+02,-8.264220500966898442e+01
4.668090703125000118e+02,-8.909403517046501975e+01
4.668093632812500005e+02,-9.801398704538155471e+01
4.668096562499999891e+02,-9.423843970587734020e+01
4.668099492187500346e+02,-8.408356333007277783e+01
4.668102421875000232e+02,-7.660736782897031105e+01
4.668105351562500118e+02,-7.514053937394753291e+01
4.668108281250000005e+02,-7.860590650577543670e+01
4.668111210937499891e+02,-7.743277906131025645e+01
4.668114140625000346e+02,-8.124015462279652411e+01
4.668117070312500232e+02,-8.973297002343906570e+01
4.668120000000000118e+02,-8.925859898640887025e+01
4.668122929687500005e+02,-8.258607673865982690e+01
4.668125859374999891e+02,-8.254467926074758566e+01
4.668128789062500346e+02,-7.736413207382435075e+01
4.668131718750000232e+02,-8.104502472907810784e+01
4.668134648437500118e+02,-7.804403824714903237e+01
4.668137578125000005e+02,-7.860374669877336373e+01
4.668140507812499891e+02,-8.697092732178876417e+01
4.668143437500000346e+02,-9.024878932328260817e+01
4.668146367187500232e+02,-8.079992865858743301e+01
4.668149296875000118e+02,-8.661230133557090483e+01
4.668152226562500005e+02,-8.590084724266986882e+01
4.668155156249999891e+02,-8.763450265245859327e+01
4.668158085937500346e+02,-8.066222965356271857e+01
4.668161015625000232e+02,-7.823151000617204431e+01
4.668163945312500118e+02,-8.313517835145303536e+01
4.668166875000000005e+02,-8.632281230079074419e+01
4.668169804687499891e+02,-7.993880082474296955e+01
4.668172734375000346e+02,-8.161868854588476552e+01
4.668175664062500232e+02,-8.642849731665333479e+01
4.668178593750000118e+02,-8.311653722550394718e+01
4.668181523437500005e+02,-8.435854628720571213e+01
4.668184453124999891e+02,-8.176130063952669502e+01
4.668187382812500346e+02,-8.328301224449346307e+01
4.668190312500000232e+02,-8.152000632037092487e+01
4.668193242187500118e+02,-8.179367658353810100e+01
4.668196171875000005e+02,-7.854460897504915806e+01
4.668199101562499891e+02,-8.252344016250981440e+01
4.668202031250000346e+02,-7.811139894003061102e+01
4.668204960937500232e+02,-8.083461971601435891e+01
4.668207890625000118e+02,-8.821551880205748830e+01
4.668210820312500005e+02,-8.508974864476284949e+01
4.668213749999999891e+02,-8.355139710569184786e+01
4.668216679687500346e+02,-8.234390297185201746e+01
4.668219609375000232e+02,-8.057179127439384558e+01
4.668222539062500118e+02,-8.030132223112320844e+01
4.668225468750000005e+02,-7.970108070363292541e+01
4.668228398437499891e+02,-7.714067328227608300e+01
4.668231328125000346e+02,-8.158771702058575670e+01
4.668234257812500232e+02,-8.434774813452096964e+01
4.668237187500000118e+02,-8.137577034126935871e+01
4.668240117187500005e+02,-8.460574590435946618e+01
4.668243046874999891e+02,-9.052693101450181246e+01
4.668245976562500346e+02,-8.046695700099203918e+01
4.668248906250000232e+02,-8.395521311331229697e+01
4.668251835937500118e+02,-8.360301791482081057e+01
4.668254765625000005e+02,-8.165701192676277742e+01
4.668257695312499891e+02,-8.217204167126840275e+01
4.668260625000000346e+02,-8.134683190553985810e+01
4.668263554687500232e+02,-8.802319513675000451e+01
4.668266484375000118e+02,-9.083940233935169317e+01
4.668269414062500005e+02,-8.660411739520311869e+01
4.668272343749999891e+02,-8.295562631926770791e+01
4.668275273437500346e+02,-9.445703732175702783e+01
4.668278203125000232e+02,-9.990228459465103583e+01
4.668281132812500118e+02,-8.249758050490117967e+01
4.668284062500000005e+02,-8.498906515768098302e+01
4.668286992187499891e+02,-9.080608560707713650e+01
4.668289921875000346e+02,-9.419759013306489237e+01
4.668292851562500232e+02,-9.064568821501995899e+01
4.668295781250000118e+02,-8.670829515160164647e+01
4.668298710937500005e+02,-8.987250422208279588e+01
4.668301640624999891e+02,-8.468063805383066267e+01
4.668304570312500346e+02,-8.609691057063649566e+01
4.668307500000000232e+02,-9.081009070267144523e+01
4.668310429687500118e+02,-9.090478992361767041e+01
4.668313359375000005e+02,-8.721462263549631189e+01
4.668316289062499891e+02,-8.267983823721789349e+01
4.668319218750000346e+02,-1.009591202402787360e+02
4.668322148437500232e+02,-8.553349919605606999e+01
4.668325078125000118e+02,-8.203228318955225973e+01
4.668328007812500005e+02,-8.869893240137852786e+01
4.668330937499999891e+02,-9.478590721044371037e+01
4.668333867187500346e+02,-8.550933677074630168e+01
4.668336796875000232e+02,-8.661437835228637994e+01
4.668339726562500118e+02,-7.974419738339422281e+01
4.668342656250000005e+02,-9.182547696962765826e+01
4.668345585937499891e+02,-8.138990183542630064e+01
4.668348515625000346e+02,-8.549452660519065716e+01
4.668351445312500232e+02,-8.597499157402046421e+01
4.668354375000000118e+02,-8.220246673066492349e+01
4.668357304687500005e+02,-7.831453855766484651e+01
4.668360234374999891e+02,-8.340310726434336175e+01
4.668363164062500346e+02,-8.189003923840452615e+01
4.668366093750000232e+02,-8.728737971957781383e+01
4.668369023437500118e+02,-8.165490752415287545e+01
4.668371953125000005e+02,-8.580810629258279221e+01
4.668374882812499891e+02,-8.872659673202622344e+01
4.668377812500000346e+02,-7.922902314669585166e+01
4.668380742187500232e+02,-7.616635286201929489e+01
4.668383671875000118e+02,-8.236809080476987788e+01
4.668386601562500005e+02,-8.311880361109417947e+01
4.668389531249999891e+02,-8.058930071119776528e+01
4.668392460937500346e+02,-8.678764192570426417e+01
4.668395390625000232e+02,-8.204206208300178105e+01
4.668398320312500118e+02,-8.636231734903736879e+01
4.668401250000000005e+02,-8.003489260894944834e+01
4.668404179687499891e+02,-7.735425728556742797e+01
4.668407109375000346e+02,-8.212489919338096911e+01
4.668410039062500232e+02,-8.438558151316115641e+01
4.668412968750000118e+02,-7.927258474420338530e+01
4.668415898437500005e+02,-8.854365872228383694e+01
4.668418828124999891e+02,-8.907578389168180877e+01
4.668421757812500346e+02,-8.424631916289857259e+01
4.668424687500000232e+02,-7.791184731252030815e+01
4.668427617187500118e+02,-7.781596852010332555e+01
4.668430546875000005e+02,-8.376736073250201287e+01
4.668433476562499891e+02,-8.338081558522807768e+01
4.668436406250000346e+02,-8.207127533907119243e+01
4.668439335937500232e+02,-8.567340512383555051e+01
4.668442265625000118e+02,-9.214416301218977878e+01
4.668445195312500005e+02,-8.475589871379423812e+01
4.668448124999999891e+02,-7.932922738667765827e+01
4.668451054687500346e+02,-7.833058994599329594e+01
4.668453984375000232e+02,-8.484214674874831985e+01
4.668456914062500118e+02,-8.140780210357976898e+01
4.668459843750000005e+02,-7.982552786118758092e+01
4.668462773437499891e+02,-9.079458206120811781e+01
4.668465703125000346e+02,-8.269361580919559174e+01
4.668468632812500232e+02,-8.021554020975247568e+01
4.668471562500000118e+02,-7.998065182808267082e+01
4.668474492187500005e+02,-7.696484011898108690e+01
4.668477421874999891e+02,-8.895174112833254298e+01
4.668480351562500346e+02,-7.860096298470065790e+01
4.668483281250000232e+02,-7.974814586929549876e+01
4.668486210937500118e+02,-8.908554502491205085e+01
4.668489140625000005e+02,-8.504411753717762679e+01
4.668492070312499891e+02,-7.823843666124857066e+01
4.668495000000000346e+02,-7.939182505648075505e+01
4.668497929687500232e+02,-7.715772271847883701e+01
4.668500859375000118e+02,-7.971975221702209069e+01
4.668503789062500005e+02,-7.790722484911293577e+01
4.668506718749999891e+02,-7.801547696236929141e+01
4.668509648437500346e+02,-8.479806780674135780e+01
4.668512578125000232e+02,-8.450004574881005226e+01
4.668515507812500118e+02,-8.025527816813917070e+01
4.668518437500000005e+02,-7.885862093267613204e+01
4.668521367187499891e+02,-8.229566080612934798e+01
4.668524296875000346e+02,-7.770708009420587814e+01
4.668527226562500232e+02,-7.923979571501082830e+01
4.668530156250000118e+02,-7.903341204609769477e+01
4.668533085937500005e+02,-8.812910723013064285e+01
4.668536015624999891e+02,-8.519699582120063042e+01
4.668538945312500346e+02,-8.149847143780645808e+01
4.668541875000000232e+02,-8.215995777533883881e+01
4.668544804687500118e+02,-8.405018927074691248e+01
4.668547734375000005e+02,-7.952928825197956542e+01
4.668550664062499891e+02,-7.816855968286043321e+01
4.668553593750000346e+02,-8.122706762833894345e+01
4.668556523437500232e+02,-8.921723405016278718e+01
4.668559453125000118e+02,-8.358610816371472652e+01
4.668562382812500005e+02,-8.617377130770762506e+01
4.668565312499999891e+02,-9.374663986420407014e+01
4.668568242187500346e+02,-1.034109555861857359e+02
4.668571171875000232e+02,-8.573690097079933992e+01
4.668574101562500118e+02,-7.872372011507943057e+01
4.668577031250000005e+02,-8.134705727361850336e+01
4.668579960937499891e+02,-8.682193303005530538e+01
4.668582890625000346e+02,-9.421176112491519916e+01
4.668585820312500232e+02,-8.033496632104900925e+01
4.668588750000000118e+02,-8.261827479777645067e+01
4.668591679687500005e+02,-8.197164257903288842e+01
4.668594609374999891e+02,-8.162983090809412090e+01
4.668597539062500346e+02,-8.878284947952161588e+01
4.668600468750000232e+02,-7.914718110715999444e+01
4.668603398437500118e+02,-7.885928884185331356e+01
4.668606328125000005e+02,-9.354526355010011684e+01
4.668609257812499891e+02,-7.916474370849665831e+01
4.668612187500000346e+02,-7.754192796970272639e+01
4.668615117187500232e+02,-7.877802420462623445e+01
4.668618046875000118e+02,-8.202825219994606698e+01
4.668620976562500005e+02,-9.794968664437801920e+01
4.668623906249999891e+02,-7.844019797046638587e+01
4.668626835937500346e+02,-7.423586371849830812e+01
4.668629765625000232e+02,-8.301511266863600724e+01
4.668632695312500118e+02,-7.890653736828485876e+01
4.668635625000000005e+02,-7.669643436130017733e+01
4.668638554687499891e+02,-7.763327057095055750e+01
4.668641484375000346e+02,-8.357402558571101281e+01
4.668644414062500232e+02,-8.879179207441582378e+01
4.668647343750000118e+02,-8.290138218360820588e+01
4.668650273437500005e+02,-7.604045964611670172e+01
4.668653203124999891e+02,-7.776374170118809559e+01
4.668656132812500346e+02,-8.674242009528938979e+01
4.668659062500000232e+02,-7.857130963125263179e+01
4.668661992187500118e+02,-7.823190638296080124e+01
4.668664921875000005e+02,-8.476157841894107037e+01
4.668667851562499891e+02,-8.852911138788900303e+01
4.668670781250000346e+02,-9.266472683556304446e+01
4.668673710937500232e+02,-8.139243541512706770e+01
4.668676640625000118e+02,-8.038762246153383728e+01
4.668679570312500005e+02,-9.162670158824086286e+01
4.668682499999999891e+02,-8.606657123587490332e+01
4.668685429687500346e+02,-8.158465458835364359e+01
4.668688359375000232e+02,-8.020309182020945116e+01
4.668691289062500118e+02,-8.757730982931607855e+01
4.668694218750000005e+02,-8.333519128256332920e+01
4.668697148437499891e+02,-8.773693593017566172e+01
4.668700078125000346e+02,-8.547411002974079963e+01
4.668703007812500232e+02,-8.638861517007570967e+01
4.668705937500000118e+02,-9.590717718414568083e+01
4.668708867187500005e+02,-8.881970719324269226e+01
4.668711796874999891e+02,-8.417880323021009303e+01
4.668714726562500346e+02,-9.304060266742274621e+01
4.668717656250000232e+02,-8.064419740739772635e+01
4.668720585937500118e+02,-8.487579427876056570e+01
4.668723515625000005e+02,-8.498360516205011095e+01
4.668726445312499891e+02,-7.812760901324958240e+01
4.668729375000000346e+02,-8.697298753624298229e+01
4.668732304687500232e+02,-8.783911699773143766e+01
4.668735234375000118e+02,-8.332216606744474063e+01
4.668738164062500005e+02,-8.733417565927204862e+01
4.668741093749999891e+02,-8.673354106252959639e+01
4.668744023437500346e+02,-8.290614511504871587e+01
4.668746953125000232e+02,-8.675492147543458543e+01
4.668749882812500118e+02,-7.623699522385106775e+01
4.668752812500000005e+02,-8.417558128622567892e+01
4.668755742187499891e+02,-8.032520330499269789e+01
4.668758671875000346e+02,-7.947670404490141038e+01
4.668761601562500232e+02,-7.834235338811596705e+01
4.668764531250000118e+02,-8.608874826460751706e+01
4.668767460937500005e+02,-8.698278785637214128e+01
4.668770390624999891e+02,-8.076174708580455786e+01
4.668773320312500346e+02,-7.791267448573015031e+01
4.668776250000000232e+02,-7.777569038541930979e+01
4.668779179687500118e+02,-8.054827922704774323e+01
4.668782109375000005e+02,-8.022550380875028964e+01
4.668785039062499891e+02,-7.855035684273551055e+01
4.668787968750000346e+02,-7.964876848858358471e+01
4.668790898437500232e+02,-8.909450987609494632e+01
4.668793828125000118e+02,-8.403114146566808529e+01
4.668796757812500005e+02,-8.005858039736710907e+01
4.668799687499999891e+02,-7.796293106053641964e+01
4.668802617187500346e+02,-9.190491272332570816e+01
4.668805546875000232e+02,-8.162184093384547623e+01
4.668808476562500118e+02,-8.719789049990419016e+01
4.668811406250000005e+02,-7.786652343632462703e+01
4.668814335937499891e+02,-8.053747132652794960e+01
4.668817265625000346e+02,-1.011421683404031739e+02
4.668820195312500232e+02,-8.480802151005265443e+01
4.668823125000000118e+02,-8.758289753928799826e+01
4.668826054687500005e+02,-9.132804212752628814e+01
4.668828984374999891e+02,-8.670724007740800232e+01
4.668831914062500346e+02,-9.562615289675376573e+01
4.668834843750000232e+02,-8.014862809913452679e+01
4.668837773437500118e+02,-7.868148640628714929e+01
4.668840703125000005e+02,-8.277473235619468994e+01
4.668843632812499891e+02,-9.692114800472266722e+01
4.668846562500000346e+02,-8.840466244750709279e+01
4.668849492187500232e+02,-9.215112411899140454e+01
4.668852421875000118e+02,-9.289471509414481432e+01
4.668855351562500005e+02,-9.051547334049443805e+01
4.668858281249999891e+02,-8.338033367018570630e+01
4.668861210937500346e+02,-8.086962816654818198e+01
4.668864140625000232e+02,-8.266457743137712555e+01
4.668867070312500118e+02,-9.095125186920570570e+01
4.668870000000000005e+02,-8.917416600758565437e+01
4.668872929687499891e+02,-8.262350102057239098e+01
4.668875859375000346e+02,-8.828238898968089643e+01
4.668878789062500232e+02,-8.639381836678751370e+01
4.668881718750000118e+02,-8.816623517463652604e+01
4.668884648437500005e+02,-8.947139066499480009e+01
4.668887578124999891e+02,-8.270738827030704954e+01
4.668890507812500346e+02,-8.298809329876023355e+01
4.668893437500000232e+02,-8.292076816165493369e+01
4.668896367187500118e+02,-7.758053267866417002e+01
4.668899296875000005e+02,-8.172632120678596834e+01
4.668902226562499891e+02,-8.060265818799967974e+01
4.668905156250000346e+02,-9.514185773681012392e+01
4.668908085937500232e+02,-8.067825011878021257e+01
4.668911015625000118e+02,-8.322214601541136858e+01
4.668913945312500005e+02,-8.766079726594534804e+01
4.668916874999999891e+02,-8.393537361948445152e+01
4.668919804687500346e+02,-7.722756059249283567e+01
4.668922734375000232e+02,-7.682976349871970001e+01
4.668925664062500118e+02,-8.836867041103215570e+01
4.668928593750000005e+02,-8.805218869694661521e+01
4.668931523437499891e+02,-8.014311832129928348e+01
4.668934453125000346e+02,-8.026024097074909491e+01
4.668937382812500232e+02,-8.396054615727008752e+01
4.668940312500000118e+02,-9.786565269935178435e+01
4.668943242187500005e+02,-8.072739841589719845e+01
4.668946171874999891e+02,-7.655377664279097871e+01
4.668949101562500346e+02,-8.428970269119439251e+01
4.668952031250000232e+02,-9.280621059393484984e+01
4.668954960937500118e+02,-8.120285755594181865e+01
4.668957890625000005e+02,-7.803461958076387361e+01
4.668960820312499891e+02,-8.151469711570862842e+01
4.668963750000000346e+02,-8.741045429942067813e+01
4.668966679687500232e+02,-8.771932927215846121e+01
4.668969609375000118e+02,-8.171783199267727582e+01
4.668972539062500005e+02,-8.255926501900034964e+01
4.668975468749999891e+02,-9.262237643568539625e+01
4.668978398437500346e+02,-8.264304411690005736e+01
4.668981328125000232e+02,-7.742348590519328866e+01
4.668984257812500118e+02,-8.450853904429870056e+01
4.668987187500000005e+02,-9.150398307905894058e+01
4.668990117187499891e+02,-7.981894786845539613e+01
4.668993046875000346e+02,-8.923802225825396306e+01
4.668995976562500232e+02,-8.291879306639688707e+01
4.668998906250000118e+02,-8.510947993900134634e+01
4.669001835937500005e+02,-8.676105389174985305e+01
4.669004765624999891e+02,-8.256620031673448068e+01
4.669007695312500346e+02,-8.397995786200978330e+01
4.669010625000000232e+02,-1.011065645804575155e+02
4.669013554687500118e+02,-8.044071120634842487e+01
4.669016484375000005e+02,-8.178677502208128658e+01
4.669019414062499891e+02,-8.551823331220273872e+01
4.669022343750000346e+02,-8.529304969350134513e+01
4.669025273437500232e+02,-8.395432852014438652e+01
4.669028203125000118e+02,-8.985981797870920218e+01
4.669031132812500005e+02,-9.190261383532612172e+01
4.669034062499999891e+02,-9.322081978188533924e+01
4.669036992187500346e+02,-9.073044163723422173e+01
4.669039921875000232e+02,-8.005839064470353605e+01
4.669042851562500118e+02,-8.263994749884332691e+01
4.669045781250000005e+02,-8.829073105978912395e+01
4.669048710937499891e+02,-8.175575804675355585e+01
4.669051640625000346e+02,-8.723290710352650024e+01
4.669054570312500232e+02,-9.178366786080799500e+01
4.669057500000000118e+02,-9.145802956959062158e+01
4.669060429687500005e+02,-9.381047318250018918e+01
4.669063359374999891e+02,-8.675320856492882626e+01
4.669066289062500346e+02,-8.119016181007376076e+01
4.669069218750000232e+02,-8.332547453835002216e+01
4.669072148437500118e+02,-8.330102365481218385e+01
4.669075078125000005e+02,-8.151695502421924289e+01
4.669078007812499891e+02,-9.011699904264230554e+01
4.669080937500000346e+02,-9.532514861375760518e+01
4.669083867187500232e+02,-9.128662093066472494e+01
4.669086796875000118e+02,-8.559053601479057249e+01
4.669089726562500005e+02,-8.375257583659762872e+01
4.669092656249999891e+02,-8.105785381440779247e+01
4.669095585937500346e+02,-8.791023054964027494e+01
4.669098515625000232e+02,-7.948745158195734462e+01
4.669101445312500118e+02,-8.119327752739097548e+01
4.669104375000000005e+02,-9.548001728870508487e+01
4.669107304687499891e+02,-8.268563114251068669e+01
4.669110234375000346e+02,-7.925715715661515048e+01
4.669113164062500232e+02,-8.018732114704690161e+01
4.669116093750000118e+02,-8.252903003137156190e+01
4.669119023437500005e+02,-8.555740987275680709e+01
4.669121953124999891e+02,-8.543865130921652451e+01
4.669124882812500346e+02,-7.891446266629887418e+01
4.669127812500000232e+02,-8.400286509597123086e+01
4.669130742187500118e+02,-8.517318008903856708e+01
4.669133671875000005e+02,-7.621583396043126868e+01
4.669136601562499891e+02,-7.497869551563232449e+01
4.669139531250000346e+02,-7.982731073304948666e+01
4.669142460937500232e+02,-8.472351637113027323e+01
4.669145390625000118e+02,-9.236408434407259449e+01
4.669148320312500005e+02,-8.019848131472592456e+01
4.669151249999999891e+02,-7.981917710543909550e+01
4.669154179687500346e+02,-1.094347539235941582e+02
4.669157109375000232e+02,-8.014916705890544790e+01
4.669160039062500118e+02,-7.538879334689652012e+01
4.669162968750000005e+02,-7.645042111676632146e+01
4.669165898437499891e+02,-8.694049293125294753e+01
4.669168828125000346e+02,-8.919905179736099399e+01
4.669171757812500232e+02,-8.999113309444874176e+01
4.669174687500000118e+02,-8.265947674903853226e+01
4.669177617187500005e+02,-8.686698207424737461e+01
4.669180546874999891e+02,-8.742834674176975795e+01
4.669183476562500346e+02,-8.071057763789148964e+01
4.669186406250000232e+02,-7.922288816662164379e+01
4.669189335937500118e+02,-8.739312006849618797e+01
4.669192265625000005e+02,-8.811122841807032557e+01
4.669195195312499891e+02,-8.268357052686162945e+01
4.669198125000000346e+02,-8.550282844799886561e+01
4.669201054687500232e+02,-9.079973464652267978e+01
4.669203984375000118e+02,-9.268157810497282867e+01
4.669206914062500005e+02,-8.341647044745312201e+01
4.669209843749999891e+02,-7.810249973946378077e+01
4.669212773437500346e+02,-7.947891979062114842e+01
4.669215703125000232e+02,-7.769983416211483984e+01
4.669218632812500118e+02,-9.349823526712613386e+01
4.669221562500000005e+02,-7.705272461820412389e+01
4.669224492187499891e+02,-8.054564050716669499e+01
4.669227421875000346e+02,-9.358161904212704485e+01
4.669230351562500232e+02,-9.984058456882254973e+01
4.669233281250000118e+02,-8.506095934175732509e+01
4.669236210937500005e+02,-7.720994963791203247e+01
4.669239140624999891e+02,-7.613038464334876210e+01
4.669242070312500346e+02,-7.753169942288815264e+01
4.669245000000000232e+02,-7.799439658312348911e+01
4.669247929687500118e+02,-7.446904435169115288e+01
4.669250859375000005e+02,-7.898687086479752395e+01
4.669253789062499891e+02,-8.717841726792664758e+01
4.669256718750000346e+02,-8.788153774903386761e+01
4.669259648437500232e+02,-8.728196547308213837e+01
4.669262578125000118e+02,-7.835470993453843391e+01
4.669265507812500005e+02,-7.668055179077246919e+01
4.669268437499999891e+02,-8.440324995419422294e+01
4.669271367187500346e+02,-7.638852308814877290e+01
4.669274296875000232e+02,-7.798463351618505612e+01
4.669277226562500118e+02,-9.346533965003233391e+01
4.669280156250000005e+02,-8.431159423975589107e+01
4.669283085937499891e+02,-8.832294081459568247e+01
4.669286015625000346e+02,-8.199436016750783551e+01
4.669288945312500232e+02,-7.844540076593764866e+01
4.669291875000000118e+02,-8.209192889547409777e+01
4.669294804687500005e+02,-8.821853399619843117e+01
4.669297734374999891e+02,-8.178057066881918047e+01
4.669300664062500346e+02,-8.625867888883591661e+01
4.669303593750000232e+02,-8.805362123441541655e+01
4.669306523437500118e+02,-8.257274517066626629e+01
4.669309453125000005e+02,-9.378168050435425585e+01
4.669312382812499891e+02,-8.144268066161799879e+01
4.669315312500000346e+02,-8.986724815267530175e+01
4.669318242187500232e+02,-8.615253672751352099e+01
4.669321171875000118e+02,-8.930091816959117068e+01
4.669324101562500005e+02,-8.698402042543797563e+01
4.669327031249999891e+02,-9.262891181224468085e+01
4.669329960937500346e+02,-7.979418124536066159e+01
4.669332890625000232e+02,-8.163061124134905810e+01
4.669335820312500118e+02,-8.130511075923891440e+01
4.669338750000000005e+02,-7.998816463927711595e+01
4.669341679687499891e+02,-9.246758815601255321e+01
4.669344609375000346e+02,-8.401979884677615473e+01
4.669347539062500232e+02,-8.678092781926619637e+01
4.669350468750000118e+02,-8.899076665782779116e+01
4.669353398437500005e+02,-8.335866480024223790e+01
4.669356328124999891e+02,-7.926798754616952181e+01
4.669359257812500346e+02,-9.240993870252725628e+01
4.669362187500000232e+02,-7.985240673773164133e+01
4.669365117187500118e+02,-8.146594975547353101e+01
4.669368046875000005e+02,-8.070087204430011241e+01
4.669370976562499891e+02,-7.711307241349840069e+01
4.669373906250000346e+02,-8.127078527027654786e+01
4.669376835937500232e+02,-8.597929495887311191e+01
4.669379765625000118e+02,-8.535164033045127496e+01
4.669382695312500005e+02,-8.542864130634126241e+01
4.669385624999999891e+02,-8.534017693239925961e+01
4.669388554687500346e+02,-8.216901253971946062e+01
4.669391484375000232e+02,-8.550062474137538970e+01
4.669394414062500118e+02,-7.750268066701002567e+01
4.669397343750000005e+02,-8.040983698399054447e+01
4.669400273437499891e+02,-8.780903162658140104e+01
4.669403203125000346e+02,-8.573428674594451593e+01
4.669406132812500232e+02,-8.201413863204228960e+01
4.669409062500000118e+02,-8.418233730221515998e+01
4.669411992187500005e+02,-8.806160190193365622e+01
4.669414921874999891e+02,-8.591354359269017493e+01
4.669417851562500346e+02,-8.385496127663530785e+01
4.669420781250000232e+02,-8.399887445001895969e+01
4.669423710937500118e+02,-1.008836707978257436e+02
4.669426640625000005e+02,-8.599287507256539698e+01
4.669429570312499891e+02,-8.895341431975090529e+01
4.669432500000000346e+02,-7.913885252124185854e+01
4.669435429687500232e+02,-8.766083423921159579e+01
4.669438359375000118e+02,-1.049278299235344889e+02
4.669441289062500005e+02,-8.479907587352839471e+01
4.669444218749999891e+02,-8.187036279352963675e+01
4.669447148437500346e+02,-8.515751062736386245e+01
4.669450078125000232e+02,-8.366295727742055988e+01
4.669453007812500118e+02,-9.405074180582897725e+01
4.669455937500000005e+02,-7.764204217510183526e+01
4.669458867187499891e+02,-7.798012522587198703e+01
4.669461796875000346e+02,-8.275576922065171459e+01
4.669464726562500232e+02,-9.669337917363831991e+01
4.669467656250000118e+02,-8.673876128556926801e+01
4.669470585937500005e+02,-8.345601772594881140e+01
4.669473515624999891e+02,-8.143456301946932285e+01
4.669476445312500346e+02,-9.598057727748323487e+01
4.669479375000000232e+02,-8.107134144713924684e+01
4.669482304687500118e+02,-7.711396709650900050e+01
4.669485234375000005e+02,-7.886102992261852762e+01
4.669488164062499891e+02,-8.063373454832091625e+01
4.669491093750000346e+02,-8.397104064181716865e+01
4.669494023437500232e+02,-8.271598734033624112e+01
4.669496953125000118e+02,-8.212762806926299675e+01
4.669499882812500005e+02,-9.697077773581131055e+01
4.669502812499999891e+02,-8.354318444510892050e+01
4.669505742187500346e+02,-8.101845584637912623e+01
4.669508671875000232e+02,-8.036415376389118137e+01
4.669511601562500118e+02,-7.875246380613097585e+01
4.669514531250000005e+02,-7.791676862891578992e+01
4.669517460937499891e+02,-8.138216002243687797e+01
4.669520390625000346e+02,-8.283206400212074527e+01
4.669523320312500232e+02,-9.091525603799190947e+01
4.669526250000000118e+02,-8.634900375078598245e+01
4.669529179687500005e+02,-8.626393456461269693e+01
4.669532109374999891e+02,-8.624155419102049791e+01
4.669535039062500346e+02,-8.408954236169356022e+01
4.669537968750000232e+02,-7.691201815672008024e+01
4.669540898437500118e+02,-7.807499104531694911e+01
4.669543828125000005e+02,-8.217645184229070310e+01
4.669546757812499891e+02,-8.497255471668155735e+01
4.669549687500000346e+02,-8.752253231768176533e+01
4.669552617187500232e+02,-8.696043624150617291e+01
4.669555546875000118e+02,-8.583700621041691647e+01
4.669558476562500005e+02,-8.333573968298301793e+01
4.669561406249999891e+02,-7.666070995273206279e+01
4.669564335937500346e+02,-7.545112563478562606e+01
4.669567265625000232e+02,-8.291606060998498151e+01
4.669570195312500118e+02,-8.794854535696688913e+01
4.669573125000000005e+02,-8.644777174762877792e+01
4.669576054687499891e+02,-8.796028621498906830e+01
4.669578984375000346e+02,-9.617972962316828500e+01
4.669581914062500232e+02,-8.479054806575706493e+01
4.669584843750000118e+02,-8.017106929233095514e+01
4.669587773437500005e+02,-7.604962824275264666e+01
4.669590703124999891e+02,-8.055138460790078625e+01
4.669593632812500346e+02,-8.526579579846432466e+01
4.669596562500000232e+02,-8.384372845713593847e+01
4.669599492187500118e+02,-8.653421821887366150e+01
4.669602421875000005e+02,-8.569613294656718949e+01
4.669605351562499891e+02,-9.169683657310189062e+01
4.669608281250000346e+02,-9.026318438213317563e+01
4.669611210937500232e+02,-8.377466693970718836e+01
4.669614140625000118e+02,-8.527969023665632164e+01
4.669617070312500005e+02,-8.663205821816535490e+01
4.669619999999999891e+02,-9.144337803268392406e+01
4.669622929687500346e+02,-9.013409642301361657e+01
4.669625859375000232e+02,-9.257871068380103452e+01
4.669628789062500118e+02,-8.556337973862994772e+01
4.669631718750000005e+02,-8.380132909040945322e+01
4.669634648437499891e+02,-8.141325031970096404e+01
4.669637578125000346e+02,-8.475059133218643126e+01
4.669640507812500232e+02,-8.203955752915558719e+01
4.669643437500000118e+02,-8.521671410199905949e+01
4.669646367187500005e+02,-9.854056945497609377e+01
4.669649296874999891e+02,-9.266356159162785389e+01
4.669652226562500346e+02,-8.345001651803951859e+01
4.669655156250000232e+02,-8.859723436823216502e+01
4.669658085937500118e+02,-8.232837231433759939e+01
4.669661015625000005e+02,-8.998840826941662385e+01
4.669663945312499891e+02,-8.558473027518252252e+01
4.669666875000000346e+02,-8.079337440379828195e+01
4.669669804687500232e+02,-8.213994808674189585e+01
4.669672734375000118e+02,-8.270633378502850519e+01
4.669675664062500005e+02,-8.279292799430223226e+01
4.669678593749999891e+02,-8.694940607245064257e+01
4.669681523437500346e+02,-8.192316089081279529e+01
4.669684453125000232e+02,-8.326992628423207066e+01
4.669687382812500118e+02,-8.719710399865226691e+01
4.669690312500000005e+02,-8.482288266370005658e+01
4.669693242187499891e+02,-8.588475396700334841e+01
4.669696171875000346e+02,-8.580396004275145572e+01
4.669699101562500232e+02,-8.516606488790398544e+01
4.669702031250000118e+02,-8.885921241943395898e+01
4.669704960937500005e+02,-8.657785878149830694e+01
4.669707890624999891e+02,-8.361622504827458613e+01
4.669710820312500346e+02,-8.120083423744391382e+01
4.669713750000000232e+02,-8.015231853398086059e+01
4.669716679687500118e+02,-9.669945128485240105e+01
4.669719609375000005e+02,-8.439178632616599884e+01
4.669722539062499891e+02,-8.790021522692481426e+01
4.669725468750000346e+02,-8.855599162985288331e+01
4.669728398437500232e+02,-8.099797970400882718e+01
4.669731328125000118e+02,-8.262891706851776519e+01
4.669734257812500005e+02,-8.009158121623548254e+01
4.669737187499999891e+02,-7.506503943833676828e+01
4.669740117187500346e+02,-8.114638187640088063e+01
4.669743046875000232e+02,-1.042148670190365465e+02
4.669745976562500118e+02,-8.504243150262999507e+01
4.669748906250000005e+02,-8.872132230252194063e+01
4.669751835937499891e+02,-8.169748015754991854e+01
4.669754765625000346e+02,-8.254734929056078840e+01
4.669757695312500232e+02,-7.846231070327203838e+01
4.669760625000000118e+02,-7.352736177990334454e+01
4.669763554687500005e+02,-7.663839796123360770e+01
4.669766484374999891e+02,-8.483800879128716588e+01
4.669769414062500346e+02,-8.517833549986707453e+01
4.669772343750000232e+02,-8.113478714529034619e+01
4.669775273437500118e+02,-8.384955731762596542e+01
4.669778203125000005e+02,-7.572510875455361656e+01
4.669781132812499891e+02,-8.741590545066108575e+01
4.669784062500000346e+02,-7.444702405488729369e+01
4.669786992187500232e+02,-7.446373861214206613e+01
4.669789921875000118e+02,-7.863269852406159544e+01
4.669792851562500005e+02,-7.838482847452840474e+01
4.669795781249999891e+02,-8.319863550589352030e+01
4.669798710937500346e+02,-8.673076579014292520e+01
4.669801640625000232e+02,-7.751640368808038772e+01
4.669804570312500118e+02,-7.836335226375891239e+01
4.669807500000000005e+02,-8.428136142875808900e+01
4.669810429687499891e+02,-8.072752391992375465e+01
4.669813359375000346e+02,-9.124756694604178620e+01
4.669816289062500232e+02,-8.207251130861916977e+01
4.669819218750000118e+02,-8.258693835569140163e+01
4.669822148437500005e+02,-8.240798704306344291e+01
4.669825078124999891e+02,-8.655366815684703852e+01
4.669828007812500346e+02,-7.706802353474674305e+01
4.669830937500000232e+02,-8.318404268180495365e+01
4.669833867187500118e+02,-8.236039235164491856e+01
4.669836796875000005e+02,-8.520912557459921288e+01
4.669839726562499891e+02,-8.995610683534984275e+01
4.669842656250000346e+02,-7.960240440092037773e+01
4.669845585937500232e+02,-9.239510319799983051e+01
4.669848515625000118e+02,-9.284103388101632959e+01
4.669851445312500005e+02,-8.378197180221987139e+01
4.669854374999999891e+02,-7.929297340479689638e+01
4.669857304687500346e+02,-8.875822357314858380e+01
4.669860234375000232e+02,-8.129447367450305251e+01
4.669863164062500118e+02,-8.240098686644813597e+01
4.669866093750000005e+02,-8.496395115560218869e+01
4.669869023437499891e+02,-8.807090787476852256e+01
4.669871953125000346e+02,-8.870450521786807485e+01
4.669874882812500232e+02,-8.796866135036296441e+01
4.669877812500000118e+02,-8.047986703412497889e+01
4.669880742187500005e+02,-7.915901994955886778e+01
4.669883671874999891e+02,-8.604063669701577055e+01
4.669886601562500346e+02,-8.164443371596455279e+01
4.669889531250000232e+02,-8.694569414850977296e+01
4.669892460937500118e+02,-8.638492725542447204e+01
4.669895390625000005e+02,-9.639811427666984400e+01
4.669898320312499891e+02,-9.349123715007334567e+01
4.669901250000000346e+02,-8.166876413821276515e+01
4.669904179687500232e+02,-7.573590590211568951e+01
4.669907109375000118e+02,-7.807458742832662324e+01
4.669910039062500005e+02,-8.125760782072657662e+01
4.669912968749999891e+02,-8.674205576113729421e+01
4.669915898437500346e+02,-8.769136687172469635e+01
4.669918828125000232e+02,-9.618627449613316571e+01
4.669921757812500118e+02,-8.350433903067285257e+01
4.669924687500000005e+02,-8.947328607566058167e+01
4.669927617187499891e+02,-8.102838149254520772e+01
4.669930546875000346e+02,-7.875253802680208537e+01
4.669933476562500232e+02,-8.419966836564361756e+01
4.669936406250000118e+02,-9.032452097335118424e+01
4.669939335937500005e+02,-8.376561200618367309e+01
4.669942265624999891e+02,-8.002253691273651270e+01
4.669945195312500346e+02,-9.001791362567297483e+01
4.669948125000000232e+02,-8.047997442768937049e+01
4.669951054687500118e+02,-9.616013658303502609e+01
4.669953984375000005e+02,-8.238057123059370213e+01
4.669956914062499891e+02,-8.144937714305518739e+01
4.669959843750000346e+02,-8.452044596470123849e+01
4.669962773437500232e+02,-8.940665550389410043e+01
4.669965703125000118e+02,-7.947862410851243453e+01
4.669968632812500005e+02,-8.149894244899300588e+01
4.669971562499999891e+02,-7.891398364077697636e+01
4.669974492187500346e+02,-7.988679215333193895e+01
4.669977421875000232e+02,-9.431211906445301452e+01
4.669980351562500118e+02,-8.441945269843606070e+01
4.669983281250000005e+02,-8.170459000027884144e+01
4.669986210937499891e+02,-8.194901825196066625e+01
4.669989140625000346e+02,-8.547700358920107533e+01
4.669992070312500232e+02,-7.940084872892987278e+01
4.669995000000000118e+02,-7.840623601991352132e+01
4.669997929687500005e+02,-7.664074505581619690e+01
4.670000859374999891e+02,-8.659993826286191165e+01
4.670003789062500346e+02,-8.150740444464614143e+01
4.670006718750000232e+02,-8.286179647076630772e+01
4.670009648437500118e+02,-8.062282440152497998e+01
4.670012578125000005e+02,-8.647076876557824221e+01
4.670015507812499891e+02,-8.346770906697209114e+01
4.670018437500000346e+02,-8.426318237426306723e+01
4.670021367187500232e+02,-7.809952064993029808e+01
4.670024296875000118e+02,-8.127548427816167020e+01
4.670027226562500005e+02,-9.017872323394701084e+01
4.670030156249999891e+02,-8.281503098006402297e+01
4.670033085937500346e+02,-8.692973960732933847e+01
4.670036015625000232e+02,-8.067042141187350524e+01
4.670038945312500118e+02,-8.453148129838203317e+01
4.670041875000000005e+02,-8.186239805735974073e+01
4.670044804687499891e+02,-8.734001134201967886e+01
4.670047734375000346e+02,-8.691358912497258871e+01
4.670050664062500232e+02,-1.077477217800471863e+02
4.670053593750000118e+02,-8.067971045420480891e+01
4.670056523437500005e+02,-9.015713683159916059e+01
4.670059453124999891e+02,-7.646919661497237541e+01
4.670062382812500346e+02,-7.992772409680026158e+01
4.670065312500000232e+02,-9.291331620999287111e+01
4.670068242187500118e+02,-8.802006254833167986e+01
4.670071171875000005e+02,-8.762636776869064192e+01
4.670074101562499891e+02,-9.318134718810979678e+01
4.670077031250000346e+02,-8.156817801169167126e+01
4.670079960937500232e+02,-8.388533587492548804e+01
4.670082890625000118e+02,-7.883852264411649458e+01
4.670085820312500005e+02,-7.882051459686570638e+01
4.670088749999999891e+02,-8.070178224883322571e+01
4.670091679687500346e+02,-8.692046826554063443e+01
4.670094609375000232e+02,-8.186791961745262824e+01
4.670097539062500118e+02,-8.616779546481404850e+01
4.670100468750000005e+02,-8.941257648191415797e+01
4.670103398437499891e+02,-7.769455149891126666e+01
4.670106328125000346e+02,-7.702092789864821043e+01
4.670109257812500232e+02,-7.971835217001304841e+01
4.670112187500000118e+02,-8.875129125777176853e+01
4.670115117187500005e+02,-8.368185716097217153e+01
4.670118046874999891e+02,-7.943191009981602235e+01
4.670120976562500346e+02,-8.844873835302577447e+01
4.670123906250000232e+02,-8.082994610120778134e+01
4.670126835937500118e+02,-9.492691899883172368e+01
4.670129765625000005e+02,-7.967636850453817488e+01
4.670132695312499891e+02,-9.062633507710863512e+01
4.670135625000000346e+02,-8.978197545690062498e+01
4.670138554687500232e+02,-8.590752773763584571e+01
4.670141484375000118e+02,-8.165836043160769009e+01
4.670144414062500005e+02,-7.967362610603143480e+01
4.670147343749999891e+02,-8.941148768736574937e+01
4.670150273437500346e+02,-8.850949964991772845e+01
4.670153203125000232e+02,-7.916740713593775070e+01
4.670156132812500118e+02,-8.776606737314644135e+01
4.670159062500000005e+02,-8.162839243965447622e+01
4.670161992187499891e+02,-8.742408106117036937e+01
4.670164921875000346e+02,-8.735324166096772558e+01
4.670167851562500232e+02,-8.119838782507920882e+01
4.670170781250000118e+02,-9.054392746608272091e+01
4.670173710937500005e+02,-9.649721405262371832e+01
4.670176640624999891e+02,-8.896685080714077287e+01
4.670179570312500346e+02,-8.739198013338412352e+01
4.670182500000000232e+02,-8.171584246933218765e+01
4.670185429687500118e+02,-8.123818918666835032e+01
4.670188359375000005e+02,-8.147703967334896902e+01
4.670191289062499891e+02,-8.386321097127697044e+01
4.670194218750000346e+02,-8.097207811596152283e+01
4.670197148437500232e+02,-8.969689975022589579e+01
4.670200078125000118e+02,-8.525255499493469813e+01
4.670203007812500005e+02,-9.174430866410614271e+01
4.670205937499999891e+02,-8.026238624065000238e+01
4.670208867187500346e+02,-7.853355519173068444e+01
4.670211796875000232e+02,-7.783501460086228008e+01
4.670214726562500118e+02,-7.722744928941084197e+01
4.670217656250000005e+02,-8.271843283409990022e+01
4.670220585937499891e+02,-8.216264404101183061e+01
4.670223515625000346e+02,-8.065114636521462899e+01
4.670226445312500232e+02,-7.909536343976478179e+01
4.670229375000000118e+02,-8.247888012623356246e+01
4.670232304687500005e+02,-8.565519074786038800e+01
4.670235234374999891e+02,-8.253516820772851759e+01
4.670238164062500346e+02,-7.562383767791172318e+01
4.670241093750000232e+02,-7.948412791729568028e+01
4.670244023437500118e+02,-7.877503895312432292e+01
4.670246953125000005e+02,-9.474861256067819681e+01
4.670249882812499891e+02,-7.605908562603448786e+01
4.670252812500000346e+02,-7.800017957353776410e+01
4.670255742187500232e+02,-7.993339646694600731e+01
4.670258671875000118e+02,-7.922605703338822991e+01
4.670261601562500005e+02,-7.681194957697738346e+01
4.670264531249999891e+02,-7.503662602266456361e+01
4.670267460937500346e+02,-9.482617883629451683e+01
4.670270390625000232e+02,-9.142774057740464855e+01
4.670273320312500118e+02,-7.508199568436619131e+01
4.670276250000000005e+02,-7.306193602772941631e+01
4.670279179687499891e+02,-8.251795399898102801e+01
4.670282109375000346e+02,-7.714662690221439334e+01
4.670285039062500232e+02,-7.920947731156914529e+01
4.670287968750000118e+02,-7.814774922652580358e+01
4.670290898437500005e+02,-8.105381592771095711e+01
4.670293828124999891e+02,-9.960791037985180196e+01
4.670296757812500346e+02,-8.302318152447679722e+01
4.670299687500000232e+02,-7.466577563822204411e+01
4.670302617187500118e+02,-7.859865099525271148e+01
4.670305546875000005e+02,-7.992772752980675932e+01
4.670308476562499891e+02,-7.773931804976288618e+01
4.670311406250000346e+02,-8.501491193736941909e+01
4.670314335937500232e+02,-8.268515274397715586e+01
4.670317265625000118e+02,-8.606785821584125529e+01
4.670320195312500005e+02,-8.508285846290547738e+01
4.670323124999999891e+02,-7.877932899010806977e+01
4.670326054687500346e+02,-8.054608341304280827e+01
4.670328984375000232e+02,-8.750827949614098600e+01
4.670331914062500118e+02,-7.928651010663065790e+01
4.670334843750000005e+02,-8.433832163913277213e+01
4.670337773437499891e+02,-9.999540370711014248e+01
4.670340703125000346e+02,-8.801860784698781970e+01
4.670343632812500232e+02,-8.369982104219207031e+01
4.670346562500000118e+02,-9.063321367773076531e+01
4.670349492187500005e+02,-8.912388124756496666e+01
4.670352421874999891e+02,-8.567104924533502697e+01
4.670355351562500346e+02,-8.536220641654111319e+01
4.670358281250000232e+02,-9.191405364140177880e+01
4.670361210937500118e+02,-8.312481547010561655e+01
4.670364140625000005e+02,-7.974249845989712071e+01
4.670367070312499891e+02,-9.471815274647391902e+01
4.670370000000000346e+02,-7.908054373215858845e+01
4.670372929687500232e+02,-8.703353464899082326e+01
4.670375859375000118e+02,-8.347265170406286927e+01
4.670378789062500005e+02,-8.817505219037171571e+01
4.670381718749999891e+02,-8.568323511990547559e+01
4.670384648437500346e+02,-8.007185389415121790e+01
4.670387578125000232e+02,-7.667797700459222199e+01
4.670390507812500118e+02,-7.734597132776325168e+01
4.670393437500000005e+02,-8.346443143252771790e+01
4.670396367187499891e+02,-8.079930209567150712e+01
4.670399296875000346e+02,-8.083820571427985158e+01
4.670402226562500232e+02,-8.088306374516049857e+01
4.670405156250000118e+02,-8.698697597891279543e+01
4.670408085937500005e+02,-7.967726106942818376e+01
4.670411015624999891e+02,-8.234905777092839685e+01
4.670413945312500346e+02,-7.648486458515628783e+01
4.670416875000000232e+02,-8.196507679590460782e+01
4.670419804687500118e+02,-7.617478223127440629e+01
4.670422734375000005e+02,-7.873847323454079117e+01
4.670425664062499891e+02,-8.737416122760328108e+01
4.670428593750000346e+02,-9.908003276997351350e+01
4.670431523437500232e+02,-8.114659562658239622e+01
4.670434453125000118e+02,-8.222530281831744503e+01
4.670437382812500005e+02,-8.012496299695398250e+01
4.670440312499999891e+02,-7.751483286573420628e+01
4.670443242187500346e+02,-7.916444396916402582e+01
4.670446171875000232e+02,-7.499642679854571270e+01
4.670449101562500118e+02,-8.572169927496656783e+01
4.670452031250000005e+02,-8.310117840328680927e+01
4.670454960937499891e+02,-8.102201145903154611e+01
4.670457890625000346e+02,-8.125547236707335230e+01
4.670460820312500232e+02,-9.177417433167043725e+01
4.670463750000000118e+02,-8.006513005081417589e+01
4.670466679687500005e+02,-8.382677871851308282e+01
4.670469609374999891e+02,-7.406288753013038217e+01
4.670472539062500346e+02,-7.459327825364978537e+01
4.670475468750000232e+02,-8.213663394038020726e+01
4.670478398437500118e+02,-8.303102709730569586e+01
4.670481328125000005e+02,-8.773924122129645298e+01
4.670484257812499891e+02,-8.335606212103408552e+01
4.670487187500000346e+02,-9.639588446195303106e+01
4.670490117187500232e+02,-9.243519019597906095e+01
4.670493046875000118e+02,-8.094676255635195616e+01
4.670495976562500005e+02,-7.589112951689058661e+01
4.670498906249999891e+02,-7.819500311427040629e+01
4.670501835937500346e+02,-8.172987461397909215e+01
4.670504765625000232e+02,-1.042100019461894931e+02
4.670507695312500118e+02,-8.468372770455226828e+01
4.670510625000000005e+02,-9.153181355458839619e+01
4.670513554687499891e+02,-1.035650404349040201e+02
4.670516484375000346e+02,-1.003238163391111186e+02
4.670519414062500232e+02,-8.125272097791000192e+01
4.670522343750000118e+02,-8.036841709229719299e+01
4.670525273437500005e+02,-7.873791469968979584e+01
4.670528203124999891e+02,-8.578844675990947621e+01
4.670531132812500346e+02,-8.854276523484244876e+01
4.670534062500000232e+02,-8.974153298848091254e+01
4.670536992187500118e+02,-8.402909798782552286e+01
4.670539921875000005e+02,-9.131285243468104795e+01
4.670542851562499891e+02,-8.665163690573990607e+01
4.670545781250000346e+02,-9.465966726917569929e+01
4.670548710937500232e+02,-8.790662711484129943e+01
4.670551640625000118e+02,-8.444534147113834877e+01
4.670554570312500005e+02,-8.847611965203176965e+01
4.670557499999999891e+02,-8.766129504779799220e+01
4.670560429687500346e+02,-8.300661946461895013e+01
4.670563359375000232e+02,-9.078861811089927869e+01
4.670566289062500118e+02,-8.206080485478516096e+01
4.670569218750000005e+02,-8.455268895920036698e+01
4.670572148437499891e+02,-9.454947042150614323e+01
4.670575078125000346e+02,-8.982976281926823958e+01
4.670578007812500232e+02,-8.813510482578237770e+01
4.670580937500000118e+02,-8.185522705244473229e+01
4.670583867187500005e+02,-7.896226734160543970e+01
4.670586796874999891e+02,-8.245673847005974721e+01
4.670589726562500346e+02,-9.348320946949425547e+01
4.670592656250000232e+02,-8.183569628197490431e+01
4.670595585937500118e+02,-9.172998830495606626e+01
4.670598515625000005e+02,-1.126889668862897054e+02
4.670601445312499891e+02,-9.032706879665531119e+01
4.670604375000000346e+02,-8.666317126212740618e+01
4.670607304687500232e+02,-8.005435777431871713e+01
4.670610234375000118e+02,-8.583369599631103597e+01
4.670613164062500005e+02,-9.118534843673502621e+01
4.670616093749999891e+02,-8.666066309764191544e+01
4.670619023437500346e+02,-1.002774636881472077e+02
4.670621953125000232e+02,-9.611683351012027288e+01
4.670624882812500118e+02,-8.447160401940647034e+01
4.670627812500000005e+02,-8.492482915171036950e+01
4.670630742187499891e+02,-8.115945258245318428e+01
4.670633671875000346e+02,-8.411356436298574124e+01
4.670636601562500232e+02,-8.478164348516892801e+01
4.670639531250000118e+02,-8.386300172121990215e+01
4.670642460937500005e+02,-8.749272369027225693e+01
4.670645390624999891e+02,-8.504634752480149018e+01
4.670648320312500346e+02,-8.024939717396199512e+01
4.670651250000000232e+02,-8.057454235892400618e+01
4.670654179687500118e+02,-8.042483513706351062e+01
4.670657109375000005e+02,-8.009399891793128745e+01
4.670660039062499891e+02,-8.432066959627631775e+01
4.670662968750000346e+02,-7.776894042536468987e+01
4.670665898437500232e+02,-8.195953875836070779e+01
4.670668828125000118e+02,-8.447444874651708346e+01
4.670671757812500005e+02,-8.341070088112942926e+01
4.670674687499999891e+02,-7.722184576036480053e+01
4.670677617187500346e+02,-8.238251966266682302e+01
4.670680546875000232e+02,-8.682903561238194357e+01
4.670683476562500118e+02,-8.374987793107949585e+01
4.670686406250000005e+02,-7.641117676172439133e+01
4.670689335937499891e+02,-8.356931798691212521e+01
4.670692265625000346e+02,-8.507581173991924572e+01
4.670695195312500232e+02,-8.439059349539617472e+01
4.670698125000000118e+02,-8.065830939647598541e+01
4.670701054687500005e+02,-9.355231617780448516e+01
4.670703984374999891e+02,-8.592044552220384901e+01
4.670706914062500346e+02,-7.913552312743246375e+01
4.670709843750000232e+02,-7.347647010891211039e+01
4.670712773437500118e+02,-7.547977344978561121e+01
4.670715703125000005e+02,-9.580572638864978785e+01
4.670718632812499891e+02,-8.582902696061010772e+01
4.670721562500000346e+02,-8.111912315877815161e+01
4.670724492187500232e+02,-8.528980924638054262e+01
4.670727421875000118e+02,-9.031264000182471818e+01
4.670730351562500005e+02,-8.241379026935024399e+01
4.670733281249999891e+02,-7.545511396485024136e+01
4.670736210937500346e+02,-7.570618180906093642e+01
4.670739140625000232e+02,-8.130786690475446221e+01
4.670742070312500118e+02,-8.417452415150506795e+01
4.670745000000000005e+02,-7.753986176332992386e+01
4.670747929687499891e+02,-8.052981704498081683e+01
4.670750859375000346e+02,-8.542703183308908876e+01
4.670753789062500232e+02,-9.059328485861259139e+01
4.670756718750000118e+02,-7.819000126055153999e+01
4.670759648437500005e+02,-7.673422126991954428e+01
4.670762578124999891e+02,-8.366726271159656392e+01
4.670765507812500346e+02,-8.720090298708583987e+01
4.670768437500000232e+02,-7.888026695193998705e+01
4.670771367187500118e+02,-7.919957631317457469e+01
4.670774296875000005e+02,-7.891368663906833092e+01
4.670777226562499891e+02,-8.490975455798646010e+01
4.670780156250000346e+02,-8.861388825177303374e+01
4.670783085937500232e+02,-8.022599405130384298e+01
4.670786015625000118e+02,-8.306501209588746804e+01
4.670788945312500005e+02,-8.777775369599561373e+01
4.670791874999999891e+02,-8.748976679752401253e+01
4.670794804687500346e+02,-7.933253482215964425e+01
4.670797734375000232e+02,-7.885419029005065283e+01
4.670800664062500118e+02,-7.916899632602738279e+01
4.670803593750000005e+02,-9.280420858838864717e+01
4.670806523437499891e+02,-9.949946584132271710e+01
4.670809453125000346e+02,-8.275877356816909014e+01
4.670812382812500232e+02,-7.799017327770597774e+01
4.670815312500000118e+02,-8.288679538134699953e+01
4.670818242187500005e+02,-7.983261565935532644e+01
4.670821171874999891e+02,-7.745808335016653245e+01
4.670824101562500346e+02,-9.567270690133541677e+01
4.670827031250000232e+02,-8.291603448662947073e+01
4.670829960937500118e+02,-8.332463664557144511e+01
4.670832890625000005e+02,-8.030920285359565014e+01
4.670835820312499891e+02,-7.630157922712703567e+01
4.670838750000000346e+02,-8.082089094001926810e+01
4.670841679687500232e+02,-9.174905650085372599e+01
4.670844609375000118e+02,-8.240349402696089953e+01
4.670847539062500005e+02,-8.070623657729029787e+01
4.670850468749999891e+02,-8.299079187438587724e+01
4.670853398437500346e+02,-8.692131993985202598e+01
4.670856328125000232e+02,-8.173561063691231254e+01
4.670859257812500118e+02,-7.512531763807947982e+01
4.670862187500000005e+02,-7.481699153847414152e+01
4.670865117187499891e+02,-8.215368437358768006e+01
4.670868046875000346e+02,-9.141766567053315384e+01
4.670870976562500232e+02,-8.402839748834894351e+01
4.670873906250000118e+02,-7.814717890682828738e+01
4.670876835937500005e+02,-8.132497476116000712e+01
4.670879765624999891e+02,-8.341821132925295501e+01
4.670882695312500346e+02,-7.779262749810810362e+01
4.670885625000000232e+02,-7.588773353792757348e+01
4.670888554687500118e+02,-8.071869733259775614e+01
4.670891484375000005e+02,-8.542789084969170688e+01
4.670894414062499891e+02,-7.839604550665329441e+01
4.670897343750000346e+02,-7.436153302549972466e+01
4.670900273437500232e+02,-7.713089933831113854e+01
4.670903203125000118e+02,-8.625349087624812228e+01
4.670906132812500005e+02,-9.167728702029698695e+01
4.670909062499999891e+02,-8.724185668290404294e+01
4.670911992187500346e+02,-8.137755043377296715e+01
4.670914921875000232e+02,-8.477493380361221398e+01
4.670917851562500118e+02,-8.076069271367015290e+01
4.670920781250000005e+02,-7.662778081447848422e+01
4.670923710937499891e+02,-7.496572691041578196e+01
4.670926640625000346e+02,-8.852617863067118265e+01
4.670929570312500232e+02,-8.124084429464888046e+01
4.670932500000000118e+02,-8.672638523354191875e+01
4.670935429687500005e+02,-8.822925034979584780e+01
4.670938359374999891e+02,-8.425221838053485612e+01
4.670941289062500346e+02,-7.804402299816612754e+01
4.670944218750000232e+02,-7.746573794204095975e+01
4.670947148437500118e+02,-7.761670369377310408e+01
4.670950078125000005e+02,-7.781888255153981504e+01
4.670953007812499891e+02,-7.932026959220092976e+01
4.670955937500000346e+02,-7.854370660104500246e+01
4.670958867187500232e+02,-8.223970516513851692e+01
4.670961796875000118e+02,-1.005090594991935973e+02
4.670964726562500005e+02,-8.758334056626587483e+01
4.670967656249999891e+02,-7.841831998675080229e+01
4.670970585937500346e+02,-8.325194228262353136e+01
4.670973515625000232e+02,-8.023280111906063894e+01
4.670976445312500118e+02,-7.889474002078144110e+01
4.670979375000000005e+02,-7.742209174049435205e+01
4.670982304687499891e+02,-7.794360406446183731e+01
4.670985234375000346e+02,-8.838821790903112685e+01
4.670988164062500232e+02,-8.696543766324151647e+01
4.670991093750000118e+02,-7.774247966903791962e+01
4.670994023437500005e+02,-7.780393573387937067e+01
4.670996953124999891e+02,-7.927486938302939734e+01
4.670999882812500346e+02,-7.676922724199916104e+01
4.671002812500000232e+02,-7.848867979309324028e+01
4.671005742187500118e+02,-7.731266179833096430e+01
4.671008671875000005e+02,-8.035722035122975626e+01
4.671011601562499891e+02,-9.046070742220030070e+01
4.671014531250000346e+02,-9.164710204706847207e+01
4.671017460937500232e+02,-8.216400579860396647e+01
4.671020390625000118e+02,-8.053709951473800288e+01
4.671023320312500005e+02,-7.888264760279592736e+01
4.671026249999999891e+02,-8.212332729820454347e+01
4.671029179687500346e+02,-7.921661595903900377e+01
4.671032109375000232e+02,-8.063398738458985804e+01
4.671035039062500118e+02,-8.414846928331856191e+01
4.671037968750000005e+02,-8.422882390061369051e+01
4.671040898437499891e+02,-8.392529561888834166e+01
4.671043828125000346e+02,-8.342648386975005792e+01
4.671046757812500232e+02,-7.775717169397141504e+01
4.671049687500000118e+02,-7.866203089454663200e+01
4.671052617187500005e+02,-8.554684819450454825e+01
4.671055546874999891e+02,-8.997591884581139254e+01
4.671058476562500346e+02,-8.626959960647621983e+01
4.671061406250000232e+02,-1.014693162362105880e+02
4.671064335937500118e+02,-8.174855032328491689e+01
4.671067265625000005e+02,-8.334939353890152347e+01
4.671070195312499891e+02,-8.514302398116009840e+01
4.671073125000000346e+02,-1.051759772049673671e+02
4.671076054687500232e+02,-8.730112546907557203e+01
4.671078984375000118e+02,-8.633395879577982157e+01
4.671081914062500005e+02,-8.625098636297292387e+01
4.671084843749999891e+02,-8.569344159168799990e+01
4.671087773437500346e+02,-9.308671693215315202e+01
4.671090703125000232e+02,-8.545651571220103904e+01
4.671093632812500118e+02,-8.461514868889895524e+01
4.671096562500000005e+02,-8.480750296521901532e+01
4.671099492187499891e+02,-9.764261121581031944e+01
4.671102421875000346e+02,-8.014176785009098580e+01
4.671105351562500232e+02,-8.152102862814494699e+01
4.671108281250000118e+02,-9.093745302510562567e+01
4.671111210937500005e+02,-9.376295300782607001e+01
4.671114140624999891e+02,-9.520118596727401439e+01
4.671117070312500346e+02,-8.546291223473885168e+01
4.671120000000000232e+02,-8.500935771768945415e+01
4.671122929687500118e+02,-8.232829202046501393e+01
4.671125859375000005e+02,-8.328156796960932695e+01
4.671128789062499891e+02,-7.917761968915576176e+01
4.671131718750000346e+02,-8.828762598668990336e+01
4.671134648437500232e+02,-8.656325782399819957e+01
4.671137578125000118e+02,-9.538559737818837903e+01
4.671140507812500005e+02,-8.255281519533561152e+01
4.671143437499999891e+02,-8.528575983799272819e+01
4.671146367187500346e+02,-7.924942782444992417e+01
4.671149296875000232e+02,-8.306472462781172794e+01
4.671152226562500118e+02,-9.446045303146564720e+01
4.671155156250000005e+02,-8.740834741319687851e+01
4.671158085937499891e+02,-7.777605544504388035e+01
4.671161015625000346e+02,-8.693466489297773592e+01
4.671163945312500232e+02,-8.364190911861973632e+01
4.671166875000000118e+02,-8.441463995490295247e+01
4.671169804687500005e+02,-8.387489403741901128e+01
4.671172734374999891e+02,-8.914130612117412511e+01
4.671175664062500346e+02,-8.827592337967328717e+01
4.671178593750000232e+02,-8.791906559901570972e+01
4.671181523437500118e+02,-8.228214600324645289e+01
4.671184453125000005e+02,-7.848458990777135114e+01
4.671187382812499891e+02,-9.303470915352839654e+01
4.671190312500000346e+02,-8.265762377655656223e+01
4.671193242187500232e+02,-8.935514129513188664e+01
4.671196171875000118e+02,-8.205001956707880595e+01
4.671199101562500005e+02,-8.525265428053796768e+01
4.671202031249999891e+02,-8.231935456820039576e+01
4.671204960937500346e+02,-8.039627001119629313e+01
4.671207890625000232e+02,-8.037007269135047238e+01
4.671210820312500118e+02,-8.459391171057023939e+01
4.671213750000000005e+02,-9.427616632822744691e+01
4.671216679687499891e+02,-9.031115912221989106e+01
4.671219609375000346e+02,-9.121052755935842526e+01
4.671222539062500232e+02,-8.346148606670718095e+01
4.671225468750000118e+02,-8.352527149846493160e+01
4.671228398437500005e+02,-7.662361220951549967e+01
4.671231328124999891e+02,-7.977880152863367869e+01
4.671234257812500346e+02,-8.392504436837013770e+01
4.671237187500000232e+02,-8.453901755819045150e+01
4.671240117187500118e+02,-8.176462028217819977e+01
4.671243046875000005e+02,-8.451291720800674057e+01
4.671245976562499891e+02,-8.478757025555738380e+01
4.671248906250000346e+02,-8.579076948011169179e+01
4.671251835937500232e+02,-7.719089228983315820e+01
4.671254765625000118e+02,-7.763810563784603858e+01
4.671257695312500005e+02,-8.561875999835103812e+01
4.671260624999999891e+02,-9.057743320518275709e+01
4.671263554687500346e+02,-7.823836262865710012e+01
4.671266484375000232e+02,-7.688466822379714927e+01
4.671269414062500118e+02,-8.818920412978131651e+01
4.671272343750000005e+02,-8.003069042999861438e+01
4.671275273437499891e+02,-8.739232337408790841e+01
4.671278203125000346e+02,-8.401972670452505554e+01
4.671281132812500232e+02,-8.409856746721197851e+01
4.671284062500000118e+02,-7.785002891348328546e+01
4.671286992187500005e+02,-7.798176205828293917e+01
4.671289921874999891e+02,-7.460129920789216840e+01
4.671292851562500346e+02,-8.323259608402899801e+01
4.671295781250000232e+02,-7.979789652584810256e+01
4.671298710937500118e+02,-8.303038214367056469e+01
4.671301640625000005e+02,-1.108249482485803412e+02
4.671304570312499891e+02,-8.588448409127013861e+01
4.671307500000000346e+02,-7.751726966592207191e+01
4.671310429687500232e+02,-7.808655386564255707e+01
4.671313359375000118e+02,-7.595890424961028486e+01
4.671316289062500005e+02,-7.634241157486366092e+01
4.671319218749999891e+02,-8.942696210892138708e+01
4.671322148437500346e+02,-9.330246374543655463e+01
4.671325078125000232e+02,-8.425673587010956567e+01
4.671328007812500118e+02,-7.913472558202380469e+01
4.671330937500000005e+02,-7.755087927730933473e+01
4.671333867187499891e+02,-7.693901810696443988e+01
4.671336796875000346e+02,-8.622747109031084278e+01
4.671339726562500232e+02,-8.973030627177359975e+01
4.671342656250000118e+02,-8.808867695769420436e+01
4.671345585937500005e+02,-9.129715555607027966e+01
4.671348515624999891e+02,-9.031626901633066495e+01
4.671351445312500346e+02,-7.787568554236034402e+01
4.671354375000000232e+02,-7.701330036864851536e+01
4.671357304687500118e+02,-7.619826429820041369e+01
4.671360234375000005e+02,-7.700008269411918604e+01
4.671363164062499891e+02,-7.967309744425777751e+01
4.671366093750000346e+02,-8.566449688662233086e+01
4.671369023437500232e+02,-8.001762427567413738e+01
4.671371953125000118e+02,-8.398818865122325406e+01
4.671374882812500005e+02,-8.226417897881864860e+01
4.671377812499999891e+02,-8.189867096858925777e+01
4.671380742187500346e+02,-9.182381903611440066e+01
4.671383671875000232e+02,-8.089906389750508708e+01
4.671386601562500118e+02,-7.989159205187874591e+01
4.671389531250000005e+02,-7.369416638125413499e+01
4.671392460937499891e+02,-7.820964580165454549e+01
4.671395390625000346e+02,-8.190675531037540225e+01
4.671398320312500232e+02,-7.823265754253922921e+01
4.671401250000000118e+02,-8.664500323701672357e+01
4.671404179687500005e+02,-8.301269548852367564e+01
4.671407109374999891e+02,-8.286320546191242897e+01
4.671410039062500346e+02,-8.752167930367022564e+01
4.671412968750000232e+02,-8.382678978439459172e+01
4.671415898437500118e+02,-7.743141036215472184e+01
4.671418828125000005e+02,-7.974327577911954279e+01
4.671421757812499891e+02,-7.511416695489702988e+01
4.671424687500000346e+02,-7.908311003686250729e+01
4.671427617187500232e+02,-7.779071558771433104e+01
4.671430546875000118e+02,-7.647303580996550920e+01
4.671433476562500005e+02,-7.923995853031337333e+01
4.671436406249999891e+02,-8.398742333088101475e+01
4.671439335937500346e+02,-8.034938901739391781e+01
4.671442265625000232e+02,-8.118329730853794501e+01
4.671445195312500118e+02,-7.765886893919342526e+01
4.671448125000000005e+02,-8.259282534942855136e+01
4.671451054687499891e+02,-7.396940952446561823e+01
4.671453984375000346e+02,-7.320636061090735325e+01
4.671456914062500232e+02,-7.742122517586479091e+01
4.671459843750000118e+02,-8.058551065169936578e+01
4.671462773437500005e+02,-7.963867268984276393e+01
4.671465703124999891e+02,-8.487377516543639899e+01
4.671468632812500346e+02,-7.869797187666152638e+01
4.671471562500000232e+02,-7.606156116408106982e+01
4.671474492187500118e+02,-8.026994667734237510e+01
4.671477421875000005e+02,-7.368249252381230008e+01
4.671480351562499891e+02,-7.572152283196464850e+01
4.671483281250000346e+02,-7.748961195376166700e+01
4.671486210937500232e+02,-7.843977493315750849e+01
4.671489140625000118e+02,-7.746104358470221030e+01
4.671492070312500005e+02,-8.546443462395833990e+01
4.671494999999999891e+02,-8.214523319597392970e+01
4.671497929687500346e+02,-8.052765330253586740e+01
4.671500859375000232e+02,-7.955321005975497428e+01
4.671503789062500118e+02,-7.701813940916629520e+01
4.671506718750000005e+02,-8.629852016320306518e+01
4.671509648437499891e+02,-8.071498903337995046e+01
4.671512578125000346e+02,-7.851788776393786407e+01
4.671515507812500232e+02,-7.943656121101115275e+01
4.671518437500000118e+02,-8.327494763477406536e+01
4.671521367187500005e+02,-9.445876721756067695e+01
4.671524296874999891e+02,-8.013877375037884576e+01
4.671527226562500346e+02,-7.952145898198227769e+01
4.671530156250000232e+02,-8.674423031191145128e+01
4.671533085937500118e+02,-8.033422464708183952e+01
4.671536015625000005e+02,-7.942248263791513807e+01
4.671538945312499891e+02,-7.790542276750545625e+01
4.671541875000000346e+02,-8.103709276186869204e+01
4.671544804687500232e+02,-8.019242523185133109e+01
4.671547734375000118e+02,-8.387603863130573245e+01
4.671550664062500005e+02,-7.978484441619627887e+01
4.671553593749999891e+02,-1.064574056280221868e+02
4.671556523437500346e+02,-8.287303321757441665e+01
4.671559453125000232e+02,-7.880042496103544636e+01
4.671562382812500118e+02,-8.557341575487950536e+01
4.671565312500000005e+02,-9.197313236939294256e+01
4.671568242187499891e+02,-7.923787285045182216e+01
4.671571171875000346e+02,-8.695948527567311714e+01
4.671574101562500232e+02,-7.821146912849881971e+01
4.671577031250000118e+02,-8.140013625013942544e+01
4.671579960937500005e+02,-9.275841576607069783e+01
4.671582890624999891e+02,-8.347084706333674831e+01
4.671585820312500346e+02,-8.048292481272667942e+01
4.671588750000000232e+02,-8.653776169501239224e+01
4.671591679687500118e+02,-8.450138703236872573e+01
4.671594609375000005e+02,-8.236852392359884334e+01
4.671597539062499891e+02,-8.299564065019151826e+01
4.671600468750000346e+02,-7.984918281322090650e+01
4.671603398437500232e+02,-9.459946729339432636e+01
4.671606328125000118e+02,-8.198967959556087237e+01
4.671609257812500005e+02,-8.695706042558336435e+01
4.671612187499999891e+02,-8.120559362859972907e+01
4.671615117187500346e+02,-7.880584185532825359e+01
4.671618046875000232e+02,-8.602885065264970876e+01
4.671620976562500118e+02,-9.399189661194306211e+01
4.671623906250000005e+02,-8.377482080457369307e+01
4.671626835937499891e+02,-7.947107529408717141e+01
4.671629765625000346e+02,-1.006672914866854995e+02
4.671632695312500232e+02,-8.228050390241133982e+01
4.671635625000000118e+02,-8.165395588594208220e+01
4.671638554687500005e+02,-7.850138288079071458e+01
4.671641484374999891e+02,-8.298776356338409244e+01
4.671644414062500346e+02,-9.079198470296580581e+01
4.671647343750000232e+02,-8.810663544677672121e+01
4.671650273437500118e+02,-8.389710042089957653e+01
4.671653203125000005e+02,-9.429051853163721830e+01
4.671656132812499891e+02,-8.503286984814576499e+01
4.671659062500000346e+02,-8.145228697075559410e+01
4.671661992187500232e+02,-7.865366784101982489e+01
4.671664921875000118e+02,-7.827350329397503970e+01
4.671667851562500005e+02,-8.211732697582746709e+01
4.671670781249999891e+02,-8.822898582565323977e+01
4.671673710937500346e+02,-7.734755441067929382e+01
4.671676640625000232e+02,-7.724766593966140249e+01
4.671679570312500118e+02,-8.994182818914239874e+01
4.671682500000000005e+02,-9.211366241147899814e+01
4.671685429687499891e+02,-8.112485353026497137e+01
4.671688359375000346e+02,-7.917011752581647954e+01
4.671691289062500232e+02,-8.636827157620948014e+01
4.671694218750000118e+02,-8.015253446989902386e+01
4.671697148437500005e+02,-8.836031987387588060e+01
4.671700078124999891e+02,-7.499504516956508837e+01
4.671703007812500346e+02,-8.026074662347679123e+01
4.671705937500000232e+02,-9.070291685004869464e+01
4.671708867187500118e+02,-9.530406631071103618e+01
4.671711796875000005e+02,-8.334249676475590718e+01
4.671714726562499891e+02,-8.511449734658575039e+01
4.671717656250000346e+02,-8.953851436631470051e+01
4.671720585937500232e+02,-8.279791409840413507e+01
4.671723515625000118e+02,-8.616969532200013759e+01
4.671726445312500005e+02,-8.107127050002667090e+01
4.671729374999999891e+02,-9.107463713196736421e+01
4.671732304687500346e+02,-8.219760789886660746e+01
4.671735234375000232e+02,-8.156871135036521991e+01
4.671738164062500118e+02,-8.447992560074962398e+01
4.671741093750000005e+02,-9.637961300559891242e+01
4.671744023437499891e+02,-9.111549595593126583e+01
4.671746953125000346e+02,-9.007493431362061642e+01
4.671749882812500232e+02,-8.498970375167296254e+01
4.671752812500000118e+02,-8.476083809517294299e+01
4.671755742187500005e+02,-8.702864785941791581e+01
4.671758671874999891e+02,-7.869368364882299716e+01
4.671761601562500346e+02,-8.182977269470912063e+01
4.671764531250000232e+02,-8.760985590214210106e+01
4.671767460937500118e+02,-8.861131192195081496e+01
4.671770390625000005e+02,-8.431781602126778807e+01
4.671773320312499891e+02,-8.512506852263258850e+01
4.671776250000000346e+02,-8.231753480872225737e+01
4.671779179687500232e+02,-8.509811764603389861e+01
4.671782109375000118e+02,-8.225297827118481564e+01
4.671785039062500005e+02,-7.717739425643574691e+01
4.671787968749999891e+02,-8.082144025138697430e+01
4.671790898437500346e+02,-8.418516929339591570e+01
4.671793828125000232e+02,-9.483062822771664457e+01
4.671796757812500118e+02,-8.697734005295670556e+01
4.671799687500000005e+02,-8.318608748025806676e+01
4.671802617187499891e+02,-8.721786960443355952e+01
4.671805546875000346e+02,-8.487407463162418253e+01
4.671808476562500232e+02,-8.384782915783516444e+01
4.671811406250000118e+02,-7.677269571477658872e+01
4.671814335937500005e+02,-8.138718009907628925e+01
4.671817265624999891e+02,-8.696510280082463851e+01
4.671820195312500346e+02,-7.758979031095668688e+01
4.671823125000000232e+02,-7.793793005826368869e+01
4.671826054687500118e+02,-8.069458635043162076e+01
4.671828984375000005e+02,-8.474183855008789124e+01
4.671831914062499891e+02,-7.826189978400685732e+01
4.671834843750000346e+02,-9.127236421531121380e+01
4.671837773437500232e+02,-7.762902535856215991e+01
4.671840703125000118e+02,-8.226265868073275556e+01
4.671843632812500005e+02,-7.692996003548664419e+01
4.671846562499999891e+02,-7.724395027362868404e+01
4.671849492187500346e+02,-8.120380415210715341e+01
4.671852421875000232e+02,-8.820448206048337170e+01
4.671855351562500118e+02,-8.316643938292040161e+01
4.671858281250000005e+02,-8.581098684836588575e+01
4.671861210937499891e+02,-8.159235059482483621e+01
4.671864140625000346e+02,-8.504317734237120874e+01
4.671867070312500232e+02,-9.004885345944229869e+01
4.671870000000000118e+02,-7.899242577057886194e+01
4.671872929687500005e+02,-7.993203390346388915e+01
4.671875859374999891e+02,-8.202712388694324375e+01
4.671878789062500346e+02,-8.173948485828478283e+01
4.671881718750000232e+02,-7.955483538200002158e+01
4.671884648437500118e+02,-7.837474544455800185e+01
4.671887578125000005e+02,-8.128339156464546988e+01
4.671890507812499891e+02,-8.559295863132194881e+01
4.671893437500000346e+02,-8.081766147292290725e+01
4.671896367187500232e+02,-7.697413185196501217e+01
4.671899296875000118e+02,-7.477993075375560750e+01
4.671902226562500005e+02,-7.626602956177106307e+01
4.671905156249999891e+02,-8.341576839836919532e+01
4.671908085937500346e+02,-7.708737077672319060e+01
4.671911015625000232e+02,-7.464034666211108515e+01
4.671913945312500118e+02,-8.206630873605047327e+01
4.671916875000000005e+02,-8.099957641800381225e+01
4.671919804687499891e+02,-8.408645708840028021e+01
4.671922734375000346e+02,-7.626654363739785936e+01
4.671925664062500232e+02,-7.290915931218547996e+01
4.671928593750000118e+02,-7.821789097431530990e+01
4.671931523437500005e+02,-7.695640495088497346e+01
4.671934453124999891e+02,-7.166554178438248357e+01
4.671937382812500346e+02,-7.610318896625896912e+01
4.671940312500000232e+02,-7.998590767991996131e+01
4.671943242187500118e+02,-8.102115309487167849e+01
4.671946171875000005e+02,-8.337365473488114276e+01
4.671949101562499891e+02,-7.480587163744701229e+01
4.671952031250000346e+02,-7.873958548091985676e+01
4.671954960937500232e+02,-8.853074545788112459e+01
4.671957890625000118e+02,-7.836053825858039090e+01
4.671960820312500005e+02,-7.473289448691031112e+01
4.671963749999999891e+02,-8.637786079977874465e+01
4.671966679687500346e+02,-8.761462669877866460e+01
4.671969609375000232e+02,-8.111665113199747168e+01
4.671972539062500118e+02,-8.669222367036546473e+01
4.671975468750000005e+02,-8.278150137304946554e+01
4.671978398437499891e+02,-9.413511408808940928e+01
4.671981328125000346e+02,-8.409493586477933036e+01
4.671984257812500232e+02,-7.867090620983421445e+01
4.671987187500000118e+02,-9.155748417996618116e+01
4.671990117187500005e+02,-8.362128150256748427e+01
4.671993046874999891e+02,-8.103936688720833104e+01
4.671995976562500346e+02,-8.740038615970803448e+01
4.671998906250000232e+02,-1.037281592410622011e+02
4.672001835937500118e+02,-8.316507868023465733e+01
4.672004765625000005e+02,-8.380504966695916380e+01
4.672007695312499891e+02,-8.416066675310611345e+01
4.672010625000000346e+02,-8.194879144477462773e+01
4.672013554687500232e+02,-7.638796823020661009e+01
4.672016484375000118e+02,-8.516014947050415174e+01
4.672019414062500005e+02,-7.647259888013908835e+01
4.672022343749999891e+02,-7.846476594921577430e+01
4.672025273437500346e+02,-8.102444580729900281e+01
4.672028203125000232e+02,-8.382541100151064484e+01
4.672031132812500118e+02,-8.444136124140234756e+01
4.672034062500000005e+02,-9.544389708588110466e+01
4.672036992187499891e+02,-8.015273766481362827e+01
4.672039921875000346e+02,-7.813044592719691650e+01
4.672042851562500232e+02,-8.204673690831377542e+01
4.672045781250000118e+02,-7.742331271197913622e+01
4.672048710937500005e+02,-7.733273132768609059e+01
4.672051640624999891e+02,-8.281868999808801846e+01
4.672054570312500346e+02,-8.802584364816659956e+01
4.672057500000000232e+02,-9.091827797392656407e+01
4.672060429687500118e+02,-8.269036581849741196e+01
4.672063359375000005e+02,-7.759403194698906248e+01
4.672066289062499891e+02,-7.941415973637548120e+01
4.672069218750000346e+02,-8.320228370460961287e+01
4.672072148437500232e+02,-7.719190302009317861e+01
4.672075078125000118e+02,-8.078971950621543385e+01
4.672078007812500005e+02,-8.464683683752879517e+01
4.672080937499999891e+02,-7.994498781485670236e+01
4.672083867187500346e+02,-7.860503086813396578e+01
4.672086796875000232e+02,-8.549682881843469318e+01
4.672089726562500118e+02,-8.260242365550729460e+01
4.672092656250000005e+02,-8.369638014297208883e+01
4.672095585937499891e+02,-1.021023018851262378e+02
4.672098515625000346e+02,-8.413982858367319295e+01
4.672101445312500232e+02,-8.578915129519258187e+01
4.672104375000000118e+02,-8.726615680281874177e+01
4.672107304687500005e+02,-7.640693656659975375e+01
4.672110234374999891e+02,-7.884456243223043259e+01
4.672113164062500346e+02,-8.409114522589464968e+01
4.672116093750000232e+02,-8.583778060049991154e+01
4.672119023437500118e+02,-8.551351886558754245e+01
4.672121953125000005e+02,-7.384464754606581494e+01
4.672124882812499891e+02,-7.407328117546828139e+01
4.672127812500000346e+02,-8.026482192917102054e+01
4.672130742187500232e+02,-8.533967326074694881e+01
4.672133671875000118e+02,-7.804268893200244861e+01
4.672136601562500005e+02,-9.069124631309797735e+01
4.672139531249999891e+02,-8.046842784769222590e+01
4.672142460937500346e+02,-8.372708544933288977e+01
4.672145390625000232e+02,-8.049465578015750111e+01
4.672148320312500118e+02,-7.452860228889969108e+01
4.672151250000000005e+02,-7.856389543018481447e+01
4.672154179687499891e+02,-7.908988194217391765e+01
4.672157109375000346e+02,-7.968655298169635159e+01
4.672160039062500232e+02,-8.114697690125643703e+01
4.672162968750000118e+02,-1.028411976349695465e+02
4.672165898437500005e+02,-8.469220968578369479e+01
4.672168828124999891e+02,-8.449003671349268529e+01
4.672171757812500346e+02,-7.847966412190262986e+01
4.672174687500000232e+02,-8.126488983735819716e+01
4.672177617187500118e+02,-8.841684272218104468e+01
4.672180546875000005e+02,-7.921687521498873252e+01
4.672183476562499891e+02,-7.948030446052990783e+01
4.672186406250000346e+02,-8.960193471527915676e+01
4.672189335937500232e+02,-7.612992076696531285e+01
4.672192265625000118e+02,-7.848752664033369797e+01
4.672195195312500005e+02,-9.580852569270996355e+01
4.672198124999999891e+02,-8.192050630262343702e+01
4.672201054687500346e+02,-8.680865037816849394e+01
4.672203984375000232e+02,-8.542974513411577675e+01
4.672206914062500118e+02,-8.010946551991330011e+01
4.672209843750000005e+02,-7.670527375517980317e+01
4.672212773437499891e+02,-8.534692388477638758e+01
4.672215703125000346e+02,-9.154222219507724390e+01
4.672218632812500232e+02,-8.482510401273982836e+01
4.672221562500000118e+02,-8.438971300217822602e+01
4.672224492187500005e+02,-8.554179907679971961e+01
4.672227421874999891e+02,-9.080528874059569944e+01
4.672230351562500346e+02,-8.283496143220098418e+01
4.672233281250000232e+02,-8.007694935106192702e+01
4.672236210937500118e+02,-9.893226086837920263e+01
4.672239140625000005e+02,-8.276946814662936447e+01
4.672242070312499891e+02,-8.291713018703198657e+01
4.672245000000000346e+02,-7.788760866907767877e+01
4.672247929687500232e+02,-8.350322509966480311e+01
4.672250859375000118e+02,-8.268661117479626910e+01
4.672253789062500005e+02,-7.608152315205516913e+01
4.672256718749999891e+02,-7.664393492538424368e+01
4.672259648437500346e+02,-8.568131183741429879e+01
4.672262578125000232e+02,-8.761280366466860414e+01
4.672265507812500118e+02,-8.954733946278857104e+01
4.672268437500000005e+02,-8.046676251404613822e+01
4.672271367187499891e+02,-8.098491799445557149e+01
4.672274296875000346e+02,-8.873071778631876327e+01
4.672277226562500232e+02,-7.837593144226575248e+01
4.672280156250000118e+02,-8.041837852235534001e+01
4.672283085937500005e+02,-8.329277511264059797e+01
4.672286015624999891e+02,-8.041921654412658427e+01
4.672288945312500346e+02,-9.467661786794570844e+01
4.672291875000000232e+02,-8.398585809011098036e+01
4.672294804687500118e+02,-8.616150251664939219e+01
4.672297734375000005e+02,-8.000138685471263500e+01
4.672300664062499891e+02,-7.582066111856450163e+01
4.672303593750000346e+02,-7.893633846678730492e+01
4.672306523437500232e+02,-8.717312228204512792e+01
4.672309453125000118e+02,-7.922611661931823335e+01
4.672312382812500005e+02,-8.208765107391687366e+01
4.672315312499999891e+02,-8.802750449351245265e+01
4.672318242187500346e+02,-8.468483247003517533e+01
4.672321171875000232e+02,-8.406742160957234944e+01
4.672324101562500118e+02,-8.464761725281400118e+01
4.672327031250000005e+02,-7.925248175308523457e+01
4.672329960937499891e+02,-7.786759365812717704e+01
4.672332890625000346e+02,-7.244493308761398964e+01
4.672335820312500232e+02,-7.546052723520371330e+01
4.672338750000000118e+02,-8.235131809917223222e+01
4.672341679687500005e+02,-8.009560382432987069e+01
4.672344609374999891e+02,-7.664636812269091592e+01
4.672347539062500346e+02,-7.553620277909411129e+01
4.672350468750000232e+02,-7.540678198950827493e+01
4.672353398437500118e+02,-7.517475328730330375e+01
4.672356328125000005e+02,-7.283872366247040020e+01
4.672359257812499891e+02,-7.687774994756067315e+01
4.672362187500000346e+02,-8.928523606511217281e+01
4.672365117187500232e+02,-8.329405143316523663e+01
4.672368046875000118e+02,-7.575003484295723410e+01
4.672370976562500005e+02,-7.583015708309207525e+01
4.672373906249999891e+02,-8.134214948138465218e+01
4.672376835937500346e+02,-8.402894754798506938e+01
4.672379765625000232e+02,-7.303235298777968865e+01
4.672382695312500118e+02,-7.335701022622794198e+01
4.672385625000000005e+02,-8.455053526108925155e+01
4.672388554687499891e+02,-8.344706002446585558e+01
4.672391484375000346e+02,-7.758611088901280084e+01
4.672394414062500232e+02,-7.560989948740903799e+01
4.672397343750000118e+02,-7.986443255775425598e+01
4.672400273437500005e+02,-8.164651686389558449e+01
4.672403203124999891e+02,-8.054770606198317751e+01
4.672406132812500346e+02,-7.405588058068822477e+01
4.672409062500000232e+02,-8.190816867025904457e+01
4.672411992187500118e+02,-8.300823215674452626e+01
4.672414921875000005e+02,-8.985151914730406020e+01
4.672417851562499891e+02,-8.100097367741078358e+01
4.672420781250000346e+02,-7.632170845473082466e+01
4.672423710937500232e+02,-7.387700450495196947e+01
4.672426640625000118e+02,-9.263293527527179094e+01
4.672429570312500005e+02,-7.262606084832505360e+01
4.672432499999999891e+02,-8.051576586509666811e+01
4.672435429687500346e+02,-7.938733146969046572e+01
4.672438359375000232e+02,-8.166514427483762972e+01
4.672441289062500118e+02,-9.071761476814108960e+01
4.672444218750000005e+02,-8.216790462326329703e+01
4.672447148437499891e+02,-7.725190663315703432e+01
4.672450078125000346e+02,-7.999014076604873935e+01
4.672453007812500232e+02,-8.081544300678439186e+01
4.672455937500000118e+02,-8.301516504865388413e+01
4.672458867187500005e+02,-8.184911197440231945e+01
4.672461796874999891e+02,-8.460574152740990428e+01
4.672464726562500346e+02,-8.580320957492629930e+01
4.672467656250000232e+02,-7.602485707716142826e+01
4.672470585937500118e+02,-8.077406633611585107e+01
4.672473515625000005e+02,-8.191367452585076592e+01
4.672476445312499891e+02,-8.524171508824721855e+01
4.672479375000000346e+02,-8.307349073011401686e+01
4.672482304687500232e+02,-9.294906260171640611e+01
4.672485234375000118e+02,-7.898828857302012807e+01
4.672488164062500005e+02,-8.176179057096034342e+01
4.672491093749999891e+02,-8.251289711820066941e+01
4.672494023437500346e+02,-8.078429297553329036e+01
4.672496953125000232e+02,-8.348123185329185958e+01
4.672499882812500118e+02,-8.474022189726694876e+01
4.672502812500000005e+02,-8.773154415814404672e+01
4.672505742187499891e+02,-8.291446631710397241e+01
4.672508671875000346e+02,-7.635153609062821545e+01
4.672511601562500232e+02,-7.539446069636474590e+01
4.672514531250000118e+02,-7.772873109651084178e+01
4.672517460937500005e+02,-8.102723022814286935e+01
4.672520390624999891e+02,-7.923796565902753741e+01
4.672523320312500346e+02,-7.780921790647342107e+01
4.672526250000000232e+02,-7.961012900801682690e+01
4.672529179687500118e+02,-7.727693794263568350e+01
4.672532109375000005e+02,-7.295924222858272401e+01
4.672535039062499891e+02,-7.319787086050192215e+01
4.672537968750000346e+02,-7.910877286046439849e+01
4.672540898437500232e+02,-7.817784297644142555e+01
4.672543828125000118e+02,-7.994627771190509691e+01
4.672546757812500005e+02,-7.786238755167130421e+01
4.672549687499999891e+02,-7.933320674592992816e+01
4.672552617187500346e+02,-7.709570463282312858e+01
4.672555546875000232e+02,-7.372492158173972143e+01
4.672558476562500118e+02,-7.425284566540700837e+01
4.672561406250000005e+02,-7.453390603973414841e+01
4.672564335937499891e+02,-8.009452094242520559e+01
4.672567265625000346e+02,-8.437825191183534912e+01
4.672570195312500232e+02,-7.949151998978909717e+01
4.672573125000000118e+02,-7.951028276845900677e+01
4.672576054687500005e+02,-8.276149154870489610e+01
4.672578984374999891e+02,-7.834568002886177851e+01
4.672581914062500346e+02,-7.803366826344397111e+01
4.672584843750000232e+02,-7.524012711689779564e+01
4.672587773437500118e+02,-8.079163736840862953e+01
4.672590703125000005e+02,-7.687015554320146293e+01
4.672593632812499891e+02,-7.456162711170003377e+01
4.672596562500000346e+02,-7.611486065864829698e+01
4.672599492187500232e+02,-8.294309019941741212e+01
4.672602421875000118e+02,-8.499210234806037079e+01
4.672605351562500005e+02,-7.925705929792928828e+01
4.672608281249999891e+02,-8.320498860163235122e+01
4.672611210937500346e+02,-8.024973583370160668e+01
4.672614140625000232e+02,-8.030394489638945288e+01
4.672617070312500118e+02,-7.659792262667741625e+01
4.672620000000000005e+02,-7.554344552547894409e+01
4.672622929687499891e+02,-7.903914069536924103e+01
4.672625859375000346e+02,-9.017551136888165786e+01
4.672628789062500232e+02,-8.742161455635381628e+01
4.672631718750000118e+02,-7.878181982788375137e+01
4.672634648437500005e+02,-7.827641430722452753e+01
4.672637578124999891e+02,-8.032147053249934743e+01
4.672640507812500346e+02,-8.542235572519311404e+01
4.672643437500000232e+02,-8.034778568627228879e+01
4.672646367187500118e+02,-7.433267900019301067e+01
4.672649296875000005e+02,-7.570531724189761746e+01
4.672652226562499891e+02,-7.842691535113057455e+01
4.672655156250000346e+02,-8.175544602085828672e+01
4.672658085937500232e+02,-8.275448121878922336e+01
4.672661015625000118e+02,-8.564575944873394064e+01
4.672663945312500005e+02,-8.231850867825446016e+01
4.672666874999999891e+02,-7.950553675876798820e+01
4.672669804687500346e+02,-8.486117267284956256e+01
4.672672734375000232e+02,-8.471543063967305898e+01
4.672675664062500118e+02,-8.455028665338281257e+01
4.672678593750000005e+02,-8.219672044063568705e+01
4.672681523437499891e+02,-8.313075285854181118e+01
4.672684453125000346e+02,-7.842373312261284468e+01
4.672687382812500232e+02,-9.468264508624578468e+01
4.672690312500000118e+02,-7.673342873151669608e+01
4.672693242187500005e+02,-7.619500060691177623e+01
4.672696171874999891e+02,-7.753989164147134261e+01
4.672699101562500346e+02,-8.434980570961431567e+01
4.672702031250000232e+02,-7.827486018091472886e+01
4.672704960937500118e+02,-8.267917993226220119e+01
4.672707890625000005e+02,-8.499006859318814122e+01
4.672710820312499891e+02,-8.466244119288762704e+01
4.672713750000000346e+02,-7.805037070494705631e+01
4.672716679687500232e+02,-7.717324460645687623e+01
4.672719609375000118e+02,-7.628778525075686900e+01
4.672722539062500005e+02,-7.969597205460856060e+01
4.672725468749999891e+02,-8.290659988582483209e+01
4.672728398437500346e+02,-7.902388377866272151e+01
4.672731328125000232e+02,-8.366347947169330723e+01
4.672734257812500118e+02,-7.788952084333199366e+01
4.672737187500000005e+02,-7.775665029139895523e+01
4.672740117187499891e+02,-8.330441761832922509e+01
4.672743046875000346e+02,-7.705979453673674584e+01
4.672745976562500232e+02,-7.428297534348332931e+01
4.672748906250000118e+02,-8.251018701133979505e+01
4.672751835937500005e+02,-8.691187058355383499e+01
4.672754765624999891e+02,-8.536733247854263595e+01
4.672757695312500346e+02,-9.614062561953544161e+01
4.672760625000000232e+02,-7.939770959936873851e+01
4.672763554687500118e+02,-8.745811633515580752e+01
4.672766484375000005e+02,-8.445332357992860750e+01
4.672769414062499891e+02,-7.575921155131877072e+01
4.672772343750000346e+02,-8.589610834584171073e+01
4.672775273437500232e+02,-7.781295660787725410e+01
4.672778203125000118e+02,-7.974912316038395943e+01
4.672781132812500005e+02,-8.843806980475625323e+01
4.672784062499999891e+02,-7.952439276211615038e+01
4.672786992187500346e+02,-7.844119636409372731e+01
4.672789921875000232e+02,-8.048495949198530752e+01
4.672792851562500118e+02,-8.371723625604224139e+01
4.672795781250000005e+02,-8.966456443182680403e+01
4.672798710937499891e+02,-7.798605367929047816e+01
4.672801640625000346e+02,-7.360253951298133757e+01
4.672804570312500232e+02,-7.511723729777705216e+01
4.672807500000000118e+02,-7.993979824217012720e+01
4.672810429687500005e+02,-8.011375778570587158e+01
4.672813359374999891e+02,-8.524573009545569846e+01
4.672816289062500346e+02,-1.074127257377899980e+02
4.672819218750000232e+02,-7.969955343831486516e+01
4.672822148437500118e+02,-7.878755978321824216e+01
4.672825078125000005e+02,-7.958854108467360788e+01
4.672828007812499891e+02,-7.253741389264371264e+01
4.672830937500000346e+02,-7.416173097051390073e+01
4.672833867187500232e+02,-7.754354553208402479e+01
4.672836796875000118e+02,-7.547292365570896777e+01
4.672839726562500005e+02,-7.730987218153069307e+01
4.672842656249999891e+02,-9.367318382755856021e+01
4.672845585937500346e+02,-8.400175312647739645e+01
4.672848515625000232e+02,-8.322953764476656602e+01
4.672851445312500118e+02,-7.281426213992071439e+01
4.672854375000000005e+02,-7.367845427296889227e+01
4.672857304687499891e+02,-8.831348283847148650e+01
4.672860234375000346e+02,-8.142607585957215122e+01
4.672863164062500232e+02,-8.383577524591538577e+01
4.672866093750000118e+02,-7.608022857007311757e+01
4.672869023437500005e+02,-7.427858779341251250e+01
4.672871953124999891e+02,-8.069919195671434409e+01
4.672874882812500346e+02,-7.498597694149771087e+01
4.672877812500000232e+02,-7.095791919709979823e+01
4.672880742187500118e+02,-7.672037224979632697e+01
4.672883671875000005e+02,-8.698542841373237877e+01
4.672886601562499891e+02,-7.827153466365702172e+01
4.672889531250000346e+02,-7.846296237791547412e+01
4.672892460937500232e+02,-7.975477561614400202e+01
4.672895390625000118e+02,-8.036986556960243888e+01
4.672898320312500005e+02,-8.274872566561967346e+01
4.672901249999999891e+02,-7.435707950383036291e+01
4.672904179687500346e+02,-8.019462255779643556e+01
4.672907109375000232e+02,-8.859302367237340547e+01
4.672910039062500118e+02,-8.019062496971093879e+01
4.672912968750000005e+02,-7.910101808561795167e+01
4.672915898437499891e+02,-8.030195984521093067e+01
4.672918828125000346e+02,-9.261003017764359413e+01
4.672921757812500232e+02,-7.964364500793023183e+01
4.672924687500000118e+02,-8.392923403992286069e+01
4.672927617187500005e+02,-8.075947303781718745e+01
4.672930546874999891e+02,-7.997539100042614280e+01
4.672933476562500346e+02,-7.619084230208994768e+01
4.672936406250000232e+02,-7.908772792015339803e+01
4.672939335937500118e+02,-8.302435269381675198e+01
4.672942265625000005e+02,-8.874198933316920090e+01
4.672945195312499891e+02,-8.845198722717087492e+01
4.672948125000000346e+02,-8.846520837323807029e+01
4.672951054687500232e+02,-8.138760590559861896e+01
4.672953984375000118e+02,-7.703075769338613554e+01
4.672956914062500005e+02,-7.449094120531898966e+01
4.672959843749999891e+02,-7.883086810077281825e+01
4.672962773437500346e+02,-8.220188975813124443e+01
4.672965703125000232e+02,-8.601011420015507269e+01
4.672968632812500118e+02,-8.014670031074481926e+01
4.672971562500000005e+02,-8.161890003276124617e+01
4.672974492187499891e+02,-8.415789624303677385e+01
4.672977421875000346e+02,-8.351264491690571390e+01
4.672980351562500232e+02,-7.772467709688653770e+01
4.672983281250000118e+02,-7.361042161714453869e+01
4.672986210937500005e+02,-8.153876994538552481e+01
4.672989140624999891e+02,-7.764517031051708784e+01
4.672992070312500346e+02,-8.502748697555031754e+01
4.672995000000000232e+02,-8.880593321962953723e+01
4.672997929687500118e+02,-8.190991858430321315e+01
4.673000859375000005e+02,-8.222095613711125850e+01
4.673003789062499891e+02,-7.665337884095622201e+01
4.673006718750000346e+02,-7.211590807261680425e+01
4.673009648437500232e+02,-7.597005799500993817e+01
4.673012578125000118e+02,-7.415219314247809734e+01
4.673015507812500005e+02,-8.402617868893167952e+01
4.673018437499999891e+02,-8.344024518884108943e+01
4.673021367187500346e+02,-8.363807669183029248e+01
4.673024296875000232e+02,-7.946242022750310241e+01
4.673027226562500118e+02,-7.852941683265606798e+01
4.673030156250000005e+02,-7.407443459375620876e+01
4.673033085937499891e+02,-7.223126376259408232e+01
4.673036015625000346e+02,-7.609212494740590671e+01
4.673038945312500232e+02,-7.666436786884062826e+01
4.673041875000000118e+02,-7.524715027911624077e+01
4.673044804687500005e+02,-7.567585837518996073e+01
4.673047734374999891e+02,-8.572880671158529253e+01
4.673050664062500346e+02,-8.431668936896544153e+01
4.673053593750000232e+02,-8.068306433737092220e+01
4.673056523437500118e+02,-7.882447224459913571e+01
4.673059453125000005e+02,-8.167728985577495848e+01
4.673062382812499891e+02,-7.987437225839147459e+01
4.673065312500000346e+02,-8.054946416531225850e+01
4.673068242187500232e+02,-7.509931415799667320e+01
4.673071171875000118e+02,-8.854286773677625888e+01
4.673074101562500005e+02,-7.951962602470040054e+01
4.673077031249999891e+02,-8.590459218476893000e+01
4.673079960937500346e+02,-9.450260634937053794e+01
4.673082890625000232e+02,-9.385200417418920438e+01
4.673085820312500118e+02,-8.786359237723713989e+01
4.673088750000000005e+02,-8.959181765436798628e+01
4.673091679687499891e+02,-7.956297002703146859e+01
4.673094609375000346e+02,-8.367830846928937660e+01
4.673097539062500232e+02,-8.729354719043902833e+01
4.673100468750000118e+02,-8.594555573986077945e+01
4.673103398437500005e+02,-7.979219911669649434e+01
4.673106328124999891e+02,-8.232405739043147719e+01
4.673109257812500346e+02,-8.079833571454057051e+01
4.673112187500000232e+02,-7.617454380077816722e+01
4.673115117187500118e+02,-7.672390316398909249e+01
4.673118046875000005e+02,-8.102899278836390806e+01
4.673120976562499891e+02,-8.045393686296961278e+01
4.673123906250000346e+02,-7.665128212226366600e+01
4.673126835937500232e+02,-7.629637079533496546e+01
4.673129765625000118e+02,-7.497995850188415545e+01
4.673132695312500005e+02,-7.651735003420324688e+01
4.673135624999999891e+02,-7.363564151005155622e+01
4.673138554687500346e+02,-8.332397015111473593e+01
4.673141484375000232e+02,-7.361887918667153485e+01
4.673144414062500118e+02,-7.460545668605776370e+01
4.673147343750000005e+02,-7.422670428964160294e+01
4.673150273437499891e+02,-7.311519209962382604e+01
4.673153203125000346e+02,-7.324763479977832503e+01
4.673156132812500232e+02,-7.389235549427425553e+01
4.673159062500000118e+02,-7.895108872636822639e+01
4.673161992187500005e+02,-7.706730771853375472e+01
4.673164921874999891e+02,-7.801045500569705382e+01
4.673167851562500346e+02,-7.293308203478939333e+01
4.673170781250000232e+02,-9.128575566936687835e+01
4.673173710937500118e+02,-7.745286000568900420e+01
4.673176640625000005e+02,-7.668573161700420826e+01
4.673179570312499891e+02,-7.732224957426409162e+01
4.673182500000000346e+02,-7.404010315359479932e+01
4.673185429687500232e+02,-8.252535484200973315e+01
4.673188359375000118e+02,-7.679088693112271358e+01
4.673191289062500005e+02,-6.964526366281104686e+01
4.673194218749999891e+02,-7.459811514625813800e+01
4.673197148437500346e+02,-8.825200691666216812e+01
4.673200078125000232e+02,-8.777704880426730938e+01
4.673203007812500118e+02,-8.141265228614074090e+01
4.673205937500000005e+02,-7.967490008649784272e+01
4.673208867187499891e+02,-7.493139624477373673e+01
4.673211796875000346e+02,-7.874376280039308540e+01
4.673214726562500232e+02,-6.996615387256203178e+01
4.673217656250000118e+02,-6.980251741530803145e+01
4.673220585937500005e+02,-7.949352583041439857e+01
4.673223515624999891e+02,-8.185098142420685008e+01
4.673226445312500346e+02,-7.907713560580559431e+01
4.673229375000000232e+02,-8.241228406123289574e+01
4.673232304687500118e+02,-7.844577671685520670e+01
4.673235234375000005e+02,-7.629843287499163296e+01
4.673238164062499891e+02,-7.288776706990317678e+01
4.673241093750000346e+02,-7.096170471494282594e+01
4.673244023437500232e+02,-7.296384342101107734e+01
4.673246953125000118e+02,-7.666123374138911117e+01
4.673249882812500005e+02,-7.644023934780965135e+01
4.673252812499999891e+02,-7.646965237593002485e+01
4.673255742187500346e+02,-8.018938975971578031e+01
4.673258671875000232e+02,-7.437305695834173491e+01
4.673261601562500118e+02,-7.533042488622957933e+01
4.673264531250000005e+02,-7.736617664746691503e+01
4.673267460937499891e+02,-7.771169041992504845e+01
4.673270390625000346e+02,-7.585756290861542084e+01
4.673273320312500232e+02,-7.721049260101096934e+01
4.673276250000000118e+02,-7.822244174875253009e+01
4.673279179687500005e+02,-8.113549673753465186e+01
4.673282109374999891e+02,-8.039370007105874549e+01
4.673285039062500346e+02,-7.537181832799538483e+01
4.673287968750000232e+02,-7.823580378212321307e+01
4.673290898437500118e+02,-7.876320061508306480e+01
4.673293828125000005e+02,-8.037178974831617495e+01
4.673296757812499891e+02,-8.733008477270600167e+01
4.673299687500000346e+02,-7.969244233897801166e+01
4.673302617187500232e+02,-7.922584433468171028e+01
4.673305546875000118e+02,-8.056537728975824564e+01
4.673308476562500005e+02,-8.122102446077005311e+01
4.673311406249999891e+02,-8.580693478837764587e+01
4.673314335937500346e+02,-8.907975144118454125e+01
4.673317265625000232e+02,-8.810448129022901753e+01
4.673320195312500118e+02,-7.994632735685178204e+01
4.673323125000000005e+02,-8.379334557332592226e+01
4.673326054687499891e+02,-7.982955443518585525e+01
4.673328984375000346e+02,-7.979609186166156576e+01
4.673331914062500232e+02,-8.265711808410956962e+01
4.673334843750000118e+02,-8.101007321486704882e+01
4.673337773437500005e+02,-8.741513984427305672e+01
4.673340703124999891e+02,-9.171291425156655919e+01
4.673343632812500346e+02,-8.376760316587649413e+01
4.673346562500000232e+02,-7.979792823294934578e+01
4.673349492187500118e+02,-7.437967945611073617e+01
4.673352421875000005e+02,-7.399316559946765892e+01
4.673355351562499891e+02,-8.128342857305926827e+01
4.673358281250000346e+02,-8.326663575531613048e+01
4.673361210937500232e+02,-8.381630126053606489e+01
4.673364140625000118e+02,-8.013856960138528507e+01
4.673367070312500005e+02,-8.007778933694174839e+01
4.673369999999999891e+02,-7.815287919370933878e+01
4.673372929687500346e+02,-7.221641813715316971e+01
4.673375859375000232e+02,-7.206351648452027803e+01
4.673378789062500118e+02,-7.370794614771692466e+01
4.673381718750000005e+02,-7.675827980480667634e+01
4.673384648437499891e+02,-8.627564123815776043e+01
4.673387578125000346e+02,-8.011190071254047496e+01
4.673390507812500232e+02,-8.190481275685934293e+01
4.673393437500000118e+02,-8.175301420804116503e+01
4.673396367187500005e+02,-7.622879003347648563e+01
4.673399296874999891e+02,-7.067972816355063514e+01
4.673402226562500346e+02,-7.384458351925960073e+01
4.673405156250000232e+02,-7.991767343323589046e+01
4.673408085937500118e+02,-7.694073754745984672e+01
4.673411015625000005e+02,-8.342603737770353689e+01
4.673413945312499891e+02,-7.561697213073300361e+01
4.673416875000000346e+02,-7.591493264890894466e+01
4.673419804687500232e+02,-9.532580606812859969e+01
4.673422734375000118e+02,-8.092483986807602037e+01
4.673425664062500005e+02,-7.599183311944568686e+01
4.673428593749999891e+02,-7.456719034568982352e+01
4.673431523437500346e+02,-8.519422533563150068e+01
4.673434453125000232e+02,-8.493467666496582069e+01
4.673437382812500118e+02,-8.409864285468422906e+01
4.673440312500000005e+02,-7.934414756076128583e+01
4.673443242187499891e+02,-8.802653314305365484e+01
4.673446171875000346e+02,-8.624986013679836105e+01
4.673449101562500232e+02,-7.632827291269246928e+01
4.673452031250000118e+02,-7.330551124749747771e+01
4.673454960937500005e+02,-7.458205102790688557e+01
4.673457890624999891e+02,-8.029227215570156773e+01
4.673460820312500346e+02,-7.757679340517715616e+01
4.673463750000000232e+02,-7.252293241253627798e+01
4.673466679687500118e+02,-7.684351879199238056e+01
4.673469609375000005e+02,-7.583794599179762486e+01
4.673472539062499891e+02,-8.173118547407122492e+01
4.673475468750000346e+02,-7.695387458297746264e+01
4.673478398437500232e+02,-7.957993789368029525e+01
4.673481328125000118e+02,-7.630944236855044949e+01
4.673484257812500005e+02,-8.041163214876719678e+01
4.673487187499999891e+02,-7.740940814890905131e+01
4.673490117187500346e+02,-7.522027718567832721e+01
4.673493046875000232e+02,-7.555560591061686182e+01
4.673495976562500118e+02,-7.448223739903353646e+01
4.673498906250000005e+02,-7.726181710173523243e+01
4.673501835937499891e+02,-7.983664403988407798e+01
4.673504765625000346e+02,-9.756458812881861320e+01
4.673507695312500232e+02,-8.528860955471688499e+01
4.673510625000000118e+02,-7.786966167574745157e+01
4.673513554687500005e+02,-7.465741243327337884e+01
4.673516484374999891e+02,-8.260393721709020554e+01
4.673519414062500346e+02,-8.070771079160336114e+01
4.673522343750000232e+02,-7.988308398032307878e+01
4.673525273437500118e+02,-7.995736920637371270e+01
4.673528203125000005e+02,-7.746784697670321407e+01
4.673531132812499891e+02,-7.879788409909913582e+01
4.673534062500000346e+02,-9.397687915900333167e+01
4.673536992187500232e+02,-8.134714124882614783e+01
4.673539921875000118e+02,-7.658259452571276427e+01
4.673542851562500005e+02,-7.877467392617003838e+01
4.673545781249999891e+02,-8.268395665484661095e+01
4.673548710937500346e+02,-9.025756757524996488e+01
4.673551640625000232e+02,-7.726693066242543750e+01
4.673554570312500118e+02,-8.077882687651273841e+01
4.673557500000000005e+02,-8.819032561743819087e+01
4.673560429687499891e+02,-7.981018619028142780e+01
4.673563359375000346e+02,-7.289258709461168451e+01
4.673566289062500232e+02,-7.241344002307209848e+01
4.673569218750000118e+02,-7.678448922475996596e+01
4.673572148437500005e+02,-8.165517841860943804e+01
4.673575078124999891e+02,-7.643883156384171684e+01
4.673578007812500346e+02,-7.497469335964606785e+01
4.673580937500000232e+02,-8.949162066898610135e+01
4.673583867187500118e+02,-7.300622247222588612e+01
4.673586796875000005e+02,-7.550384239144599974e+01
4.673589726562499891e+02,-7.060921930651009859e+01
4.673592656250000346e+02,-7.495241285382752494e+01
4.673595585937500232e+02,-7.473031028876351911e+01
4.673598515625000118e+02,-7.731699839087572457e+01
4.673601445312500005e+02,-7.393884280796893904e+01
4.673604374999999891e+02,-7.966950243561957734e+01
4.673607304687500346e+02,-7.650168934143714239e+01
4.673610234375000232e+02,-7.676018047465315419e+01
4.673613164062500118e+02,-7.449028427086575732e+01
4.673616093750000005e+02,-9.657422688789765175e+01
4.673619023437499891e+02,-7.957323344093907735e+01
4.673621953125000346e+02,-7.533463735552571450e+01
4.673624882812500232e+02,-7.433948407894020249e+01
4.673627812500000118e+02,-7.470793227879254061e+01
4.673630742187500005e+02,-7.527412938541635867e+01
4.673633671874999891e+02,-7.629347151129155691e+01
4.673636601562500346e+02,-7.315436566815172625e+01
4.673639531250000232e+02,-7.545812711882427948e+01
4.673642460937500118e+02,-7.303198094194408441e+01
4.673645390625000005e+02,-7.311948630454713793e+01
4.673648320312499891e+02,-7.927141567377407227e+01
4.673651250000000346e+02,-7.563855523485942456e+01
4.673654179687500232e+02,-9.310156378279310729e+01
4.673657109375000118e+02,-7.518385444474918700e+01
4.673660039062500005e+02,-7.326771015586407998e+01
4.673662968749999891e+02,-7.385294030842234747e+01
4.673665898437500346e+02,-7.591285231437558423e+01
4.673668828125000232e+02,-8.475911687590033239e+01
4.673671757812500118e+02,-8.306605962068736915e+01
4.673674687500000005e+02,-7.595421308352875656e+01
4.673677617187499891e+02,-7.482218433152158354e+01
4.673680546875000346e+02,-7.750965446820649163e+01
4.673683476562500232e+02,-8.102376755682796272e+01
4.673686406250000118e+02,-8.284706745750760604e+01
4.673689335937500005e+02,-7.740525941266879784e+01
4.673692265624999891e+02,-7.828154745021686267e+01
4.673695195312500346e+02,-8.225846423765766247e+01
4.673698125000000232e+02,-7.432266114580417593e+01
4.673701054687500118e+02,-7.847147836634719908e+01
4.673703984375000005e+02,-8.929187890799678939e+01
4.673706914062499891e+02,-7.939673335385495534e+01
4.673709843750000346e+02,-8.159049296870419710e+01
4.673712773437500232e+02,-8.392533576815574747e+01
4.673715703125000118e+02,-7.613609159751089805e+01
4.673718632812500005e+02,-7.596000032700558791e+01
4.673721562499999891e+02,-7.340174421438335628e+01
4.673724492187500346e+02,-7.574846187897146876e+01
4.673727421875000232e+02,-7.997437369518395656e+01
4.673730351562500118e+02,-8.159441973112679136e+01
4.673733281250000005e+02,-7.808774647953786996e+01
4.673736210937499891e+02,-7.789111859006706595e+01
4.673739140625000346e+02,-7.663540162583977633e+01
4.673742070312500232e+02,-9.136603476663520951e+01
4.673745000000000118e+02,-8.297202597287098058e+01
4.673747929687500005e+02,-8.917941471780409302e+01
4.673750859374999891e+02,-8.127081291583922962e+01
4.673753789062500346e+02,-7.541201127859702069e+01
4.673756718750000232e+02,-7.753857197652192212e+01
4.673759648437500118e+02,-7.830142122373553093e+01
4.673762578125000005e+02,-7.645700610800307118e+01
4.673765507812499891e+02,-8.217787625346674929e+01
4.673768437500000346e+02,-8.288503597707727977e+01
4.673771367187500232e+02,-8.592830939652816369e+01
4.673774296875000118e+02,-7.830713038041787399e+01
4.673777226562500005e+02,-7.872931528728118167e+01
4.673780156249999891e+02,-8.270571199494300174e+01
4.673783085937500346e+02,-7.721508879332071729e+01
4.673786015625000232e+02,-7.797178620308247332e+01
4.673788945312500118e+02,-8.368153650111105435e+01
4.673791875000000005e+02,-8.169951843906522981e+01
4.673794804687499891e+02,-8.848970025967290098e+01
4.673797734375000346e+02,-8.804987053017121923e+01
4.673800664062500232e+02,-8.467609163561702701e+01
4.673803593750000118e+02,-8.722491882197770963e+01
4.673806523437500005e+02,-8.886586931109469845e+01
4.673809453124999891e+02,-8.170312783665899303e+01
4.673812382812500346e+02,-8.794676176127671852e+01
4.673815312500000232e+02,-8.545765646838894725e+01
4.673818242187500118e+02,-8.982030325370541846e+01
4.673821171875000005e+02,-9.190968401691579004e+01
4.673824101562499891e+02,-8.295490093954953181e+01
4.673827031250000346e+02,-7.805687055095124549e+01
4.673829960937500232e+02,-7.119307731536660810e+01
4.673832890625000118e+02,-7.222806483237781094e+01
4.673835820312500005e+02,-8.042054199728254105e+01
4.673838749999999891e+02,-7.598999126422563677e+01
4.673841679687500346e+02,-7.548782051000276283e+01
4.673844609375000232e+02,-7.900666062005768708e+01
4.673847539062500118e+02,-7.565752127153908191e+01
4.673850468750000005e+02,-7.892464446519409194e+01
4.673853398437499891e+02,-7.702322491790509673e+01
4.673856328125000346e+02,-7.456724660727621767e+01
4.673859257812500232e+02,-7.799270044445188432e+01
4.673862187500000118e+02,-8.588052059977846397e+01
4.673865117187500005e+02,-8.096197691659892826e+01
4.673868046874999891e+02,-7.340975173433380974e+01
4.673870976562500346e+02,-7.249580815978393389e+01
4.673873906250000232e+02,-7.522790637410037107e+01
4.673876835937500118e+02,-7.379814719328116723e+01
4.673879765625000005e+02,-7.385812651222911995e+01
4.673882695312499891e+02,-8.237747655697160098e+01
4.673885625000000346e+02,-7.774083047639373945e+01
4.673888554687500232e+02,-8.151176909848507535e+01
4.673891484375000118e+02,-8.019188806662099012e+01
4.673894414062500005e+02,-7.641468593324286473e+01
4.673897343749999891e+02,-8.132476777517807420e+01
4.673900273437500346e+02,-7.302307327129925341e+01
4.673903203125000232e+02,-7.193489976835081734e+01
4.673906132812500118e+02,-7.972609919693043423e+01
4.673909062500000005e+02,-7.692855863684938811e+01
4.673911992187499891e+02,-7.841817563324190132e+01
4.673914921875000346e+02,-7.960972842460508048e+01
4.673917851562500232e+02,-7.857990788562064211e+01
4.673920781250000118e+02,-8.394213795320509064e+01
4.673923710937500005e+02,-9.099391171724289507e+01
4.673926640624999891e+02,-7.630134148236359692e+01
4.673929570312500346e+02,-8.170800501063455101e+01
4.673932500000000232e+02,-7.967930624972798626e+01
4.673935429687500118e+02,-7.937881585529349593e+01
4.673938359375000005e+02,-8.063594498291998036e+01
4.673941289062499891e+02,-7.738543140680472732e+01
4.673944218750000346e+02,-8.397204914092553452e+01
4.673947148437500232e+02,-9.116512454992003711e+01
4.673950078125000118e+02,-7.877290777975693459e+01
4.673953007812500005e+02,-7.374325703184894110e+01
4.673955937499999891e+02,-7.672251215104139987e+01
4.673958867187500346e+02,-8.316501848779088846e+01
4.673961796875000232e+02,-8.592339632991340181e+01
4.673964726562500118e+02,-7.859462602580806845e+01
4.673967656250000005e+02,-1.047320731806965455e+02
4.673970585937499891e+02,-7.775362307056821010e+01
4.673973515625000346e+02,-8.312598387868392535e+01
4.673976445312500232e+02,-1.008283663756677271e+02
4.673979375000000118e+02,-9.219084578603487046e+01
4.673982304687500005e+02,-7.857930598613776851e+01
4.673985234374999891e+02,-7.434802712644165013e+01
4.673988164062500346e+02,-7.623732163400580930e+01
4.673991093750000232e+02,-7.316334658185867568e+01
4.673994023437500118e+02,-7.385647606116590680e+01
4.673996953125000005e+02,-7.668975934574687869e+01
4.673999882812499891e+02,-7.834313792389006892e+01
4.674002812500000346e+02,-8.221391359632278295e+01
4.674005742187500232e+02,-8.514965975336322401e+01
4.674008671875000118e+02,-7.757136501362410286e+01
4.674011601562500005e+02,-7.746026907763055647e+01
4.674014531249999891e+02,-8.451567157358167037e+01
4.674017460937500346e+02,-7.793000367522053295e+01
4.674020390625000232e+02,-7.840182097924656546e+01
4.674023320312500118e+02,-7.811593817192768086e+01
4.674026250000000005e+02,-9.816899785957103575e+01
4.674029179687499891e+02,-8.409867485829282430e+01
4.674032109375000346e+02,-7.514314253801182986e+01
4.674035039062500232e+02,-7.213651545019095579e+01
4.674037968750000118e+02,-7.666802659081790239e+01
4.674040898437500005e+02,-8.183621562635906344e+01
4.674043828124999891e+02,-7.304312382274412130e+01
4.674046757812500346e+02,-6.853356688608501202e+01
4.674049687500000232e+02,-7.016565043212476382e+01
4.674052617187500118e+02,-7.735116440888710088e+01
4.674055546875000005e+02,-7.567425358529122548e+01
4.674058476562499891e+02,-7.581218258906847041e+01
4.674061406250000346e+02,-9.387305899979980950e+01
4.674064335937500232e+02,-8.830023167936889195e+01
4.674067265625000118e+02,-8.077527073618595921e+01
4.674070195312500005e+02,-7.911750518436451785e+01
4.674073124999999891e+02,-7.153379380289260325e+01
4.674076054687500346e+02,-7.455680793692823727e+01
4.674078984375000232e+02,-8.715592281655980855e+01
4.674081914062500118e+02,-8.804317163817339065e+01
4.674084843750000005e+02,-8.669831044446635815e+01
4.674087773437499891e+02,-8.106328638893947414e+01
4.674090703125000346e+02,-7.309286053680364148e+01
4.674093632812500232e+02,-6.919148591759579858e+01
4.674096562500000118e+02,-7.408760043714943322e+01
4.674099492187500005e+02,-7.607591728135193421e+01
4.674102421874999891e+02,-8.408076650081861203e+01
4.674105351562500346e+02,-8.026070482102304027e+01
4.674108281250000232e+02,-7.945120035826442972e+01
4.674111210937500118e+02,-8.463885876237802108e+01
4.674114140625000005e+02,-8.050009512906075315e+01
4.674117070312499891e+02,-7.754906809900744236e+01
4.674120000000000346e+02,-7.500159576771410741e+01
4.674122929687500232e+02,-7.799182288047194334e+01
4.674125859375000118e+02,-9.333739913637900543e+01
4.674128789062500005e+02,-7.836943565015583602e+01
4.674131718749999891e+02,-7.503525513305837080e+01
4.674134648437500346e+02,-7.473271053349375848e+01
4.674137578125000232e+02,-7.655241700830671903e+01
4.674140507812500118e+02,-7.770892270559210147e+01
4.674143437500000005e+02,-8.049668795304457092e+01
4.674146367187499891e+02,-7.996739222180225681e+01
4.674149296875000346e+02,-8.358356158282198578e+01
4.674152226562500232e+02,-7.614209603686613548e+01
4.674155156250000118e+02,-8.118569849205744049e+01
4.674158085937500005e+02,-8.661737392473827413e+01
4.674161015624999891e+02,-7.957547075708737339e+01
4.674163945312500346e+02,-8.064864295233866187e+01
4.674166875000000232e+02,-8.303042844774269327e+01
4.674169804687500118e+02,-7.410172092594149262e+01
4.674172734375000005e+02,-8.611581586552161127e+01
4.674175664062499891e+02,-7.533276267516976077e+01
4.674178593750000346e+02,-8.066200747593393316e+01
4.674181523437500232e+02,-8.854314466863669963e+01
4.674184453125000118e+02,-7.425318864388133022e+01
4.674187382812500005e+02,-7.175458014637068516e+01
4.674190312499999891e+02,-7.192194669616537794e+01
4.674193242187500346e+02,-7.389989233657837531e+01
4.674196171875000232e+02,-7.162764022409177755e+01
4.674199101562500118e+02,-7.207147725500993829e+01
4.674202031250000005e+02,-7.826016808613491094e+01
4.674204960937499891e+02,-7.498398950841652777e+01
4.674207890625000346e+02,-7.352025824259624187e+01
4.674210820312500232e+02,-7.288764474152189621e+01
4.674213750000000118e+02,-8.003699718464437751e+01
4.674216679687500005e+02,-7.801572843232845855e+01
4.674219609374999891e+02,-7.525046001025540932e+01
4.674222539062500346e+02,-7.671311539546313440e+01
4.674225468750000232e+02,-7.387123261092990845e+01
4.674228398437500118e+02,-8.292481142035526887e+01
4.674231328125000005e+02,-7.960891915878096370e+01
4.674234257812499891e+02,-7.339764456819571592e+01
4.674237187500000346e+02,-7.233043286022240181e+01
4.674240117187500232e+02,-8.696363713327795608e+01
4.674243046875000118e+02,-8.034912721208266362e+01
4.674245976562500005e+02,-8.211539429260911049e+01
4.674248906249999891e+02,-7.249938083108565934e+01
4.674251835937500346e+02,-7.120610060518148998e+01
4.674254765625000232e+02,-7.564275818610958879e+01
4.674257695312500118e+02,-6.831584942316627007e+01
4.674260625000000005e+02,-8.101324097956593562e+01
4.674263554687499891e+02,-7.096291660782314636e+01
4.674266484375000346e+02,-7.365022681552348160e+01
4.674269414062500232e+02,-7.217366373486895270e+01
4.674272343750000118e+02,-7.575080654547821268e+01
4.674275273437500005e+02,-7.706546008026423067e+01
4.674278203124999891e+02,-7.862223713535441050e+01
4.674281132812500346e+02,-7.674894070261282764e+01
4.674284062500000232e+02,-8.146088833298351517e+01
4.674286992187500118e+02,-7.749709557378983504e+01
4.674289921875000005e+02,-8.289655398964130484e+01
4.674292851562499891e+02,-8.031888149893214290e+01
4.674295781250000346e+02,-7.768049033376209422e+01
4.674298710937500232e+02,-9.320830170094319556e+01
4.674301640625000118e+02,-8.185547505096945997e+01
4.674304570312500005e+02,-8.153096501125531859e+01
4.674307499999999891e+02,-7.268260700343947178e+01
4.674310429687500346e+02,-7.715174678094078331e+01
4.674313359375000232e+02,-9.711907659615035016e+01
4.674316289062500118e+02,-7.684040824560545957e+01
4.674319218750000005e+02,-8.735936678562573832e+01
4.674322148437499891e+02,-8.307553988682373358e+01
4.674325078125000346e+02,-8.210234118890011246e+01
4.674328007812500232e+02,-7.680952472453284940e+01
4.674330937500000118e+02,-7.519312746328560593e+01
4.674333867187500005e+02,-7.728542199496162368e+01
4.674336796874999891e+02,-9.366989384134397767e+01
4.674339726562500346e+02,-7.651693012437321784e+01
4.674342656250000232e+02,-8.732122721049991299e+01
4.674345585937500118e+02,-7.796871967987237895e+01
4.674348515625000005e+02,-7.481293246108202766e+01
4.674351445312499891e+02,-7.140495627182869498e+01
4.674354375000000346e+02,-7.360736366597376445e+01
4.674357304687500232e+02,-8.263489117414678731e+01
4.674360234375000118e+02,-7.933989791631464072e+01
4.674363164062500005e+02,-8.252950865301070849e+01
4.674366093749999891e+02,-7.989919553749055581e+01
4.674369023437500346e+02,-7.776784908615005065e+01
4.674371953125000232e+02,-7.724269132544127103e+01
4.674374882812500118e+02,-7.896488485957530656e+01
4.674377812500000005e+02,-7.253153122891207261e+01
4.674380742187499891e+02,-7.394567849756822397e+01
4.674383671875000346e+02,-8.765424703415582997e+01
4.674386601562500232e+02,-7.426301114692782335e+01
4.674389531250000118e+02,-9.660173793458082514e+01
4.674392460937500005e+02,-7.607842017044541194e+01
4.674395390624999891e+02,-8.654388477148924608e+01
4.674398320312500346e+02,-8.222664488848160147e+01
4.674401250000000232e+02,-8.029532939775802447e+01
4.674404179687500118e+02,-7.232943284683781826e+01
4.674407109375000005e+02,-7.318632127732254844e+01
4.674410039062499891e+02,-7.261492574486602791e+01
4.674412968750000346e+02,-8.319980198624352852e+01
4.674415898437500232e+02,-7.773028747926551318e+01
4.674418828125000118e+02,-8.513586932482141378e+01
4.674421757812500005e+02,-8.526298648686100989e+01
4.674424687499999891e+02,-7.817293872021464551e+01
4.674427617187500346e+02,-7.598001699303016210e+01
4.674430546875000232e+02,-7.866144958826089351e+01
4.674433476562500118e+02,-7.504918383071577637e+01
4.674436406250000005e+02,-9.465112775798161238e+01
4.674439335937499891e+02,-7.837543129750739013e+01
4.674442265625000346e+02,-8.064848519106725178e+01
4.674445195312500232e+02,-7.395190434509152055e+01
4.674448125000000118e+02,-8.483737637123351760e+01
4.674451054687500005e+02,-7.625208542754602092e+01
4.674453984374999891e+02,-8.905880222527329693e+01
4.674456914062500346e+02,-7.320345533011862926e+01
4.674459843750000232e+02,-7.422309277722396814e+01
4.674462773437500118e+02,-7.708679874051189529e+01
4.674465703125000005e+02,-7.600958418095486024e+01
4.674468632812499891e+02,-7.244403319117286344e+01
4.674471562500000346e+02,-7.334438174328006710e+01
4.674474492187500232e+02,-7.440422003924703631e+01
4.674477421875000118e+02,-7.954752298421578871e+01
4.674480351562500005e+02,-8.294695684685933657e+01
4.674483281249999891e+02,-7.117962213025931817e+01
4.674486210937500346e+02,-7.610382266010876151e+01
4.674489140625000232e+02,-7.696103109892513316e+01
4.674492070312500118e+02,-9.429871553320901967e+01
4.674495000000000005e+02,-7.367581240750521943e+01
4.674497929687499891e+02,-7.322266389992181246e+01
4.674500859375000346e+02,-8.574850666659980902e+01
4.674503789062500232e+02,-8.069260495276952838e+01
4.674506718750000118e+02,-7.071211166148759730e+01
4.674509648437500005e+02,-7.456917992332174094e+01
4.674512578124999891e+02,-7.677300652133587278e+01
4.674515507812500346e+02,-7.393491146604415576e+01
4.674518437500000232e+02,-7.945448101953888909e+01
4.674521367187500118e+02,-7.458194867650124138e+01
4.674524296875000005e+02,-7.240470944013515009e+01
4.674527226562499891e+02,-7.877976212417046042e+01
4.674530156250000346e+02,-8.143062073327507733e+01
4.674533085937500232e+02,-8.710730560606074846e+01
4.674536015625000118e+02,-7.989818605557802300e+01
4.674538945312500005e+02,-8.334442628918955620e+01
4.674541874999999891e+02,-7.672060362542364942e+01
4.674544804687500346e+02,-7.495044457574961427e+01
4.674547734375000232e+02,-7.561933376151233688e+01
4.674550664062500118e+02,-7.504648663799432029e+01
4.674553593750000005e+02,-7.606223188912611022e+01
4.674556523437499891e+02,-8.155216773585235046e+01
4.674559453125000346e+02,-8.218520860660638050e+01
4.674562382812500232e+02,-7.755304615106000199e+01
4.674565312500000118e+02,-7.607008543797695665e+01
4.674568242187500005e+02,-7.950597671308820225e+01
4.674571171874999891e+02,-7.214216947587813422e+01
4.674574101562500346e+02,-8.025293454744129917e+01
4.674577031250000232e+02,-7.091870656463514422e+01
4.674579960937500118e+02,-7.633588880028902679e+01
4.674582890625000005e+02,-7.881274152358712115e+01
4.674585820312499891e+02,-7.702733336712077516e+01
4.674588750000000346e+02,-7.435146788735738710e+01
4.674591679687500232e+02,-7.194980170990706370e+01
4.674594609375000118e+02,-7.474020153862726090e+01
4.674597539062500005e+02,-7.710398712017303069e+01
4.674600468749999891e+02,-7.335734414179906082e+01
4.674603398437500346e+02,-7.487620276163001165e+01
4.674606328125000232e+02,-7.792973026890004462e+01
4.674609257812500118e+02,-8.444944087610650740e+01
4.674612187500000005e+02,-8.084932302176403596e+01
4.674615117187499891e+02,-7.732652811881825983e+01
4.674618046875000346e+02,-7.227852190398469645e+01
4.674620976562500232e+02,-7.842060339119319679e+01
4.674623906250000118e+02,-8.326604599275171381e+01
4.674626835937500005e+02,-8.338328431617470926e+01
4.674629765624999891e+02,-7.750668704194781355e+01
4.674632695312500346e+02,-7.415757201568013102e+01
4.674635625000000232e+02,-7.575867729752032176e+01
4.674638554687500118e+02,-8.240601071352095630e+01
4.674641484375000005e+02,-7.877330045043251516e+01
4.674644414062499891e+02,-6.839694376946223997e+01
4.674647343750000346e+02,-7.036382978652342501e+01
4.674650273437500232e+02,-8.449349905880924894e+01
4.674653203125000118e+02,-8.467064074389011807e+01
4.674656132812500005e+02,-8.117472299269037705e+01
4.674659062499999891e+02,-6.876067828053612629e+01
4.674661992187500346e+02,-6.987324143113139030e+01
4.674664921875000232e+02,-8.011514779746165971e+01
4.674667851562500118e+02,-7.462625794527782830e+01
4.674670781250000005e+02,-6.662788176440047039e+01
4.674673710937499891e+02,-6.999847743269907596e+01
4.674676640625000346e+02,-8.328907510405088033e+01
4.674679570312500232e+02,-7.945267818974151908e+01
4.674682500000000118e+02,-7.461737052533396763e+01
4.674685429687500005e+02,-7.109682752544942730e+01
4.674688359374999891e+02,-7.511614885657269269e+01
4.674691289062500346e+02,-7.373331447698569718e+01
4.674694218750000232e+02,-7.071197513908433052e+01
4.674697148437500118e+02,-7.395952058923158745e+01
4.674700078125000005e+02,-8.701592452188643279e+01
4.674703007812499891e+02,-7.740469348152474538e+01
4.674705937500000346e+02,-9.615433768412438553e+01
4.674708867187500232e+02,-7.567578803580032343e+01
4.674711796875000118e+02,-7.586337004661356787e+01
4.674714726562500005e+02,-8.008273690387247257e+01
4.674717656249999891e+02,-7.138311364281878468e+01
4.674720585937500346e+02,-7.141032154827880163e+01
4.674723515625000232e+02,-7.447727521084746627e+01
4.674726445312500118e+02,-7.809920557985425660e+01
4.674729375000000005e+02,-7.908797921577695433e+01
4.674732304687499891e+02,-7.320652020686134165e+01
4.674735234375000346e+02,-8.137737097728606273e+01
4.674738164062500232e+02,-8.461152082057239454e+01
4.674741093750000118e+02,-7.226902677184395429e+01
4.674744023437500005e+02,-7.243755347725333138e+01
4.674746953124999891e+02,-7.430676962302715083e+01
4.674749882812500346e+02,-7.764425124941715239e+01
4.674752812500000232e+02,-7.964531126345661960e+01
4.674755742187500118e+02,-7.223383702242735183e+01
4.674758671875000005e+02,-7.596999738221639120e+01
4.674761601562499891e+02,-8.095571968517137407e+01
4.674764531250000346e+02,-7.730752359701769194e+01
4.674767460937500232e+02,-7.185554404170036946e+01
4.674770390625000118e+02,-7.293861164454678203e+01
4.674773320312500005e+02,-6.873774431419190023e+01
4.674776249999999891e+02,-7.020413369989768171e+01
4.674779179687500346e+02,-7.255577504615884266e+01
4.674782109375000232e+02,-6.767211168177438196e+01
4.674785039062500118e+02,-6.454195117969700846e+01
4.674787968750000005e+02,-6.578951188461229549e+01
4.674790898437499891e+02,-7.779456683943064377e+01
4.674793828125000346e+02,-6.833966813320986944e+01
4.674796757812500232e+02,-6.494952099084214581e+01
4.674799687500000118e+02,-6.630654008092761842e+01
4.674802617187500005e+02,-8.435997319311540821e+01
4.674805546874999891e+02,-7.606253896367412892e+01
4.674808476562500346e+02,-6.955747575220790679e+01
4.674811406250000232e+02,-6.388044230276727120e+01
4.674814335937500118e+02,-6.464288814888467982e+01
4.674817265625000005e+02,-6.608323013876646712e+01
4.674820195312499891e+02,-6.563470791947743521e+01
4.674823125000000346e+02,-6.425007051205356845e+01
4.674826054687500232e+02,-6.588480284789534380e+01
4.674828984375000118e+02,-6.716150273380966951e+01
4.674831914062500005e+02,-7.221570976551366527e+01
4.674834843749999891e+02,-7.112029818571525652e+01
4.674837773437500346e+02,-7.369495304341458564e+01
4.674840703125000232e+02,-5.967999972646406093e+01
4.674843632812500118e+02,-6.173683172916692286e+01
4.674846562500000005e+02,-6.884416973042054622e+01
4.674849492187499891e+02,-6.418934747871156787e+01
4.674852421875000346e+02,-6.688226121305241634e+01
4.674855351562500232e+02,-7.558409811356555963e+01
4.674858281250000118e+02,-7.093561997152706056e+01
4.674861210937500005e+02,-6.782051979609418879e+01
4.674864140624999891e+02,-6.599087074669267849e+01
4.674867070312500346e+02,-6.788390176606500859e+01
4.674870000000000232e+02,-6.664472780393160178e+01
4.674872929687500118e+02,-6.432369816618819414e+01
4.674875859375000005e+02,-7.479398349663370027e+01
4.674878789062499891e+02,-6.788755464017445718e+01
4.674881718750000346e+02,-6.258734024832457266e+01
4.674884648437500232e+02,-6.456909658106495442e+01
4.674887578125000118e+02,-6.891006928524714681e+01
4.674890507812500005e+02,-6.222264011299355957e+01
4.674893437499999891e+02,-7.246812663913958374e+01
4.674896367187500346e+02,-6.604046081313990157e+01
4.674899296875000232e+02,-7.216010909923095085e+01
4.674902226562500118e+02,-6.755967095599261540e+01
4.674905156250000005e+02,-6.501362190090830495e+01
4.674908085937499891e+02,-6.446916269287973478e+01
4.674911015625000346e+02,-6.924930054101008636e+01
4.674913945312500232e+02,-7.320298794371834106e+01
4.674916875000000118e+02,-6.802099795636260637e+01
4.674919804687500005e+02,-8.136199172411123470e+01
4.674922734374999891e+02,-7.953913275345462353e+01
4.674925664062500346e+02,-7.394483204780684105e+01
4.674928593750000232e+02,-6.768033138555483674e+01
4.674931523437500118e+02,-6.511795705691883995e+01
4.674934453125000005e+02,-7.076714775609227104e+01
4.674937382812499891e+02,-6.589799327487915548e+01
4.674940312500000346e+02,-6.399203062724972568e+01
4.674943242187500232e+02,-7.153586675063891676e+01
4.674946171875000118e+02,-6.550354658718947576e+01
4.674949101562500005e+02,-6.946644976357654855e+01
4.674952031249999891e+02,-7.027404030320518302e+01
4.674954960937500346e+02,-8.089573966084631707e+01
4.674957890625000232e+02,-7.681013755629621187e+01
4.674960820312500118e+02,-7.655743529674333558e+01
4.674963750000000005e+02,-6.828426396341819782e+01
4.674966679687499891e+02,-7.879632170499895949e+01
4.674969609375000346e+02,-6.825001914500175815e+01
4.674972539062500232e+02,-7.193107294137344354e+01
4.674975468750000118e+02,-7.448617302501932613e+01
4.674978398437500005e+02,-6.994222062424037745e+01
4.674981328124999891e+02,-7.186299765096244130e+01
4.674984257812500346e+02,-7.420639220110385281e+01
4.674987187500000232e+02,-7.198448181378273603e+01
4.674990117187500118e+02,-7.134664901749276567e+01
4.674993046875000005e+02,-7.623697009627527166e+01
4.674995976562499891e+02,-7.355261155680199181e+01
4.674998906250000346e+02,-7.271205031757958182e+01
4.675001835937500232e+02,-7.706446619964823697e+01
4.675004765625000118e+02,-7.213557363459246119e+01
4.675007695312500005e+02,-7.178605983605277174e+01
4.675010624999999891e+02,-7.300451893172051143e+01
4.675013554687500346e+02,-7.012833486202593747e+01
4.675016484375000232e+02,-7.920744337197697860e+01
4.675019414062500118e+02,-8.888385117257497825e+01
4.675022343750000005e+02,-7.902998853016461567e+01
4.675025273437499891e+02,-7.653932679284564244e+01
4.675028203125000346e+02,-8.016336895250208272e+01
4.675031132812500232e+02,-7.455118838001740755e+01
4.675034062500000118e+02,-7.838233372490168449e+01
4.675036992187500005e+02,-6.821394212019411896e+01
4.675039921874999891e+02,-7.728692274560691544e+01
4.675042851562500346e+02,-6.989354484596154293e+01
4.675045781250000232e+02,-7.034963865634634317e+01
4.675048710937500118e+02,-7.040625740016965040e+01
4.675051640625000005e+02,-7.804121882894543205e+01
4.675054570312499891e+02,-7.181200689190349351e+01
4.675057500000000346e+02,-7.035790426140836473e+01
4.675060429687500232e+02,-7.263633761403903577e+01
4.675063359375000118e+02,-7.981379168869955265e+01
4.675066289062500005e+02,-6.662885120528233074e+01
4.675069218749999891e+02,-6.656507324644195478e+01
4.675072148437500346e+02,-8.100648065640459095e+01
4.675075078125000232e+02,-7.671260722626446693e+01
4.675078007812500118e+02,-7.308202152045203093e+01
4.675080937500000005e+02,-7.604053479987105391e+01
4.675083867187499891e+02,-7.464349553648042956e+01
4.675086796875000346e+02,-8.105494803923404845e+01
4.675089726562500232e+02,-6.847156221588544156e+01
4.675092656250000118e+02,-7.255020446573868753e+01
4.675095585937500005e+02,-7.303990622746835015e+01
4.675098515624999891e+02,-6.875703063572119333e+01
4.675101445312500346e+02,-6.965341067065347147e+01
4.675104375000000232e+02,-7.657756867129805300e+01
4.675107304687500118e+02,-7.181265813425511624e+01
4.675110234375000005e+02,-8.411323567968898374e+01
4.675113164062499891e+02,-6.861320490404253292e+01
4.675116093750000346e+02,-6.965303577656258938e+01
4.675119023437500232e+02,-7.488339440418639015e+01
4.675121953125000118e+02,-8.369594158279576845e+01
4.675124882812500005e+02,-8.505121243864149960e+01
4.675127812499999891e+02,-6.925239932241146334e+01
4.675130742187500346e+02,-7.980278415132011105e+01
4.675133671875000232e+02,-6.783002279426558800e+01
4.675136601562500118e+02,-6.475717636599706850e+01
4.675139531250000005e+02,-6.990677909573234672e+01
4.675142460937499891e+02,-8.951988895771410171e+01
4.675145390625000346e+02,-7.125604320955284265e+01
4.675148320312500232e+02,-6.971443947328899071e+01
4.675151250000000118e+02,-7.334669854775613373e+01
4.675154179687500005e+02,-6.864635298481817927e+01
4.675157109374999891e+02,-7.027640730147321335e+01
4.675160039062500346e+02,-6.977987851360448701e+01
4.675162968750000232e+02,-7.641960684022751593e+01
4.675165898437500118e+02,-7.407018658398195043e+01
4.675168828125000005e+02,-7.168190070010859927e+01
4.675171757812499891e+02,-7.900754728661591741e+01
4.675174687500000346e+02,-7.103206428231946745e+01
4.675177617187500232e+02,-7.451560405227895956e+01
4.675180546875000118e+02,-7.042225427531251114e+01
4.675183476562500005e+02,-6.809471788117302538e+01
4.675186406249999891e+02,-6.824571119317185719e+01
4.675189335937500346e+02,-6.901821469230942796e+01
4.675192265625000232e+02,-8.525649284536302730e+01
4.675195195312500118e+02,-7.399191938478146824e+01
4.675198125000000005e+02,-7.429405264863648028e+01
4.675201054687499891e+02,-6.981075800870546288e+01
4.675203984375000346e+02,-7.428446890443200346e+01
4.675206914062500232e+02,-7.475034073481251085e+01
4.675209843750000118e+02,-6.997212652021876522e+01
4.675212773437500005e+02,-7.614986725765862730e+01
4.675215703124999891e+02,-8.036600769870545946e+01
4.675218632812500346e+02,-7.201963401305603441e+01
4.675221562500000232e+02,-6.692339226395246499e+01
4.675224492187500118e+02,-7.000808189102885137e+01
4.675227421875000005e+02,-7.628360256044886967e+01
4.675230351562499891e+02,-6.679010555191459275e+01
4.675233281250000346e+02,-6.650622939503490727e+01
4.675236210937500232e+02,-6.681186558230484707e+01
4.675239140625000118e+02,-7.296815227309794238e+01
4.675242070312500005e+02,-7.313058050725119585e+01
4.675244999999999891e+02,-7.242630133432894013e+01
4.675247929687500346e+02,-7.035033597661620774e+01
4.675250859375000232e+02,-7.147187499491616336e+01
4.675253789062500118e+02,-6.605434853748948854e+01
4.675256718750000005e+02,-6.287750641764026938e+01
4.675259648437499891e+02,-6.098660461416778844e+01
4.675262578125000346e+02,-6.127564516577528764e+01
4.675265507812500232e+02,-5.303633483099831381e+01
4.675268437500000118e+02,-5.364614845986524472e+01
4.675271367187500005e+02,-6.744086593203003588e+01
4.675274296874999891e+02,-7.210355969500102447e+01
4.675277226562500346e+02,-6.805171468273327662e+01
4.675280156250000232e+02,-6.867893248285388097e+01
4.675283085937500118e+02,-6.948588598666069061e+01
4.675286015625000005e+02,-7.057033187798977281e+01
4.675288945312499891e+02,-6.712097478417703655e+01
4.675291875000000346e+02,-7.141046480296877519e+01
4.675294804687500232e+02,-6.233047232197264265e+01
4.675297734375000118e+02,-6.153138729982367749e+01
4.675300664062500005e+02,-6.591389308019934390e+01
4.675303593749999891e+02,-6.971372345787335689e+01
4.675306523437500346e+02,-6.972131901828562661e+01
4.675309453125000232e+02,-7.435678858627598231e+01
4.675312382812500118e+02,-6.989692891240837014e+01
4.675315312500000005e+02,-6.886448604505221738e+01
4.675318242187499891e+02,-6.821219105095234170e+01
4.675321171875000346e+02,-6.819715464975469388e+01
4.675324101562500232e+02,-6.808859656582319531e+01
4.675327031250000118e+02,-6.706642361271667596e+01
4.675329960937500005e+02,-6.372026541083727125e+01
4.675332890624999891e+02,-7.656619917146588250e+01
4.675335820312500346e+02,-6.490691260628709358e+01
4.675338750000000232e+02,-6.842973305705997689e+01
4.675341679687500118e+02,-6.137616163387341572e+01
4.675344609375000005e+02,-6.421832712989618130e+01
4.675347539062499891e+02,-7.543412230541908059e+01
4.675350468750000346e+02,-6.626468277955572717e+01
4.675353398437500232e+02,-6.570080531926055301e+01
4.675356328125000118e+02,-6.130740822009873625e+01
4.675359257812500005e+02,-6.187455705845525245e+01
4.675362187499999891e+02,-6.452557616738774016e+01
4.675365117187500346e+02,-6.766890468213696863e+01
4.675368046875000232e+02,-6.534159227101140743e+01
4.675370976562500118e+02,-6.417572283447879045e+01
4.675373906250000005e+02,-6.598808451033677613e+01
4.675376835937499891e+02,-6.419487397659905525e+01
4.675379765625000346e+02,-6.472320969206117525e+01
4.675382695312500232e+02,-6.773516042242918900e+01
4.675385625000000118e+02,-7.023126463244649642e+01
4.675388554687500005e+02,-6.423334284278152495e+01
4.675391484374999891e+02,-6.972901524233073189e+01
4.675394414062500346e+02,-6.548861247158703236e+01
4.675397343750000232e+02,-7.315923461178230980e+01
4.675400273437500118e+02,-6.950507436400349093e+01
4.675403203125000005e+02,-7.292911292295136150e+01
4.675406132812499891e+02,-6.439856171564994725e+01
4.675409062500000346e+02,-6.431704345364207143e+01
4.675411992187500232e+02,-7.016695572143891013e+01
4.675414921875000118e+02,-7.156091511348958534e+01
4.675417851562500005e+02,-6.478873416593148704e+01
4.675420781249999891e+02,-6.683032932454408126e+01
4.675423710937500346e+02,-7.328075034746133554e+01
4.675426640625000232e+02,-6.983665295426035868e+01
4.675429570312500118e+02,-6.853834978194943517e+01
4.675432500000000005e+02,-6.732274754118739679e+01
4.675435429687499891e+02,-6.314775857224675804e+01
4.675438359375000346e+02,-6.773221347388063407e+01
4.675441289062500232e+02,-5.945067294157255589e+01
4.675444218750000118e+02,-5.996458855518448416e+01
4.675447148437500005e+02,-6.369662137972846949e+01
4.675450078124999891e+02,-6.761042705989365231e+01
4.675453007812500346e+02,-6.621260794923712467e+01
4.675455937500000232e+02,-7.538263870629765506e+01
4.675458867187500118e+02,-7.279423841930162098e+01
4.675461796875000005e+02,-6.788364468050868084e+01
4.675464726562499891e+02,-6.556012189133753054e+01
4.675467656250000346e+02,-6.161283848220578818e+01
4.675470585937500232e+02,-8.210346698690314327e+01
4.675473515625000118e+02,-6.716280466031344076e+01
4.675476445312500005e+02,-6.904646725153907028e+01
4.675479374999999891e+02,-6.709683764460109501e+01
4.675482304687500346e+02,-6.177639168664585156e+01
4.675485234375000232e+02,-6.588544476896987589e+01
4.675488164062500118e+02,-6.607418495182918150e+01
4.675491093750000005e+02,-6.904681626245486825e+01
4.675494023437499891e+02,-6.185845470923933220e+01
4.675496953125000346e+02,-6.867253260525626501e+01
4.675499882812500232e+02,-7.028316207336185073e+01
4.675502812500000118e+02,-7.303076827191272002e+01
4.675505742187500005e+02,-6.675979757521457714e+01
4.675508671874999891e+02,-7.321328089957017937e+01
4.675511601562500346e+02,-6.341110242351766857e+01
4.675514531250000232e+02,-7.039362022171602007e+01
4.675517460937500118e+02,-6.371104775288991107e+01
4.675520390625000005e+02,-6.448327929374754319e+01
4.675523320312499891e+02,-6.839425957299968672e+01
4.675526250000000346e+02,-6.118881105789348140e+01
4.675529179687500232e+02,-7.468600273101182552e+01
4.675532109375000118e+02,-6.573943937113919844e+01
4.675535039062500005e+02,-6.757164976795186817e+01
4.675537968749999891e+02,-6.397787825860874733e+01
4.675540898437500346e+02,-7.429793138797462859e+01
4.675543828125000232e+02,-6.536319007651978552e+01
4.675546757812500118e+02,-7.244338934640563821e+01
4.675549687500000005e+02,-6.400552022843568523e+01
4.675552617187499891e+02,-6.341177932843347520e+01
4.675555546875000346e+02,-6.345209706838632258e+01
4.675558476562500232e+02,-6.341135027257514878e+01
4.675561406250000118e+02,-6.675841299256036621e+01
4.675564335937500005e+02,-5.925557277821268798e+01
4.675567265624999891e+02,-6.049832336169227176e+01
4.675570195312500346e+02,-6.360615292791174369e+01
4.675573125000000232e+02,-6.630578172896352385e+01
4.675576054687500118e+02,-6.829672371505209583e+01
4.675578984375000005e+02,-6.652255343506668339e+01
4.675581914062499891e+02,-6.581812350117688482e+01
4.675584843750000346e+02,-5.751475240500951003e+01
4.675587773437500232e+02,-5.763365161254306912e+01
4.675590703125000118e+02,-6.538313968242212582e+01
4.675593632812500005e+02,-7.062967443389726441e+01
4.675596562499999891e+02,-7.107613824239766132e+01
4.675599492187500346e+02,-6.426867066844179988e+01
4.675602421875000232e+02,-6.669080158019754379e+01
4.675605351562500118e+02,-6.537610167377459902e+01
4.675608281250000005e+02,-6.025498754010459379e+01
4.675611210937499891e+02,-5.875043606997217438e+01
4.675614140625000346e+02,-6.502541283085432156e+01
4.675617070312500232e+02,-5.830454676099971323e+01
4.675620000000000118e+02,-5.921117183489105429e+01
4.675622929687500005e+02,-7.018141583464527855e+01
4.675625859374999891e+02,-7.301322757303385913e+01
4.675628789062500346e+02,-6.805723579741179208e+01
4.675631718750000232e+02,-6.735851833570515623e+01
4.675634648437500118e+02,-7.082766317460928462e+01
4.675637578125000005e+02,-5.983768652458089576e+01
4.675640507812499891e+02,-5.741497156157389270e+01
4.675643437500000346e+02,-6.168221616206974289e+01
4.675646367187500232e+02,-7.338779950412396147e+01
4.675649296875000118e+02,-6.890062346096671320e+01
4.675652226562500005e+02,-7.028254790762760251e+01
4.675655156249999891e+02,-6.707526244430889051e+01
4.675658085937500346e+02,-6.337642512166702602e+01
4.675661015625000232e+02,-6.027566393569377112e+01
4.675663945312500118e+02,-5.647567732066857360e+01
4.675666875000000005e+02,-6.189157785436239578e+01
4.675669804687499891e+02,-6.774123156907803889e+01
4.675672734375000346e+02,-6.027553021493240948e+01
4.675675664062500232e+02,-5.954886946185897756e+01
4.675678593750000118e+02,-5.712911137165303188e+01
4.675681523437500005e+02,-6.513635026247983717e+01
4.675684453124999891e+02,-6.929376443969339050e+01
4.675687382812500346e+02,-6.958090590857230495e+01
4.675690312500000232e+02,-6.409200901978243792e+01
4.675693242187500118e+02,-6.020885808223006563e+01
4.675696171875000005e+02,-5.847752959899312941e+01
4.675699101562499891e+02,-6.086127568990254133e+01
4.675702031250000346e+02,-7.399616143839928384e+01
4.675704960937500232e+02,-5.937742511635729414e+01
4.675707890625000118e+02,-5.510780215621566924e+01
4.675710820312500005e+02,-5.587075366742962501e+01
4.675713749999999891e+02,-6.509190385358108699e+01
4.675716679687500346e+02,-6.037375832131953501e+01
4.675719609375000232e+02,-6.722879631203520034e+01
4.675722539062500118e+02,-7.208510717751047991e+01
4.675725468750000005e+02,-7.861337461638665047e+01
4.675728398437499891e+02,-6.138413461370372914e+01
4.675731328125000346e+02,-5.487273159983097059e+01
4.675734257812500232e+02,-5.709920402113639426e+01
4.675737187500000118e+02,-5.982417377735469444e+01
4.675740117187500005e+02,-5.457037547685629875e+01
4.675743046874999891e+02,-5.699375114727747871e+01
4.675745976562500346e+02,-5.605436470550522898e+01
4.675748906250000232e+02,-5.713657589998155117e+01
4.675751835937500118e+02,-6.559266952267060447e+01
4.675754765625000005e+02,-6.242655817368267179e+01
4.675757695312499891e+02,-6.231230281026825679e+01
4.675760625000000346e+02,-6.284013146962499974e+01
4.675763554687500232e+02,-6.088677317277181800e+01
4.675766484375000118e+02,-5.520146891109534693e+01
4.675769414062500005e+02,-5.251904399422113556e+01
4.675772343749999891e+02,-5.331502852356335609e+01
4.675775273437500346e+02,-5.847489122557437469e+01
4.675778203125000232e+02,-4.802054436254043424e+01
4.675781132812500118e+02,-5.094754400966028385e+01
4.675784062500000005e+02,-5.402923830352204249e+01
4.675786992187499891e+02,-5.022001038368656367e+01
4.675789921875000346e+02,-5.018506017253116624e+01
4.675792851562500232e+02,-5.811032396079288276e+01
4.675795781250000118e+02,-5.243660306864089193e+01
4.675798710937500005e+02,-5.105202699772449648e+01
4.675801640624999891e+02,-5.680005664481636529e+01
4.675804570312500346e+02,-5.842862764193404246e+01
4.675807500000000232e+02,-4.997803143215062960e+01
4.675810429687500118e+02,-5.552672246483478347e+01
4.675813359375000005e+02,-5.516439849642797100e+01
4.675816289062499891e+02,-5.305870882572399694e+01
4.675819218750000346e+02,-5.022829141109664164e+01
4.675822148437500232e+02,-5.368334717867473671e+01
4.675825078125000118e+02,-5.462867219402451724e+01
4.675828007812500005e+02,-4.801525916752994760e+01
4.675830937499999891e+02,-4.991897386508091472e+01
4.675833867187500346e+02,-5.840023576124075788e+01
4.675836796875000232e+02,-5.489652930812464859e+01
4.675839726562500118e+02,-5.460683110594843015e+01
4.675842656250000005e+02,-5.674850826704502538e+01
4.675845585937499891e+02,-5.282911795579480696e+01
4.675848515625000346e+02,-4.738810842748627294e+01
4.675851445312500232e+02,-4.412033895500179881e+01
4.675854375000000118e+02,-4.599750810341547691e+01
4.675857304687500005e+02,-4.517307104598173595e+01
4.675860234374999891e+02,-4.709444258561377694e+01
4.675863164062500346e+02,-5.334327742552679297e+01
4.675866093750000232e+02,-5.229995602109759290e+01
4.675869023437500118e+02,-4.957960033304858882e+01
4.675871953125000005e+02,-5.463558694296463614e+01
4.675874882812499891e+02,-4.618301250100721944e+01
4.675877812500000346e+02,-4.483499932384206943e+01
4.675880742187500232e+02,-5.060051556833321484e+01
4.675883671875000118e+02,-4.972832597625222206e+01
4.675886601562500005e+02,-3.560577870718567084e+01
4.675889531249999891e+02,-3.224099035777271638e+01
4.675892460937500346e+02,-4.112527862507015897e+01
4.675895390625000232e+02,-5.082018065962798659e+01
4.675898320312500118e+02,-5.266097640600843022e+01
4.675901250000000005e+02,-5.029752546167592442e+01
4.675904179687499891e+02,-4.979445280033451127e+01
4.675907109375000346e+02,-6.099970508409540315e+01
4.675910039062500232e+02,-5.250622835249387776e+01
4.675912968750000118e+02,-5.413397834817697429e+01
4.675915898437500005e+02,-5.270058453618058536e+01
4.675918828124999891e+02,-5.283243257692355144e+01
4.675921757812500346e+02,-7.018574854944473884e+01
4.675924687500000232e+02,-5.099996506839314492e+01
4.675927617187500118e+02,-5.017094091737809691e+01
4.675930546875000005e+02,-5.105731555033256086e+01
4.675933476562499891e+02,-5.594228129507691705e+01
4.675936406250000346e+02,-6.012743974873800568e+01
4.675939335937500232e+02,-5.990031271180203021e+01
4.675942265625000118e+02,-6.823656389321853055e+01
4.675945195312500005e+02,-6.192373845244571839e+01
4.675948124999999891e+02,-5.335176348183493644e+01
4.675951054687500346e+02,-5.515172260060084852e+01
4.675953984375000232e+02,-6.306093770645161101e+01
4.675956914062500118e+02,-5.516792904041074763e+01
4.675959843750000005e+02,-5.605587550001481389e+01
4.675962773437499891e+02,-6.022841870860148106e+01
4.675965703125000346e+02,-5.587217000605703987e+01
4.675968632812500232e+02,-6.491945919265971554e+01
4.675971562500000118e+02,-5.927898834698950026e+01
4.675974492187500005e+02,-6.210076671678165638e+01
4.675977421874999891e+02,-5.614151775811045297e+01
4.675980351562500346e+02,-5.687486693521265835e+01
4.675983281250000232e+02,-7.742386289678370304e+01
4.675986210937500118e+02,-6.182540585824447277e+01
4.675989140625000005e+02,-5.755316219219817242e+01
4.675992070312499891e+02,-5.647193540183511118e+01
4.675995000000000346e+02,-7.500475015564975934e+01
4.675997929687500232e+02,-5.729058151400988663e+01
4.676000859375000118e+02,-6.352117163657034382e+01
4.676003789062500005e+02,-6.212420035021914089e+01
4.676006718749999891e+02,-5.672273519604266312e+01
4.676009648437500346e+02,-6.754521716867839132e+01
4.676012578125000232e+02,-5.675585451988012409e+01
4.676015507812500118e+02,-6.701696798609140160e+01
4.676018437500000005e+02,-6.058187972956388734e+01
4.676021367187499891e+02,-6.938835526668584919e+01
4.676024296875000346e+02,-6.740982996033874031e+01
4.676027226562500232e+02,-6.091632593998812695e+01
4.676030156250000118e+02,-5.972216170696587056e+01
4.676033085937500005e+02,-5.458102530597503232e+01
4.676036015624999891e+02,-6.314727622476419100e+01
4.676038945312500346e+02,-6.527465614981504416e+01
4.676041875000000232e+02,-6.195697217832431392e+01
4.676044804687500118e+02,-7.407808230473499123e+01
4.676047734375000005e+02,-6.185576653941097902e+01
4.676050664062499891e+02,-6.432231040358247753e+01
4.676053593750000346e+02,-6.435484341350186810e+01
4.676056523437500232e+02,-5.967257589810805030e+01
4.676059453125000118e+02,-6.506188162003527964e+01
4.676062382812500005e+02,-6.069241760043740896e+01
4.676065312499999891e+02,-6.585154727062979418e+01
4.676068242187500346e+02,-7.085846933256733848e+01
4.676071171875000232e+02,-7.263080915135040527e+01
4.676074101562500118e+02,-9.372493345023636380e+01
4.676077031250000005e+02,-7.252682036527089338e+01
4.676079960937499891e+02,-7.058956651373948432e+01
4.676082890625000346e+02,-6.687014922278554252e+01
4.676085820312500232e+02,-5.926061951694976671e+01
4.676088750000000118e+02,-6.108993413241650217e+01
4.676091679687500005e+02,-6.922421415404262746e+01
4.676094609374999891e+02,-7.128511331145533347e+01
4.676097539062500346e+02,-6.598773626459555430e+01
4.676100468750000232e+02,-6.138373389815299674e+01
4.676103398437500118e+02,-6.873561362635992111e+01
4.676106328125000005e+02,-6.778988721191642242e+01
4.676109257812499891e+02,-6.924108961805758611e+01
4.676112187500000346e+02,-6.141373759764323381e+01
4.676115117187500232e+02,-6.034762884257359872e+01
4.676118046875000118e+02,-6.564637932569438306e+01
4.676120976562500005e+02,-6.695722311338633403e+01
4.676123906249999891e+02,-6.268022268560316235e+01
4.676126835937500346e+02,-6.679266483644906316e+01
4.676129765625000232e+02,-7.771118230927955040e+01
4.676132695312500118e+02,-7.115292083011524937e+01
4.676135625000000005e+02,-6.806194495066621641e+01
4.676138554687499891e+02,-6.884672898231508498e+01
4.676141484375000346e+02,-5.889052671145375939e+01
4.676144414062500232e+02,-6.258752084220045475e+01
4.676147343750000118e+02,-6.720975369251290488e+01
4.676150273437500005e+02,-6.826061711338400073e+01
4.676153203124999891e+02,-6.530373591635144237e+01
4.676156132812500346e+02,-6.001007803970612287e+01
4.676159062500000232e+02,-6.324481354721081061e+01
4.676161992187500118e+02,-5.975781279238658783e+01
4.676164921875000005e+02,-6.344686448740971230e+01
4.676167851562499891e+02,-7.141937700122876720e+01
4.676170781250000346e+02,-6.432713405268272311e+01
4.676173710937500232e+02,-6.541112613424027700e+01
4.676176640625000118e+02,-7.287526714812706530e+01
4.676179570312500005e+02,-7.036205922441612870e+01
4.676182499999999891e+02,-6.441970134214966492e+01
4.676185429687500346e+02,-6.873483624840594075e+01
4.676188359375000232e+02,-6.825158495794896396e+01
4.676191289062500118e+02,-7.002675605364609623e+01
4.676194218750000005e+02,-6.513449328368068336e+01
4.676197148437499891e+02,-6.798719187722143431e+01
4.676200078125000346e+02,-6.078807542367032113e+01
4.676203007812500232e+02,-6.774671283514766174e+01
4.676205937500000118e+02,-6.188161712198460407e+01
4.676208867187500005e+02,-5.925295994397440325e+01
4.676211796874999891e+02,-7.166986461359789473e+01
4.676214726562500346e+02,-6.920328931186028854e+01
4.676217656250000232e+02,-6.550169765678998601e+01
4.676220585937500118e+02,-7.015093894140400721e+01
4.676223515625000005e+02,-6.535698803055483097e+01
4.676226445312499891e+02,-6.515534574213921815e+01
4.676229375000000346e+02,-7.337923952840249342e+01
4.676232304687500232e+02,-6.045319629609377898e+01
4.676235234375000118e+02,-6.398037965841221819e+01
4.676238164062500005e+02,-6.834865869696810137e+01
4.676241093749999891e+02,-6.512280580340969038e+01
4.676244023437500346e+02,-6.189351286597595703e+01
4.676246953125000232e+02,-6.693936920413935354e+01
4.676249882812500118e+02,-6.792746312214242721e+01
4.676252812500000005e+02,-6.870796484818126260e+01
4.676255742187499891e+02,-6.241694157356658934e+01
4.676258671875000346e+02,-7.303930666472000155e+01
4.676261601562500232e+02,-6.394156911012026256e+01
4.676264531250000118e+02,-6.150352227407223893e+01
4.676267460937500005e+02,-6.332783481983103968e+01
4.676270390624999891e+02,-7.213956440362316869e+01
4.676273320312500346e+02,-6.502231764300196915e+01
4.676276250000000232e+02,-6.668736677021941262e+01
4.676279179687500118e+02,-6.864552693739939571e+01
4.676282109375000005e+02,-6.912597229071637628e+01
4.676285039062499891e+02,-6.568962803743475831e+01
4.676287968750000346e+02,-6.914193019839311205e+01
4.676290898437500232e+02,-7.150870525621820661e+01
4.676293828125000118e+02,-6.885365944040803754e+01
4.676296757812500005e+02,-7.299074356404361197e+01
4.676299687499999891e+02,-6.347018384532067614e+01
4.676302617187500346e+02,-6.483172844937035961e+01
4.676305546875000232e+02,-7.293183108874012532e+01
4.676308476562500118e+02,-6.571919375751654968e+01
4.676311406250000005e+02,-7.266579534848476385e+01
4.676314335937499891e+02,-7.378739486150675475e+01
4.676317265625000346e+02,-6.180821394150417092e+01
4.676320195312500232e+02,-6.539349157559614412e+01
4.676323125000000118e+02,-7.226525291184815103e+01
4.676326054687500005e+02,-6.482559182329568159e+01
4.676328984374999891e+02,-6.394323664150688558e+01
4.676331914062500346e+02,-6.512219104207872533e+01
4.676334843750000232e+02,-6.483687101308019862e+01
4.676337773437500118e+02,-7.220891624733310721e+01
4.676340703125000005e+02,-6.731514559970185019e+01
4.676343632812499891e+02,-6.825008601790963780e+01
4.676346562500000346e+02,-7.240114288740799964e+01
4.676349492187500232e+02,-7.665132474601239210e+01
4.676352421875000118e+02,-6.936729987244302720e+01
4.676355351562500005e+02,-6.314904452035432314e+01
4.676358281249999891e+02,-6.294673317199755047e+01
4.676361210937500346e+02,-7.231210776296856579e+01
4.676364140625000232e+02,-8.252913559787059228e+01
4.676367070312500118e+02,-7.346514579888992102e+01
4.676370000000000005e+02,-6.656346907162068760e+01
4.676372929687499891e+02,-6.675010245356564553e+01
4.676375859375000346e+02,-7.987360151887986603e+01
4.676378789062500232e+02,-6.444539296431227626e+01
4.676381718750000118e+02,-6.550603890890826619e+01
4.676384648437500005e+02,-6.949392014550423369e+01
4.676387578124999891e+02,-6.681853579734504933e+01
4.676390507812500346e+02,-6.856163192112889249e+01
4.676393437500000232e+02,-6.630731806219002067e+01
4.676396367187500118e+02,-6.853358550033181018e+01
4.676399296875000005e+02,-7.032080567525733272e+01
4.676402226562499891e+02,-8.309800437624923575e+01
4.676405156250000346e+02,-6.631090594393177184e+01
4.676408085937500232e+02,-6.908242315565603064e+01
4.676411015625000118e+02,-6.341160432942137959e+01
4.676413945312500005e+02,-6.725958791642717927e+01
4.676416874999999891e+02,-6.553573626705212973e+01
4.676419804687500346e+02,-8.015882504912902107e+01
4.676422734375000232e+02,-8.305208701486375844e+01
4.676425664062500118e+02,-8.450993264744190014e+01
4.676428593750000005e+02,-7.233488053913502824e+01
4.676431523437499891e+02,-7.326527221941957180e+01
4.676434453125000346e+02,-6.377011323111857877e+01
4.676437382812500232e+02,-6.554198413956783043e+01
4.676440312500000118e+02,-6.781653100395692491e+01
4.676443242187500005e+02,-7.742107391266463878e+01
4.676446171874999891e+02,-7.266098498415237827e+01
4.676449101562500346e+02,-8.196021243950404767e+01
4.676452031250000232e+02,-6.807641334899268770e+01
4.676454960937500118e+02,-6.600880048702539682e+01
4.676457890625000005e+02,-6.997939258886829350e+01
4.676460820312499891e+02,-7.298038233844047795e+01
4.676463750000000346e+02,-7.154783399713396363e+01
4.676466679687500232e+02,-7.416317400342498445e+01
4.676469609375000118e+02,-7.019276210922973291e+01
4.676472539062500005e+02,-7.847977540974849830e+01
4.676475468749999891e+02,-7.365341663878395195e+01
4.676478398437500346e+02,-6.305855336824013335e+01
4.676481328125000232e+02,-6.583183132808485993e+01
4.676484257812500118e+02,-6.861077204454024070e+01
4.676487187500000005e+02,-7.818519587969241513e+01
4.676490117187499891e+02,-7.638958363966924026e+01
4.676493046875000346e+02,-7.131507535944288634e+01
4.676495976562500232e+02,-7.426450621499304816e+01
4.676498906250000118e+02,-6.630733630061526185e+01
4.676501835937500005e+02,-6.782514602260616243e+01
4.676504765624999891e+02,-7.344205537221212410e+01
4.676507695312500346e+02,-5.809098138577964221e+01
4.676510625000000232e+02,-5.141615809358215472e+01
4.676513554687500118e+02,-5.598598600767331845e+01
4.676516484375000005e+02,-6.273276732303823877e+01
4.676519414062499891e+02,-6.493861224419441669e+01
4.676522343750000346e+02,-7.257604888687450284e+01
4.676525273437500232e+02,-7.360986286780608623e+01
4.676528203125000118e+02,-6.952162599008974553e+01
4.676531132812500005e+02,-6.805809111648004261e+01
4.676534062499999891e+02,-6.964782051589280343e+01
4.676536992187500346e+02,-7.659278374763852071e+01
4.676539921875000232e+02,-7.081468231798424995e+01
4.676542851562500118e+02,-6.766993115024985173e+01
4.676545781250000005e+02,-6.513971053535125577e+01
4.676548710937499891e+02,-6.492513944612271359e+01
4.676551640625000346e+02,-7.154510423661930929e+01
4.676554570312500232e+02,-7.357872526994732709e+01
4.676557500000000118e+02,-6.308789659942864603e+01
4.676560429687500005e+02,-7.041201660132747975e+01
4.676563359374999891e+02,-6.784481816833162782e+01
4.676566289062500346e+02,-6.861281022776606164e+01
4.676569218750000232e+02,-6.921985287246724283e+01
4.676572148437500118e+02,-6.748807804264806975e+01
4.676575078125000005e+02,-7.416825660716260415e+01
4.676578007812499891e+02,-7.197651323284362945e+01
4.676580937500000346e+02,-6.961791111011845601e+01
4.676583867187500232e+02,-7.182534184305271197e+01
4.676586796875000118e+02,-7.239423695128520819e+01
4.676589726562500005e+02,-9.484202655239974433e+01
4.676592656249999891e+02,-7.161004557453088637e+01
4.676595585937500346e+02,-6.770031778849534021e+01
4.676598515625000232e+02,-7.546098103097025955e+01
4.676601445312500118e+02,-6.504004119269254147e+01
4.676604375000000005e+02,-6.474442250016353739e+01
4.676607304687499891e+02,-7.207299315337245105e+01
4.676610234375000346e+02,-7.776236991804240972e+01
4.676613164062500232e+02,-7.333492069582413819e+01
4.676616093750000118e+02,-6.866324906861835586e+01
4.676619023437500005e+02,-7.053657044074483906e+01
4.676621953124999891e+02,-7.182334998867678166e+01
4.676624882812500346e+02,-6.841118152930806673e+01
4.676627812500000232e+02,-6.643805778909676008e+01
4.676630742187500118e+02,-9.769606553009238326e+01
4.676633671875000005e+02,-6.705650044153371425e+01
4.676636601562499891e+02,-8.678615401590631961e+01
4.676639531250000346e+02,-7.364471913302364214e+01
4.676642460937500232e+02,-7.695572360822482949e+01
4.676645390625000118e+02,-7.969206392779683767e+01
4.676648320312500005e+02,-8.389776667599535642e+01
4.676651249999999891e+02,-7.677647659858791940e+01
4.676654179687500346e+02,-6.842534371966222295e+01
4.676657109375000232e+02,-7.642924016811338106e+01
4.676660039062500118e+02,-7.676044017471782865e+01
4.676662968750000005e+02,-7.734381071135803154e+01
4.676665898437499891e+02,-6.968066913439312771e+01
4.676668828125000346e+02,-6.651832196594875768e+01
4.676671757812500232e+02,-6.971002786955735075e+01
4.676674687500000118e+02,-7.907617884831584831e+01
4.676677617187500005e+02,-7.107792584084951670e+01
4.676680546874999891e+02,-7.081623339676939111e+01
4.676683476562500346e+02,-7.280295975047786783e+01
4.676686406250000232e+02,-7.756973068471988597e+01
4.676689335937500118e+02,-7.658450714183778985e+01
4.676692265625000005e+02,-8.213693809324524864e+01
4.676695195312499891e+02,-7.961733629294099046e+01
4.676698125000000346e+02,-8.055353208521567865e+01
4.676701054687500232e+02,-6.723500563693644949e+01
4.676703984375000118e+02,-7.002741207064771345e+01
4.676706914062500005e+02,-7.005698771745085196e+01
4.676709843749999891e+02,-6.954226143198133059e+01
4.676712773437500346e+02,-7.204228086969942524e+01
4.676715703125000232e+02,-6.767541435037080078e+01
4.676718632812500118e+02,-6.866926854331694585e+01
4.676721562500000005e+02,-7.898103134342277087e+01
4.676724492187499891e+02,-7.397886832028591186e+01
4.676727421875000346e+02,-7.260263689393211450e+01
4.676730351562500232e+02,-7.856265787398514533e+01
4.676733281250000118e+02,-7.324872901929835223e+01
4.676736210937500005e+02,-8.518890091872557946e+01
4.676739140624999891e+02,-7.558618035062197293e+01
4.676742070312500346e+02,-8.110284609852023152e+01
4.676745000000000232e+02,-7.857189974773430663e+01
4.676747929687500118e+02,-7.389547076986728769e+01
4.676750859375000005e+02,-7.199362560965192870e+01
4.676753789062499891e+02,-8.906492601290339906e+01
4.676756718750000346e+02,-6.973391348751860619e+01
4.676759648437500232e+02,-7.762437998709258125e+01
4.676762578125000118e+02,-7.664144525151958476e+01
4.676765507812500005e+02,-6.803300524765117530e+01
4.676768437499999891e+02,-7.572578998427940178e+01
4.676771367187500346e+02,-7.315394826613039925e+01
4.676774296875000232e+02,-6.988743899061132936e+01
4.676777226562500118e+02,-6.810580674464155493e+01
4.676780156250000005e+02,-6.736907665809735590e+01
4.676783085937499891e+02,-7.611471723120541810e+01
4.676786015625000346e+02,-7.193042435279086533e+01
4.676788945312500232e+02,-7.944712566868405190e+01
4.676791875000000118e+02,-7.598258083206079050e+01
4.676794804687500005e+02,-6.923888408698765318e+01
4.676797734374999891e+02,-7.091011261292899803e+01
4.676800664062500346e+02,-7.995715698516227121e+01
4.676803593750000232e+02,-8.266140000553052403e+01
4.676806523437500118e+02,-7.604329772443834656e+01
4.676809453125000005e+02,-6.894760443956207041e+01
4.676812382812499891e+02,-7.851979855822379761e+01
4.676815312500000346e+02,-6.952824665204940402e+01
4.676818242187500232e+02,-9.435435958721733130e+01
4.676821171875000118e+02,-6.695192431484584006e+01
4.676824101562500005e+02,-7.141158780108042947e+01
4.676827031249999891e+02,-7.008048950331010474e+01
4.676829960937500346e+02,-7.194244750570763358e+01
4.676832890625000232e+02,-7.045283380613945212e+01
4.676835820312500118e+02,-7.385355895557721340e+01
4.676838750000000005e+02,-7.876068902468122701e+01
4.676841679687499891e+02,-7.918559192505520627e+01
4.676844609375000346e+02,-8.449247510002655304e+01
4.676847539062500232e+02,-7.344162930926142963e+01
4.676850468750000118e+02,-7.595734722932574812e+01
4.676853398437500005e+02,-7.435730182261308130e+01
4.676856328124999891e+02,-7.289623751869262946e+01
4.676859257812500346e+02,-7.626887799895547460e+01
4.676862187500000232e+02,-7.586418455919626069e+01
4.676865117187500118e+02,-7.095041995098225129e+01
4.676868046875000005e+02,-7.669154931811435461e+01
4.676870976562499891e+02,-7.563174719101512267e+01
4.676873906250000346e+02,-8.064270071371831250e+01
4.676876835937500232e+02,-7.152634455934295943e+01
4.676879765625000118e+02,-6.969633636033185553e+01
4.676882695312500005e+02,-7.519036188883612226e+01
4.676885624999999891e+02,-6.953137682429334632e+01
4.676888554687500346e+02,-7.377435390328882647e+01
4.676891484375000232e+02,-7.173052062849426136e+01
4.676894414062500118e+02,-6.338740486731889234e+01
4.676897343750000005e+02,-6.491833065146741433e+01
4.676900273437499891e+02,-7.149629456283589946e+01
4.676903203125000346e+02,-7.131425704941798926e+01
4.676906132812500232e+02,-7.156989954582756752e+01
4.676909062500000118e+02,-8.106953394744670049e+01
4.676911992187500005e+02,-6.886316243842615847e+01
4.676914921874999891e+02,-7.339100475666336365e+01
4.676917851562500346e+02,-7.217378684990816851e+01
4.676920781250000232e+02,-7.111286106189245970e+01
4.676923710937500118e+02,-6.780572243071314631e+01
4.676926640625000005e+02,-6.970177121792963248e+01
4.676929570312499891e+02,-7.274252852089540511e+01
4.676932500000000346e+02,-6.908377126308243987e+01
4.676935429687500232e+02,-7.443306841835132559e+01
4.676938359375000118e+02,-8.668500988114416828e+01
4.676941289062500005e+02,-8.558861580683199577e+01
4.676944218749999891e+02,-7.979206233668767823e+01
4.676947148437500346e+02,-6.973001976017719983e+01
4.676950078125000232e+02,-6.603721676795157691e+01
4.676953007812500118e+02,-7.334013277449439272e+01
4.676955937500000005e+02,-7.347533628712220377e+01
4.676958867187499891e+02,-7.435548878234381220e+01
4.676961796875000346e+02,-7.116294876459876662e+01
4.676964726562500232e+02,-7.265984623900995132e+01
4.676967656250000118e+02,-7.847499449318688391e+01
4.676970585937500005e+02,-8.264127460933259783e+01
4.676973515624999891e+02,-7.369395762800954230e+01
4.676976445312500346e+02,-6.841211433837648315e+01
4.676979375000000232e+02,-7.484930319421219735e+01
4.676982304687500118e+02,-8.647927621225896644e+01
4.676985234375000005e+02,-7.289327447844038943e+01
4.676988164062499891e+02,-7.327855196034138885e+01
4.676991093750000346e+02,-7.810128428968110370e+01
4.676994023437500232e+02,-7.500864655105684164e+01
4.676996953125000118e+02,-8.155638651971992203e+01
4.676999882812500005e+02,-6.971948307999994654e+01
4.677002812499999891e+02,-6.969323346112727791e+01
4.677005742187500346e+02,-8.943079672463696284e+01
4.677008671875000232e+02,-7.409394849635715730e+01
4.677011601562500118e+02,-7.717094761520304758e+01
4.677014531250000005e+02,-7.559838312823990236e+01
4.677017460937499891e+02,-7.573364870311678487e+01
4.677020390625000346e+02,-7.543478059850687600e+01
4.677023320312500232e+02,-7.576737637932799885e+01
4.677026250000000118e+02,-6.904602303050938872e+01
4.677029179687500005e+02,-6.930704986727738515e+01
4.677032109374999891e+02,-8.699304731127286061e+01
4.677035039062500346e+02,-7.310990171234058721e+01
4.677037968750000232e+02,-7.250200595327019926e+01
4.677040898437500118e+02,-8.007480177286431910e+01
4.677043828125000005e+02,-7.612962153287011802e+01
4.677046757812499891e+02,-7.070550628485315769e+01
4.677049687500000346e+02,-8.354896926303422333e+01
4.677052617187500232e+02,-7.193828660714365242e+01
4.677055546875000118e+02,-7.301107822442072859e+01
4.677058476562500005e+02,-7.298464890934634752e+01
4.677061406249999891e+02,-7.142757296097084918e+01
4.677064335937500346e+02,-7.528813808322171042e+01
4.677067265625000232e+02,-7.893016351042930978e+01
4.677070195312500118e+02,-7.282143250982488780e+01
4.677073125000000005e+02,-8.058757080447898602e+01
4.677076054687499891e+02,-9.580159960464739299e+01
4.677078984375000346e+02,-8.342418098069076393e+01
4.677081914062500232e+02,-7.460535076395589726e+01
4.677084843750000118e+02,-6.873802287826920576e+01
4.677087773437500005e+02,-7.214888652755975329e+01
4.677090703124999891e+02,-7.457004256436621858e+01
4.677093632812500346e+02,-6.879626110360482016e+01
4.677096562500000232e+02,-7.314418339419724191e+01
4.677099492187500118e+02,-7.914387584731395009e+01
4.677102421875000005e+02,-8.726020421973029784e+01
4.677105351562499891e+02,-7.756085616608208966e+01
4.677108281250000346e+02,-7.242950052782857995e+01
4.677111210937500232e+02,-7.932999979119452405e+01
4.677114140625000118e+02,-8.035645821687194257e+01
4.677117070312500005e+02,-7.027340443436628448e+01
4.677119999999999891e+02,-6.750309514154892554e+01
4.677122929687500346e+02,-7.604336679817993172e+01
4.677125859375000232e+02,-7.573873873784607724e+01
4.677128789062500118e+02,-7.382700328542406965e+01
4.677131718750000005e+02,-7.192288603263195057e+01
4.677134648437499891e+02,-6.787069449450511627e+01
4.677137578125000346e+02,-7.119125545578738468e+01
4.677140507812500232e+02,-8.148845824347900191e+01
4.677143437500000118e+02,-7.872624388325687050e+01
4.677146367187500005e+02,-8.328906771921208474e+01
4.677149296874999891e+02,-8.012916059288919257e+01
4.677152226562500346e+02,-7.308183887975062021e+01
4.677155156250000232e+02,-7.538238441586446470e+01
4.677158085937500118e+02,-8.624219494373205919e+01
4.677161015625000005e+02,-7.338445652506787553e+01
4.677163945312499891e+02,-7.518800180950621836e+01
4.677166875000000346e+02,-7.253880886652473237e+01
4.677169804687500232e+02,-7.635729567728884604e+01
4.677172734375000118e+02,-7.621020828365664102e+01
4.677175664062500005e+02,-7.840534873092076396e+01
4.677178593749999891e+02,-7.646057705944593863e+01
4.677181523437500346e+02,-7.887155665312411656e+01
4.677184453125000232e+02,-7.240389847096254528e+01
4.677187382812500118e+02,-6.994563444208498026e+01
4.677190312500000005e+02,-7.140857907594201492e+01
4.677193242187499891e+02,-7.348661890630717153e+01
4.677196171875000346e+02,-7.713401908894083192e+01
4.677199101562500232e+02,-7.121219961679285859e+01
4.677202031250000118e+02,-7.167879253533358508e+01
4.677204960937500005e+02,-7.977441628021477982e+01
4.677207890624999891e+02,-6.940979304507096970e+01
4.677210820312500346e+02,-7.666347283007534941e+01
4.677213750000000232e+02,-7.472856870397606599e+01
4.677216679687500118e+02,-7.094550793146294154e+01
4.677219609375000005e+02,-7.219327466938835869e+01
4.677222539062499891e+02,-8.373006457012431270e+01
4.677225468750000346e+02,-8.179335097626884021e+01
4.677228398437500232e+02,-8.012305573108859846e+01
4.677231328125000118e+02,-7.161506545355402409e+01
4.677234257812500005e+02,-7.473269575445665680e+01
4.677237187499999891e+02,-7.348512516259917504e+01
4.677240117187500346e+02,-7.290132902807775395e+01
4.677243046875000232e+02,-7.168688477609292420e+01
4.677245976562500118e+02,-7.488878655665753570e+01
4.677248906250000005e+02,-7.299091390708186111e+01
4.677251835937499891e+02,-7.282795458303678515e+01
4.677254765625000346e+02,-8.114283635439130649e+01
4.677257695312500232e+02,-7.806481090875782058e+01
4.677260625000000118e+02,-7.764085078656856354e+01
4.677263554687500005e+02,-8.183829782737008429e+01
4.677266484374999891e+02,-7.544924996480065715e+01
4.677269414062500346e+02,-7.576989211933343427e+01
4.677272343750000232e+02,-8.029036513595913505e+01
4.677275273437500118e+02,-7.675316131958236099e+01
4.677278203125000005e+02,-7.517384632938947675e+01
4.677281132812499891e+02,-7.602367317687975401e+01
4.677284062500000346e+02,-8.800472884531166073e+01
4.677286992187500232e+02,-1.021083027998574551e+02
4.677289921875000118e+02,-8.111491194515076586e+01
4.677292851562500005e+02,-8.584321853707649552e+01
4.677295781249999891e+02,-7.496387332606288112e+01
4.677298710937500346e+02,-7.613284646630687291e+01
4.677301640625000232e+02,-8.322987098056222521e+01
4.677304570312500118e+02,-8.169400768508934618e+01
4.677307500000000005e+02,-7.649005319559707061e+01
4.677310429687499891e+02,-7.510331735976851064e+01
4.677313359375000346e+02,-7.801977966285735988e+01
4.677316289062500232e+02,-7.896867213455377055e+01
4.677319218750000118e+02,-7.757305506588988919e+01
4.677322148437500005e+02,-7.960286884704622423e+01
4.677325078124999891e+02,-7.627201265365737015e+01
4.677328007812500346e+02,-8.718699867396568948e+01
4.677330937500000232e+02,-9.210854826198610112e+01
4.677333867187500118e+02,-8.478014888481968114e+01
4.677336796875000005e+02,-8.357425427574699484e+01
4.677339726562499891e+02,-9.277824233421684141e+01
4.677342656250000346e+02,-8.009489129311080546e+01
4.677345585937500232e+02,-8.934527930944094010e+01
4.677348515625000118e+02,-7.761286916551141246e+01
4.677351445312500005e+02,-8.086623543986270590e+01
4.677354374999999891e+02,-8.262721277065298864e+01
4.677357304687500346e+02,-7.900332777117171190e+01
4.677360234375000232e+02,-7.316259858135565253e+01
4.677363164062500118e+02,-7.662084093474769020e+01
4.677366093750000005e+02,-8.292695318558568829e+01
4.677369023437499891e+02,-7.361534324949782615e+01
4.677371953125000346e+02,-7.939586750475790211e+01
4.677374882812500232e+02,-7.793385007207314175e+01
4.677377812500000118e+02,-8.073633360093957378e+01
4.677380742187500005e+02,-8.486384118734784465e+01
4.677383671874999891e+02,-8.521318690090650705e+01
4.677386601562500346e+02,-8.170493392858412562e+01
4.677389531250000232e+02,-8.238907270135072736e+01
4.677392460937500118e+02,-8.204096553826276761e+01
4.677395390625000005e+02,-7.894397786910337800e+01
4.677398320312499891e+02,-7.240287174013000993e+01
4.677401250000000346e+02,-7.624722106046695558e+01
4.677404179687500232e+02,-7.838369315915807078e+01
4.677407109375000118e+02,-8.228215706824472875e+01
4.677410039062500005e+02,-8.015545976126691130e+01
4.677412968749999891e+02,-8.114766622668325624e+01
4.677415898437500346e+02,-7.576169174203614887e+01
4.677418828125000232e+02,-7.363736137455531150e+01
4.677421757812500118e+02,-7.689097781308660728e+01
4.677424687500000005e+02,-7.094380723097521013e+01
4.677427617187499891e+02,-7.709675923980354639e+01
4.677430546875000346e+02,-8.258145154289231016e+01
4.677433476562500232e+02,-8.191282434046043193e+01
4.677436406250000118e+02,-8.568406924316880691e+01
4.677439335937500005e+02,-9.233106693529144593e+01
4.677442265624999891e+02,-8.277886657272958359e+01
4.677445195312500346e+02,-7.234520794081046802e+01
4.677448125000000232e+02,-7.233770870454809199e+01
4.677451054687500118e+02,-7.590908395446791701e+01
4.677453984375000005e+02,-7.321473514400150862e+01
4.677456914062499891e+02,-7.570768418025254221e+01
4.677459843750000346e+02,-7.504570068292083818e+01
4.677462773437500232e+02,-7.027831625430737006e+01
4.677465703125000118e+02,-9.027509752408937516e+01
4.677468632812500005e+02,-7.307643621744534812e+01
4.677471562499999891e+02,-7.638232617953710246e+01
4.677474492187500346e+02,-7.433709438405445269e+01
4.677477421875000232e+02,-7.032959568611707368e+01
4.677480351562500118e+02,-8.002672459813945238e+01
4.677483281250000005e+02,-7.579882028561652874e+01
4.677486210937499891e+02,-7.759277267617002849e+01
4.677489140625000346e+02,-8.437964427381091070e+01
4.677492070312500232e+02,-7.830524026670944693e+01
4.677495000000000118e+02,-9.113626712775936767e+01
4.677497929687500005e+02,-7.436728104096943071e+01
4.677500859374999891e+02,-7.601444096935809114e+01
4.677503789062500346e+02,-8.343288606730106949e+01
4.677506718750000232e+02,-8.077465510701345863e+01
4.677509648437500118e+02,-7.716463504958183250e+01
4.677512578125000005e+02,-8.114738390143119773e+01
4.677515507812499891e+02,-7.713415002545409038e+01
4.677518437500000346e+02,-8.182101088858848925e+01
4.677521367187500232e+02,-7.873619856811754403e+01
4.677524296875000118e+02,-7.931163039131999426e+01
4.677527226562500005e+02,-9.476369267636880522e+01
4.677530156249999891e+02,-9.612667097026097451e+01
4.677533085937500346e+02,-8.084043937593219198e+01
4.677536015625000232e+02,-8.097234283202821814e+01
4.677538945312500118e+02,-9.660739358694142709e+01
4.677541875000000005e+02,-8.833895503147643069e+01
4.677544804687499891e+02,-7.784336321315259966e+01
4.677547734375000346e+02,-7.559335778487266566e+01
4.677550664062500232e+02,-8.748395587626561110e+01
4.677553593750000118e+02,-7.847750082330198040e+01
4.677556523437500005e+02,-7.490955382647371152e+01
4.677559453124999891e+02,-7.493694698902996265e+01
4.677562382812500346e+02,-8.754305255850110257e+01
4.677565312500000232e+02,-7.375819357046330538e+01
4.677568242187500118e+02,-7.758925907459402538e+01
4.677571171875000005e+02,-7.903827418699873419e+01
4.677574101562499891e+02,-7.786240866142571804e+01
4.677577031250000346e+02,-7.206509006057019917e+01
4.677579960937500232e+02,-7.003637713606502757e+01
4.677582890625000118e+02,-7.355687644320046559e+01
4.677585820312500005e+02,-7.339288797746252158e+01
4.677588749999999891e+02,-9.197846256114181074e+01
4.677591679687500346e+02,-7.930523720754405304e+01
4.677594609375000232e+02,-8.130527668437800060e+01
4.677597539062500118e+02,-7.925467293957940740e+01
4.677600468750000005e+02,-8.049369087491533037e+01
4.677603398437499891e+02,-7.759580339384487502e+01
4.677606328125000346e+02,-7.529484065379674007e+01
4.677609257812500232e+02,-7.293120033767671373e+01
4.677612187500000118e+02,-8.065034100768819769e+01
4.677615117187500005e+02,-7.903107002516928503e+01
4.677618046874999891e+02,-7.962200190326822735e+01
4.677620976562500346e+02,-9.417504023114776146e+01
4.677623906250000232e+02,-7.967754453436981521e+01
4.677626835937500118e+02,-7.325009322518455690e+01
4.677629765625000005e+02,-7.431304562206106823e+01
4.677632695312499891e+02,-8.182539226043027725e+01
4.677635625000000346e+02,-7.393613202752077029e+01
4.677638554687500232e+02,-8.080979471782657697e+01
4.677641484375000118e+02,-8.273096679925133401e+01
4.677644414062500005e+02,-8.518383621216051438e+01
4.677647343749999891e+02,-8.980372097042419455e+01
4.677650273437500346e+02,-7.905879784791241605e+01
4.677653203125000232e+02,-7.544764766525739219e+01
4.677656132812500118e+02,-7.893184009065714690e+01
4.677659062500000005e+02,-8.253594567782643310e+01
4.677661992187499891e+02,-8.352644045380523607e+01
4.677664921875000346e+02,-8.897742524316876711e+01
4.677667851562500232e+02,-7.710812056736246234e+01
4.677670781250000118e+02,-7.489881897386000276e+01
4.677673710937500005e+02,-8.022694915306858832e+01
4.677676640624999891e+02,-8.016757084063794991e+01
4.677679570312500346e+02,-7.642256066147479032e+01
4.677682500000000232e+02,-7.978430738655366383e+01
4.677685429687500118e+02,-7.644666584777451135e+01
4.677688359375000005e+02,-7.303518294696543478e+01
4.677691289062499891e+02,-7.225073159441625137e+01
4.677694218750000346e+02,-7.388625439844656739e+01
4.677697148437500232e+02,-7.249310083374425062e+01
4.677700078125000118e+02,-8.057619640380123371e+01
4.677703007812500005e+02,-7.450087940370471529e+01
4.677705937499999891e+02,-7.353760753636021263e+01
4.677708867187500346e+02,-8.035130726460496930e+01
4.677711796875000232e+02,-8.683217694043838719e+01
4.677714726562500118e+02,-7.468806448498685313e+01
4.677717656250000005e+02,-7.772186234396005489e+01
4.677720585937499891e+02,-7.786969578646395007e+01
4.677723515625000346e+02,-7.615748634153577257e+01
4.677726445312500232e+02,-9.018749273949043754e+01
4.677729375000000118e+02,-7.398996024942069027e+01
4.677732304687500005e+02,-8.014462251725529995e+01
4.677735234374999891e+02,-9.188450283334555024e+01
4.677738164062500346e+02,-7.726018220403655334e+01
4.677741093750000232e+02,-7.424503615290772984e+01
4.677744023437500118e+02,-7.635068706888890233e+01
4.677746953125000005e+02,-7.589105601705138326e+01
4.677749882812499891e+02,-8.116275233774977949e+01
4.677752812500000346e+02,-7.706269134294674927e+01
4.677755742187500232e+02,-7.645073964437956704e+01
4.677758671875000118e+02,-9.663651480246713277e+01
4.677761601562500005e+02,-8.189054407394348800e+01
4.677764531249999891e+02,-7.338811532418100114e+01
4.677767460937500346e+02,-7.623312786243941730e+01
4.677770390625000232e+02,-8.525433966659518603e+01
4.677773320312500118e+02,-7.482131051174616232e+01
4.677776250000000005e+02,-7.651001510867972399e+01
4.677779179687499891e+02,-7.883950982933259866e+01
4.677782109375000346e+02,-8.120869961638283030e+01
4.677785039062500232e+02,-7.841004822286666354e+01
4.677787968750000118e+02,-7.613090629648601748e+01
4.677790898437500005e+02,-7.476378444889621733e+01
4.677793828124999891e+02,-7.946080845002938986e+01
4.677796757812500346e+02,-8.283468121009966012e+01
4.677799687500000232e+02,-7.476620460442381955e+01
4.677802617187500118e+02,-8.165899213566666504e+01
4.677805546875000005e+02,-8.182253260212939949e+01
4.677808476562499891e+02,-8.635867380221787926e+01
4.677811406250000346e+02,-7.950355859647035572e+01
4.677814335937500232e+02,-8.292055025041668159e+01
4.677817265625000118e+02,-8.389806471517147202e+01
4.677820195312500005e+02,-7.573287066141064372e+01
4.677823124999999891e+02,-7.416558654078527013e+01
4.677826054687500346e+02,-7.902466091683672289e+01
4.677828984375000232e+02,-7.723098347124101792e+01
4.677831914062500118e+02,-8.227627639208540700e+01
4.677834843750000005e+02,-8.139330277146719084e+01
4.677837773437499891e+02,-8.478274551970523021e+01
4.677840703125000346e+02,-9.210264993975246739e+01
4.677843632812500232e+02,-8.811991643214754788e+01
4.677846562500000118e+02,-8.016306998281521601e+01
4.677849492187500005e+02,-8.239113722422325736e+01
4.677852421874999891e+02,-7.680967813429278124e+01
4.677855351562500346e+02,-7.556051596814161542e+01
4.677858281250000232e+02,-8.249187649266053768e+01
4.677861210937500118e+02,-9.085641042518446397e+01
4.677864140625000005e+02,-7.990766149248196371e+01
4.677867070312499891e+02,-7.982960515741913810e+01
4.677870000000000346e+02,-9.203312426466459328e+01
4.677872929687500232e+02,-7.406732028933893730e+01
4.677875859375000118e+02,-7.150197230730601916e+01
4.677878789062500005e+02,-7.521328917629743671e+01
4.677881718749999891e+02,-8.278484142950178182e+01
4.677884648437500346e+02,-8.262358348437261668e+01
4.677887578125000232e+02,-8.451205148476005036e+01
4.677890507812500118e+02,-7.907530916102425067e+01
4.677893437500000005e+02,-7.815167631397892478e+01
4.677896367187499891e+02,-8.299364280292748219e+01
4.677899296875000346e+02,-7.348031247474301608e+01
4.677902226562500232e+02,-7.507365884580651993e+01
4.677905156250000118e+02,-8.095925837542969816e+01
4.677908085937500005e+02,-7.758522285437483390e+01
4.677911015624999891e+02,-7.953236816184332270e+01
4.677913945312500346e+02,-9.008860144515068669e+01
4.677916875000000232e+02,-7.545192946535973988e+01
4.677919804687500118e+02,-7.087295613426212526e+01
4.677922734375000005e+02,-7.206366147665740129e+01
4.677925664062499891e+02,-8.071820992712244447e+01
4.677928593750000346e+02,-7.675487603814083570e+01
4.677931523437500232e+02,-7.435882040626607647e+01
4.677934453125000118e+02,-9.116404919911309435e+01
4.677937382812500005e+02,-7.433613967028095715e+01
4.677940312499999891e+02,-7.388608396886604623e+01
4.677943242187500346e+02,-7.511628591988045400e+01
4.677946171875000232e+02,-7.325784388790548007e+01
4.677949101562500118e+02,-7.379908804308755066e+01
4.677952031250000005e+02,-8.578789706291958339e+01
4.677954960937499891e+02,-7.723078339423452121e+01
4.677957890625000346e+02,-7.890367372491398612e+01
4.677960820312500232e+02,-8.476909407781782591e+01
4.677963750000000118e+02,-8.396931370465581779e+01
4.677966679687500005e+02,-7.765105275660398831e+01
4.677969609374999891e+02,-7.941351354622119629e+01
4.677972539062500346e+02,-8.266521332356057883e+01
4.677975468750000232e+02,-8.524612128391660804e+01
4.677978398437500118e+02,-7.730043666656810331e+01
4.677981328125000005e+02,-7.785160497481436437e+01
4.677984257812499891e+02,-8.099012449183337026e+01
4.677987187500000346e+02,-8.514182752539335297e+01
4.677990117187500232e+02,-7.902586429252096423e+01
4.677993046875000118e+02,-9.013750124946460573e+01
4.677995976562500005e+02,-7.981991250853505449e+01
4.677998906249999891e+02,-7.881661053556771890e+01
4.678001835937500346e+02,-7.994785031991904134e+01
4.678004765625000232e+02,-7.981145235708584096e+01
4.678007695312500118e+02,-7.907459096490157435e+01
4.678010625000000005e+02,-8.485293031989829160e+01
4.678013554687499891e+02,-7.805558430557243810e+01
4.678016484375000346e+02,-8.222561608760298668e+01
4.678019414062500232e+02,-8.278778051966902751e+01
4.678022343750000118e+02,-7.408489626383703808e+01
4.678025273437500005e+02,-7.761681880767864072e+01
4.678028203124999891e+02,-7.626055163108691204e+01
4.678031132812500346e+02,-8.036270257214503943e+01
4.678034062500000232e+02,-7.727074051450587433e+01
4.678036992187500118e+02,-8.050122833141571732e+01
4.678039921875000005e+02,-8.259143308575146136e+01
4.678042851562499891e+02,-8.272262297672695297e+01
4.678045781250000346e+02,-7.686805911161295057e+01
4.678048710937500232e+02,-8.227599214000531447e+01
4.678051640625000118e+02,-7.657060160498745915e+01
4.678054570312500005e+02,-7.759904702269102472e+01
4.678057499999999891e+02,-7.663927981917103693e+01
4.678060429687500346e+02,-8.209847516031574344e+01
4.678063359375000232e+02,-8.349451280454559310e+01
4.678066289062500118e+02,-7.436730792023125503e+01
4.678069218750000005e+02,-7.594676337926534870e+01
4.678072148437499891e+02,-8.279049344595912885e+01
4.678075078125000346e+02,-9.342645158987150467e+01
4.678078007812500232e+02,-7.838347147517411884e+01
4.678080937500000118e+02,-8.743807155278264531e+01
4.678083867187500005e+02,-8.998872165159313852e+01
4.678086796874999891e+02,-7.983738386571492640e+01
4.678089726562500346e+02,-8.213093213255004343e+01
4.678092656250000232e+02,-8.513667880068931026e+01
4.678095585937500118e+02,-8.853952238094925065e+01
4.678098515625000005e+02,-7.838952877866177005e+01
4.678101445312499891e+02,-7.812846493442749818e+01
4.678104375000000346e+02,-8.730879224852571951e+01
4.678107304687500232e+02,-7.722394859639119602e+01
4.678110234375000118e+02,-8.292257050262868745e+01
4.678113164062500005e+02,-7.674470067378280191e+01
4.678116093749999891e+02,-7.537119894723238644e+01
4.678119023437500346e+02,-7.665983722778149456e+01
4.678121953125000232e+02,-8.276485534805166822e+01
4.678124882812500118e+02,-8.044383087719137393e+01
4.678127812500000005e+02,-8.893898232801348058e+01
4.678130742187499891e+02,-7.826975487061397985e+01
4.678133671875000346e+02,-7.819502110565872499e+01
4.678136601562500232e+02,-7.578121411683935094e+01
4.678139531250000118e+02,-7.973274939531286520e+01
4.678142460937500005e+02,-7.635562441017887636e+01
4.678145390624999891e+02,-7.527636081935985146e+01
4.678148320312500346e+02,-7.226250842130457386e+01
4.678151250000000232e+02,-7.629998226392537219e+01
4.678154179687500118e+02,-7.325754922507564970e+01
4.678157109375000005e+02,-7.866614856795064270e+01
4.678160039062499891e+02,-9.313748975755993342e+01
4.678162968750000346e+02,-8.398229386703133059e+01
4.678165898437500232e+02,-8.887461945446605682e+01
4.678168828125000118e+02,-7.426531210876187572e+01
4.678171757812500005e+02,-7.527889730115769851e+01
4.678174687499999891e+02,-9.705885463853974215e+01
4.678177617187500346e+02,-8.951409859680211412e+01
4.678180546875000232e+02,-1.018368530054630128e+02
4.678183476562500118e+02,-8.144647090470371609e+01
4.678186406250000005e+02,-7.947276250195552905e+01
4.678189335937499891e+02,-8.187843015060903440e+01
4.678192265625000346e+02,-8.107481998477020113e+01
4.678195195312500232e+02,-7.976992956671911372e+01
4.678198125000000118e+02,-8.286446038844394479e+01
4.678201054687500005e+02,-8.813259051436500613e+01
4.678203984374999891e+02,-8.168324858836939484e+01
4.678206914062500346e+02,-8.110526004269212308e+01
4.678209843750000232e+02,-7.969248725672110822e+01
4.678212773437500118e+02,-7.871299930275495171e+01
4.678215703125000005e+02,-7.773853114378499640e+01
4.678218632812499891e+02,-7.592938464135600896e+01
4.678221562500000346e+02,-8.095141557026994406e+01
4.678224492187500232e+02,-7.703623735209046686e+01
4.678227421875000118e+02,-8.482009622025370277e+01
4.678230351562500005e+02,-1.000284345689070307e+02
4.678233281249999891e+02,-7.801520067527891911e+01
4.678236210937500346e+02,-7.799158697839526155e+01
4.678239140625000232e+02,-7.630553959513370899e+01
4.678242070312500118e+02,-7.286946321586808040e+01
4.678245000000000005e+02,-7.512795797823224575e+01
4.678247929687499891e+02,-7.845413313460362303e+01
4.678250859375000346e+02,-7.997872499849768246e+01
4.678253789062500232e+02,-7.785884545672591628e+01
4.678256718750000118e+02,-7.954431310350952344e+01
4.678259648437500005e+02,-7.803344695370185491e+01
4.678262578124999891e+02,-8.073843082610792976e+01
4.678265507812500346e+02,-7.549431064598064722e+01
4.678268437500000232e+02,-7.459773220261155302e+01
4.678271367187500118e+02,-7.481946301194679450e+01
4.678274296875000005e+02,-7.988193296466147331e+01
4.678277226562499891e+02,-7.832075519722036461e+01
4.678280156250000346e+02,-8.368896184258079529e+01
4.678283085937500232e+02,-7.319429255431664672e+01
4.678286015625000118e+02,-7.910390806753729009e+01
4.678288945312500005e+02,-8.408820926033071430e+01
4.678291874999999891e+02,-7.801641812829262790e+01
4.678294804687500346e+02,-7.858436697342695254e+01
4.678297734375000232e+02,-7.997982102367004131e+01
4.678300664062500118e+02,-8.249331050285663025e+01
4.678303593750000005e+02,-8.803507622848691483e+01
4.678306523437499891e+02,-7.961763732277799477e+01
4.678309453125000346e+02,-7.861257539001121586e+01
4.678312382812500232e+02,-7.678088971919005701e+01
4.678315312500000118e+02,-7.644177188651028132e+01
4.678318242187500005e+02,-7.869299733464255553e+01
4.678321171874999891e+02,-7.952432176516143159e+01
4.678324101562500346e+02,-8.216220096553595909e+01
4.678327031250000232e+02,-8.035946699176689378e+01
4.678329960937500118e+02,-7.893056898487982664e+01
4.678332890625000005e+02,-9.250480741143654484e+01
4.678335820312499891e+02,-8.458826457439187152e+01
4.678338750000000346e+02,-8.872455537258895220e+01
4.678341679687500232e+02,-9.673145350444559654e+01
4.678344609375000118e+02,-8.327445332507720366e+01
4.678347539062500005e+02,-8.325403670682791812e+01
4.678350468749999891e+02,-8.867060561470890434e+01
4.678353398437500346e+02,-7.858099240136007779e+01
4.678356328125000232e+02,-8.066090892226725373e+01
4.678359257812500118e+02,-1.067740570898272949e+02
4.678362187500000005e+02,-8.445870908167259472e+01
4.678365117187499891e+02,-9.134342694191303735e+01
4.678368046875000346e+02,-8.478447284394181338e+01
4.678370976562500232e+02,-8.225980223688719661e+01
4.678373906250000118e+02,-7.602498663625206632e+01
4.678376835937500005e+02,-7.067038013561582943e+01
4.678379765624999891e+02,-7.654471995279075713e+01
4.678382695312500346e+02,-9.063192502743525836e+01
4.678385625000000232e+02,-7.938579164148336531e+01
4.678388554687500118e+02,-7.474443536123787624e+01
4.678391484375000005e+02,-7.347226942368590130e+01
4.678394414062499891e+02,-7.917133681918713251e+01
4.678397343750000346e+02,-8.299352788177935736e+01
4.678400273437500232e+02,-1.066596660421419642e+02
4.678403203125000118e+02,-8.797415294226760807e+01
4.678406132812500005e+02,-8.267754027488591362e+01
4.678409062499999891e+02,-8.898494324955386503e+01
4.678411992187500346e+02,-7.928987677439435799e+01
4.678414921875000232e+02,-7.913070979598626309e+01
4.678417851562500118e+02,-7.913268612406466218e+01
4.678420781250000005e+02,-8.013779328546250724e+01
4.678423710937499891e+02,-1.055980111700881423e+02
4.678426640625000346e+02,-8.084181707410220952e+01
4.678429570312500232e+02,-7.819950842537457447e+01
4.678432500000000118e+02,-9.004671408841538494e+01
4.678435429687500005e+02,-8.929343022943976393e+01
4.678438359374999891e+02,-7.982631025415389558e+01
4.678441289062500346e+02,-7.757437657067724501e+01
4.678444218750000232e+02,-7.623961707873617399e+01
4.678447148437500118e+02,-7.866396410496338376e+01
4.678450078125000005e+02,-8.247626578247815132e+01
4.678453007812499891e+02,-8.292169376627226995e+01
4.678455937500000346e+02,-7.901881955273569247e+01
4.678458867187500232e+02,-7.920507289830668185e+01
4.678461796875000118e+02,-8.779767825220307031e+01
4.678464726562500005e+02,-8.473989857695207206e+01
4.678467656249999891e+02,-7.460281906251125861e+01
4.678470585937500346e+02,-7.671141880560297466e+01
4.678473515625000232e+02,-8.337925279415649982e+01
4.678476445312500118e+02,-8.307047275642405282e+01
4.678479375000000005e+02,-8.239688493930668756e+01
4.678482304687499891e+02,-7.967035942484297095e+01
4.678485234375000346e+02,-8.330805925729083583e+01
4.678488164062500232e+02,-7.910070399999248991e+01
4.678491093750000118e+02,-7.814898349110586651e+01
4.678494023437500005e+02,-8.189463674369991963e+01
4.678496953124999891e+02,-7.872073899761437588e+01
4.678499882812500346e+02,-7.701760567895442477e+01
4.678502812500000232e+02,-9.217535526696903503e+01
4.678505742187500118e+02,-7.822731629169754797e+01
4.678508671875000005e+02,-7.596041773438054179e+01
4.678511601562499891e+02,-7.808770471780783851e+01
4.678514531250000346e+02,-7.602624794890195403e+01
4.678517460937500232e+02,-7.867229380587451715e+01
4.678520390625000118e+02,-9.604300464503920409e+01
4.678523320312500005e+02,-8.613738688790144238e+01
4.678526249999999891e+02,-7.986983782296996992e+01
4.678529179687500346e+02,-8.248185490979750512e+01
4.678532109375000232e+02,-8.459133976385692222e+01
4.678535039062500118e+02,-8.534238565934981580e+01
4.678537968750000005e+02,-8.592928114307314047e+01
4.678540898437499891e+02,-8.210485093702656911e+01
4.678543828125000346e+02,-7.745835329699229987e+01
4.678546757812500232e+02,-7.828556001163336475e+01
4.678549687500000118e+02,-8.405327769044178865e+01
4.678552617187500005e+02,-7.688240985459523813e+01
4.678555546874999891e+02,-8.590756114971178192e+01
4.678558476562500346e+02,-8.633992649033545774e+01
4.678561406250000232e+02,-7.982761936767846578e+01
4.678564335937500118e+02,-8.159433954586509685e+01
4.678567265625000005e+02,-7.578492915100096639e+01
4.678570195312499891e+02,-7.446465057740822147e+01
4.678573125000000346e+02,-7.810089358491003964e+01
4.678576054687500232e+02,-8.329747879396228427e+01
4.678578984375000118e+02,-7.881532034904300588e+01
4.678581914062500005e+02,-7.819612741182125148e+01
4.678584843749999891e+02,-7.694631003111021528e+01
4.678587773437500346e+02,-8.489132066413841926e+01
4.678590703125000232e+02,-7.928010694535693403e+01
4.678593632812500118e+02,-7.631330171710489196e+01
4.678596562500000005e+02,-7.537235698322868416e+01
4.678599492187499891e+02,-7.679711229984044962e+01
4.678602421875000346e+02,-8.647732072628593869e+01
4.678605351562500232e+02,-9.453058233679031730e+01
4.678608281250000118e+02,-7.678371937908640632e+01
4.678611210937500005e+02,-8.002871601479250785e+01
4.678614140624999891e+02,-7.971902790999483557e+01
4.678617070312500346e+02,-7.405040828822673404e+01
4.678620000000000232e+02,-7.781994314528947143e+01
4.678622929687500118e+02,-8.484776114733290342e+01
4.678625859375000005e+02,-8.025267259443754142e+01
4.678628789062499891e+02,-8.048713280450917296e+01
4.678631718750000346e+02,-9.971167968978372187e+01
4.678634648437500232e+02,-7.834214272513654009e+01
4.678637578125000118e+02,-7.902761119092232889e+01
4.678640507812500005e+02,-7.826051355229520823e+01
4.678643437499999891e+02,-7.934111288513545901e+01
4.678646367187500346e+02,-8.444064569922366559e+01
4.678649296875000232e+02,-8.236639524849320537e+01
4.678652226562500118e+02,-8.481089958892710001e+01
4.678655156250000005e+02,-9.414408638175595456e+01
4.678658085937499891e+02,-8.131233291861002499e+01
4.678661015625000346e+02,-8.028685545299411785e+01
4.678663945312500232e+02,-8.142634046043301055e+01
4.678666875000000118e+02,-9.580887479943032758e+01
4.678669804687500005e+02,-7.825909732609056846e+01
4.678672734374999891e+02,-8.880157102856912843e+01
4.678675664062500346e+02,-8.516836205942516358e+01
4.678678593750000232e+02,-8.587715801389536807e+01
4.678681523437500118e+02,-9.070716269245737351e+01
4.678684453125000005e+02,-7.944033064234450592e+01
4.678687382812499891e+02,-7.569589197358186539e+01
4.678690312500000346e+02,-7.492728738369693531e+01
4.678693242187500232e+02,-7.742796089242274604e+01
4.678696171875000118e+02,-8.001861264797472018e+01
4.678699101562500005e+02,-9.079531620271795589e+01
4.678702031249999891e+02,-8.267172457985125789e+01
4.678704960937500346e+02,-7.603399484469609604e+01
4.678707890625000232e+02,-7.956162145407461139e+01
4.678710820312500118e+02,-8.045315381614580019e+01
4.678713750000000005e+02,-7.844741582796783064e+01
4.678716679687499891e+02,-7.746013933955202901e+01
4.678719609375000346e+02,-7.579256285226693990e+01
4.678722539062500232e+02,-7.342509565452746756e+01
4.678725468750000118e+02,-7.588367607269829307e+01
4.678728398437500005e+02,-7.947081354640880591e+01
4.678731328124999891e+02,-9.581679214559707702e+01
4.678734257812500346e+02,-8.524537357355016809e+01
4.678737187500000232e+02,-7.498381796292028412e+01
4.678740117187500118e+02,-7.380026123072208577e+01
4.678743046875000005e+02,-8.343925382274227331e+01
4.678745976562499891e+02,-8.967803487154799313e+01
4.678748906250000346e+02,-7.612387216570482451e+01
4.678751835937500232e+02,-7.130771320527540524e+01
4.678754765625000118e+02,-7.415196810304850317e+01
4.678757695312500005e+02,-9.069164550908332956e+01
4.678760624999999891e+02,-8.575263129877355084e+01
4.678763554687500346e+02,-7.835697216297754153e+01
4.678766484375000232e+02,-8.084298442536291418e+01
4.678769414062500118e+02,-8.182139706370855947e+01
4.678772343750000005e+02,-7.758995403619465492e+01
4.678775273437499891e+02,-7.140802044397030102e+01
4.678778203125000346e+02,-7.612674500455160853e+01
4.678781132812500232e+02,-8.792131090776501878e+01
4.678784062500000118e+02,-8.153415991623161574e+01
4.678786992187500005e+02,-8.074111614984101948e+01
4.678789921874999891e+02,-7.706436058564858627e+01
4.678792851562500346e+02,-7.490103775958218080e+01
4.678795781250000232e+02,-8.173928941625341338e+01
4.678798710937500118e+02,-7.960891240576829375e+01
4.678801640625000005e+02,-7.761019761591212784e+01
4.678804570312499891e+02,-8.419372057862970848e+01
4.678807500000000346e+02,-8.848598071468342141e+01
4.678810429687500232e+02,-9.780670156119677472e+01
4.678813359375000118e+02,-7.993367997908666212e+01
4.678816289062500005e+02,-7.640704496961677705e+01
4.678819218749999891e+02,-8.195080016330643957e+01
4.678822148437500346e+02,-9.697671507530678525e+01
4.678825078125000232e+02,-8.991595856441131218e+01
4.678828007812500118e+02,-7.904113352071520637e+01
4.678830937500000005e+02,-7.520742362027208117e+01
4.678833867187499891e+02,-8.450281583254154327e+01
4.678836796875000346e+02,-8.007099642920707083e+01
4.678839726562500232e+02,-7.655200938849870340e+01
4.678842656250000118e+02,-7.858858805539499315e+01
4.678845585937500005e+02,-9.897073589596124066e+01
4.678848515624999891e+02,-7.913231959583481512e+01
4.678851445312500346e+02,-8.406773374325356940e+01
4.678854375000000232e+02,-8.498948120784483251e+01
4.678857304687500118e+02,-8.050503368691174444e+01
4.678860234375000005e+02,-9.343878544756830706e+01
4.678863164062499891e+02,-7.795231653781800674e+01
4.678866093750000346e+02,-7.787194731049294205e+01
4.678869023437500232e+02,-9.570396413507648958e+01
4.678871953125000118e+02,-7.904989302468635515e+01
4.678874882812500005e+02,-8.405351160652008957e+01
4.678877812499999891e+02,-7.672936636316178749e+01
4.678880742187500346e+02,-7.569109303192736604e+01
4.678883671875000232e+02,-8.488587144496926840e+01
4.678886601562500118e+02,-8.008440419101094676e+01
4.678889531250000005e+02,-7.742887478273262047e+01
4.678892460937499891e+02,-9.548081886972310883e+01
4.678895390625000346e+02,-7.505252478744557720e+01
4.678898320312500232e+02,-7.630401156039499710e+01
4.678901250000000118e+02,-8.472111447932063300e+01
4.678904179687500005e+02,-8.631488629825604164e+01
4.678907109374999891e+02,-8.122686944667064779e+01
4.678910039062500346e+02,-8.092970730643762067e+01
4.678912968750000232e+02,-7.356533998534516172e+01
4.678915898437500118e+02,-7.739199501791458147e+01
4.678918828125000005e+02,-8.140850542844535198e+01
4.678921757812499891e+02,-7.644729095631709015e+01
4.678924687500000346e+02,-7.982471746931278744e+01
4.678927617187500232e+02,-8.843354241370379043e+01
4.678930546875000118e+02,-7.942449552436995930e+01
4.678933476562500005e+02,-7.832726634561872459e+01
4.678936406249999891e+02,-7.888646450401088828e+01
4.678939335937500346e+02,-8.054987178069382026e+01
4.678942265625000232e+02,-9.250369284426723482e+01
4.678945195312500118e+02,-7.469014919212371240e+01
4.678948125000000005e+02,-7.192618570136522749e+01
4.678951054687499891e+02,-7.711859823837609440e+01
4.678953984375000346e+02,-7.647963060951292391e+01
4.678956914062500232e+02,-7.480684672139415170e+01
4.678959843750000118e+02,-8.115861377507236796e+01
4.678962773437500005e+02,-8.993975760948288212e+01
4.678965703124999891e+02,-8.075317812414910179e+01
4.678968632812500346e+02,-8.504307175062524493e+01
4.678971562500000232e+02,-7.571509762030702007e+01
4.678974492187500118e+02,-7.459689479161910697e+01
4.678977421875000005e+02,-7.885646022768621322e+01
4.678980351562499891e+02,-8.278338740784838024e+01
4.678983281250000346e+02,-7.843060373140703234e+01
4.678986210937500232e+02,-8.874774319494400743e+01
4.678989140625000118e+02,-7.988944618461593450e+01
4.678992070312500005e+02,-8.791174352461750630e+01
4.678994999999999891e+02,-7.934007585145651831e+01
4.678997929687500346e+02,-7.703868877878394983e+01
4.679000859375000232e+02,-8.520141549861622821e+01
4.679003789062500118e+02,-8.774371021255397807e+01
4.679006718750000005e+02,-7.552280077443745654e+01
4.679009648437499891e+02,-7.509385958481234979e+01
4.679012578125000346e+02,-7.919063575297974467e+01
4.679015507812500232e+02,-7.675791385043078208e+01
4.679018437500000118e+02,-9.249474181178814547e+01
4.679021367187500005e+02,-8.162779084326149359e+01
4.679024296874999891e+02,-9.055859498288727139e+01
4.679027226562500346e+02,-9.618183260318818384e+01
4.679030156250000232e+02,-7.880487808533476368e+01
4.679033085937500118e+02,-7.380782073849201197e+01
4.679036015625000005e+02,-7.690123094041192076e+01
4.679038945312499891e+02,-9.435962566992229483e+01
4.679041875000000346e+02,-8.561522450083830904e+01
4.679044804687500232e+02,-8.435315468528757776e+01
4.679047734375000118e+02,-8.524493795432788090e+01
4.679050664062500005e+02,-8.291119902203034542e+01
4.679053593749999891e+02,-8.378761047899887160e+01
4.679056523437500346e+02,-7.567348642157563177e+01
4.679059453125000232e+02,-7.494279941219843977e+01
4.679062382812500118e+02,-8.947591656120798120e+01
4.679065312500000005e+02,-7.542170325294107158e+01
4.679068242187499891e+02,-7.362885756447165875e+01
4.679071171875000346e+02,-7.781602034380365751e+01
4.679074101562500232e+02,-9.656161533688987220e+01
4.679077031250000118e+02,-8.447157126474252209e+01
4.679079960937500005e+02,-8.064560953814778088e+01
4.679082890624999891e+02,-8.241156869100348104e+01
4.679085820312500346e+02,-8.178586517945086598e+01
4.679088750000000232e+02,-7.966357445764651857e+01
4.679091679687500118e+02,-7.628400220846289415e+01
4.679094609375000005e+02,-7.476788822941220758e+01
4.679097539062499891e+02,-7.732369726122735187e+01
4.679100468750000346e+02,-8.787486682729149834e+01
4.679103398437500232e+02,-8.737410268675814962e+01
4.679106328125000118e+02,-8.805440616715412716e+01
4.679109257812500005e+02,-8.555237690348171498e+01
4.679112187499999891e+02,-7.862222566196260232e+01
4.679115117187500346e+02,-7.250720674937105059e+01
4.679118046875000232e+02,-7.165876147889646575e+01
4.679120976562500118e+02,-7.289737413992919812e+01
4.679123906250000005e+02,-7.867348450360982781e+01
4.679126835937499891e+02,-8.081506687293263269e+01
4.679129765625000346e+02,-7.647914021010767271e+01
4.679132695312500232e+02,-7.698012122261238233e+01
4.679135625000000118e+02,-7.937773614060107263e+01
4.679138554687500005e+02,-7.759858943952822585e+01
4.679141484374999891e+02,-7.844796359400362462e+01
4.679144414062500346e+02,-7.835448412022029174e+01
4.679147343750000232e+02,-7.940507951813737009e+01
4.679150273437500118e+02,-8.680616869782157607e+01
4.679153203125000005e+02,-7.909370399780645755e+01
4.679156132812499891e+02,-7.865545805579104410e+01
4.679159062500000346e+02,-8.014235211232690403e+01
4.679161992187500232e+02,-8.183523998018422674e+01
4.679164921875000118e+02,-8.154696973469239651e+01
4.679167851562500005e+02,-8.093174992610175877e+01
4.679170781249999891e+02,-8.492637548808485803e+01
4.679173710937500346e+02,-8.253623534714353127e+01
4.679176640625000232e+02,-8.537968471580150265e+01
4.679179570312500118e+02,-7.821059551671753240e+01
4.679182500000000005e+02,-8.062973740473502460e+01
4.679185429687499891e+02,-9.000701388679647152e+01
4.679188359375000346e+02,-8.081904478349963483e+01
4.679191289062500232e+02,-8.681742020204815447e+01
4.679194218750000118e+02,-9.266381567507137618e+01
4.679197148437500005e+02,-7.766588915746872601e+01
4.679200078124999891e+02,-7.844079978105600048e+01
4.679203007812500346e+02,-8.584536968636534482e+01
4.679205937500000232e+02,-8.237714002770788113e+01
4.679208867187500118e+02,-8.704932178792535069e+01
4.679211796875000005e+02,-7.883013994282100612e+01
4.679214726562499891e+02,-7.916195036825504872e+01
4.679217656250000346e+02,-9.759854061148330118e+01
4.679220585937500232e+02,-7.905234920654021380e+01
4.679223515625000118e+02,-7.615439865638117567e+01
4.679226445312500005e+02,-8.442046556303564842e+01
4.679229374999999891e+02,-8.311091951272513256e+01
4.679232304687500346e+02,-7.995007569592016239e+01
4.679235234375000232e+02,-8.025255703398391915e+01
4.679238164062500118e+02,-7.821282936447049394e+01
4.679241093750000005e+02,-9.613831502062549816e+01
4.679244023437499891e+02,-8.853442026235538265e+01
4.679246953125000346e+02,-7.496220746749582986e+01
4.679249882812500232e+02,-7.527373401101277750e+01
4.679252812500000118e+02,-8.241668961092587153e+01
4.679255742187500005e+02,-9.251686526405234190e+01
4.679258671874999891e+02,-8.562750122932500574e+01
4.679261601562500346e+02,-8.376158273277461319e+01
4.679264531250000232e+02,-8.122410485367460353e+01
4.679267460937500118e+02,-8.774397000888809828e+01
4.679270390625000005e+02,-7.641523409003139022e+01
4.679273320312499891e+02,-7.617019891213557514e+01
4.679276250000000346e+02,-7.841964765748623734e+01
4.679279179687500232e+02,-7.703066716061098873e+01
4.679282109375000118e+02,-7.794803190046972929e+01
4.679285039062500005e+02,-7.981219825306864379e+01
4.679287968749999891e+02,-8.802192761081884953e+01
4.679290898437500346e+02,-7.949115268992910899e+01
4.679293828125000232e+02,-9.321447612102866742e+01
4.679296757812500118e+02,-7.774483632478988682e+01
4.679299687500000005e+02,-7.775479657511053233e+01
4.679302617187499891e+02,-7.930684381879694911e+01
4.679305546875000346e+02,-7.464886044761367145e+01
4.679308476562500232e+02,-7.519172221512447152e+01
4.679311406250000118e+02,-7.614754075531733690e+01
4.679314335937500005e+02,-7.700704914192786532e+01
4.679317265624999891e+02,-7.808113967720740334e+01
4.679320195312500346e+02,-8.198615386358362400e+01
4.679323125000000232e+02,-8.052734398716481223e+01
4.679326054687500118e+02,-8.395024511221207320e+01
4.679328984375000005e+02,-7.323646035419801592e+01
4.679331914062499891e+02,-7.416540255417766048e+01
4.679334843750000346e+02,-7.485460388666029985e+01
4.679337773437500232e+02,-7.232547704305139291e+01
4.679340703125000118e+02,-7.336497670220039424e+01
4.679343632812500005e+02,-7.828932769175720807e+01
4.679346562499999891e+02,-7.426640762335173918e+01
4.679349492187500346e+02,-8.103487933527021880e+01
4.679352421875000232e+02,-7.509292813068368844e+01
4.679355351562500118e+02,-7.165236284661985167e+01
4.679358281250000005e+02,-7.646386169695931301e+01
4.679361210937499891e+02,-7.199302377486722548e+01
4.679364140625000346e+02,-7.392109683300846257e+01
4.679367070312500232e+02,-7.900267446181656794e+01
4.679370000000000118e+02,-7.553739929772169148e+01
4.679372929687500005e+02,-7.312952745669821297e+01
4.679375859374999891e+02,-7.780591239824192940e+01
4.679378789062500346e+02,-7.621181273745570195e+01
4.679381718750000232e+02,-7.922813470224495802e+01
4.679384648437500118e+02,-7.686455098666668562e+01
4.679387578125000005e+02,-7.406765087567622174e+01
4.679390507812499891e+02,-8.092641492530815128e+01
4.679393437500000346e+02,-7.359587700833944268e+01
4.679396367187500232e+02,-7.104331461317565299e+01
4.679399296875000118e+02,-7.298274062459063316e+01
4.679402226562500005e+02,-7.630863421147383008e+01
4.679405156249999891e+02,-9.255376091424525953e+01
4.679408085937500346e+02,-8.791880187540621705e+01
4.679411015625000232e+02,-8.758933878023452735e+01
4.679413945312500118e+02,-8.081457101259141496e+01
4.679416875000000005e+02,-7.403678970096339640e+01
4.679419804687499891e+02,-7.490310510638573760e+01
4.679422734375000346e+02,-7.619073816842463032e+01
4.679425664062500232e+02,-7.982454849166896338e+01
4.679428593750000118e+02,-8.440344036978501663e+01
4.679431523437500005e+02,-8.660488029936134069e+01
4.679434453124999891e+02,-8.838391986322945115e+01
4.679437382812500346e+02,-8.039003868250730989e+01
4.679440312500000232e+02,-7.858307435024394749e+01
4.679443242187500118e+02,-7.275873112273902166e+01
4.679446171875000005e+02,-7.260187945462445214e+01
4.679449101562499891e+02,-7.668412158990393834e+01
4.679452031250000346e+02,-7.956587744484509983e+01
4.679454960937500232e+02,-9.348941618041962442e+01
4.679457890625000118e+02,-8.318218306594125977e+01
4.679460820312500005e+02,-8.768376242696308509e+01
4.679463749999999891e+02,-9.455743004052337142e+01
4.679466679687500346e+02,-7.886198802194500956e+01
4.679469609375000232e+02,-7.787285544123095349e+01
4.679472539062500118e+02,-7.799648316707821039e+01
4.679475468750000005e+02,-7.666038545449329433e+01
4.679478398437499891e+02,-8.637415839290248698e+01
4.679481328125000346e+02,-7.839116157531475437e+01
4.679484257812500232e+02,-8.963835077400304385e+01
4.679487187500000118e+02,-7.986595483573118770e+01
4.679490117187500005e+02,-8.165609270069155912e+01
4.679493046874999891e+02,-8.104918244338911393e+01
4.679495976562500346e+02,-8.120495775468276634e+01
4.679498906250000232e+02,-7.906614532409538754e+01
4.679501835937500118e+02,-9.791472848520209027e+01
4.679504765625000005e+02,-7.552319597911439075e+01
4.679507695312499891e+02,-7.332146630235934026e+01
4.679510625000000346e+02,-8.645013643418862159e+01
4.679513554687500232e+02,-7.850434125596228796e+01
4.679516484375000118e+02,-7.957760388120811967e+01
4.679519414062500005e+02,-8.159133241385275426e+01
4.679522343749999891e+02,-8.377179428495274749e+01
4.679525273437500346e+02,-8.077330547880632139e+01
4.679528203125000232e+02,-7.655536126394169116e+01
4.679531132812500118e+02,-7.248366119668408203e+01
4.679534062500000005e+02,-7.746863012431241202e+01
4.679536992187499891e+02,-1.028659595842464256e+02
4.679539921875000346e+02,-9.032466482836140642e+01
4.679542851562500232e+02,-8.016576620053839974e+01
4.679545781250000118e+02,-7.930562414755810607e+01
4.679548710937500005e+02,-7.756443012307136087e+01
4.679551640624999891e+02,-8.547880137318702509e+01
4.679554570312500346e+02,-7.752252111581454130e+01
4.679557500000000232e+02,-7.964106532135004102e+01
4.679560429687500118e+02,-8.352482903277174842e+01
4.679563359375000005e+02,-7.867998184905340509e+01
4.679566289062499891e+02,-7.839270029037136567e+01
4.679569218750000346e+02,-7.348258468639539842e+01
4.679572148437500232e+02,-7.538534005286162198e+01
4.679575078125000118e+02,-7.979808924419111804e+01
4.679578007812500005e+02,-7.895697881251942363e+01
4.679580937499999891e+02,-7.989944508173397253e+01
4.679583867187500346e+02,-8.970243156445592092e+01
4.679586796875000232e+02,-8.075072761075458061e+01
4.679589726562500118e+02,-7.634637667651070103e+01
4.679592656250000005e+02,-7.817494519919405604e+01
4.679595585937499891e+02,-7.381381618546201651e+01
4.679598515625000346e+02,-7.487850764404561232e+01
4.679601445312500232e+02,-9.136592354898333213e+01
4.679604375000000118e+02,-8.585376728154946591e+01
4.679607304687500005e+02,-8.380273714392669149e+01
4.679610234374999891e+02,-9.395794904517528323e+01
4.679613164062500346e+02,-7.462480614540163515e+01
4.679616093750000232e+02,-7.296495010460282060e+01
4.679619023437500118e+02,-7.386049979679373223e+01
4.679621953125000005e+02,-7.317198359699153798e+01
4.679624882812499891e+02,-7.870580896650145064e+01
4.679627812500000346e+02,-7.767947823638854743e+01
4.679630742187500232e+02,-7.895779150374048072e+01
4.679633671875000118e+02,-8.149279692451435153e+01
4.679636601562500005e+02,-7.959759363156136658e+01
4.679639531249999891e+02,-7.185270069503627610e+01
4.679642460937500346e+02,-7.583926621400154033e+01
4.679645390625000232e+02,-8.162096736463936963e+01
4.679648320312500118e+02,-8.207933440457445329e+01
4.679651250000000005e+02,-8.156433238423113607e+01
4.679654179687499891e+02,-7.435906577060364953e+01
4.679657109375000346e+02,-7.866470800954505194e+01
4.679660039062500232e+02,-8.245001670913515568e+01
4.679662968750000118e+02,-8.123727962728875696e+01
4.679665898437500005e+02,-7.449708380615371084e+01
4.679668828124999891e+02,-8.450475473833613194e+01
4.679671757812500346e+02,-1.020887807844359543e+02
4.679674687500000232e+02,-8.095076494338981377e+01
4.679677617187500118e+02,-7.812675083178473301e+01
4.679680546875000005e+02,-8.081549359969218926e+01
4.679683476562499891e+02,-7.885381597456573388e+01
4.679686406250000346e+02,-8.234202141822348153e+01
4.679689335937500232e+02,-7.674026782323582552e+01
4.679692265625000118e+02,-7.681209346368332547e+01
4.679695195312500005e+02,-7.694735439865479520e+01
4.679698124999999891e+02,-8.939768823716057966e+01
4.679701054687500346e+02,-8.478295879556424097e+01
4.679703984375000232e+02,-9.297634144760814934e+01
4.679706914062500118e+02,-8.600330838264400768e+01
4.679709843750000005e+02,-8.132002330518191968e+01
4.679712773437499891e+02,-8.291313843369364633e+01
4.679715703125000346e+02,-8.002109806078942711e+01
4.679718632812500232e+02,-7.779463152457127251e+01
4.679721562500000118e+02,-7.778129258330173457e+01
4.679724492187500005e+02,-8.910938601089461031e+01
4.679727421874999891e+02,-7.916534120410899789e+01
4.679730351562500346e+02,-7.579669097320761750e+01
4.679733281250000232e+02,-7.492335609715524924e+01
4.679736210937500118e+02,-8.804882758850428104e+01
4.679739140625000005e+02,-7.975119207114451569e+01
4.679742070312499891e+02,-9.630655859335483626e+01
4.679745000000000346e+02,-7.712046468637670671e+01
4.679747929687500232e+02,-7.902455840036192569e+01
4.679750859375000118e+02,-8.994291681444430253e+01
4.679753789062500005e+02,-7.898047596616106603e+01
4.679756718749999891e+02,-7.806043643979563740e+01
4.679759648437500346e+02,-8.037946465292186815e+01
4.679762578125000232e+02,-8.925210832264760086e+01
4.679765507812500118e+02,-8.927892753420064764e+01
4.679768437500000005e+02,-7.747990593747063315e+01
4.679771367187499891e+02,-7.494013546170383222e+01
4.679774296875000346e+02,-8.368799815997812175e+01
4.679777226562500232e+02,-7.878173085882650639e+01
4.679780156250000118e+02,-7.730167073170137826e+01
4.679783085937500005e+02,-7.873203006378106750e+01
4.679786015624999891e+02,-8.115724952033892237e+01
4.679788945312500346e+02,-9.153260171693489156e+01
4.679791875000000232e+02,-8.042120625609207707e+01
4.679794804687500118e+02,-7.514915076226004942e+01
4.679797734375000005e+02,-7.670583822307038702e+01
4.679800664062499891e+02,-9.375699284877768491e+01
4.679803593750000346e+02,-7.692113266268427196e+01
4.679806523437500232e+02,-7.780341523055263053e+01
4.679809453125000118e+02,-8.202419384040142347e+01
4.679812382812500005e+02,-7.964424170377095891e+01
4.679815312499999891e+02,-8.398763354290994698e+01
4.679818242187500346e+02,-7.465453720187059616e+01
4.679821171875000232e+02,-7.342510811624849509e+01
4.679824101562500118e+02,-8.073959650946076749e+01
4.679827031250000005e+02,-7.894381856351066062e+01
4.679829960937499891e+02,-7.472452616480468635e+01
4.679832890625000346e+02,-7.601221767433852960e+01
4.679835820312500232e+02,-7.845465044064680171e+01
4.679838750000000118e+02,-7.907524933030416037e+01
4.679841679687500005e+02,-7.567250433590837133e+01
4.679844609374999891e+02,-7.474626971810708653e+01
4.679847539062500346e+02,-7.650743397267939372e+01
4.679850468750000232e+02,-7.434518413812394044e+01
4.679853398437500118e+02,-7.236233135409484873e+01
4.679856328125000005e+02,-7.139836835397653658e+01
4.679859257812499891e+02,-7.366752762371505980e+01
4.679862187500000346e+02,-7.788587757352216556e+01
4.679865117187500232e+02,-7.583193373296617779e+01
4.679868046875000118e+02,-7.478121234781059457e+01
4.679870976562500005e+02,-7.593981173685558872e+01
4.679873906249999891e+02,-7.708913391496233203e+01
4.679876835937500346e+02,-7.879748413652630745e+01
4.679879765625000232e+02,-7.745155782869618122e+01
4.679882695312500118e+02,-7.532791130766679544e+01
4.679885625000000005e+02,-7.737112949145316065e+01
4.679888554687499891e+02,-8.168787110301396126e+01
4.679891484375000346e+02,-7.829436576606109099e+01
4.679894414062500232e+02,-7.408756056816116597e+01
4.679897343750000118e+02,-7.375075449321792576e+01
4.679900273437500005e+02,-7.889824618509047127e+01
4.679903203124999891e+02,-8.450144159688876755e+01
4.679906132812500346e+02,-8.043811954741208581e+01
4.679909062500000232e+02,-8.038904072506694831e+01
4.679911992187500118e+02,-8.760027742202346701e+01
4.679914921875000005e+02,-7.923272097469903485e+01
4.679917851562499891e+02,-7.584480901070280368e+01
4.679920781250000346e+02,-7.380566822500827584e+01
4.679923710937500232e+02,-7.828672787496151386e+01
4.679926640625000118e+02,-8.753932501438487179e+01
4.679929570312500005e+02,-7.990671049419395899e+01
4.679932499999999891e+02,-8.884664939750537371e+01
4.679935429687500346e+02,-9.282159114279775736e+01
4.679938359375000232e+02,-8.617166748654295816e+01
4.679941289062500118e+02,-8.487066445882382482e+01
4.679944218750000005e+02,-7.977722344330840087e+01
4.679947148437499891e+02,-7.742565442186239011e+01
4.679950078125000346e+02,-8.651396605762222691e+01
4.679953007812500232e+02,-7.721241996728880963e+01
4.679955937500000118e+02,-8.147012976481376256e+01
4.679958867187500005e+02,-9.314817372726905376e+01
4.679961796874999891e+02,-8.187962222111647748e+01
4.679964726562500346e+02,-8.979036601331243617e+01
4.679967656250000232e+02,-8.683264015819210613e+01
4.679970585937500118e+02,-9.074445128655912640e+01
4.679973515625000005e+02,-8.979920837950837154e+01
4.679976445312499891e+02,-7.676510175336164821e+01
4.679979375000000346e+02,-7.751920152445151757e+01
4.679982304687500232e+02,-1.047790000346638948e+02
4.679985234375000118e+02,-8.840176385315831453e+01
4.679988164062500005e+02,-7.906858999324617798e+01
4.679991093749999891e+02,-7.993324752011490375e+01
4.679994023437500346e+02,-8.272705033818887443e+01
4.679996953125000232e+02,-8.429886007535446879e+01
4.679999882812500118e+02,-8.110562799760555208e+01
4.680002812500000005e+02,-7.864925394755253762e+01
4.680005742187499891e+02,-9.721548792156077923e+01
4.680008671875000346e+02,-8.585037710638243880e+01
4.680011601562500232e+02,-9.273345514798378986e+01
4.680014531250000118e+02,-8.611753103351396987e+01
4.680017460937500005e+02,-8.161692612501317967e+01
4.680020390624999891e+02,-8.001072602503077746e+01
4.680023320312500346e+02,-8.088642602074186527e+01
4.680026250000000232e+02,-8.377588234123282973e+01
4.680029179687500118e+02,-7.952139677522403360e+01
4.680032109375000005e+02,-7.901939772111762750e+01
4.680035039062499891e+02,-8.169523187827331867e+01
4.680037968750000346e+02,-8.759332746001275893e+01
4.680040898437500232e+02,-8.573046571841656771e+01
4.680043828125000118e+02,-8.151625166963604840e+01
4.680046757812500005e+02,-8.045021836555406480e+01
4.680049687499999891e+02,-8.815203280304403677e+01
4.680052617187500346e+02,-7.643761747435939924e+01
4.680055546875000232e+02,-7.455761087796933850e+01
4.680058476562500118e+02,-7.778311295721026397e+01
4.680061406250000005e+02,-8.299378565793708162e+01
4.680064335937499891e+02,-9.418207923444603580e+01
4.680067265625000346e+02,-8.049787532100947374e+01
4.680070195312500232e+02,-7.937783058162337113e+01
4.680073125000000118e+02,-9.104138096430548899e+01
4.680076054687500005e+02,-7.829296559472449246e+01
4.680078984374999891e+02,-7.280033333506472104e+01
4.680081914062500346e+02,-7.578376682552114119e+01
4.680084843750000232e+02,-9.036356145426660191e+01
4.680087773437500118e+02,-8.457979647809459323e+01
4.680090703125000005e+02,-7.827226766185729900e+01
4.680093632812499891e+02,-7.524817358720252969e+01
4.680096562500000346e+02,-7.905290240608643160e+01
4.680099492187500232e+02,-8.366480986472340931e+01
4.680102421875000118e+02,-7.720203931802912223e+01
4.680105351562500005e+02,-7.315130272241253806e+01
4.680108281249999891e+02,-7.613722703408403447e+01
4.680111210937500346e+02,-7.995826316279776336e+01
4.680114140625000232e+02,-7.907242551866134761e+01
4.680117070312500118e+02,-7.545347029457334997e+01
4.680120000000000005e+02,-7.788280280612198681e+01
4.680122929687499891e+02,-7.852146218087304419e+01
4.680125859375000346e+02,-7.595759591441816383e+01
4.680128789062500232e+02,-8.045328331805166044e+01
4.680131718750000118e+02,-7.674988475395622345e+01
4.680134648437500005e+02,-8.704955463955744221e+01
4.680137578124999891e+02,-7.743107687073167256e+01
4.680140507812500346e+02,-7.631182735497860392e+01
4.680143437500000232e+02,-8.073129528006846556e+01
4.680146367187500118e+02,-8.461195557731315375e+01
4.680149296875000005e+02,-8.079856766617253072e+01
4.680152226562499891e+02,-8.982777288602186161e+01
4.680155156250000346e+02,-7.912267362711034480e+01
4.680158085937500232e+02,-8.918944957985317501e+01
4.680161015625000118e+02,-7.680008880003742888e+01
4.680163945312500005e+02,-7.595571754184233271e+01
4.680166874999999891e+02,-8.248586871022597222e+01
4.680169804687500346e+02,-9.127574422944152843e+01
4.680172734375000232e+02,-8.059158571374659630e+01
4.680175664062500118e+02,-8.020778587164724627e+01
4.680178593750000005e+02,-8.506300934136544356e+01
4.680181523437499891e+02,-7.842403037278218392e+01
4.680184453125000346e+02,-8.995815160660941956e+01
4.680187382812500232e+02,-7.784734589115730330e+01
4.680190312500000118e+02,-9.159149333305860807e+01
4.680193242187500005e+02,-7.689221151385949327e+01
4.680196171874999891e+02,-8.333385533037123594e+01
4.680199101562500346e+02,-7.942048226356548923e+01
4.680202031250000232e+02,-8.114740778724186043e+01
4.680204960937500118e+02,-7.978840784577936063e+01
4.680207890625000005e+02,-7.764415026563334266e+01
4.680210820312499891e+02,-7.900975565887969765e+01
4.680213750000000346e+02,-8.475428350145811862e+01
4.680216679687500232e+02,-7.456427437022264826e+01
4.680219609375000118e+02,-7.443891134193319203e+01
4.680222539062500005e+02,-8.199299944753974501e+01
4.680225468749999891e+02,-8.998894680508307431e+01
4.680228398437500346e+02,-8.473137884624168237e+01
4.680231328125000232e+02,-7.780522121423427961e+01
4.680234257812500118e+02,-8.119691209223331896e+01
4.680237187500000005e+02,-8.168350910846571367e+01
4.680240117187499891e+02,-8.050556062442984739e+01
4.680243046875000346e+02,-7.380689582531307735e+01
4.680245976562500232e+02,-7.666255227206228540e+01
4.680248906250000118e+02,-8.165730694721833061e+01
4.680251835937500005e+02,-8.146022266856161309e+01
4.680254765624999891e+02,-7.764499990950923802e+01
4.680257695312500346e+02,-7.922174704538561230e+01
4.680260625000000232e+02,-8.003662658209131564e+01
4.680263554687500118e+02,-9.720888446258518911e+01
4.680266484375000005e+02,-7.672863180853950382e+01
4.680269414062499891e+02,-7.337399004215104981e+01
4.680272343750000346e+02,-7.685990798605286045e+01
4.680275273437500232e+02,-8.139974316680566346e+01
4.680278203125000118e+02,-7.538232750671471649e+01
4.680281132812500005e+02,-7.755340929103083170e+01
4.680284062499999891e+02,-9.084790205334897450e+01
4.680286992187500346e+02,-8.437050410716558702e+01
4.680289921875000232e+02,-8.723183979783630093e+01
4.680292851562500118e+02,-7.887044057061427793e+01
4.680295781250000005e+02,-7.678913165216341952e+01
4.680298710937499891e+02,-8.047336649544129727e+01
4.680301640625000346e+02,-7.884829740830434730e+01
4.680304570312500232e+02,-7.803598045060819288e+01
4.680307500000000118e+02,-8.394154907519394726e+01
4.680310429687500005e+02,-8.573805847822362125e+01
4.680313359374999891e+02,-8.181137386852689986e+01
4.680316289062500346e+02,-7.891009484635634408e+01
4.680319218750000232e+02,-8.009518049231273551e+01
4.680322148437500118e+02,-8.004833508636241390e+01
4.680325078125000005e+02,-8.107922790833613647e+01
4.680328007812499891e+02,-7.900401884032312694e+01
4.680330937500000346e+02,-7.835130769808556295e+01
4.680333867187500232e+02,-8.241966696694503014e+01
4.680336796875000118e+02,-1.017382663748616665e+02
4.680339726562500005e+02,-8.927176438631622091e+01
4.680342656249999891e+02,-8.654580574985942576e+01
4.680345585937500346e+02,-8.492610430607653882e+01
4.680348515625000232e+02,-8.374482616942924551e+01
4.680351445312500118e+02,-8.972042551630676144e+01
4.680354375000000005e+02,-8.040914096669689570e+01
4.680357304687499891e+02,-8.056770238105684712e+01
4.680360234375000346e+02,-9.055700831508889337e+01
4.680363164062500232e+02,-8.400923845791716360e+01
4.680366093750000118e+02,-8.747405237873942951e+01
4.680369023437500005e+02,-8.206721103511499393e+01
4.680371953124999891e+02,-8.013215095560057932e+01
4.680374882812500346e+02,-8.614593265770530195e+01
4.680377812500000232e+02,-8.453072607508396175e+01
4.680380742187500118e+02,-7.660631242760845794e+01
4.680383671875000005e+02,-8.221877085906257321e+01
4.680386601562499891e+02,-9.298085926492481690e+01
4.680389531250000346e+02,-8.363501949927089640e+01
4.680392460937500232e+02,-9.035755784451417583e+01
4.680395390625000118e+02,-9.027785844956541439e+01
4.680398320312500005e+02,-8.427416882955513699e+01
4.680401249999999891e+02,-8.681393622028193136e+01
4.680404179687500346e+02,-7.779892481795768333e+01
4.680407109375000232e+02,-8.074750979974852783e+01
4.680410039062500118e+02,-8.709421413876823692e+01
4.680412968750000005e+02,-8.382851358625373450e+01
4.680415898437499891e+02,-7.770939267409202955e+01
4.680418828125000346e+02,-9.035677375256391031e+01
4.680421757812500232e+02,-7.711160327496091327e+01
4.680424687500000118e+02,-7.401477036034955859e+01
4.680427617187500005e+02,-8.290193841385669771e+01
4.680430546874999891e+02,-8.013711601482921765e+01
4.680433476562500346e+02,-8.646657019123422572e+01
4.680436406250000232e+02,-8.680190668926412911e+01
4.680439335937500118e+02,-7.621774383140298426e+01
4.680442265625000005e+02,-7.870292986815692871e+01
4.680445195312499891e+02,-8.622256840387927923e+01
4.680448125000000346e+02,-7.822730863531781154e+01
4.680451054687500232e+02,-8.126682401607419592e+01
4.680453984375000118e+02,-8.711668719503627756e+01
4.680456914062500005e+02,-8.149016082132891370e+01
4.680459843749999891e+02,-9.098416085556948474e+01
4.680462773437500346e+02,-8.905506661844586347e+01
4.680465703125000232e+02,-8.439934044647895917e+01
4.680468632812500118e+02,-8.011921593124003493e+01
4.680471562500000005e+02,-7.610731868776440479e+01
4.680474492187499891e+02,-7.951681138310304675e+01
4.680477421875000346e+02,-8.084083255279279001e+01
4.680480351562500232e+02,-8.830876703773475356e+01
4.680483281250000118e+02,-8.313603119748279369e+01
4.680486210937500005e+02,-8.368430631106186013e+01
4.680489140624999891e+02,-8.468003438506704583e+01
4.680492070312500346e+02,-8.153073239255114402e+01
4.680495000000000232e+02,-7.611852957829965760e+01
4.680497929687500118e+02,-8.357753951357960887e+01
4.680500859375000005e+02,-8.361754137458213165e+01
4.680503789062499891e+02,-9.015554909419540763e+01
4.680506718750000346e+02,-8.512639577885032338e+01
4.680509648437500232e+02,-8.572847608065015379e+01
4.680512578125000118e+02,-9.645845120973653763e+01
4.680515507812500005e+02,-8.568519466385103556e+01
4.680518437499999891e+02,-8.257937109722357150e+01
4.680521367187500346e+02,-8.779868835094640644e+01
4.680524296875000232e+02,-8.786776342147702223e+01
4.680527226562500118e+02,-9.682678728048243499e+01
4.680530156250000005e+02,-8.765701252852201719e+01
4.680533085937499891e+02,-7.999948788683283851e+01
4.680536015625000346e+02,-1.038925579995580648e+02
4.680538945312500232e+02,-9.081071389016020134e+01
4.680541875000000118e+02,-8.160746063162727637e+01
4.680544804687500005e+02,-8.892581692836785123e+01
4.680547734374999891e+02,-8.359073839512839754e+01
4.680550664062500346e+02,-1.009576598180144060e+02
4.680553593750000232e+02,-8.670421465402007755e+01
4.680556523437500118e+02,-7.628635605764263516e+01
4.680559453125000005e+02,-7.914969730223830879e+01
4.680562382812499891e+02,-9.051346677823856623e+01
4.680565312500000346e+02,-8.262569122141060518e+01
4.680568242187500232e+02,-8.575142117368740458e+01
4.680571171875000118e+02,-7.800433203138206295e+01
4.680574101562500005e+02,-7.994937857250664592e+01
4.680577031249999891e+02,-8.571872450508718089e+01
4.680579960937500346e+02,-7.978285842110591375e+01
4.680582890625000232e+02,-7.760702734691886917e+01
4.680585820312500118e+02,-8.087868441751504633e+01
4.680588750000000005e+02,-8.021971113648035612e+01
4.680591679687499891e+02,-8.413473804063937678e+01
4.680594609375000346e+02,-7.702313033260745101e+01
4.680597539062500232e+02,-7.868209463856155139e+01
4.680600468750000118e+02,-7.900321632044857267e+01
4.680603398437500005e+02,-7.691145838206010410e+01
4.680606328124999891e+02,-7.531800379839127402e+01
4.680609257812500346e+02,-8.095962428773964348e+01
4.680612187500000232e+02,-7.689475105302398106e+01
4.680615117187500118e+02,-8.601748505855938731e+01
4.680618046875000005e+02,-7.843001673832107201e+01
4.680620976562499891e+02,-7.758207449340704898e+01
4.680623906250000346e+02,-8.071482254804449497e+01
4.680626835937500232e+02,-7.540225197848214123e+01
4.680629765625000118e+02,-7.375704588587508681e+01
4.680632695312500005e+02,-8.028473944699410936e+01
4.680635624999999891e+02,-7.632735902613620738e+01
4.680638554687500346e+02,-7.669272930447972669e+01
4.680641484375000232e+02,-7.987473600788082706e+01
4.680644414062500118e+02,-8.112663677579453747e+01
4.680647343750000005e+02,-8.314158742452750062e+01
4.680650273437499891e+02,-8.514868496525041053e+01
4.680653203125000346e+02,-7.752106060072632943e+01
4.680656132812500232e+02,-8.366422550193844643e+01
4.680659062500000118e+02,-8.037073574561773626e+01
4.680661992187500005e+02,-8.097142449536039521e+01
4.680664921874999891e+02,-8.962512348728171219e+01
4.680667851562500346e+02,-8.776668431948596094e+01
4.680670781250000232e+02,-8.158778214620843983e+01
4.680673710937500118e+02,-9.512901747393669893e+01
4.680676640625000005e+02,-8.036224175574758988e+01
4.680679570312499891e+02,-8.661485346263003748e+01
4.680682500000000346e+02,-8.130633386300064558e+01
4.680685429687500232e+02,-8.106514141729542189e+01
4.680688359375000118e+02,-8.797794374303867926e+01
4.680691289062500005e+02,-9.128717405573470955e+01
4.680694218749999891e+02,-8.043549965734355567e+01
4.680697148437500346e+02,-7.928346831906607406e+01
4.680700078125000232e+02,-9.376246777456040604e+01
4.680703007812500118e+02,-8.505401703938582614e+01
4.680705937500000005e+02,-8.468682386409349760e+01
4.680708867187499891e+02,-8.238482917488053658e+01
4.680711796875000346e+02,-8.214288256120711651e+01
4.680714726562500232e+02,-8.504124531899560679e+01
4.680717656250000118e+02,-8.110747372272325606e+01
4.680720585937500005e+02,-7.656172660343708003e+01
4.680723515624999891e+02,-8.188014938239348339e+01
4.680726445312500346e+02,-8.772902311574799228e+01
4.680729375000000232e+02,-8.091776983149537728e+01
4.680732304687500118e+02,-7.790363930771546563e+01
4.680735234375000005e+02,-9.615215135043735017e+01
4.680738164062499891e+02,-8.475862567697534189e+01
4.680741093750000346e+02,-8.300473222417534203e+01
4.680744023437500232e+02,-7.805800127579959735e+01
4.680746953125000118e+02,-7.737244146836965797e+01
4.680749882812500005e+02,-7.787860781841590097e+01
4.680752812499999891e+02,-7.769411749551606761e+01
4.680755742187500346e+02,-7.887276179773303397e+01
4.680758671875000232e+02,-9.462789989449871086e+01
4.680761601562500118e+02,-8.219754868590817409e+01
4.680764531250000005e+02,-8.361633019853968563e+01
4.680767460937499891e+02,-8.268325391784331657e+01
4.680770390625000346e+02,-8.543302485978981053e+01
4.680773320312500232e+02,-7.935438813195619900e+01
4.680776250000000118e+02,-7.595169578764665630e+01
4.680779179687500005e+02,-7.780251195603160852e+01
4.680782109374999891e+02,-8.574130951162771908e+01
4.680785039062500346e+02,-8.470679930533091806e+01
4.680787968750000232e+02,-8.094601777006027987e+01
4.680790898437500118e+02,-8.345043429419135350e+01
4.680793828125000005e+02,-8.586753982506047578e+01
4.680796757812499891e+02,-8.151104719949977095e+01
4.680799687500000346e+02,-7.780513987573013424e+01
4.680802617187500232e+02,-7.842048900245964660e+01
4.680805546875000118e+02,-8.442347511275175975e+01
4.680808476562500005e+02,-9.035314252521607159e+01
4.680811406249999891e+02,-8.225198059645890680e+01
4.680814335937500346e+02,-8.644938734877685249e+01
4.680817265625000232e+02,-9.014018909070750851e+01
4.680820195312500118e+02,-8.603324609210696394e+01
4.680823125000000005e+02,-8.593320994077370756e+01
4.680826054687499891e+02,-8.222742086928408867e+01
4.680828984375000346e+02,-8.829184124344521933e+01
4.680831914062500232e+02,-9.720843024442002900e+01
4.680834843750000118e+02,-8.293994703218305631e+01
4.680837773437500005e+02,-8.259230158750078488e+01
4.680840703124999891e+02,-8.480764104685236759e+01
4.680843632812500346e+02,-9.920925468358477417e+01
4.680846562500000232e+02,-8.504001344958616926e+01
4.680849492187500118e+02,-8.776023694903956596e+01
4.680852421875000005e+02,-8.194061734466367852e+01
4.680855351562499891e+02,-1.026810438147222726e+02
4.680858281250000346e+02,-9.385742161036448294e+01
4.680861210937500232e+02,-8.053244475841749761e+01
4.680864140625000118e+02,-7.673228006564049508e+01
4.680867070312500005e+02,-7.971213412056530956e+01
4.680869999999999891e+02,-8.007638153934428260e+01
4.680872929687500346e+02,-7.912384299008904520e+01
4.680875859375000232e+02,-8.280569165288454769e+01
4.680878789062500118e+02,-8.293989438440554807e+01
4.680881718750000005e+02,-8.592422935569940989e+01
4.680884648437499891e+02,-9.219226516916201319e+01
4.680887578125000346e+02,-8.501641541767453703e+01
4.680890507812500232e+02,-1.084359454554484472e+02
4.680893437500000118e+02,-8.113314655572082756e+01
4.680896367187500005e+02,-7.462936428593921789e+01
4.680899296874999891e+02,-7.547357849084698955e+01
4.680902226562500346e+02,-8.529402219510514271e+01
4.680905156250000232e+02,-8.212107121225622564e+01
4.680908085937500118e+02,-8.461756883718265954e+01
4.680911015625000005e+02,-8.780999990148124823e+01
4.680913945312499891e+02,-8.571196556699518965e+01
4.680916875000000346e+02,-7.989346681754207680e+01
4.680919804687500232e+02,-7.706884042010399583e+01
4.680922734375000118e+02,-7.779545630076158602e+01
4.680925664062500005e+02,-8.636170198097694595e+01
4.680928593749999891e+02,-7.664274779108774283e+01
4.680931523437500346e+02,-7.615296052586808173e+01
4.680934453125000232e+02,-8.635304940370096460e+01
4.680937382812500118e+02,-7.815068741846710054e+01
4.680940312500000005e+02,-7.861104719275978425e+01
4.680943242187499891e+02,-8.081904265132453702e+01
4.680946171875000346e+02,-7.739570826231739886e+01
4.680949101562500232e+02,-7.774487271498006180e+01
4.680952031250000118e+02,-9.423834117822377721e+01
4.680954960937500005e+02,-7.715710116507592886e+01
4.680957890624999891e+02,-8.121934636070128022e+01
4.680960820312500346e+02,-9.328444872792410081e+01
4.680963750000000232e+02,-8.145134273436943317e+01
4.680966679687500118e+02,-7.937456649906708606e+01
4.680969609375000005e+02,-8.266208682729777024e+01
4.680972539062499891e+02,-8.112164338786642759e+01
4.680975468750000346e+02,-8.888219549181711443e+01
4.680978398437500232e+02,-7.606527652781976201e+01
4.680981328125000118e+02,-7.865900587457844040e+01
4.680984257812500005e+02,-8.604625925155035304e+01
4.680987187499999891e+02,-8.648995220908595627e+01
4.680990117187500346e+02,-8.378409187265353353e+01
4.680993046875000232e+02,-9.226199395018667815e+01
4.680995976562500118e+02,-9.190323204709500260e+01
4.680998906250000005e+02,-8.139576876587310039e+01
4.681001835937499891e+02,-8.458680869028560778e+01
4.681004765625000346e+02,-7.596991389629944535e+01
4.681007695312500232e+02,-8.441469428614526294e+01
4.681010625000000118e+02,-8.837649217482345421e+01
4.681013554687500005e+02,-8.548331181292324743e+01
4.681016484374999891e+02,-8.981097226384520127e+01
4.681019414062500346e+02,-7.796012129499665377e+01
4.681022343750000232e+02,-8.574393120170469729e+01
4.681025273437500118e+02,-8.343250972102431717e+01
4.681028203125000005e+02,-7.999075724457892989e+01
4.681031132812499891e+02,-8.871143878296462049e+01
4.681034062500000346e+02,-7.810475476564391784e+01
4.681036992187500232e+02,-7.851774280875505951e+01
4.681039921875000118e+02,-8.357078198394127355e+01
4.681042851562500005e+02,-7.804078771023847594e+01
4.681045781249999891e+02,-7.830771336212586675e+01
4.681048710937500346e+02,-8.671481443075168727e+01
4.681051640625000232e+02,-8.492125461008259890e+01
4.681054570312500118e+02,-8.380106680386390394e+01
4.681057500000000005e+02,-9.080907810484728770e+01
4.681060429687499891e+02,-7.458057815378599287e+01
4.681063359375000346e+02,-7.902071355905341932e+01
4.681066289062500232e+02,-8.068970722245535399e+01
4.681069218750000118e+02,-8.028939790793151587e+01
4.681072148437500005e+02,-8.586927248593555362e+01
4.681075078124999891e+02,-9.426276091967929460e+01
4.681078007812500346e+02,-8.703302892140453650e+01
4.681080937500000232e+02,-8.321386018159815023e+01
4.681083867187500118e+02,-8.382742563075902353e+01
4.681086796875000005e+02,-8.725708614725390078e+01
4.681089726562499891e+02,-7.818297889417590341e+01
4.681092656250000346e+02,-8.148818571991149895e+01
4.681095585937500232e+02,-9.233415911869937531e+01
4.681098515625000118e+02,-9.022795679028077132e+01
4.681101445312500005e+02,-8.327913432071585476e+01
4.681104374999999891e+02,-8.306466149139005495e+01
4.681107304687500346e+02,-9.118868465122737632e+01
4.681110234375000232e+02,-8.786111281434725129e+01
4.681113164062500118e+02,-8.105418899541533051e+01
4.681116093750000005e+02,-8.111203786857504383e+01
4.681119023437499891e+02,-8.468697891832547953e+01
4.681121953125000346e+02,-9.422445157463270959e+01
4.681124882812500232e+02,-8.552101106487491222e+01
4.681127812500000118e+02,-8.501122916146951525e+01
4.681130742187500005e+02,-8.673189806609131836e+01
4.681133671874999891e+02,-9.396913938684456014e+01
4.681136601562500346e+02,-8.404861453325341358e+01
4.681139531250000232e+02,-8.571000850950191818e+01
4.681142460937500118e+02,-8.479098285380646871e+01
4.681145390625000005e+02,-8.844413929390910312e+01
4.681148320312499891e+02,-8.122129265137331799e+01
4.681151250000000346e+02,-8.035569797182327534e+01
4.681154179687500232e+02,-8.742078900708010281e+01
4.681157109375000118e+02,-8.788759203961186017e+01
4.681160039062500005e+02,-8.352619565793256129e+01
4.681162968749999891e+02,-8.180150105450084652e+01
4.681165898437500346e+02,-9.490008073708571601e+01
4.681168828125000232e+02,-8.383720946435255428e+01
4.681171757812500118e+02,-8.655175986417292222e+01
4.681174687500000005e+02,-8.526260053129988137e+01
4.681177617187499891e+02,-9.443402122835780688e+01
4.681180546875000346e+02,-8.837430065074839547e+01
4.681183476562500232e+02,-7.896928936882031280e+01
4.681186406250000118e+02,-7.678706101625678571e+01
4.681189335937500005e+02,-9.180980141768066005e+01
4.681192265624999891e+02,-8.584426270600694409e+01
4.681195195312500346e+02,-8.849283382663028874e+01
4.681198125000000232e+02,-8.890678118837240618e+01
4.681201054687500118e+02,-8.794551634256580996e+01
4.681203984375000005e+02,-9.683279392626846516e+01
4.681206914062499891e+02,-8.645235645690361537e+01
4.681209843750000346e+02,-7.796124311236009419e+01
4.681212773437500232e+02,-8.394773530530891037e+01
4.681215703125000118e+02,-9.239618461744532851e+01
4.681218632812500005e+02,-8.885707525424889752e+01
4.681221562499999891e+02,-9.876869784906057248e+01
4.681224492187500346e+02,-7.949031158077737302e+01
4.681227421875000232e+02,-7.842462024293438105e+01
4.681230351562500118e+02,-8.537950762994276488e+01
4.681233281250000005e+02,-8.005027521752056430e+01
4.681236210937499891e+02,-8.283481976027417204e+01
4.681239140625000346e+02,-9.136605663419594237e+01
4.681242070312500232e+02,-8.340874613902508372e+01
4.681245000000000118e+02,-8.336418288622672890e+01
4.681247929687500005e+02,-8.547018336933814453e+01
4.681250859374999891e+02,-7.686269962221436458e+01
4.681253789062500346e+02,-8.038706325555833132e+01
4.681256718750000232e+02,-8.574727300118908602e+01
4.681259648437500118e+02,-8.200043105202632887e+01
4.681262578125000005e+02,-9.153570884949589015e+01
4.681265507812499891e+02,-8.375753315329193072e+01
4.681268437500000346e+02,-8.205077056458702600e+01
4.681271367187500232e+02,-8.773957497873777811e+01
4.681274296875000118e+02,-7.556775968243850627e+01
4.681277226562500005e+02,-7.387941877043756733e+01
4.681280156249999891e+02,-8.244058188513449181e+01
4.681283085937500346e+02,-8.853140039083353940e+01
4.681286015625000232e+02,-9.401252184320719607e+01
4.681288945312500118e+02,-9.714726345412849184e+01
4.681291875000000005e+02,-8.530215282927370879e+01
4.681294804687499891e+02,-9.775388390153992191e+01
4.681297734375000346e+02,-7.957716245244532161e+01
4.681300664062500232e+02,-7.609643877740825246e+01
4.681303593750000118e+02,-8.217749552236563204e+01
4.681306523437500005e+02,-8.782865569133505801e+01
4.681309453124999891e+02,-8.378614492684967274e+01
4.681312382812500346e+02,-8.979469058733074860e+01
4.681315312500000232e+02,-8.533708506870750909e+01
4.681318242187500118e+02,-9.803893563040594472e+01
4.681321171875000005e+02,-8.632347199379154290e+01
4.681324101562499891e+02,-8.295493500466656656e+01
4.681327031250000346e+02,-7.978415102694489747e+01
4.681329960937500232e+02,-8.501695996023647695e+01
4.681332890625000118e+02,-8.779850829039671112e+01
4.681335820312500005e+02,-8.494872082178488881e+01
4.681338749999999891e+02,-9.598196448670121583e+01
4.681341679687500346e+02,-9.113924503254304454e+01
4.681344609375000232e+02,-9.204416043432621564e+01
4.681347539062500118e+02,-8.600263086347604258e+01
4.681350468750000005e+02,-8.243397696904216332e+01
4.681353398437499891e+02,-8.172275913980402606e+01
4.681356328125000346e+02,-8.545605477346109069e+01
4.681359257812500232e+02,-8.303075871992838586e+01
4.681362187500000118e+02,-1.090399791594329884e+02
4.681365117187500005e+02,-9.488798338833255741e+01
4.681368046874999891e+02,-8.334559695993777950e+01
4.681370976562500346e+02,-8.284161314200176207e+01
4.681373906250000232e+02,-8.136269001878672213e+01
4.681376835937500118e+02,-7.748200988559767666e+01
4.681379765625000005e+02,-8.908726081382729944e+01
4.681382695312499891e+02,-8.058526321475321197e+01
4.681385625000000346e+02,-8.927659465600223143e+01
4.681388554687500232e+02,-8.783662713487700557e+01
4.681391484375000118e+02,-8.675794776991648405e+01
4.681394414062500005e+02,-8.116397613718525861e+01
4.681397343749999891e+02,-8.231081048632893271e+01
4.681400273437500346e+02,-7.872841372895922518e+01
4.681403203125000232e+02,-9.463574861306656771e+01
4.681406132812500118e+02,-7.807047916519456976e+01
4.681409062500000005e+02,-7.831562975477103805e+01
4.681411992187499891e+02,-9.394212149572106796e+01
4.681414921875000346e+02,-8.781030289186398363e+01
4.681417851562500232e+02,-8.329820949353346293e+01
4.681420781250000118e+02,-7.938098603375534879e+01
4.681423710937500005e+02,-8.150580567230610995e+01
4.681426640624999891e+02,-8.885794588779928915e+01
4.681429570312500346e+02,-8.146920620603120256e+01
4.681432500000000232e+02,-7.708861888553015262e+01
4.681435429687500118e+02,-9.144411813738233263e+01
4.681438359375000005e+02,-8.334478103584983444e+01
4.681441289062499891e+02,-8.611390260517104878e+01
4.681444218750000346e+02,-8.210929781161175356e+01
4.681447148437500232e+02,-8.442317325881964507e+01
4.681450078125000118e+02,-8.683960700226357687e+01
4.681453007812500005e+02,-8.006193631697254887e+01
4.681455937499999891e+02,-7.486378221263282740e+01
4.681458867187500346e+02,-7.904190904894350922e+01
4.681461796875000232e+02,-8.701533662675265646e+01
4.681464726562500118e+02,-8.771226897947536827e+01
4.681467656250000005e+02,-9.357303517557531336e+01
4.681470585937499891e+02,-9.129206177619482787e+01
4.681473515625000346e+02,-8.588326984589230051e+01
4.681476445312500232e+02,-8.196698801054814965e+01
4.681479375000000118e+02,-8.091341367473194168e+01
4.681482304687500005e+02,-7.883649658144210548e+01
4.681485234374999891e+02,-8.854895416724282597e+01
4.681488164062500346e+02,-9.034906420705263486e+01
4.681491093750000232e+02,-8.762915960955101013e+01
4.681494023437500118e+02,-8.637854358422396217e+01
4.681496953125000005e+02,-8.928393693568750678e+01
4.681499882812499891e+02,-7.727189727456151047e+01
4.681502812500000346e+02,-7.974247184739024874e+01
4.681505742187500232e+02,-7.999812514982585299e+01
4.681508671875000118e+02,-8.570559065209074845e+01
4.681511601562500005e+02,-1.199598280734728775e+02
4.681514531249999891e+02,-8.159570818081095922e+01
4.681517460937500346e+02,-8.080160157647648589e+01
4.681520390625000232e+02,-8.508129901034477882e+01
4.681523320312500118e+02,-8.200374754466650984e+01
4.681526250000000005e+02,-9.344225146270132143e+01
4.681529179687499891e+02,-8.482654519919302061e+01
4.681532109375000346e+02,-8.036775704672520249e+01
4.681535039062500232e+02,-8.186000806477166236e+01
4.681537968750000118e+02,-8.047281753402309334e+01
4.681540898437500005e+02,-7.442933669314469114e+01
4.681543828124999891e+02,-7.545161320548228900e+01
4.681546757812500346e+02,-9.111615267630634207e+01
4.681549687500000232e+02,-8.774723918120876931e+01
4.681552617187500118e+02,-8.127133713442202634e+01
4.681555546875000005e+02,-8.630789494085833269e+01
4.681558476562499891e+02,-8.647257185122775525e+01
4.681561406250000346e+02,-8.771005706183436246e+01
4.681564335937500232e+02,-7.980950739668060123e+01
4.681567265625000118e+02,-7.538845600698715543e+01
4.681570195312500005e+02,-8.132630816975529342e+01
4.681573124999999891e+02,-9.196924268789229018e+01
4.681576054687500346e+02,-7.988447449169447623e+01
4.681578984375000232e+02,-7.841836852452144058e+01
4.681581914062500118e+02,-8.447696555754194492e+01
4.681584843750000005e+02,-7.976278382741961082e+01
4.681587773437499891e+02,-8.786952948722201029e+01
4.681590703125000346e+02,-7.760982992206743347e+01
4.681593632812500232e+02,-8.037468552594866367e+01
4.681596562500000118e+02,-1.060346980966221366e+02
4.681599492187500005e+02,-8.297331509954781836e+01
4.681602421874999891e+02,-7.895689796254814041e+01
4.681605351562500346e+02,-8.125258341457504230e+01
4.681608281250000232e+02,-7.869129136371454081e+01
4.681611210937500118e+02,-8.168027425637141903e+01
4.681614140625000005e+02,-8.656387398004640943e+01
4.681617070312499891e+02,-7.980218800631894283e+01
4.681620000000000346e+02,-8.798095430792942295e+01
4.681622929687500232e+02,-8.165925947926427853e+01
4.681625859375000118e+02,-8.302100522465761401e+01
4.681628789062500005e+02,-8.327818923730072243e+01
4.681631718749999891e+02,-8.099086657700020453e+01
4.681634648437500346e+02,-7.795659616026104288e+01
4.681637578125000232e+02,-8.518363126950524133e+01
4.681640507812500118e+02,-9.628025627271712494e+01
4.681643437500000005e+02,-9.012446313084518579e+01
4.681646367187499891e+02,-8.170004150957197453e+01
4.681649296875000346e+02,-7.941124253308876746e+01
4.681652226562500232e+02,-9.186822555135412927e+01
4.681655156250000118e+02,-9.892009998786323877e+01
4.681658085937500005e+02,-8.505300562988279012e+01
4.681661015624999891e+02,-8.629844810990189785e+01
4.681663945312500346e+02,-8.674340521787331681e+01
4.681666875000000232e+02,-8.540758542217758986e+01
4.681669804687500118e+02,-9.331077229546387741e+01
4.681672734375000005e+02,-8.198388288624052223e+01
4.681675664062499891e+02,-9.228297748728822114e+01
4.681678593750000346e+02,-8.773289417190568429e+01
4.681681523437500232e+02,-8.039273208666580217e+01
4.681684453125000118e+02,-8.696936666323126985e+01
4.681687382812500005e+02,-8.176394901826964201e+01
4.681690312499999891e+02,-8.567317101737376106e+01
4.681693242187500346e+02,-9.089473947454395386e+01
4.681696171875000232e+02,-9.045775183023097554e+01
4.681699101562500118e+02,-8.600543975216123727e+01
4.681702031250000005e+02,-7.723892438980854536e+01
4.681704960937499891e+02,-8.566191438544437631e+01
4.681707890625000346e+02,-8.804181611366044535e+01
4.681710820312500232e+02,-8.631262670616628441e+01
4.681713750000000118e+02,-9.318830871469106114e+01
4.681716679687500005e+02,-8.565783934421945389e+01
4.681719609374999891e+02,-9.315977069226981655e+01
4.681722539062500346e+02,-9.783797961956761924e+01
4.681725468750000232e+02,-7.929002172271657400e+01
4.681728398437500118e+02,-8.063739017062974312e+01
4.681731328125000005e+02,-8.774592835453759676e+01
4.681734257812499891e+02,-9.072144200628918043e+01
4.681737187500000346e+02,-9.227660697527618083e+01
4.681740117187500232e+02,-8.280345694779741450e+01
4.681743046875000118e+02,-8.554084743351621967e+01
4.681745976562500005e+02,-9.101994931972666336e+01
4.681748906249999891e+02,-8.885900924363792797e+01
4.681751835937500346e+02,-8.412436180047956213e+01
4.681754765625000232e+02,-8.947220748084340869e+01
4.681757695312500118e+02,-8.660591214219594747e+01
4.681760625000000005e+02,-9.185466957893582673e+01
4.681763554687499891e+02,-8.327482145234968414e+01
4.681766484375000346e+02,-8.307316346048150990e+01
4.681769414062500232e+02,-8.566593167176162638e+01
4.681772343750000118e+02,-8.168021789278888889e+01
4.681775273437500005e+02,-8.847064398020560816e+01
4.681778203124999891e+02,-9.459021984275446471e+01
4.681781132812500346e+02,-9.957756933078206885e+01
4.681784062500000232e+02,-9.775775148610561871e+01
4.681786992187500118e+02,-8.576627293013913800e+01
4.681789921875000005e+02,-9.163226798531353268e+01
4.681792851562499891e+02,-9.798947913974515700e+01
4.681795781250000346e+02,-9.730322354118733585e+01
4.681798710937500232e+02,-9.402139398922244595e+01
4.681801640625000118e+02,-9.112409108264378688e+01
4.681804570312500005e+02,-1.073966789451691000e+02
4.681807499999999891e+02,-9.074350626856630697e+01
4.681810429687500346e+02,-8.504753361168452841e+01
4.681813359375000232e+02,-8.935985162291829909e+01
4.681816289062500118e+02,-8.668702219691384414e+01
4.681819218750000005e+02,-8.806076766475136708e+01
4.681822148437499891e+02,-8.433974911180823142e+01
4.681825078125000346e+02,-8.713345594652949444e+01
4.681828007812500232e+02,-9.301910354480946808e+01
4.681830937500000118e+02,-8.434628089770163228e+01
4.681833867187500005e+02,-9.656839564625131800e+01
4.681836796874999891e+02,-9.406428325583365790e+01
4.681839726562500346e+02,-8.298511147589320558e+01
4.681842656250000232e+02,-8.506230595703586062e+01
4.681845585937500118e+02,-8.245942253313512538e+01
4.681848515625000005e+02,-7.945271336158145914e+01
4.681851445312499891e+02,-8.671018433797340208e+01
4.681854375000000346e+02,-8.230779354200382159e+01
4.681857304687500232e+02,-8.582688213229458540e+01
4.681860234375000118e+02,-1.065374434973617355e+02
4.681863164062500005e+02,-8.388131667467517616e+01
4.681866093749999891e+02,-8.100050550122179516e+01
4.681869023437500346e+02,-8.949305482397450362e+01
4.681871953125000232e+02,-7.954774752274680338e+01
4.681874882812500118e+02,-7.861724267330029647e+01
4.681877812500000005e+02,-8.191633568249200437e+01
4.681880742187499891e+02,-8.504634037456349915e+01
4.681883671875000346e+02,-8.778026822690920028e+01
4.681886601562500232e+02,-8.292922972300715401e+01
4.681889531250000118e+02,-7.943193518655613161e+01
4.681892460937500005e+02,-8.376290872139716726e+01
4.681895390624999891e+02,-8.489805002767215569e+01
4.681898320312500346e+02,-7.626508832842061736e+01
4.681901250000000232e+02,-9.169709361484733279e+01
4.681904179687500118e+02,-8.100799198929651368e+01
4.681907109375000005e+02,-9.539750235165283243e+01
4.681910039062499891e+02,-9.366004888880783597e+01
4.681912968750000346e+02,-8.715478469588015287e+01
4.681915898437500232e+02,-9.854487114369297274e+01
4.681918828125000118e+02,-9.873222363073914210e+01
4.681921757812500005e+02,-8.078252719921439962e+01
4.681924687499999891e+02,-8.363274676605306013e+01
4.681927617187500346e+02,-8.059717095677400778e+01
4.681930546875000232e+02,-8.560705726213356570e+01
4.681933476562500118e+02,-8.063039036192486719e+01
4.681936406250000005e+02,-8.355342548252762924e+01
4.681939335937499891e+02,-8.169554244106819851e+01
4.681942265625000346e+02,-8.621682134496764149e+01
4.681945195312500232e+02,-8.905165085276244952e+01
4.681948125000000118e+02,-8.427399822583797118e+01
4.681951054687500005e+02,-8.639275248677613206e+01
4.681953984374999891e+02,-8.613793889673003434e+01
4.681956914062500346e+02,-8.256519169938741243e+01
4.681959843750000232e+02,-8.003160232633403837e+01
4.681962773437500118e+02,-8.456986990500757884e+01
4.681965703125000005e+02,-7.823741177981203521e+01
4.681968632812499891e+02,-9.291613605966729494e+01
4.681971562500000346e+02,-8.009793343542253297e+01
4.681974492187500232e+02,-8.092645954465947966e+01
4.681977421875000118e+02,-8.412931681181524368e+01
4.681980351562500005e+02,-8.989611727307161004e+01
4.681983281249999891e+02,-7.905827337235027130e+01
4.681986210937500346e+02,-1.051139011629551590e+02
4.681989140625000232e+02,-7.474088219450877091e+01
4.681992070312500118e+02,-7.747731133042306340e+01
4.681995000000000005e+02,-8.190218306021040462e+01
4.681997929687499891e+02,-7.678074671474095680e+01
4.682000859375000346e+02,-8.312082849641890903e+01
4.682003789062500232e+02,-9.069329234040047538e+01
4.682006718750000118e+02,-8.332315725911620063e+01
4.682009648437500005e+02,-8.516893904469336007e+01
4.682012578124999891e+02,-7.981710269120580392e+01
4.682015507812500346e+02,-7.479326173753955231e+01
4.682018437500000232e+02,-8.628300237642628190e+01
4.682021367187500118e+02,-7.774163489705146901e+01
4.682024296875000005e+02,-9.087942756417056955e+01
4.682027226562499891e+02,-8.516438601622587612e+01
4.682030156250000346e+02,-8.298411430064483341e+01
4.682033085937500232e+02,-7.954993848069507578e+01
4.682036015625000118e+02,-8.830942099767455034e+01
4.682038945312500005e+02,-7.551885748577004165e+01
4.682041874999999891e+02,-7.968740749146998326e+01
4.682044804687500346e+02,-8.041552822227401975e+01
4.682047734375000232e+02,-8.200477250521841199e+01
4.682050664062500118e+02,-8.132737398943672247e+01
4.682053593750000005e+02,-8.317562347547982426e+01
4.682056523437499891e+02,-7.866511262977391539e+01
4.682059453125000346e+02,-8.462416356848180499e+01
4.682062382812500232e+02,-7.680100663860692123e+01
4.682065312500000118e+02,-7.700609060344972079e+01
4.682068242187500005e+02,-9.452682101542542625e+01
4.682071171874999891e+02,-9.012122776598391738e+01
4.682074101562500346e+02,-7.809370755996368985e+01
4.682077031250000232e+02,-7.964947020864886440e+01
4.682079960937500118e+02,-7.905419300011237738e+01
4.682082890625000005e+02,-7.959719109853116947e+01
4.682085820312499891e+02,-8.267097514004397851e+01
4.682088750000000346e+02,-7.605786594870740203e+01
4.682091679687500232e+02,-8.981420551678678521e+01
4.682094609375000118e+02,-9.277385809911436354e+01
4.682097539062500005e+02,-7.788449138702232233e+01
4.682100468749999891e+02,-7.718287919743120540e+01
4.682103398437500346e+02,-8.812893437451384671e+01
4.682106328125000232e+02,-8.070999918054305056e+01
4.682109257812500118e+02,-8.205111303142754764e+01
4.682112187500000005e+02,-7.903477719346037134e+01
4.682115117187499891e+02,-7.807016882285535075e+01
4.682118046875000346e+02,-9.101236962004817599e+01
4.682120976562500232e+02,-7.949206991711876924e+01
4.682123906250000118e+02,-7.523204488686116065e+01
4.682126835937500005e+02,-8.512922476057977406e+01
4.682129765624999891e+02,-8.511644742982869616e+01
4.682132695312500346e+02,-8.403171205877347916e+01
4.682135625000000232e+02,-9.146935271905473996e+01
4.682138554687500118e+02,-8.595146958753889521e+01
4.682141484375000005e+02,-8.538315836056102626e+01
4.682144414062499891e+02,-8.076924438034440357e+01
4.682147343750000346e+02,-8.167173942808256015e+01
4.682150273437500232e+02,-7.883045179064528440e+01
4.682153203125000118e+02,-8.378134981807724557e+01
4.682156132812500005e+02,-8.191925684839560518e+01
4.682159062499999891e+02,-8.150610925637828075e+01
4.682161992187500346e+02,-8.887354823952095728e+01
4.682164921875000232e+02,-9.272253462917083766e+01
4.682167851562500118e+02,-8.174594114380134613e+01
4.682170781250000005e+02,-8.140765045691364321e+01
4.682173710937499891e+02,-8.407005793445964059e+01
4.682176640625000346e+02,-8.161155499455892937e+01
4.682179570312500232e+02,-7.886324504250683276e+01
4.682182500000000118e+02,-9.601976175400628222e+01
4.682185429687500005e+02,-8.013403611217988498e+01
4.682188359374999891e+02,-8.012886211286250671e+01
4.682191289062500346e+02,-8.213176128889625716e+01
4.682194218750000232e+02,-8.423129685157455526e+01
4.682197148437500118e+02,-9.515763865407382127e+01
4.682200078125000005e+02,-8.061965658704438908e+01
4.682203007812499891e+02,-7.772797918023022135e+01
4.682205937500000346e+02,-8.310389057143024161e+01
4.682208867187500232e+02,-8.710298071296307398e+01
4.682211796875000118e+02,-7.976188141741461379e+01
4.682214726562500005e+02,-7.885254851915198060e+01
4.682217656249999891e+02,-8.505508310668437844e+01
4.682220585937500346e+02,-9.428496003262189618e+01
4.682223515625000232e+02,-9.064232047056174224e+01
4.682226445312500118e+02,-8.010964666418942670e+01
4.682229375000000005e+02,-7.889466253336604495e+01
4.682232304687499891e+02,-8.184624959811907274e+01
4.682235234375000346e+02,-8.120501734473222655e+01
4.682238164062500232e+02,-7.773457540939681110e+01
4.682241093750000118e+02,-8.187194033101233970e+01
4.682244023437500005e+02,-8.330270744464138488e+01
4.682246953124999891e+02,-8.119974628175334885e+01
4.682249882812500346e+02,-8.174164036420506818e+01
4.682252812500000232e+02,-7.960395760458612813e+01
4.682255742187500118e+02,-7.985634709816585541e+01
4.682258671875000005e+02,-8.297307348838897667e+01
4.682261601562499891e+02,-8.582590857397720185e+01
4.682264531250000346e+02,-8.334184399318486669e+01
4.682267460937500232e+02,-8.676122719709120190e+01
4.682270390625000118e+02,-7.977224872276926249e+01
4.682273320312500005e+02,-8.234770750276895512e+01
4.682276249999999891e+02,-9.149734853017379521e+01
4.682279179687500346e+02,-8.006313163235448371e+01
4.682282109375000232e+02,-8.074605218488764535e+01
4.682285039062500118e+02,-8.867931984326145312e+01
4.682287968750000005e+02,-8.807370189292572604e+01
4.682290898437499891e+02,-9.595887207184118495e+01
4.682293828125000346e+02,-7.938189228788029084e+01
4.682296757812500232e+02,-7.860750296002390769e+01
4.682299687500000118e+02,-9.770027221830039821e+01
4.682302617187500005e+02,-8.552204737458720274e+01
4.682305546874999891e+02,-8.122258474673057549e+01
4.682308476562500346e+02,-8.198136808076419868e+01
4.682311406250000232e+02,-8.301124360987159889e+01
4.682314335937500118e+02,-8.001086466408742126e+01
4.682317265625000005e+02,-9.188444281989998785e+01
4.682320195312499891e+02,-8.123828663803037387e+01
4.682323125000000346e+02,-9.211306225092863542e+01
4.682326054687500232e+02,-8.484167942187394829e+01
4.682328984375000118e+02,-8.447657862931765749e+01
4.682331914062500005e+02,-8.218960490906069083e+01
4.682334843749999891e+02,-8.468446055087036939e+01
4.682337773437500346e+02,-7.924133692739036405e+01
4.682340703125000232e+02,-7.869055135716409666e+01
4.682343632812500118e+02,-8.920549259330427105e+01
4.682346562500000005e+02,-8.555401703171624206e+01
4.682349492187499891e+02,-8.683040709648452093e+01
4.682352421875000346e+02,-8.014441420601299626e+01
4.682355351562500232e+02,-8.352812526161085316e+01
4.682358281250000118e+02,-8.659670770005877216e+01
4.682361210937500005e+02,-8.633214288263886260e+01
4.682364140624999891e+02,-8.279064211018230424e+01
4.682367070312500346e+02,-8.070638074656122285e+01
4.682370000000000232e+02,-8.651050972952019436e+01
4.682372929687500118e+02,-8.866627587546051359e+01
4.682375859375000005e+02,-7.756060249647123328e+01
4.682378789062499891e+02,-8.007943771663659049e+01
4.682381718750000346e+02,-8.316878374475041369e+01
4.682384648437500232e+02,-1.003006805079485417e+02
4.682387578125000118e+02,-8.928950019464694776e+01
4.682390507812500005e+02,-8.148694967736111039e+01
4.682393437499999891e+02,-8.012309705152622996e+01
4.682396367187500346e+02,-8.976231369669322646e+01
4.682399296875000232e+02,-7.932466453206718882e+01
4.682402226562500118e+02,-7.718689839468289904e+01
4.682405156250000005e+02,-8.317014598002285197e+01
4.682408085937499891e+02,-8.290475858122198360e+01
4.682411015625000346e+02,-8.900927546542476421e+01
4.682413945312500232e+02,-9.004773289170090322e+01
4.682416875000000118e+02,-8.196135676139533643e+01
4.682419804687500005e+02,-8.284595727063171466e+01
4.682422734374999891e+02,-8.486789300571058448e+01
4.682425664062500346e+02,-7.700422785206600906e+01
4.682428593750000232e+02,-9.644789546753682430e+01
4.682431523437500118e+02,-7.630595866009032591e+01
4.682434453125000005e+02,-8.197686919091819391e+01
4.682437382812499891e+02,-8.551087088710207240e+01
4.682440312500000346e+02,-8.702366541814321010e+01
4.682443242187500232e+02,-9.288482782717588293e+01
4.682446171875000118e+02,-1.044203666752613202e+02
4.682449101562500005e+02,-8.213401009500067573e+01
4.682452031249999891e+02,-8.403152256044806734e+01
4.682454960937500346e+02,-7.923272280995274741e+01
4.682457890625000232e+02,-8.151869463751930311e+01
4.682460820312500118e+02,-9.396835925487138752e+01
4.682463750000000005e+02,-8.707655396208181742e+01
4.682466679687499891e+02,-1.034240164852619728e+02
4.682469609375000346e+02,-9.151332935986168593e+01
4.682472539062500232e+02,-8.066520767962893501e+01
4.682475468750000118e+02,-8.037259621080700356e+01
4.682478398437500005e+02,-7.745605258249514691e+01
4.682481328124999891e+02,-7.880309540612965691e+01
4.682484257812500346e+02,-8.234187839486514804e+01
4.682487187500000232e+02,-7.681891671743311178e+01
4.682490117187500118e+02,-8.331929868716697740e+01
4.682493046875000005e+02,-8.430152968720420859e+01
4.682495976562499891e+02,-8.751671459207824455e+01
4.682498906250000346e+02,-8.376569898322634344e+01
4.682501835937500232e+02,-8.117606928632307017e+01
4.682504765625000118e+02,-7.538975925616094287e+01
4.682507695312500005e+02,-8.678800570036833051e+01
4.682510624999999891e+02,-7.587330153913538311e+01
4.682513554687500346e+02,-7.874248080098909952e+01
4.682516484375000232e+02,-8.383133603647279131e+01
4.682519414062500118e+02,-8.758688956741943343e+01
4.682522343750000005e+02,-8.277824472103347375e+01
4.682525273437499891e+02,-8.678908115034275284e+01
4.682528203125000346e+02,-7.821757753492670417e+01
4.682531132812500232e+02,-7.758004520218885602e+01
4.682534062500000118e+02,-8.157776951772568452e+01
4.682536992187500005e+02,-7.496730006070224306e+01
4.682539921874999891e+02,-8.807527711940497284e+01
4.682542851562500346e+02,-8.358322643689592724e+01
4.682545781250000232e+02,-8.314054990005570289e+01
4.682548710937500118e+02,-7.906107453722802347e+01
4.682551640625000005e+02,-8.128802850693256232e+01
4.682554570312499891e+02,-7.886978492153798470e+01
4.682557500000000346e+02,-8.076578295088651771e+01
4.682560429687500232e+02,-7.742854704064244231e+01
4.682563359375000118e+02,-8.511290679643137480e+01
4.682566289062500005e+02,-8.233077796772450085e+01
4.682569218749999891e+02,-8.674603991275151316e+01
4.682572148437500346e+02,-7.961777203974266115e+01
4.682575078125000232e+02,-8.131725872415621836e+01
4.682578007812500118e+02,-8.602718200326620490e+01
4.682580937500000005e+02,-8.348173320933781838e+01
4.682583867187499891e+02,-8.508043591054456556e+01
4.682586796875000346e+02,-8.736421715723378156e+01
4.682589726562500232e+02,-8.132251518848212868e+01
4.682592656250000118e+02,-8.418794579836503544e+01
4.682595585937500005e+02,-8.095684966210674816e+01
4.682598515624999891e+02,-7.592415121495916708e+01
4.682601445312500346e+02,-7.517195652589768429e+01
4.682604375000000232e+02,-8.217830817001183163e+01
4.682607304687500118e+02,-8.262041712322942999e+01
4.682610234375000005e+02,-8.432986518394648101e+01
4.682613164062499891e+02,-8.074542681927687227e+01
4.682616093750000346e+02,-7.847978699695902094e+01
4.682619023437500232e+02,-8.883581102088569992e+01
4.682621953125000118e+02,-7.930337734553771156e+01
4.682624882812500005e+02,-7.662041733453428094e+01
4.682627812499999891e+02,-7.886575393882593232e+01
4.682630742187500346e+02,-9.947172868035335114e+01
4.682633671875000232e+02,-8.063947970048576508e+01
4.682636601562500118e+02,-7.827454080470221243e+01
4.682639531250000005e+02,-7.786984736351794822e+01
4.682642460937499891e+02,-8.021215345708888833e+01
4.682645390625000346e+02,-8.892977263883805961e+01
4.682648320312500232e+02,-8.085495245257222052e+01
4.682651250000000118e+02,-7.868260952722006607e+01
4.682654179687500005e+02,-8.512348428451402071e+01
4.682657109374999891e+02,-8.487653589211606686e+01
4.682660039062500346e+02,-7.762821293425149349e+01
4.682662968750000232e+02,-7.972995469237376653e+01
4.682665898437500118e+02,-8.043072007077446983e+01
4.682668828125000005e+02,-8.468360448535665341e+01
4.682671757812499891e+02,-8.780725351141371959e+01
4.682674687500000346e+02,-8.569023790199514679e+01
4.682677617187500232e+02,-8.093364219819007133e+01
4.682680546875000118e+02,-9.183528823318020784e+01
4.682683476562500005e+02,-7.912472060912189420e+01
4.682686406249999891e+02,-7.769780551681218128e+01
4.682689335937500346e+02,-8.083477885991672451e+01
4.682692265625000232e+02,-8.693451508652479731e+01
4.682695195312500118e+02,-8.781864945121080268e+01
4.682698125000000005e+02,-9.124433171855301339e+01
4.682701054687499891e+02,-9.164419253879940186e+01
4.682703984375000346e+02,-9.229538166698182522e+01
4.682706914062500232e+02,-8.053050468562661024e+01
4.682709843750000118e+02,-7.771809857159296087e+01
4.682712773437500005e+02,-7.987037152901986303e+01
4.682715703124999891e+02,-8.092371671869506145e+01
4.682718632812500346e+02,-9.714778187004802135e+01
4.682721562500000232e+02,-8.118164500885643520e+01
4.682724492187500118e+02,-8.154699564381712662e+01
4.682727421875000005e+02,-8.491401402673955090e+01
4.682730351562499891e+02,-8.472190901806186503e+01
4.682733281250000346e+02,-7.882321075977102964e+01
4.682736210937500232e+02,-8.044670427834898874e+01
4.682739140625000118e+02,-8.122884022658782044e+01
4.682742070312500005e+02,-8.517254821666821840e+01
4.682744999999999891e+02,-8.407041040069424298e+01
4.682747929687500346e+02,-7.882978955854802905e+01
4.682750859375000232e+02,-8.400257880104261687e+01
4.682753789062500118e+02,-9.159079147674637511e+01
4.682756718750000005e+02,-8.024329106512817589e+01
4.682759648437499891e+02,-8.382272312565361005e+01
4.682762578125000346e+02,-8.577243940112821008e+01
4.682765507812500232e+02,-8.333279282118331821e+01
4.682768437500000118e+02,-8.724025631777892897e+01
4.682771367187500005e+02,-7.935357718157327156e+01
4.682774296874999891e+02,-8.199123003760419692e+01
4.682777226562500346e+02,-1.002766706406216599e+02
4.682780156250000232e+02,-8.234190771570850131e+01
4.682783085937500118e+02,-8.695784304894860384e+01
4.682786015625000005e+02,-9.044046084395711205e+01
4.682788945312499891e+02,-8.898837080906710639e+01
4.682791875000000346e+02,-8.347060446659908450e+01
4.682794804687500232e+02,-8.541108984846371754e+01
4.682797734375000118e+02,-8.119344997869114877e+01
4.682800664062500005e+02,-8.652945602068069775e+01
4.682803593749999891e+02,-9.921486657912382157e+01
4.682806523437500346e+02,-8.296812045658958823e+01
4.682809453125000232e+02,-8.477907027464807754e+01
4.682812382812500118e+02,-8.333066923306643048e+01
4.682815312500000005e+02,-8.862001068231514012e+01
4.682818242187499891e+02,-9.189132233623419665e+01
4.682821171875000346e+02,-7.995217681355613593e+01
4.682824101562500232e+02,-8.223880056189081245e+01
4.682827031250000118e+02,-9.347048911272908356e+01
4.682829960937500005e+02,-8.839401638137817940e+01
4.682832890624999891e+02,-8.232094451438941007e+01
4.682835820312500346e+02,-8.059569734387709161e+01
4.682838750000000232e+02,-7.856566095068052391e+01
4.682841679687500118e+02,-8.783572884861715124e+01
4.682844609375000005e+02,-8.304668653563773262e+01
4.682847539062499891e+02,-7.945785178899200218e+01
4.682850468750000346e+02,-8.788690468303002490e+01
4.682853398437500232e+02,-9.010430171139870481e+01
4.682856328125000118e+02,-8.228185343141633723e+01
4.682859257812500005e+02,-8.492758823860206974e+01
4.682862187499999891e+02,-8.053124423311800228e+01
4.682865117187500346e+02,-8.255012124393262241e+01
4.682868046875000232e+02,-8.936328304004030088e+01
4.682870976562500118e+02,-7.871794389521181756e+01
4.682873906250000005e+02,-7.732923908185475170e+01
4.682876835937499891e+02,-8.543312063044331239e+01
4.682879765625000346e+02,-8.335254803718461858e+01
4.682882695312500232e+02,-8.309427736292974487e+01
4.682885625000000118e+02,-9.537222989726011235e+01
4.682888554687500005e+02,-8.440576536118416584e+01
4.682891484374999891e+02,-9.677012956706892055e+01
4.682894414062500346e+02,-8.291043204350640394e+01
4.682897343750000232e+02,-7.637774370489887588e+01
4.682900273437500118e+02,-8.209619363094074629e+01
4.682903203125000005e+02,-8.633319126269572052e+01
4.682906132812499891e+02,-8.579874495009184443e+01
4.682909062500000346e+02,-7.740842025361020262e+01
4.682911992187500232e+02,-8.113728719702578474e+01
4.682914921875000118e+02,-8.640096818734973283e+01
4.682917851562500005e+02,-9.208685837175730171e+01
4.682920781249999891e+02,-7.676272364665335601e+01
4.682923710937500346e+02,-7.623615574529763705e+01
4.682926640625000232e+02,-8.994591555203024313e+01
4.682929570312500118e+02,-8.147180262986205435e+01
4.682932500000000005e+02,-8.417146761195999716e+01
4.682935429687499891e+02,-7.906568565542124816e+01
4.682938359375000346e+02,-8.187220599368143326e+01
4.682941289062500232e+02,-8.457582981548951295e+01
4.682944218750000118e+02,-8.814793786754215432e+01
4.682947148437500005e+02,-7.596089789516588553e+01
4.682950078124999891e+02,-8.103141445205980631e+01
4.682953007812500346e+02,-8.378964141133984356e+01
4.682955937500000232e+02,-8.284049825172013470e+01
4.682958867187500118e+02,-7.988789159123824390e+01
4.682961796875000005e+02,-7.729932452711969404e+01
4.682964726562499891e+02,-8.096775913666522229e+01
4.682967656250000346e+02,-8.633844157449317436e+01
4.682970585937500232e+02,-7.872877703513650260e+01
4.682973515625000118e+02,-7.933424821370448399e+01
4.682976445312500005e+02,-7.966738851300245017e+01
4.682979374999999891e+02,-8.010276588731065317e+01
4.682982304687500346e+02,-8.928214007145548692e+01
4.682985234375000232e+02,-8.226729453945895898e+01
4.682988164062500118e+02,-7.881826334594228456e+01
4.682991093750000005e+02,-7.972238064663038415e+01
4.682994023437499891e+02,-9.636763935703130812e+01
4.682996953125000346e+02,-8.090437213708992203e+01
4.682999882812500232e+02,-8.368392958416197303e+01
4.683002812500000118e+02,-7.681480120431372427e+01
4.683005742187500005e+02,-8.942796422267620926e+01
4.683008671874999891e+02,-9.453808291270263453e+01
4.683011601562500346e+02,-8.210828545383472488e+01
4.683014531250000232e+02,-8.029592918279149671e+01
4.683017460937500118e+02,-8.110518832734641137e+01
4.683020390625000005e+02,-9.902784364669631145e+01
4.683023320312499891e+02,-9.328281174132692399e+01
4.683026250000000346e+02,-7.882799303148188130e+01
4.683029179687500232e+02,-8.591092207038533957e+01
4.683032109375000118e+02,-7.933659174637399758e+01
4.683035039062500005e+02,-8.524862450107261225e+01
4.683037968749999891e+02,-8.045676668225418382e+01
4.683040898437500346e+02,-8.107073269338455646e+01
4.683043828125000232e+02,-9.143117325867791578e+01
4.683046757812500118e+02,-7.960893077931356743e+01
4.683049687500000005e+02,-8.494400536580545236e+01
4.683052617187499891e+02,-8.313772538821766034e+01
4.683055546875000346e+02,-8.316293902642735247e+01
4.683058476562500232e+02,-8.197203184452143887e+01
4.683061406250000118e+02,-9.011767275136939759e+01
4.683064335937500005e+02,-8.067423585889052617e+01
4.683067265624999891e+02,-8.398930699768747843e+01
4.683070195312500346e+02,-8.908554631196128071e+01
4.683073125000000232e+02,-8.069859900186402513e+01
4.683076054687500118e+02,-8.905317922235518324e+01
4.683078984375000005e+02,-8.785651950879513095e+01
4.683081914062499891e+02,-8.108698473538697726e+01
4.683084843750000346e+02,-8.346725851643122951e+01
4.683087773437500232e+02,-8.240814318879010614e+01
4.683090703125000118e+02,-8.316282793978101040e+01
4.683093632812500005e+02,-8.687698259131113332e+01
4.683096562499999891e+02,-8.063523156675465486e+01
4.683099492187500346e+02,-7.789349849194448439e+01
4.683102421875000232e+02,-8.223423721196709835e+01
4.683105351562500118e+02,-8.239839419139711651e+01
4.683108281250000005e+02,-8.005691179116797684e+01
4.683111210937499891e+02,-8.340192903163796245e+01
4.683114140625000346e+02,-8.375847412333042996e+01
4.683117070312500232e+02,-9.073374144555282328e+01
4.683120000000000118e+02,-8.700347281034862590e+01
4.683122929687500005e+02,-7.861229310857460462e+01
4.683125859374999891e+02,-7.608772176607209303e+01
4.683128789062500346e+02,-8.934641225828045208e+01
4.683131718750000232e+02,-7.737607795319055981e+01
4.683134648437500118e+02,-7.735204836405127082e+01
4.683137578125000005e+02,-8.077125499212550608e+01
4.683140507812499891e+02,-8.479567098396827873e+01
4.683143437500000346e+02,-9.705837974572047244e+01
4.683146367187500232e+02,-8.253469701941448022e+01
4.683149296875000118e+02,-7.686487556323055514e+01
4.683152226562500005e+02,-7.950113889799541766e+01
4.683155156249999891e+02,-8.279209960331577633e+01
4.683158085937500346e+02,-7.862570440255926485e+01
4.683161015625000232e+02,-8.034222515162610989e+01
4.683163945312500118e+02,-7.967584858013070459e+01
4.683166875000000005e+02,-8.546460248586781461e+01
4.683169804687499891e+02,-1.065517508129696864e+02
4.683172734375000346e+02,-7.943204400327307724e+01
4.683175664062500232e+02,-7.857941425406430369e+01
4.683178593750000118e+02,-8.993111808241749827e+01
4.683181523437500005e+02,-7.789698197507127020e+01
4.683184453124999891e+02,-8.052581864923168098e+01
4.683187382812500346e+02,-7.960029510438374700e+01
4.683190312500000232e+02,-8.722509465271619433e+01
4.683193242187500118e+02,-8.771176738754007829e+01
4.683196171875000005e+02,-7.849775017536229882e+01
4.683199101562499891e+02,-7.780904511664500944e+01
4.683202031250000346e+02,-8.309673841890776202e+01
4.683204960937500232e+02,-8.516087129706156134e+01
4.683207890625000118e+02,-8.856058796867708338e+01
4.683210820312500005e+02,-8.058687584418349559e+01
4.683213749999999891e+02,-7.937437043868129649e+01
4.683216679687500346e+02,-9.031532330825132249e+01
4.683219609375000232e+02,-7.862714794992804457e+01
4.683222539062500118e+02,-7.514089634510912674e+01
4.683225468750000005e+02,-8.372138100988274800e+01
4.683228398437499891e+02,-8.516706444415410715e+01
4.683231328125000346e+02,-8.493366813362045775e+01
4.683234257812500232e+02,-8.732098370253208941e+01
4.683237187500000118e+02,-8.094860996177892787e+01
4.683240117187500005e+02,-8.871388289163178342e+01
4.683243046874999891e+02,-8.613265493245613413e+01
4.683245976562500346e+02,-7.857684064306268112e+01
4.683248906250000232e+02,-8.249649142899706078e+01
4.683251835937500118e+02,-8.830584287083578943e+01
4.683254765625000005e+02,-7.949531095043532503e+01
4.683257695312499891e+02,-8.208679311432277359e+01
4.683260625000000346e+02,-8.073335140303339585e+01
4.683263554687500232e+02,-8.158095550187741196e+01
4.683266484375000118e+02,-9.599617667398511855e+01
4.683269414062500005e+02,-8.053989799986560172e+01
4.683272343749999891e+02,-8.172029091757335095e+01
4.683275273437500346e+02,-9.109400214903423887e+01
4.683278203125000232e+02,-7.973015888545405971e+01
4.683281132812500118e+02,-8.068019335499833744e+01
4.683284062500000005e+02,-8.683754892501889344e+01
4.683286992187499891e+02,-8.892529155073943059e+01
4.683289921875000346e+02,-9.579109257290301116e+01
4.683292851562500232e+02,-8.454989277604789777e+01
4.683295781250000118e+02,-8.078709228669195852e+01
4.683298710937500005e+02,-8.873239421334491794e+01
4.683301640624999891e+02,-8.060170374017494055e+01
4.683304570312500346e+02,-7.944039878729427073e+01
4.683307500000000232e+02,-8.192384827370568701e+01
4.683310429687500118e+02,-8.599499619694501007e+01
4.683313359375000005e+02,-8.665390287786806311e+01
4.683316289062499891e+02,-8.435421031489666177e+01
4.683319218750000346e+02,-7.686893022806798115e+01
4.683322148437500232e+02,-7.805378715887366070e+01
4.683325078125000118e+02,-8.146650170113679224e+01
4.683328007812500005e+02,-8.129912276435847218e+01
4.683330937499999891e+02,-8.165136156097955222e+01
4.683333867187500346e+02,-8.294846791739541914e+01
4.683336796875000232e+02,-8.980690284206950480e+01
4.683339726562500118e+02,-8.499575181554519077e+01
4.683342656250000005e+02,-7.702169865685677053e+01
4.683345585937499891e+02,-7.408687774322405062e+01
4.683348515625000346e+02,-8.088570959489842949e+01
4.683351445312500232e+02,-8.112703491587465976e+01
4.683354375000000118e+02,-8.952124537686185590e+01
4.683357304687500005e+02,-7.967495452929088628e+01
4.683360234374999891e+02,-8.213840181306514410e+01
4.683363164062500346e+02,-8.181082956238482495e+01
4.683366093750000232e+02,-8.238796839708966502e+01
4.683369023437500118e+02,-7.506638437511122675e+01
4.683371953125000005e+02,-7.475030625658217787e+01
4.683374882812499891e+02,-8.457159102416508745e+01
4.683377812500000346e+02,-1.029064946451155294e+02
4.683380742187500232e+02,-8.179636064591660727e+01
4.683383671875000118e+02,-8.469027031220744561e+01
4.683386601562500005e+02,-8.236881150097971727e+01
4.683389531249999891e+02,-7.807721955696440830e+01
4.683392460937500346e+02,-8.147385403050526520e+01
4.683395390625000232e+02,-7.792667311361280724e+01
4.683398320312500118e+02,-8.020705639728083725e+01
4.683401250000000005e+02,-9.355298129258586926e+01
4.683404179687499891e+02,-8.680582342905529458e+01
4.683407109375000346e+02,-8.174909461666314314e+01
4.683410039062500232e+02,-8.189479382525880169e+01
4.683412968750000118e+02,-7.837057056618537842e+01
4.683415898437500005e+02,-9.045807531156037840e+01
4.683418828124999891e+02,-8.336022285757933048e+01
4.683421757812500346e+02,-8.260925027387393982e+01
4.683424687500000232e+02,-8.428213583451615420e+01
4.683427617187500118e+02,-8.750371165939306195e+01
4.683430546875000005e+02,-8.652641723806928553e+01
4.683433476562499891e+02,-8.594052860030758723e+01
4.683436406250000346e+02,-8.052634624282336517e+01
4.683439335937500232e+02,-8.197448769057339746e+01
4.683442265625000118e+02,-8.587857962367939990e+01
4.683445195312500005e+02,-8.208774777582451065e+01
4.683448124999999891e+02,-8.907991054258371832e+01
4.683451054687500346e+02,-8.830773364142585535e+01
4.683453984375000232e+02,-8.509237700609753574e+01
4.683456914062500118e+02,-8.192963252789030548e+01
4.683459843750000005e+02,-8.136065634570962857e+01
4.683462773437499891e+02,-8.010630991376427801e+01
4.683465703125000346e+02,-8.803306540669933611e+01
4.683468632812500232e+02,-7.992580169038315319e+01
4.683471562500000118e+02,-8.167936785236307173e+01
4.683474492187500005e+02,-8.231465916457179333e+01
4.683477421874999891e+02,-8.851849156860752998e+01
4.683480351562500346e+02,-8.859542308714850378e+01
4.683483281250000232e+02,-8.353968655601829596e+01
4.683486210937500118e+02,-8.021280692453417771e+01
4.683489140625000005e+02,-8.195881492462946483e+01
4.683492070312499891e+02,-8.147433584700920051e+01
4.683495000000000346e+02,-7.737687445138266185e+01
4.683497929687500232e+02,-7.876792899333845810e+01
4.683500859375000118e+02,-8.967712893660498708e+01
4.683503789062500005e+02,-9.915420224923161641e+01
4.683506718749999891e+02,-8.876018400847486589e+01
4.683509648437500346e+02,-8.719025448764281805e+01
4.683512578125000232e+02,-8.478199439989418806e+01
4.683515507812500118e+02,-8.749248548116284496e+01
4.683518437500000005e+02,-8.355279853796614020e+01
4.683521367187499891e+02,-7.770321613261279481e+01
4.683524296875000346e+02,-7.804347587885858673e+01
4.683527226562500232e+02,-8.255685209229781663e+01
4.683530156250000118e+02,-8.735943309084768771e+01
4.683533085937500005e+02,-9.113841727998166675e+01
4.683536015624999891e+02,-9.654450799393414684e+01
4.683538945312500346e+02,-8.389910676732733918e+01
4.683541875000000232e+02,-9.107229481043592045e+01
4.683544804687500118e+02,-8.433579048797165001e+01
4.683547734375000005e+02,-7.665048731303673435e+01
4.683550664062499891e+02,-7.838555565487338583e+01
4.683553593750000346e+02,-8.580691081313415225e+01
4.683556523437500232e+02,-8.514299351487434819e+01
4.683559453125000118e+02,-9.191756090141458913e+01
4.683562382812500005e+02,-8.874575217102952251e+01
4.683565312499999891e+02,-8.338094546384104433e+01
4.683568242187500346e+02,-9.043663809927986108e+01
4.683571171875000232e+02,-8.609073937717560909e+01
4.683574101562500118e+02,-7.775774038588468784e+01
4.683577031250000005e+02,-8.292429352852727220e+01
4.683579960937499891e+02,-8.652621869797289378e+01
4.683582890625000346e+02,-8.198649640005307049e+01
4.683585820312500232e+02,-8.358843494439946653e+01
4.683588750000000118e+02,-8.213409398259901195e+01
4.683591679687500005e+02,-8.694526769679256972e+01
4.683594609374999891e+02,-1.053836570079122339e+02
4.683597539062500346e+02,-8.118871908735934539e+01
4.683600468750000232e+02,-8.317257146033682602e+01
4.683603398437500118e+02,-9.600409323091281522e+01
4.683606328125000005e+02,-8.524082795658532063e+01
4.683609257812499891e+02,-7.965968433259119763e+01
4.683612187500000346e+02,-7.885759052801817859e+01
4.683615117187500232e+02,-8.066840070335155133e+01
4.683618046875000118e+02,-9.563640292004239996e+01
4.683620976562500005e+02,-8.125250631555088887e+01
4.683623906249999891e+02,-7.676833123304999162e+01
4.683626835937500346e+02,-9.220410429259601415e+01
4.683629765625000232e+02,-8.803298921453411197e+01
4.683632695312500118e+02,-8.159713865263574917e+01
4.683635625000000005e+02,-7.941780750420646484e+01
4.683638554687499891e+02,-7.955801841246214678e+01
4.683641484375000346e+02,-8.818642951277441000e+01
4.683644414062500232e+02,-8.361685348755486302e+01
4.683647343750000118e+02,-7.782728021487830006e+01
4.683650273437500005e+02,-8.165642042850140569e+01
4.683653203124999891e+02,-9.171335042485077338e+01
4.683656132812500346e+02,-8.693124285376993043e+01
4.683659062500000232e+02,-7.900072058513676154e+01
4.683661992187500118e+02,-7.803277931485095564e+01
4.683664921875000005e+02,-8.069783671870338537e+01
4.683667851562499891e+02,-8.691643684230493250e+01
4.683670781250000346e+02,-7.675016798557190612e+01
4.683673710937500232e+02,-7.625347624939804803e+01
4.683676640625000118e+02,-8.505410087375983608e+01
4.683679570312500005e+02,-1.040242778625229505e+02
4.683682499999999891e+02,-8.141163118963751799e+01
4.683685429687500346e+02,-7.910574750332968108e+01
4.683688359375000232e+02,-8.107365737424240137e+01
4.683691289062500118e+02,-9.489324636856272832e+01
4.683694218750000005e+02,-8.000599747936078643e+01
4.683697148437499891e+02,-7.608472212338404006e+01
4.683700078125000346e+02,-7.697991277116150854e+01
4.683703007812500232e+02,-8.167201719530508797e+01
4.683705937500000118e+02,-8.975354294935483779e+01
4.683708867187500005e+02,-8.131924623413826225e+01
4.683711796874999891e+02,-8.050105663851424254e+01
4.683714726562500346e+02,-8.369874278136057910e+01
4.683717656250000232e+02,-8.589028106577791277e+01
4.683720585937500118e+02,-7.739751723700817365e+01
4.683723515625000005e+02,-7.656517966955641441e+01
4.683726445312499891e+02,-8.061758159716823968e+01
4.683729375000000346e+02,-9.040944435221574338e+01
4.683732304687500232e+02,-8.645473600693262028e+01
4.683735234375000118e+02,-8.405076688686338571e+01
4.683738164062500005e+02,-8.450992070919403432e+01
4.683741093749999891e+02,-8.535739540270165548e+01
4.683744023437500346e+02,-8.577785005029650733e+01
4.683746953125000232e+02,-8.151399999996904455e+01
4.683749882812500118e+02,-7.767535169747772272e+01
4.683752812500000005e+02,-8.494772972694023849e+01
4.683755742187499891e+02,-8.943629226654552156e+01
4.683758671875000346e+02,-8.062779167608348985e+01
4.683761601562500232e+02,-8.243816175207440722e+01
4.683764531250000118e+02,-8.220413467268569718e+01
4.683767460937500005e+02,-8.280022969086969908e+01
4.683770390624999891e+02,-8.192872388897983171e+01
4.683773320312500346e+02,-8.343575882135652932e+01
4.683776250000000232e+02,-9.730993978950515100e+01
4.683779179687500118e+02,-8.433028727808378733e+01
4.683782109375000005e+02,-8.016998813924089973e+01
4.683785039062499891e+02,-8.271275721683505822e+01
4.683787968750000346e+02,-8.782001028752330285e+01
4.683790898437500232e+02,-8.187481552770873350e+01
4.683793828125000118e+02,-7.699293340928103646e+01
4.683796757812500005e+02,-8.976878499432811509e+01
4.683799687499999891e+02,-9.192616441345542455e+01
4.683802617187500346e+02,-8.484753806022550293e+01
4.683805546875000232e+02,-8.118590715120703294e+01
4.683808476562500118e+02,-7.866786313655622109e+01
4.683811406250000005e+02,-8.500054320604682800e+01
4.683814335937499891e+02,-8.590010329636088215e+01
4.683817265625000346e+02,-7.764558120100576843e+01
4.683820195312500232e+02,-7.927984783685390369e+01
4.683823125000000118e+02,-8.447114111422220617e+01
4.683826054687500005e+02,-7.802659549768708303e+01
4.683828984374999891e+02,-7.646344983217085201e+01
4.683831914062500346e+02,-8.001306475732350521e+01
4.683834843750000232e+02,-8.346837181174245757e+01
4.683837773437500118e+02,-8.467607159024582586e+01
4.683840703125000005e+02,-7.791180956753817100e+01
4.683843632812499891e+02,-8.046538819068642567e+01
4.683846562500000346e+02,-8.744819120039346672e+01
4.683849492187500232e+02,-8.375908080467935690e+01
4.683852421875000118e+02,-7.770587267757724703e+01
4.683855351562500005e+02,-7.806592997487966556e+01
4.683858281249999891e+02,-8.131752555735548071e+01
4.683861210937500346e+02,-8.795790429277695921e+01
4.683864140625000232e+02,-8.261011565633984333e+01
4.683867070312500118e+02,-8.151826468469232623e+01
4.683870000000000005e+02,-9.554341550039175956e+01
4.683872929687499891e+02,-9.258760873420325765e+01
4.683875859375000346e+02,-8.198375850975691037e+01
4.683878789062500232e+02,-7.998712168485694463e+01
4.683881718750000118e+02,-8.953501889021437421e+01
4.683884648437500005e+02,-8.773813882774751960e+01
4.683887578124999891e+02,-8.511026107563404253e+01
4.683890507812500346e+02,-8.243554756427417374e+01
4.683893437500000232e+02,-8.515254222849522137e+01
4.683896367187500118e+02,-8.557139144420392540e+01
4.683899296875000005e+02,-9.430626088472800461e+01
4.683902226562499891e+02,-8.995366823636958031e+01
4.683905156250000346e+02,-9.978140375768957426e+01
4.683908085937500232e+02,-8.678258854270460176e+01
4.683911015625000118e+02,-8.650109649234728693e+01
4.683913945312500005e+02,-9.084122532515591786e+01
4.683916874999999891e+02,-7.896418863567394908e+01
4.683919804687500346e+02,-8.096609595932727643e+01
4.683922734375000232e+02,-8.344412128852343358e+01
4.683925664062500118e+02,-8.789117699107006842e+01
4.683928593750000005e+02,-8.508258287249601892e+01
4.683931523437499891e+02,-8.073712849708843464e+01
4.683934453125000346e+02,-8.472458701338227627e+01
4.683937382812500232e+02,-9.030162939509814635e+01
4.683940312500000118e+02,-8.253008699919837454e+01
4.683943242187500005e+02,-7.744661116902256026e+01
4.683946171874999891e+02,-7.798742196723627274e+01
4.683949101562500346e+02,-7.913138360043167552e+01
4.683952031250000232e+02,-8.040198106249049204e+01
4.683954960937500118e+02,-8.011324952782896958e+01
4.683957890625000005e+02,-8.282015544609252800e+01
4.683960820312499891e+02,-9.265395559415851778e+01
4.683963750000000346e+02,-9.147074012354670458e+01
4.683966679687500232e+02,-8.152717924827283014e+01
4.683969609375000118e+02,-7.940973612427774242e+01
4.683972539062500005e+02,-7.662627297423756545e+01
4.683975468749999891e+02,-8.014499368941289958e+01
4.683978398437500346e+02,-7.925052076308483606e+01
4.683981328125000232e+02,-8.090362732438343585e+01
4.683984257812500118e+02,-8.794031032573373352e+01
4.683987187500000005e+02,-9.686864135589758007e+01
4.683990117187499891e+02,-9.239736607867742180e+01
4.683993046875000346e+02,-8.253929995056837754e+01
4.683995976562500232e+02,-7.620084149921240169e+01
4.683998906250000118e+02,-7.886577531660043405e+01
4.684001835937500005e+02,-8.964873765717203469e+01
4.684004765624999891e+02,-8.297719906091924713e+01
4.684007695312500346e+02,-8.512603144506937269e+01
4.684010625000000232e+02,-8.560783968173441849e+01
4.684013554687500118e+02,-8.442688020077106614e+01
4.684016484375000005e+02,-8.515614499701760565e+01
4.684019414062499891e+02,-8.493104304653175518e+01
4.684022343750000346e+02,-7.708678126021416688e+01
4.684025273437500232e+02,-7.843154709574554317e+01
4.684028203125000118e+02,-9.955985831443499023e+01
4.684031132812500005e+02,-8.681770403367566757e+01
4.684034062499999891e+02,-8.239077515717490030e+01
4.684036992187500346e+02,-7.925657401027447690e+01
4.684039921875000232e+02,-7.909222864741235526e+01
4.684042851562500118e+02,-9.539094784328496246e+01
4.684045781250000005e+02,-8.003024262253511267e+01
4.684048710937499891e+02,-7.839910482214673948e+01
4.684051640625000346e+02,-7.964723393939812013e+01
4.684054570312500232e+02,-8.927557205929585393e+01
4.684057500000000118e+02,-8.341326196050812314e+01
4.684060429687500005e+02,-7.694905030122804135e+01
4.684063359374999891e+02,-7.489442866376893448e+01
4.684066289062500346e+02,-8.078356208050780651e+01
4.684069218750000232e+02,-8.259355779359212590e+01
4.684072148437500118e+02,-7.908211774025045315e+01
4.684075078125000005e+02,-7.858225486630919931e+01
4.684078007812499891e+02,-8.201519458870617996e+01
4.684080937500000346e+02,-9.679512898200535176e+01
4.684083867187500232e+02,-7.907657661679222372e+01
4.684086796875000118e+02,-7.565839871961604501e+01
4.684089726562500005e+02,-7.842589530293568600e+01
4.684092656249999891e+02,-8.920238473625724396e+01
4.684095585937500346e+02,-8.138232090073526592e+01
4.684098515625000232e+02,-8.188501616639938163e+01
4.684101445312500118e+02,-8.149265231570177548e+01
4.684104375000000005e+02,-8.934768423358360678e+01
4.684107304687499891e+02,-8.235660499182822036e+01
4.684110234375000346e+02,-7.856336873720103142e+01
4.684113164062500232e+02,-7.690144150098375064e+01
4.684116093750000118e+02,-8.266704744229899404e+01
4.684119023437500005e+02,-8.264120813107091124e+01
4.684121953124999891e+02,-8.131603329463807484e+01
4.684124882812500346e+02,-8.486849661311438808e+01
4.684127812500000232e+02,-9.074994038140769703e+01
4.684130742187500118e+02,-8.661819519379167787e+01
4.684133671875000005e+02,-8.633538726076174896e+01
4.684136601562499891e+02,-8.029735728202972211e+01
4.684139531250000346e+02,-8.438111606733129122e+01
4.684142460937500232e+02,-9.499774054513643762e+01
4.684145390625000118e+02,-8.333105080273702470e+01
4.684148320312500005e+02,-8.861008356617921322e+01
4.684151249999999891e+02,-8.891423947247912452e+01
4.684154179687500346e+02,-8.374485423133562279e+01
4.684157109375000232e+02,-8.530839712620735327e+01
4.684160039062500118e+02,-8.357389363537519955e+01
4.684162968750000005e+02,-8.215643884210305714e+01
4.684165898437499891e+02,-8.635185170199322613e+01
4.684168828125000346e+02,-8.042306044979271462e+01
4.684171757812500232e+02,-7.930998736633206647e+01
4.684174687500000118e+02,-8.671005703052335889e+01
4.684177617187500005e+02,-8.366849157855888564e+01
4.684180546874999891e+02,-8.437810753695181631e+01
4.684183476562500346e+02,-9.232944981736383738e+01
4.684186406250000232e+02,-8.528207933229488447e+01
4.684189335937500118e+02,-8.746160040640120314e+01
4.684192265625000005e+02,-8.120112222702226745e+01
4.684195195312499891e+02,-7.718954300079320774e+01
4.684198125000000346e+02,-7.781887764234303972e+01
4.684201054687500232e+02,-8.900975775752678487e+01
4.684203984375000118e+02,-8.268493528687548633e+01
4.684206914062500005e+02,-8.335641955259363556e+01
4.684209843749999891e+02,-8.621412854795218550e+01
4.684212773437500346e+02,-8.361981575002964462e+01
4.684215703125000232e+02,-8.836060766741702821e+01
4.684218632812500118e+02,-7.793655175042661654e+01
4.684221562500000005e+02,-7.607670956740756196e+01
4.684224492187499891e+02,-7.842670820006948418e+01
4.684227421875000346e+02,-8.344690890076186918e+01
4.684230351562500232e+02,-8.084569893110921157e+01
4.684233281250000118e+02,-8.561023122181276790e+01
4.684236210937500005e+02,-8.850537395764226289e+01
4.684239140624999891e+02,-8.682981337529102461e+01
4.684242070312500346e+02,-8.544773541672427086e+01
4.684245000000000232e+02,-8.443253310096218911e+01
4.684247929687500118e+02,-7.610241037807652731e+01
4.684250859375000005e+02,-7.566757178423014807e+01
4.684253789062499891e+02,-7.905033447459942408e+01
4.684256718750000346e+02,-8.378920347557836124e+01
4.684259648437500232e+02,-8.859841703610739216e+01
4.684262578125000118e+02,-8.385696373879538612e+01
4.684265507812500005e+02,-9.298077728574780565e+01
4.684268437499999891e+02,-9.747347615670692278e+01
4.684271367187500346e+02,-8.398719185680380406e+01
4.684274296875000232e+02,-7.616107773574262296e+01
4.684277226562500118e+02,-7.649367752992395708e+01
4.684280156250000005e+02,-8.326699746013090930e+01
4.684283085937499891e+02,-9.423982422912496304e+01
4.684286015625000346e+02,-9.106105936908166143e+01
4.684288945312500232e+02,-9.201150992612542723e+01
4.684291875000000118e+02,-8.548132195959418311e+01
4.684294804687500005e+02,-8.517020627282133205e+01
4.684297734374999891e+02,-7.991777187713749697e+01
4.684300664062500346e+02,-7.737563417736835447e+01
4.684303593750000232e+02,-8.590897763313940061e+01
4.684306523437500118e+02,-9.524569229008687898e+01
4.684309453125000005e+02,-9.066501150013078814e+01
4.684312382812499891e+02,-8.299714238755760221e+01
4.684315312500000346e+02,-9.202234513665253246e+01
4.684318242187500232e+02,-8.254783753301347815e+01
4.684321171875000118e+02,-7.893476616289373737e+01
4.684324101562500005e+02,-7.618916270543147107e+01
4.684327031249999891e+02,-8.405156183340460530e+01
4.684329960937500346e+02,-8.734457939875342447e+01
4.684332890625000232e+02,-8.865166740811632451e+01
4.684335820312500118e+02,-7.949017436671100256e+01
4.684338750000000005e+02,-8.029152348423905039e+01
4.684341679687499891e+02,-8.640678274920784929e+01
4.684344609375000346e+02,-8.165454988394648694e+01
4.684347539062500232e+02,-7.699267851772393101e+01
4.684350468750000118e+02,-8.109291770901646146e+01
4.684353398437500005e+02,-8.150025663267166465e+01
4.684356328124999891e+02,-8.253241961676138772e+01
4.684359257812500346e+02,-8.435797755027563483e+01
4.684362187500000232e+02,-7.681260663623305618e+01
4.684365117187500118e+02,-8.251766271128069263e+01
4.684368046875000005e+02,-9.040311291022960916e+01
4.684370976562499891e+02,-8.160104632530568836e+01
4.684373906250000346e+02,-7.804532670995973831e+01
4.684376835937500232e+02,-8.228103774221800393e+01
4.684379765625000118e+02,-8.218641284370235667e+01
4.684382695312500005e+02,-8.950603431799287080e+01
4.684385624999999891e+02,-7.993874569687271503e+01
4.684388554687500346e+02,-7.692921838753341035e+01
4.684391484375000232e+02,-8.367756819540463198e+01
4.684394414062500118e+02,-8.634040970463718168e+01
4.684397343750000005e+02,-8.677271603239860553e+01
4.684400273437499891e+02,-7.985126965810404442e+01
4.684403203125000346e+02,-8.272825987389865077e+01
4.684406132812500232e+02,-9.581339160479910788e+01
4.684409062500000118e+02,-9.642908911009786266e+01
4.684411992187500005e+02,-7.790125989252931049e+01
4.684414921874999891e+02,-7.706200608481938730e+01
4.684417851562500346e+02,-7.975837843501577140e+01
4.684420781250000232e+02,-8.204195068857195849e+01
4.684423710937500118e+02,-8.426187766433599791e+01
4.684426640625000005e+02,-8.528979922693109472e+01
4.684429570312499891e+02,-8.904241925232143728e+01
4.684432500000000346e+02,-9.063629349910453925e+01
4.684435429687500232e+02,-8.121894552103215403e+01
4.684438359375000118e+02,-7.782981849599566715e+01
4.684441289062500005e+02,-7.885180347284361346e+01
4.684444218749999891e+02,-7.776383799761646287e+01
4.684447148437500346e+02,-7.799099869817005981e+01
4.684450078125000232e+02,-8.631647639803637162e+01
4.684453007812500118e+02,-8.517543751945922281e+01
4.684455937500000005e+02,-8.613564988861661220e+01
4.684458867187499891e+02,-8.275832908901514884e+01
4.684461796875000346e+02,-8.304993710789091210e+01
4.684464726562500232e+02,-7.886447376545126531e+01
4.684467656250000118e+02,-8.618819901534703831e+01
4.684470585937500005e+02,-7.748145643019668682e+01
4.684473515624999891e+02,-7.930445628197659858e+01
4.684476445312500346e+02,-8.030286895650721135e+01
4.684479375000000232e+02,-7.864007267408575785e+01
4.684482304687500118e+02,-9.012817493027795024e+01
4.684485234375000005e+02,-8.333956103906604085e+01
4.684488164062499891e+02,-8.571463706079146050e+01
4.684491093750000346e+02,-9.004827378767514290e+01
4.684494023437500232e+02,-8.191213667391639319e+01
4.684496953125000118e+02,-7.830569930799512690e+01
4.684499882812500005e+02,-7.974525747744300475e+01
4.684502812499999891e+02,-7.881219121820510054e+01
4.684505742187500346e+02,-8.141229696358561796e+01
4.684508671875000232e+02,-9.818435817252121467e+01
4.684511601562500118e+02,-9.065715762671726452e+01
4.684514531250000005e+02,-8.418319906456844137e+01
4.684517460937499891e+02,-8.294295920944188083e+01
4.684520390625000346e+02,-7.656447923174334846e+01
4.684523320312500232e+02,-7.521628366115915298e+01
4.684526250000000118e+02,-7.934455113329579490e+01
4.684529179687500005e+02,-8.046870420548845004e+01
4.684532109374999891e+02,-8.829417942594018598e+01
4.684535039062500346e+02,-9.551000919787972521e+01
4.684537968750000232e+02,-9.114224586058129773e+01
4.684540898437500118e+02,-8.319737182106490536e+01
4.684543828125000005e+02,-7.856292384914755189e+01
4.684546757812499891e+02,-7.500353320545434599e+01
4.684549687500000346e+02,-7.677078371033073267e+01
4.684552617187500232e+02,-8.213314585203087859e+01
4.684555546875000118e+02,-8.641069482336402530e+01
4.684558476562500005e+02,-8.597856335831903607e+01
4.684561406249999891e+02,-8.408261471021074840e+01
4.684564335937500346e+02,-8.316165492043110419e+01
4.684567265625000232e+02,-7.908363160067646902e+01
4.684570195312500118e+02,-7.599503316995503610e+01
4.684573125000000005e+02,-7.690169737413057760e+01
4.684576054687499891e+02,-8.400455801021243474e+01
4.684578984375000346e+02,-9.142024393246798297e+01
4.684581914062500232e+02,-9.244108489131446049e+01
4.684584843750000118e+02,-8.683240956010223499e+01
4.684587773437500005e+02,-8.650669356836118595e+01
4.684590703124999891e+02,-8.696296429181279564e+01
4.684593632812500346e+02,-8.055507341649060038e+01
4.684596562500000232e+02,-7.996904707452517869e+01
4.684599492187500118e+02,-8.303667913526288658e+01
4.684602421875000005e+02,-8.543106771024005752e+01
4.684605351562499891e+02,-9.434826130885534212e+01
4.684608281250000346e+02,-8.420017225651642434e+01
4.684611210937500232e+02,-8.006685676704508126e+01
4.684614140625000118e+02,-8.402058168420344941e+01
4.684617070312500005e+02,-8.666946681366283656e+01
4.684619999999999891e+02,-8.296445551726023382e+01
4.684622929687500346e+02,-1.048824690463131333e+02
4.684625859375000232e+02,-1.036769679792126624e+02
4.684628789062500118e+02,-8.704965173606758810e+01
4.684631718750000005e+02,-8.436522280725385770e+01
4.684634648437499891e+02,-8.318695739053067939e+01
4.684637578125000346e+02,-8.108697920540322457e+01
4.684640507812500232e+02,-8.597322108526989837e+01
4.684643437500000118e+02,-8.072439114006490968e+01
4.684646367187500005e+02,-8.456182701230494558e+01
4.684649296874999891e+02,-8.647894242875511850e+01
4.684652226562500346e+02,-8.617548237988891913e+01
4.684655156250000232e+02,-8.556995252954321529e+01
4.684658085937500118e+02,-8.042526778441364854e+01
4.684661015625000005e+02,-8.401647495592555970e+01
4.684663945312499891e+02,-8.398466852211228684e+01
4.684666875000000346e+02,-7.996008463874278505e+01
4.684669804687500232e+02,-7.867428705898893782e+01
4.684672734375000118e+02,-8.261836560372034910e+01
4.684675664062500005e+02,-8.501840051556976618e+01
4.684678593749999891e+02,-8.655058227506179946e+01
4.684681523437500346e+02,-8.120654188401944396e+01
4.684684453125000232e+02,-8.406381193094904347e+01
4.684687382812500118e+02,-8.860349630653986708e+01
4.684690312500000005e+02,-8.039482091783476392e+01
4.684693242187499891e+02,-8.008936502026955395e+01
4.684696171875000346e+02,-8.747792343249601288e+01
4.684699101562500232e+02,-9.285172596382201959e+01
4.684702031250000118e+02,-9.193316591387458914e+01
4.684704960937500005e+02,-8.724807488559761737e+01
4.684707890624999891e+02,-9.551231474539156352e+01
4.684710820312500346e+02,-9.362983195658314628e+01
4.684713750000000232e+02,-8.313302546783563685e+01
4.684716679687500118e+02,-8.256016566516854027e+01
4.684719609375000005e+02,-8.734472596721049342e+01
4.684722539062499891e+02,-8.895203521805386515e+01
4.684725468750000346e+02,-8.816153751910289316e+01
4.684728398437500232e+02,-8.841444043439010159e+01
4.684731328125000118e+02,-8.386456400496855679e+01
4.684734257812500005e+02,-8.388766585088131933e+01
4.684737187499999891e+02,-8.247818786216654985e+01
4.684740117187500346e+02,-8.572198119598087374e+01
4.684743046875000232e+02,-8.704727671154338964e+01
4.684745976562500118e+02,-7.914416634624257085e+01
4.684748906250000005e+02,-7.973105720807070895e+01
4.684751835937499891e+02,-8.552318769321216507e+01
4.684754765625000346e+02,-8.561643268322144706e+01
4.684757695312500232e+02,-7.982072813269363110e+01
4.684760625000000118e+02,-7.966035793929589204e+01
4.684763554687500005e+02,-8.118410703349481139e+01
4.684766484374999891e+02,-8.911489397772626830e+01
4.684769414062500346e+02,-7.717021669515546023e+01
4.684772343750000232e+02,-7.593812239625810889e+01
4.684775273437500118e+02,-7.879382211086186771e+01
4.684778203125000005e+02,-9.453638755872563593e+01
4.684781132812499891e+02,-8.087240951871778805e+01
4.684784062500000346e+02,-7.822834615057550423e+01
4.684786992187500232e+02,-8.193643575525804579e+01
4.684789921875000118e+02,-9.370479005540538253e+01
4.684792851562500005e+02,-7.772536501691621424e+01
4.684795781249999891e+02,-7.557098127073916771e+01
4.684798710937500346e+02,-7.776041248564109765e+01
4.684801640625000232e+02,-8.801170774646502082e+01
4.684804570312500118e+02,-9.432903510089424515e+01
4.684807500000000005e+02,-8.330210787318074495e+01
4.684810429687499891e+02,-8.125933068694997985e+01
4.684813359375000346e+02,-9.215576911988304687e+01
4.684816289062500232e+02,-8.448068024075622873e+01
4.684819218750000118e+02,-7.861091423069859729e+01
4.684822148437500005e+02,-7.938006873974690336e+01
4.684825078124999891e+02,-9.072504743281285755e+01
4.684828007812500346e+02,-9.645120933509414840e+01
4.684830937500000232e+02,-9.471036608199568718e+01
4.684833867187500118e+02,-8.257089828995256653e+01
4.684836796875000005e+02,-8.265911714429590518e+01
4.684839726562499891e+02,-9.614966914804368514e+01
4.684842656250000346e+02,-8.339829059463725969e+01
4.684845585937500232e+02,-8.232887746160150755e+01
4.684848515625000118e+02,-8.625619945959557811e+01
4.684851445312500005e+02,-8.939635241285175482e+01
4.684854374999999891e+02,-7.985817560470847809e+01
4.684857304687500346e+02,-8.472936476762284030e+01
4.684860234375000232e+02,-8.347599317310118749e+01
4.684863164062500118e+02,-8.494414578759142387e+01
4.684866093750000005e+02,-9.448675789130507496e+01
4.684869023437499891e+02,-9.178731080351447247e+01
4.684871953125000346e+02,-8.459001652769039481e+01
4.684874882812500232e+02,-8.096646754689059833e+01
4.684877812500000118e+02,-8.550771592282124800e+01
4.684880742187500005e+02,-7.760144107079908338e+01
4.684883671874999891e+02,-8.835519050879952374e+01
4.684886601562500346e+02,-8.253983662926493992e+01
4.684889531250000232e+02,-8.479832213838180621e+01
4.684892460937500118e+02,-8.330577466801423725e+01
4.684895390625000005e+02,-8.867066945162744673e+01
4.684898320312499891e+02,-8.132005997233734718e+01
4.684901250000000346e+02,-9.212257262285703519e+01
4.684904179687500232e+02,-7.725568246723527466e+01
4.684907109375000118e+02,-7.861048551903175508e+01
4.684910039062500005e+02,-8.897543320969036529e+01
4.684912968749999891e+02,-8.119607819561517204e+01
4.684915898437500346e+02,-8.183991650855190869e+01
4.684918828125000232e+02,-8.790681736009807423e+01
4.684921757812500118e+02,-9.049732088659450824e+01
4.684924687500000005e+02,-8.131073257857389081e+01
4.684927617187499891e+02,-8.008387174593590885e+01
4.684930546875000346e+02,-7.995949491535795062e+01
4.684933476562500232e+02,-8.417751628318242751e+01
4.684936406250000118e+02,-8.811302480952028304e+01
4.684939335937500005e+02,-8.169103112329770511e+01
4.684942265624999891e+02,-7.975526313764676445e+01
4.684945195312500346e+02,-8.334429038805068046e+01
4.684948125000000232e+02,-7.975904102361809578e+01
4.684951054687500118e+02,-7.653882201045119871e+01
4.684953984375000005e+02,-7.898872855229532775e+01
4.684956914062499891e+02,-8.127462275191534502e+01
4.684959843750000346e+02,-9.316628183649697803e+01
4.684962773437500232e+02,-8.337352924736771342e+01
4.684965703125000118e+02,-8.351740722243110326e+01
4.684968632812500005e+02,-8.249602452213284209e+01
4.684971562499999891e+02,-7.761779790738438578e+01
4.684974492187500346e+02,-7.404488684908282892e+01
4.684977421875000232e+02,-7.646207161243795269e+01
4.684980351562500118e+02,-8.338835832565058581e+01
4.684983281250000005e+02,-8.997784315434257962e+01
4.684986210937499891e+02,-8.624246007469025699e+01
4.684989140625000346e+02,-8.674900933324323660e+01
4.684992070312500232e+02,-8.843846024131018169e+01
4.684995000000000118e+02,-8.150893013278221133e+01
4.684997929687500005e+02,-7.438555298605336930e+01
4.685000859374999891e+02,-7.448625982663662626e+01
4.685003789062500346e+02,-7.846697850168860100e+01
4.685006718750000232e+02,-8.229645652792875410e+01
4.685009648437500118e+02,-8.605432517427348671e+01
4.685012578125000005e+02,-9.354822874813226008e+01
4.685015507812499891e+02,-8.883449338911734117e+01
4.685018437500000346e+02,-8.542776106304199857e+01
4.685021367187500232e+02,-8.009048815402479704e+01
4.685024296875000118e+02,-7.689761324491914252e+01
4.685027226562500005e+02,-7.880731508946595909e+01
4.685030156249999891e+02,-8.196126415923374964e+01
4.685033085937500346e+02,-8.655006401418415862e+01
4.685036015625000232e+02,-9.579906979165649261e+01
4.685038945312500118e+02,-8.441987830305805574e+01
4.685041875000000005e+02,-8.823022051822755429e+01
4.685044804687499891e+02,-8.427715970897203590e+01
4.685047734375000346e+02,-8.801427701451069652e+01
4.685050664062500232e+02,-8.426499967334939356e+01
4.685053593750000118e+02,-8.242304771651996020e+01
4.685056523437500005e+02,-8.379757531277780913e+01
4.685059453124999891e+02,-8.748210031029390166e+01
4.685062382812500346e+02,-9.083325698404536297e+01
4.685065312500000232e+02,-8.341858019913964029e+01
4.685068242187500118e+02,-8.395910031386476646e+01
4.685071171875000005e+02,-8.667910973571150635e+01
4.685074101562499891e+02,-8.912647409709595081e+01
4.685077031250000346e+02,-9.115435728507372914e+01
4.685079960937500232e+02,-9.051214504957363260e+01
4.685082890625000118e+02,-8.965455269213443046e+01
4.685085820312500005e+02,-9.081788644332715421e+01
4.685088749999999891e+02,-9.135210665324368051e+01
4.685091679687500346e+02,-8.851413271577293074e+01
4.685094609375000232e+02,-8.318955620983987842e+01
4.685097539062500118e+02,-8.168718445187900556e+01
4.685100468750000005e+02,-8.392935351912410624e+01
4.685103398437499891e+02,-8.484952140774717577e+01
4.685106328125000346e+02,-8.576409862635017589e+01
4.685109257812500232e+02,-8.287553567700430790e+01
4.685112187500000118e+02,-9.066556390885807559e+01
4.685115117187500005e+02,-8.953696395479225600e+01
4.685118046874999891e+02,-9.161951597676990389e+01
4.685120976562500346e+02,-8.139406260534937587e+01
4.685123906250000232e+02,-8.209150390268682429e+01
4.685126835937500118e+02,-8.020991852683059165e+01
4.685129765625000005e+02,-8.080512109144470401e+01
4.685132695312499891e+02,-8.201787795850206919e+01
4.685135625000000346e+02,-8.951165556190781558e+01
4.685138554687500232e+02,-8.723615996885671109e+01
4.685141484375000118e+02,-8.491375691191009878e+01
4.685144414062500005e+02,-8.174598321883712515e+01
4.685147343749999891e+02,-9.127664766941066432e+01
4.685150273437500346e+02,-8.367898744207798245e+01
4.685153203125000232e+02,-8.618007249538609926e+01
4.685156132812500118e+02,-8.294150915279092828e+01
4.685159062500000005e+02,-9.021271770723788563e+01
4.685161992187499891e+02,-8.944046819781662805e+01
4.685164921875000346e+02,-8.617362801601950650e+01
4.685167851562500232e+02,-8.355132223068827102e+01
4.685170781250000118e+02,-9.062243237951588526e+01
4.685173710937500005e+02,-8.538955965577440566e+01
4.685176640624999891e+02,-8.869016520417453364e+01
4.685179570312500346e+02,-8.768923903733602288e+01
4.685182500000000232e+02,-9.133130293708373415e+01
4.685185429687500118e+02,-8.455119414306012970e+01
4.685188359375000005e+02,-8.679426761717620309e+01
4.685191289062499891e+02,-8.829676716344609133e+01
4.685194218750000346e+02,-9.250510774136236591e+01
4.685197148437500232e+02,-8.925795679611114508e+01
4.685200078125000118e+02,-9.244306389340536612e+01
4.685203007812500005e+02,-9.578167866310501211e+01
4.685205937499999891e+02,-8.803888403203190194e+01
4.685208867187500346e+02,-8.119849371183286735e+01
4.685211796875000232e+02,-8.119110172322481844e+01
4.685214726562500118e+02,-9.503122400739516706e+01
4.685217656250000005e+02,-8.976304415771592460e+01
4.685220585937499891e+02,-9.355496975213371513e+01
4.685223515625000346e+02,-8.924301210928646810e+01
4.685226445312500232e+02,-8.811216930125659985e+01
4.685229375000000118e+02,-8.307437652219300617e+01
4.685232304687500005e+02,-8.000113519202122347e+01
4.685235234374999891e+02,-7.880424068030528417e+01
4.685238164062500346e+02,-8.584405047823040036e+01
4.685241093750000232e+02,-8.243693530983533435e+01
4.685244023437500118e+02,-8.140073725957003603e+01
4.685246953125000005e+02,-1.017577175548878188e+02
4.685249882812499891e+02,-9.058230941577959072e+01
4.685252812500000346e+02,-8.554592693344284271e+01
4.685255742187500232e+02,-8.138415866034623036e+01
4.685258671875000118e+02,-8.015428707657760299e+01
4.685261601562500005e+02,-7.926893409690029557e+01
4.685264531249999891e+02,-8.400635053519430073e+01
4.685267460937500346e+02,-7.851176650227377252e+01
4.685270390625000232e+02,-8.214044872779537343e+01
4.685273320312500118e+02,-8.760008868644891322e+01
4.685276250000000005e+02,-9.738519361773840899e+01
4.685279179687499891e+02,-8.342176747557746808e+01
4.685282109375000346e+02,-8.171593743504158169e+01
4.685285039062500232e+02,-8.036338395292079895e+01
4.685287968750000118e+02,-8.263132872173919452e+01
4.685290898437500005e+02,-7.787341082036110151e+01
4.685293828124999891e+02,-7.991545610087156604e+01
4.685296757812500346e+02,-8.929123651063848399e+01
4.685299687500000232e+02,-9.956399790898403523e+01
4.685302617187500118e+02,-8.443841145246368285e+01
4.685305546875000005e+02,-8.996266867210863438e+01
4.685308476562499891e+02,-8.535211482353145129e+01
4.685311406250000346e+02,-8.389380813045863761e+01
4.685314335937500232e+02,-8.077068565739310202e+01
4.685317265625000118e+02,-8.271371456449054449e+01
4.685320195312500005e+02,-8.390059824102269204e+01
4.685323124999999891e+02,-8.477934385623157709e+01
4.685326054687500346e+02,-8.057343954920457918e+01
4.685328984375000232e+02,-7.912742808440809483e+01
4.685331914062500118e+02,-8.824079581444107134e+01
4.685334843750000005e+02,-9.101765104936947637e+01
4.685337773437499891e+02,-8.421614461136931595e+01
4.685340703125000346e+02,-8.180532638048178740e+01
4.685343632812500232e+02,-8.418862664665697082e+01
4.685346562500000118e+02,-7.995399049079716747e+01
4.685349492187500005e+02,-8.109798275067014117e+01
4.685352421874999891e+02,-7.656709887489610367e+01
4.685355351562500346e+02,-7.772037889214122686e+01
4.685358281250000232e+02,-8.690337918620105029e+01
4.685361210937500118e+02,-9.301974307913130247e+01
4.685364140625000005e+02,-8.226371572792940867e+01
4.685367070312499891e+02,-8.059983612544826315e+01
4.685370000000000346e+02,-7.881376149041378198e+01
4.685372929687500232e+02,-7.670856685437355793e+01
4.685375859375000118e+02,-7.970277825841343144e+01
4.685378789062500005e+02,-7.777601273791154313e+01
4.685381718749999891e+02,-8.224276454206950859e+01
4.685384648437500346e+02,-8.762047727646361750e+01
4.685387578125000232e+02,-9.515947517639860109e+01
4.685390507812500118e+02,-7.899193413070631209e+01
4.685393437500000005e+02,-7.746704224872217992e+01
4.685396367187499891e+02,-7.576359571668619708e+01
4.685399296875000346e+02,-8.039807252551183581e+01
4.685402226562500232e+02,-8.054588735133548028e+01
4.685405156250000118e+02,-8.138541120273617935e+01
4.685408085937500005e+02,-8.393694112879872193e+01
4.685411015624999891e+02,-8.757153827706339655e+01
4.685413945312500346e+02,-8.190002129079347526e+01
4.685416875000000232e+02,-7.887783712114868706e+01
4.685419804687500118e+02,-7.701459436163587213e+01
4.685422734375000005e+02,-7.749483986802603397e+01
4.685425664062499891e+02,-8.309222336453282765e+01
4.685428593750000346e+02,-9.192795633496552909e+01
4.685431523437500232e+02,-9.253849635202459467e+01
4.685434453125000118e+02,-8.311559799958996564e+01
4.685437382812500005e+02,-9.154206548792431875e+01
4.685440312499999891e+02,-8.209891051743423418e+01
4.685443242187500346e+02,-8.069518576996208026e+01
4.685446171875000232e+02,-7.976555552572418151e+01
4.685449101562500118e+02,-8.327711011910649574e+01
4.685452031250000005e+02,-8.784942726414818992e+01
4.685454960937499891e+02,-9.065897783169958757e+01
4.685457890625000346e+02,-9.199282771563022720e+01
4.685460820312500232e+02,-8.753073252481733846e+01
4.685463750000000118e+02,-9.403756419595161731e+01
4.685466679687500005e+02,-8.409876963368978409e+01
4.685469609374999891e+02,-8.506681078240779925e+01
4.685472539062500346e+02,-8.934970018086652033e+01
4.685475468750000232e+02,-8.493802476849667471e+01
4.685478398437500118e+02,-8.505798823928995489e+01
4.685481328125000005e+02,-8.688041811871670461e+01
4.685484257812499891e+02,-9.192355109516421408e+01
4.685487187500000346e+02,-8.516854545761998452e+01
4.685490117187500232e+02,-9.881391586099078950e+01
4.685493046875000118e+02,-8.511558450961314293e+01
4.685495976562500005e+02,-9.019016048369314831e+01
4.685498906249999891e+02,-8.595754093030002707e+01
4.685501835937500346e+02,-8.411656706073952705e+01
4.685504765625000232e+02,-8.436353978747453652e+01
4.685507695312500118e+02,-8.346829116508799018e+01
4.685510625000000005e+02,-1.139863988068832441e+02
4.685513554687499891e+02,-9.276391060183611614e+01
4.685516484375000346e+02,-8.881120845947479836e+01
4.685519414062500232e+02,-8.603190919922849389e+01
4.685522343750000118e+02,-8.773889974988277629e+01
4.685525273437500005e+02,-8.450400574125738729e+01
4.685528203124999891e+02,-9.394827310401356613e+01
4.685531132812500346e+02,-8.547982657149496788e+01
4.685534062500000232e+02,-8.632162232846177119e+01
4.685536992187500118e+02,-9.632928942110203252e+01
4.685539921875000005e+02,-9.742180960794415512e+01
4.685542851562499891e+02,-8.919280191612281783e+01
4.685545781250000346e+02,-8.739718483452318765e+01
4.685548710937500232e+02,-8.630713251771109640e+01
4.685551640625000118e+02,-8.661813579597026092e+01
4.685554570312500005e+02,-9.335206704893053598e+01
4.685557499999999891e+02,-8.483758330156378236e+01
4.685560429687500346e+02,-8.470316483960976939e+01
4.685563359375000232e+02,-9.695365118961407802e+01
4.685566289062500118e+02,-1.000275908966825682e+02
4.685569218750000005e+02,-8.963140708704472104e+01
4.685572148437499891e+02,-8.863416404577749574e+01
4.685575078125000346e+02,-8.405370839161872709e+01
4.685578007812500232e+02,-8.550598948457134441e+01
4.685580937500000118e+02,-8.619722055643617864e+01
4.685583867187500005e+02,-8.235851986706128969e+01
4.685586796874999891e+02,-8.614996540677691428e+01
4.685589726562500346e+02,-8.797619022402975020e+01
4.685592656250000232e+02,-1.013984381766848912e+02
4.685595585937500118e+02,-8.564048075237765545e+01
4.685598515625000005e+02,-8.237222975657618917e+01
4.685601445312499891e+02,-8.118224797819431160e+01
4.685604375000000346e+02,-8.628847577737836616e+01
4.685607304687500232e+02,-8.545724925873754785e+01
4.685610234375000118e+02,-8.156849043759139306e+01
4.685613164062500005e+02,-9.193462952566022750e+01
4.685616093749999891e+02,-8.761618689158746065e+01
4.685619023437500346e+02,-9.244751892423099093e+01
4.685621953125000232e+02,-8.422176549705636717e+01
4.685624882812500118e+02,-7.993808376540894756e+01
4.685627812500000005e+02,-8.128701034886012167e+01
4.685630742187499891e+02,-8.663226414195762004e+01
4.685633671875000346e+02,-8.539748532347385890e+01
4.685636601562500232e+02,-8.624938148343261446e+01
4.685639531250000118e+02,-1.000640668928710255e+02
4.685642460937500005e+02,-9.900004793027777339e+01
4.685645390624999891e+02,-8.572320308159385149e+01
4.685648320312500346e+02,-8.430201639115043122e+01
4.685651250000000232e+02,-8.263089282470400576e+01
4.685654179687500118e+02,-8.979747865837551046e+01
4.685657109375000005e+02,-8.538482415482165777e+01
4.685660039062499891e+02,-8.972357646345442106e+01
4.685662968750000346e+02,-9.683969927011139589e+01
4.685665898437500232e+02,-9.520189353659284848e+01
4.685668828125000118e+02,-9.000493333163026932e+01
4.685671757812500005e+02,-8.994530269584119253e+01
4.685674687499999891e+02,-8.974696877478979218e+01
4.685677617187500346e+02,-9.418829680099705115e+01
4.685680546875000232e+02,-8.833973612652062002e+01
4.685683476562500118e+02,-8.075994723642128292e+01
4.685686406250000005e+02,-8.517779452464051815e+01
4.685689335937499891e+02,-8.905015211453566337e+01
4.685692265625000346e+02,-1.061169459261376176e+02
4.685695195312500232e+02,-1.052049060557777835e+02
4.685698125000000118e+02,-8.718890348960492531e+01
4.685701054687500005e+02,-9.023605310967428750e+01
4.685703984374999891e+02,-8.547430496892582141e+01
4.685706914062500346e+02,-8.158420046325639419e+01
4.685709843750000232e+02,-7.904628790100497326e+01
4.685712773437500118e+02,-8.329343147748338083e+01
4.685715703125000005e+02,-9.268766629996557072e+01
4.685718632812499891e+02,-9.830130286891524349e+01
4.685721562500000346e+02,-8.527689754774102937e+01
4.685724492187500232e+02,-8.260288210979283008e+01
4.685727421875000118e+02,-8.497154020131112873e+01
4.685730351562500005e+02,-8.087693158680363581e+01
4.685733281249999891e+02,-7.816443347420626253e+01
4.685736210937500346e+02,-8.107916805988983810e+01
4.685739140625000232e+02,-8.698039858999973717e+01
4.685742070312500118e+02,-8.907967197359026557e+01
4.685745000000000005e+02,-8.338230493913280839e+01
4.685747929687499891e+02,-8.094917363935904575e+01
4.685750859375000346e+02,-8.360699247840878456e+01
4.685753789062500232e+02,-8.482105772226844920e+01
4.685756718750000118e+02,-8.322841138872233557e+01
4.685759648437500005e+02,-8.194112192907383019e+01
4.685762578124999891e+02,-8.473923763800857500e+01
4.685765507812500346e+02,-8.950412648385560033e+01
4.685768437500000232e+02,-8.834194046927116517e+01
4.685771367187500118e+02,-8.238203385604910522e+01
4.685774296875000005e+02,-8.580638564976436555e+01
4.685777226562499891e+02,-8.640958408478127240e+01
4.685780156250000346e+02,-8.854753617594886350e+01
4.685783085937500232e+02,-9.507022665506981696e+01
4.685786015625000118e+02,-8.399990092014702725e+01
4.685788945312500005e+02,-8.743053486362428828e+01
4.685791874999999891e+02,-8.825902683244609648e+01
4.685794804687500346e+02,-8.348098099427845398e+01
4.685797734375000232e+02,-8.981023629207975034e+01
4.685800664062500118e+02,-9.647286068284623184e+01
4.685803593750000005e+02,-9.950810525628624248e+01
4.685806523437499891e+02,-8.865758654314446119e+01
4.685809453125000346e+02,-9.012017444135057076e+01
4.685812382812500232e+02,-8.649558941641410570e+01
4.685815312500000118e+02,-9.178811613268352687e+01
4.685818242187500005e+02,-8.517193724880118566e+01
4.685821171874999891e+02,-8.866863841145692504e+01
4.685824101562500346e+02,-8.852956895147430316e+01
4.685827031250000232e+02,-9.609724999475824347e+01
4.685829960937500118e+02,-8.722426796524082704e+01
4.685832890625000005e+02,-8.176402096274679820e+01
4.685835820312499891e+02,-9.088753335540778266e+01
4.685838750000000346e+02,-9.072706950017737881e+01
4.685841679687500232e+02,-8.545104682737900248e+01
4.685844609375000118e+02,-8.369524528243177031e+01
4.685847539062500005e+02,-8.825468365100417145e+01
4.685850468749999891e+02,-8.770882336702172211e+01
4.685853398437500346e+02,-8.652875965117220858e+01
4.685856328125000232e+02,-8.049052214588719778e+01
4.685859257812500118e+02,-8.322764595843011648e+01
4.685862187500000005e+02,-8.876102742566399684e+01
4.685865117187499891e+02,-8.512097851290153017e+01
4.685868046875000346e+02,-8.506054326541877231e+01
4.685870976562500232e+02,-8.368825294789536429e+01
4.685873906250000118e+02,-8.982290603198281076e+01
4.685876835937500005e+02,-8.909149064442635790e+01
4.685879765624999891e+02,-8.362087945681282974e+01
4.685882695312500346e+02,-8.042136609270521319e+01
4.685885625000000232e+02,-8.535470160143407270e+01
4.685888554687500118e+02,-8.257671475967505614e+01
4.685891484375000005e+02,-8.260716597347098400e+01
4.685894414062499891e+02,-9.041351193165797895e+01
4.685897343750000346e+02,-8.735416155327364152e+01
4.685900273437500232e+02,-9.238069575944111023e+01
4.685903203125000118e+02,-8.742223931188435415e+01
4.685906132812500005e+02,-8.336792031145678550e+01
4.685909062499999891e+02,-8.260863178609201896e+01
4.685911992187500346e+02,-8.295516928365753984e+01
4.685914921875000232e+02,-8.066228770805942361e+01
4.685917851562500118e+02,-8.189754638069732096e+01
4.685920781250000005e+02,-9.551495284656721196e+01
4.685923710937499891e+02,-9.557872409643499623e+01
4.685926640625000346e+02,-8.662097785353122958e+01
4.685929570312500232e+02,-8.638187460595098344e+01
4.685932500000000118e+02,-8.345253765362204490e+01
4.685935429687500005e+02,-8.143569038870714394e+01
4.685938359374999891e+02,-8.466446054519016684e+01
4.685941289062500346e+02,-8.012871462144835277e+01
4.685944218750000232e+02,-8.267666156769425356e+01
4.685947148437500118e+02,-9.393166044126294878e+01
4.685950078125000005e+02,-9.409033481522891407e+01
4.685953007812499891e+02,-8.490012946136249639e+01
4.685955937500000346e+02,-8.339113502889718177e+01
4.685958867187500232e+02,-8.278220672226139243e+01
4.685961796875000118e+02,-8.305243293278809347e+01
4.685964726562500005e+02,-8.808228299746804169e+01
4.685967656249999891e+02,-8.246757297107713214e+01
4.685970585937500346e+02,-8.693705625195943298e+01
4.685973515625000232e+02,-9.644894191804461059e+01
4.685976445312500118e+02,-8.540687772528676192e+01
4.685979375000000005e+02,-8.059670713751556548e+01
4.685982304687499891e+02,-8.327143362370337343e+01
4.685985234375000346e+02,-8.603464387165880112e+01
4.685988164062500232e+02,-8.807921076007471584e+01
4.685991093750000118e+02,-8.928943117743725111e+01
4.685994023437500005e+02,-8.276450572745424950e+01
4.685996953124999891e+02,-8.524079966285850674e+01
4.685999882812500346e+02,-9.593097364002139216e+01
4.686002812500000232e+02,-8.456837155721925114e+01
4.686005742187500118e+02,-8.055743794385264778e+01
4.686008671875000005e+02,-9.025226809507259418e+01
4.686011601562499891e+02,-8.356208913285796314e+01
4.686014531250000346e+02,-8.596276303841513311e+01
4.686017460937500232e+02,-8.317688261378938819e+01
4.686020390625000118e+02,-8.024175070729435788e+01
4.686023320312500005e+02,-8.407919580343373411e+01
4.686026249999999891e+02,-9.327768544762405156e+01
4.686029179687500346e+02,-8.189331956643451349e+01
4.686032109375000232e+02,-8.607830814042091561e+01
4.686035039062500118e+02,-8.581487506898353956e+01
4.686037968750000005e+02,-8.453591257293489036e+01
4.686040898437499891e+02,-8.313561799100595806e+01
4.686043828125000346e+02,-7.965253447802821540e+01
4.686046757812500232e+02,-8.027659858382057223e+01
4.686049687500000118e+02,-8.515159981437726344e+01
4.686052617187500005e+02,-8.927704703234198291e+01
4.686055546874999891e+02,-8.536561349991551140e+01
4.686058476562500346e+02,-9.482044530461894283e+01
4.686061406250000232e+02,-8.282403288463241608e+01
4.686064335937500118e+02,-8.419806538823453934e+01
4.686067265625000005e+02,-8.103112732077397595e+01
4.686070195312499891e+02,-8.136295073288847846e+01
4.686073125000000346e+02,-8.592773040325049294e+01
4.686076054687500232e+02,-8.466643355047787622e+01
4.686078984375000118e+02,-8.471612952172945654e+01
4.686081914062500005e+02,-1.219773238207132522e+02
4.686084843749999891e+02,-8.654741761844607595e+01
4.686087773437500346e+02,-8.831623642365880755e+01
4.686090703125000232e+02,-8.861421049798184413e+01
4.686093632812500118e+02,-8.268080987647878999e+01
4.686096562500000005e+02,-8.600340237841643898e+01
4.686099492187499891e+02,-9.399976881253502370e+01
4.686102421875000346e+02,-8.462969490406160844e+01
4.686105351562500232e+02,-9.428661415576871718e+01
4.686108281250000118e+02,-1.006877663705233061e+02
4.686111210937500005e+02,-9.164583218095309292e+01
4.686114140624999891e+02,-8.890332985491841100e+01
4.686117070312500346e+02,-8.817096761348112466e+01
4.686120000000000232e+02,-9.373287141162390412e+01
4.686122929687500118e+02,-9.596743574362206175e+01
4.686125859375000005e+02,-1.027630156540861321e+02
4.686128789062499891e+02,-8.817671781625806204e+01
4.686131718750000346e+02,-9.327212674897336342e+01
4.686134648437500232e+02,-9.002658553360417670e+01
4.686137578125000118e+02,-1.023612892348085097e+02
4.686140507812500005e+02,-8.381154685173677876e+01
4.686143437499999891e+02,-8.836948152930284550e+01
4.686146367187500346e+02,-9.702916072050713581e+01
4.686149296875000232e+02,-8.674711673157197822e+01
4.686152226562500118e+02,-8.730031373765554292e+01
4.686155156250000005e+02,-8.570493124133895435e+01
4.686158085937499891e+02,-9.739860830649519130e+01
4.686161015625000346e+02,-8.581528079361797268e+01
4.686163945312500232e+02,-8.574850472540092028e+01
4.686166875000000118e+02,-8.105782092866007815e+01
4.686169804687500005e+02,-8.854229839854716033e+01
4.686172734374999891e+02,-8.992384459984629075e+01
4.686175664062500346e+02,-8.319379609104160522e+01
4.686178593750000232e+02,-8.174746703853413976e+01
4.686181523437500118e+02,-8.568300793412304017e+01
4.686184453125000005e+02,-8.540011378299162459e+01
4.686187382812499891e+02,-9.165452994229754324e+01
4.686190312500000346e+02,-8.633495911536174106e+01
4.686193242187500232e+02,-8.702250617139998212e+01
4.686196171875000118e+02,-9.349958601446647322e+01
4.686199101562500005e+02,-8.395700037222005108e+01
4.686202031249999891e+02,-7.924603579539522968e+01
4.686204960937500346e+02,-8.260449363626091213e+01
4.686207890625000232e+02,-8.792926654733309988e+01
4.686210820312500118e+02,-8.563141475853018392e+01
4.686213750000000005e+02,-1.009990369332284956e+02
4.686216679687499891e+02,-9.092461613538389997e+01
4.686219609375000346e+02,-9.559378576288530382e+01
4.686222539062500232e+02,-8.524250956206040541e+01
4.686225468750000118e+02,-8.189984819679771988e+01
4.686228398437500005e+02,-7.992976451919147962e+01
4.686231328124999891e+02,-8.582169600798795273e+01
4.686234257812500346e+02,-8.982734379634578659e+01
4.686237187500000232e+02,-8.990738389368942762e+01
4.686240117187500118e+02,-9.097654912287124773e+01
4.686243046875000005e+02,-1.072028360491793819e+02
4.686245976562499891e+02,-8.879525938495460480e+01
4.686248906250000346e+02,-8.557000555181475931e+01
4.686251835937500232e+02,-8.419588575410347175e+01
4.686254765625000118e+02,-8.702342078545666482e+01
4.686257695312500005e+02,-9.029703023597873823e+01
4.686260624999999891e+02,-1.025789457552569530e+02
4.686263554687500346e+02,-8.644378083284459535e+01
4.686266484375000232e+02,-9.031821468252849172e+01
4.686269414062500118e+02,-9.886256878469026788e+01
4.686272343750000005e+02,-8.551599007396929153e+01
4.686275273437499891e+02,-9.308309724734259305e+01
4.686278203125000346e+02,-8.888121969826217139e+01
4.686281132812500232e+02,-9.260855752757322534e+01
4.686284062500000118e+02,-8.875343407675134699e+01
4.686286992187500005e+02,-8.626785739847342427e+01
4.686289921874999891e+02,-8.459255061088450134e+01
4.686292851562500346e+02,-9.915404155801363117e+01
4.686295781250000232e+02,-1.035325627010997493e+02
4.686298710937500118e+02,-8.791131280726325770e+01
4.686301640625000005e+02,-8.643609304906127022e+01
4.686304570312499891e+02,-8.224489106189727750e+01
4.686307500000000346e+02,-8.416046405685645482e+01
4.686310429687500232e+02,-8.212278858119515235e+01
4.686313359375000118e+02,-8.513300919822752633e+01
4.686316289062500005e+02,-8.677026900404126764e+01
4.686319218749999891e+02,-8.866004466350173630e+01
4.686322148437500346e+02,-9.968373736897602555e+01
4.686325078125000232e+02,-8.544034664502099474e+01
4.686328007812500118e+02,-8.292499460042512283e+01
4.686330937500000005e+02,-7.992971203711101680e+01
4.686333867187499891e+02,-7.933899856216120838e+01
4.686336796875000346e+02,-8.218080739181277750e+01
4.686339726562500232e+02,-8.737790017681659549e+01
4.686342656250000118e+02,-8.557939670861317438e+01
4.686345585937500005e+02,-8.447051015189731515e+01
4.686348515624999891e+02,-9.290416500543528855e+01
4.686351445312500346e+02,-8.539655251401298131e+01
4.686354375000000232e+02,-8.119255887655714332e+01
4.686357304687500118e+02,-7.701813515945451627e+01
4.686360234375000005e+02,-7.965275794471624238e+01
4.686363164062499891e+02,-8.760307204442628404e+01
4.686366093750000346e+02,-8.640143793923158455e+01
4.686369023437500232e+02,-8.248028185658851896e+01
4.686371953125000118e+02,-8.347243490464789772e+01
4.686374882812500005e+02,-1.007047652425747799e+02
4.686377812499999891e+02,-9.634396865116714537e+01
4.686380742187500346e+02,-8.011377297808442677e+01
4.686383671875000232e+02,-7.787168541316933101e+01
4.686386601562500118e+02,-8.467509187791145564e+01
4.686389531250000005e+02,-8.904298768100061068e+01
4.686392460937499891e+02,-8.441960354510626985e+01
4.686395390625000346e+02,-8.273074265502788194e+01
4.686398320312500232e+02,-8.604565914024588835e+01
4.686401250000000118e+02,-8.837288817715274547e+01
4.686404179687500005e+02,-8.843798544016456731e+01
4.686407109374999891e+02,-8.259500883012756844e+01
4.686410039062500346e+02,-8.376213000374299611e+01
4.686412968750000232e+02,-9.074287722970899495e+01
4.686415898437500118e+02,-8.914871024395962706e+01
4.686418828125000005e+02,-8.306385819846610730e+01
4.686421757812499891e+02,-8.551686529331085751e+01
4.686424687500000346e+02,-8.423234822248731746e+01
4.686427617187500232e+02,-8.117025699797892457e+01
4.686430546875000118e+02,-8.536683520816973214e+01
4.686433476562500005e+02,-8.846161666501899390e+01
4.686436406249999891e+02,-8.999443549768601258e+01
4.686439335937500346e+02,-1.117856799078852106e+02
4.686442265625000232e+02,-8.732676230427821906e+01
4.686445195312500118e+02,-8.516156083123192388e+01
4.686448125000000005e+02,-8.956416159242974118e+01
4.686451054687499891e+02,-7.970153423737070852e+01
4.686453984375000346e+02,-7.919226485399585158e+01
4.686456914062500232e+02,-8.700460844022119034e+01
4.686459843750000118e+02,-9.117547826088561180e+01
4.686462773437500005e+02,-8.832268393758366187e+01
4.686465703124999891e+02,-9.207166950334489286e+01
4.686468632812500346e+02,-8.825236486916566037e+01
4.686471562500000232e+02,-8.989994779084547361e+01
4.686474492187500118e+02,-8.632688637533503595e+01
4.686477421875000005e+02,-7.903733283699281742e+01
4.686480351562499891e+02,-8.189211224792606458e+01
4.686483281250000346e+02,-9.305110573700297039e+01
4.686486210937500232e+02,-8.605187286323747742e+01
4.686489140625000118e+02,-8.908520028416421610e+01
4.686492070312500005e+02,-1.147717700799013443e+02
4.686494999999999891e+02,-9.270879499318667172e+01
4.686497929687500346e+02,-9.552167892399788229e+01
4.686500859375000232e+02,-8.515548522054845648e+01
4.686503789062500118e+02,-8.377772740109456606e+01
4.686506718750000005e+02,-8.904621281220843798e+01
4.686509648437499891e+02,-9.563423074802115309e+01
4.686512578125000346e+02,-8.361676394736267071e+01
4.686515507812500232e+02,-9.467421180589636265e+01
4.686518437500000118e+02,-1.003533142534149647e+02
4.686521367187500005e+02,-9.598417388289666974e+01
4.686524296874999891e+02,-9.673269286768839947e+01
4.686527226562500346e+02,-9.089776134225408555e+01
4.686530156250000232e+02,-9.586571547134555260e+01
4.686533085937500118e+02,-9.470460874001580009e+01
4.686536015625000005e+02,-8.902309828764794020e+01
4.686538945312499891e+02,-9.246605564147239420e+01
4.686541875000000346e+02,-8.597027894743563081e+01
4.686544804687500232e+02,-9.511272104584378440e+01
4.686547734375000118e+02,-9.690307101862322270e+01
4.686550664062500005e+02,-9.355547107559468145e+01
4.686553593749999891e+02,-9.437340761640362530e+01
4.686556523437500346e+02,-8.585407484309656923e+01
4.686559453125000232e+02,-8.872602947302911502e+01
4.686562382812500118e+02,-9.171736237831331096e+01
4.686565312500000005e+02,-8.907224989469924026e+01
4.686568242187499891e+02,-8.874458988076113997e+01
4.686571171875000346e+02,-9.513133996234294898e+01
4.686574101562500232e+02,-9.650871878196957709e+01
4.686577031250000118e+02,-8.778237196514905349e+01
4.686579960937500005e+02,-8.412438012750575922e+01
4.686582890624999891e+02,-8.586113486429132990e+01
4.686585820312500346e+02,-9.105811258746729209e+01
4.686588750000000232e+02,-9.104517020041647868e+01
4.686591679687500118e+02,-8.884481332658766917e+01
4.686594609375000005e+02,-9.230683843702047398e+01
4.686597539062499891e+02,-9.062461543145025189e+01
4.686600468750000346e+02,-8.530255283986220149e+01
4.686603398437500232e+02,-9.001576006351483272e+01
4.686606328125000118e+02,-8.307331132117414541e+01
4.686609257812500005e+02,-9.456350073712853543e+01
4.686612187499999891e+02,-8.825955357190933626e+01
4.686615117187500346e+02,-8.781916603454016013e+01
4.686618046875000232e+02,-9.174667975004430787e+01
4.686620976562500118e+02,-8.831561478349934191e+01
4.686623906250000005e+02,-8.845496492101376873e+01
4.686626835937499891e+02,-8.494238553415758020e+01
4.686629765625000346e+02,-9.068273002729500831e+01
4.686632695312500232e+02,-8.921194186754412669e+01
4.686635625000000118e+02,-9.174672406831476223e+01
4.686638554687500005e+02,-8.629627779125345910e+01
4.686641484374999891e+02,-8.720636665278540534e+01
4.686644414062500346e+02,-9.443164265654434075e+01
4.686647343750000232e+02,-9.206103124548144478e+01
4.686650273437500118e+02,-8.411257961479797984e+01
4.686653203125000005e+02,-9.075847402806139996e+01
4.686656132812499891e+02,-8.486052497837341946e+01
4.686659062500000346e+02,-8.573872289597960616e+01
4.686661992187500232e+02,-8.861446289689874334e+01
4.686664921875000118e+02,-8.365774356072623164e+01
4.686667851562500005e+02,-8.958484416987363375e+01
4.686670781249999891e+02,-9.714565756169824340e+01
4.686673710937500346e+02,-8.873479605743207799e+01
4.686676640625000232e+02,-8.697382096723147527e+01
4.686679570312500118e+02,-9.175638018298906218e+01
4.686682500000000005e+02,-8.452105935214095211e+01
4.686685429687499891e+02,-8.204374993327698462e+01
4.686688359375000346e+02,-8.585792733875783256e+01
4.686691289062500232e+02,-8.497149859152048634e+01
4.686694218750000118e+02,-1.030039082769065146e+02
4.686697148437500005e+02,-9.029208302850972245e+01
4.686700078124999891e+02,-9.033219434327389763e+01
4.686703007812500346e+02,-9.404240493814430124e+01
4.686705937500000232e+02,-8.800297163622943231e+01
4.686708867187500118e+02,-7.995865088877492610e+01
4.686711796875000005e+02,-8.068933354982911510e+01
4.686714726562499891e+02,-8.570808891222164050e+01
4.686717656250000346e+02,-8.957459551577409229e+01
4.686720585937500232e+02,-9.041795177332495825e+01
4.686723515625000118e+02,-8.673988929219180477e+01
4.686726445312500005e+02,-8.640804980031302307e+01
4.686729374999999891e+02,-9.481261002151767059e+01
4.686732304687500346e+02,-8.561669451221183635e+01
4.686735234375000232e+02,-7.904721191635790944e+01
4.686738164062500118e+02,-8.113079583902606373e+01
4.686741093750000005e+02,-8.331795043072175133e+01
4.686744023437499891e+02,-9.236478518723076547e+01
4.686746953125000346e+02,-8.885250337680955113e+01
4.686749882812500232e+02,-8.380607999438078082e+01
4.686752812500000118e+02,-8.416309585904753021e+01
4.686755742187500005e+02,-9.178464117729660643e+01
4.686758671874999891e+02,-8.308209557588584460e+01
4.686761601562500346e+02,-8.029263387591244339e+01
4.686764531250000232e+02,-8.102334583355940367e+01
4.686767460937500118e+02,-8.312844628712632300e+01
4.686770390625000005e+02,-9.084825097343318134e+01
4.686773320312499891e+02,-8.401422501717348723e+01
4.686776250000000346e+02,-8.161422907405378169e+01
4.686779179687500232e+02,-8.533396625948860503e+01
4.686782109375000118e+02,-8.810764307978206489e+01
4.686785039062500005e+02,-8.247551546703581948e+01
4.686787968749999891e+02,-8.208007328907638112e+01
4.686790898437500346e+02,-8.413258249388633203e+01
4.686793828125000232e+02,-8.461663142771675439e+01
4.686796757812500118e+02,-8.759004659158981099e+01
4.686799687500000005e+02,-8.226883517425277148e+01
4.686802617187499891e+02,-8.266985465314506598e+01
4.686805546875000346e+02,-8.898649809962996926e+01
4.686808476562500232e+02,-8.394643328058305087e+01
4.686811406250000118e+02,-8.422287954080560723e+01
4.686814335937500005e+02,-8.523630673293186533e+01
4.686817265624999891e+02,-8.650871522811368663e+01
4.686820195312500346e+02,-8.432121968406977430e+01
4.686823125000000232e+02,-8.784027037840397156e+01
4.686826054687500118e+02,-8.561438875004401439e+01
4.686828984375000005e+02,-8.524320523521842574e+01
4.686831914062499891e+02,-8.566660004352407043e+01
4.686834843750000346e+02,-8.366290768099743502e+01
4.686837773437500232e+02,-8.758769618205697327e+01
4.686840703125000118e+02,-9.320096092097386986e+01
4.686843632812500005e+02,-8.449471186438378822e+01
4.686846562499999891e+02,-9.636024742888201899e+01
4.686849492187500346e+02,-9.003602611739090378e+01
4.686852421875000232e+02,-9.035904380715025752e+01
4.686855351562500118e+02,-8.615518853614497630e+01
4.686858281250000005e+02,-8.524813339718569694e+01
4.686861210937499891e+02,-8.720586372518997109e+01
4.686864140625000346e+02,-9.075415437315848521e+01
4.686867070312500232e+02,-8.753469728857575660e+01
4.686870000000000118e+02,-9.308786366424536141e+01
4.686872929687500005e+02,-8.659548153004251958e+01
4.686875859374999891e+02,-8.817298725542951843e+01
4.686878789062500346e+02,-8.777641153672354335e+01
4.686881718750000232e+02,-8.666842206220840694e+01
4.686884648437500118e+02,-8.805804707319458657e+01
4.686887578125000005e+02,-9.048338752639475047e+01
4.686890507812499891e+02,-8.551352307179378442e+01
4.686893437500000346e+02,-8.901317977252529090e+01
4.686896367187500232e+02,-9.431850569180690513e+01
4.686899296875000118e+02,-8.248840703448374256e+01
4.686902226562500005e+02,-8.640211269783465298e+01
4.686905156249999891e+02,-9.236753636177238036e+01
4.686908085937500346e+02,-8.985122473653829900e+01
4.686911015625000232e+02,-8.625052660078678457e+01
4.686913945312500118e+02,-8.641358124513513417e+01
4.686916875000000005e+02,-9.047894574691348168e+01
4.686919804687499891e+02,-9.417642916610770953e+01
4.686922734375000346e+02,-8.385405202993612761e+01
4.686925664062500232e+02,-8.086594897661800019e+01
4.686928593750000118e+02,-8.622236744600101588e+01
4.686931523437500005e+02,-9.681651283719774881e+01
4.686934453124999891e+02,-8.577678718639054978e+01
4.686937382812500346e+02,-8.571083175257061271e+01
4.686940312500000232e+02,-8.722737579715234801e+01
4.686943242187500118e+02,-9.299861740934525756e+01
4.686946171875000005e+02,-9.394135007172708640e+01
4.686949101562499891e+02,-8.260040533039929755e+01
4.686952031250000346e+02,-8.268805905598917150e+01
4.686954960937500232e+02,-8.889669191240626844e+01
4.686957890625000118e+02,-9.936551164028657013e+01
4.686960820312500005e+02,-8.782216641791333700e+01
4.686963749999999891e+02,-8.640457993327569852e+01
4.686966679687500346e+02,-8.810683916834835827e+01
4.686969609375000232e+02,-9.639825785576270789e+01
4.686972539062500118e+02,-8.994576077272444081e+01
4.686975468750000005e+02,-8.416707837280901572e+01
4.686978398437499891e+02,-8.878683674927540892e+01
4.686981328125000346e+02,-9.389918594884697711e+01
4.686984257812500232e+02,-9.504242286832419495e+01
4.686987187500000118e+02,-9.792312677463483794e+01
4.686990117187500005e+02,-9.355420803283735154e+01
4.686993046874999891e+02,-1.034059616982385990e+02
4.686995976562500346e+02,-1.060841756891520049e+02
4.686998906250000232e+02,-9.384536143337535918e+01
4.687001835937500118e+02,-8.739532764954591926e+01
4.687004765625000005e+02,-8.710302360078728157e+01
4.687007695312499891e+02,-8.519902133130101163e+01
4.687010625000000346e+02,-9.167595638925682522e+01
4.687013554687500232e+02,-8.933027724359418187e+01
4.687016484375000118e+02,-9.087561309327662684e+01
4.687019414062500005e+02,-9.865538292736560777e+01
4.687022343749999891e+02,-9.245229867592449580e+01
4.687025273437500346e+02,-8.757608318797747415e+01
4.687028203125000232e+02,-8.458583581972771981e+01
4.687031132812500118e+02,-8.270518418414425810e+01
4.687034062500000005e+02,-8.670497009891724360e+01
4.687036992187499891e+02,-8.576568614607558061e+01
4.687039921875000346e+02,-8.466283840592379306e+01
4.687042851562500232e+02,-8.650003299395186218e+01
4.687045781250000118e+02,-9.355689443858983623e+01
4.687048710937500005e+02,-8.622466558118959767e+01
4.687051640624999891e+02,-8.324396373596094634e+01
4.687054570312500346e+02,-8.221229990606089189e+01
4.687057500000000232e+02,-8.250576991560456008e+01
4.687060429687500118e+02,-8.969613376528843673e+01
4.687063359375000005e+02,-8.304086362477764283e+01
4.687066289062499891e+02,-8.192994415111013495e+01
4.687069218750000346e+02,-8.754308296342748008e+01
4.687072148437500232e+02,-8.688712602416987352e+01
4.687075078125000118e+02,-8.401663866953177262e+01
4.687078007812500005e+02,-8.123873600117940441e+01
4.687080937499999891e+02,-8.108412334592685511e+01
4.687083867187500346e+02,-8.906020119318617390e+01
4.687086796875000232e+02,-8.664764060411161495e+01
4.687089726562500118e+02,-8.218409299739010976e+01
4.687092656250000005e+02,-8.507113295998179581e+01
4.687095585937499891e+02,-8.514936381174803159e+01
4.687098515625000346e+02,-8.231415634243916202e+01
4.687101445312500232e+02,-8.343028834437026831e+01
4.687104375000000118e+02,-8.190285774595687940e+01
4.687107304687500005e+02,-8.308263615234659483e+01
4.687110234374999891e+02,-1.017442283561161673e+02
4.687113164062500346e+02,-8.540709905871355545e+01
4.687116093750000232e+02,-8.401094827343592897e+01
4.687119023437500118e+02,-8.912038942526287144e+01
4.687121953125000005e+02,-8.297490389403124311e+01
4.687124882812499891e+02,-8.123346662810612884e+01
4.687127812500000346e+02,-8.347183465060773244e+01
4.687130742187500232e+02,-8.562507362841763836e+01
4.687133671875000118e+02,-8.707245105892882009e+01
4.687136601562500005e+02,-8.838825576897677649e+01
4.687139531249999891e+02,-8.822826122393578885e+01
4.687142460937500346e+02,-9.169462041035977506e+01
4.687145390625000232e+02,-8.845132855739173294e+01
4.687148320312500118e+02,-8.232690265086134218e+01
4.687151250000000005e+02,-8.197951971694774898e+01
4.687154179687499891e+02,-8.679966505715799485e+01
4.687157109375000346e+02,-8.851220932446160816e+01
4.687160039062500232e+02,-8.428743661932564635e+01
4.687162968750000118e+02,-8.687785195534736715e+01
4.687165898437500005e+02,-1.003335746924531833e+02
4.687168828124999891e+02,-9.151941775804942836e+01
4.687171757812500346e+02,-8.638923931807006795e+01
4.687174687500000232e+02,-8.172634461178748211e+01
4.687177617187500118e+02,-8.413005951154686102e+01
4.687180546875000005e+02,-1.002971964758135073e+02
4.687183476562499891e+02,-8.418427696916536718e+01
4.687186406250000346e+02,-8.460863593182054387e+01
4.687189335937500232e+02,-9.484801654079916489e+01
4.687192265625000118e+02,-8.964770178082221719e+01
4.687195195312500005e+02,-8.550218640843607432e+01
4.687198124999999891e+02,-8.164553026833333149e+01
4.687201054687500346e+02,-8.092891390702155263e+01
4.687203984375000232e+02,-9.019926944771043509e+01
4.687206914062500118e+02,-8.610303159794830208e+01
4.687209843750000005e+02,-8.510750241048640419e+01
4.687212773437499891e+02,-9.768421473827260115e+01
4.687215703125000346e+02,-1.092949032973358783e+02
4.687218632812500232e+02,-8.849729593962746321e+01
4.687221562500000118e+02,-8.179630881589551450e+01
4.687224492187500005e+02,-7.924190882809604375e+01
4.687227421874999891e+02,-8.374803858026217540e+01
4.687230351562500346e+02,-8.856567155204614039e+01
4.687233281250000232e+02,-8.410805584524175060e+01
4.687236210937500118e+02,-9.112978177121526357e+01
4.687239140625000005e+02,-8.908688793333800504e+01
4.687242070312499891e+02,-9.471265133229182709e+01
4.687245000000000346e+02,-8.809020986213138826e+01
4.687247929687500232e+02,-7.999592500013655183e+01
4.687250859375000118e+02,-7.904278585057180351e+01
4.687253789062500005e+02,-8.989944021637313654e+01
4.687256718749999891e+02,-8.726334433637610744e+01
4.687259648437500346e+02,-8.814501828975578235e+01
4.687262578125000232e+02,-8.583290561551392273e+01
4.687265507812500118e+02,-8.355944035361004296e+01
4.687268437500000005e+02,-9.434145242919301211e+01
4.687271367187499891e+02,-8.639634811666576297e+01
4.687274296875000346e+02,-8.085444618228363822e+01
4.687277226562500232e+02,-8.468731204150111580e+01
4.687280156250000118e+02,-9.521377327706728977e+01
4.687283085937500005e+02,-8.676731926565416586e+01
4.687286015624999891e+02,-8.541702499734196863e+01
4.687288945312500346e+02,-8.195475703476677154e+01
4.687291875000000232e+02,-8.440702275188397152e+01
4.687294804687500118e+02,-8.995548983189273429e+01
4.687297734375000005e+02,-9.207890376347137362e+01
4.687300664062499891e+02,-8.579870240527883141e+01
4.687303593750000346e+02,-9.130067285318979486e+01
4.687306523437500232e+02,-9.124874608603767001e+01
4.687309453125000118e+02,-8.885905379355550338e+01
4.687312382812500005e+02,-8.340112350499005345e+01
4.687315312499999891e+02,-8.098648273183147239e+01
4.687318242187500346e+02,-9.566437345951749194e+01
4.687321171875000232e+02,-8.902390094815527277e+01
4.687324101562500118e+02,-9.724044640816499907e+01
4.687327031250000005e+02,-9.842702324807379455e+01
4.687329960937499891e+02,-9.089413471990195603e+01
4.687332890625000346e+02,-8.913236322691339808e+01
4.687335820312500232e+02,-8.967347708303206844e+01
4.687338750000000118e+02,-8.337098203217681203e+01
4.687341679687500005e+02,-8.721037012963546431e+01
4.687344609374999891e+02,-9.265236671531749835e+01
4.687347539062500346e+02,-8.783860576375710139e+01
4.687350468750000232e+02,-8.991570935980300305e+01
4.687353398437500118e+02,-8.869588785973363088e+01
4.687356328125000005e+02,-8.446477510517266296e+01
4.687359257812499891e+02,-8.608624717367698054e+01
4.687362187500000346e+02,-8.852596092100537817e+01
4.687365117187500232e+02,-8.705409445904652443e+01
4.687368046875000118e+02,-8.939261175258543801e+01
4.687370976562500005e+02,-9.531137912303020698e+01
4.687373906249999891e+02,-8.701719798848343146e+01
4.687376835937500346e+02,-8.895215926761396474e+01
4.687379765625000232e+02,-8.344815482784581206e+01
4.687382695312500118e+02,-8.210082077934490030e+01
4.687385625000000005e+02,-9.014765221176486421e+01
4.687388554687499891e+02,-9.795560901158972911e+01
4.687391484375000346e+02,-8.566082561856978828e+01
4.687394414062500232e+02,-8.674861937543104773e+01
4.687397343750000118e+02,-9.930895627198252384e+01
4.687400273437500005e+02,-9.116336687334560906e+01
4.687403203124999891e+02,-8.520725725749393575e+01
4.687406132812500346e+02,-8.150589391982229870e+01
4.687409062500000232e+02,-8.686065751350972164e+01
4.687411992187500118e+02,-9.824337438647179965e+01
4.687414921875000005e+02,-8.749141571341604617e+01
4.687417851562499891e+02,-8.156935636195400718e+01
4.687420781250000346e+02,-8.648236079583965363e+01
4.687423710937500232e+02,-9.331347843509971085e+01
4.687426640625000118e+02,-8.303470927885311426e+01
4.687429570312500005e+02,-8.031172571456843912e+01
4.687432499999999891e+02,-8.370576678035678242e+01
4.687435429687500346e+02,-1.012745841119017882e+02
4.687438359375000232e+02,-8.829418933004853898e+01
4.687441289062500118e+02,-8.498347949386436539e+01
4.687444218750000005e+02,-8.215552990335132222e+01
4.687447148437499891e+02,-8.432904979575157256e+01
4.687450078125000346e+02,-8.499440076818594036e+01
4.687453007812500232e+02,-8.296462533526890581e+01
4.687455937500000118e+02,-8.346132579371052884e+01
4.687458867187500005e+02,-9.267414787753126859e+01
4.687461796874999891e+02,-9.283207842032297208e+01
4.687464726562500346e+02,-8.754768590120684735e+01
4.687467656250000232e+02,-8.627779587100920367e+01
4.687470585937500118e+02,-8.468984952761874752e+01
4.687473515625000005e+02,-8.227213531454910367e+01
4.687476445312499891e+02,-8.418790448732681853e+01
4.687479375000000346e+02,-8.591058184661045516e+01
4.687482304687500232e+02,-9.207634438796986842e+01
4.687485234375000118e+02,-9.842055093744880878e+01
4.687488164062500005e+02,-8.794779013441998927e+01
4.687491093749999891e+02,-8.711870118649417805e+01
4.687494023437500346e+02,-9.023880741320844834e+01
4.687496953125000232e+02,-8.334888629252033354e+01
4.687499882812500118e+02,-8.399341457617531148e+01
4.687502812500000005e+02,-9.062073230999899920e+01
4.687505742187499891e+02,-9.075140776381523722e+01
4.687508671875000346e+02,-9.802063144211643930e+01
4.687511601562500232e+02,-9.654023373890734661e+01
4.687514531250000118e+02,-8.838109714367101333e+01
4.687517460937500005e+02,-8.916123547880408751e+01
4.687520390624999891e+02,-8.985009820299895011e+01
4.687523320312500346e+02,-8.212776517653466613e+01
4.687526250000000232e+02,-9.385441105760035896e+01
4.687529179687500118e+02,-9.048599883158375690e+01
4.687532109375000005e+02,-9.857905509009034972e+01
4.687535039062499891e+02,-9.449336285805873104e+01
4.687537968750000346e+02,-8.852033509797776389e+01
4.687540898437500232e+02,-8.641189663948706823e+01
4.687543828125000118e+02,-9.151383419633305039e+01
4.687546757812500005e+02,-8.513295257555435569e+01
4.687549687499999891e+02,-8.647025127741970607e+01
4.687552617187500346e+02,-9.326324208623402967e+01
4.687555546875000232e+02,-8.818691490329473481e+01
4.687558476562500118e+02,-9.997794570992937224e+01
4.687561406250000005e+02,-8.960227604330766837e+01
4.687564335937499891e+02,-8.597295935011258905e+01
4.687567265625000346e+02,-8.688541728839777534e+01
4.687570195312500232e+02,-8.757029482478584725e+01
4.687573125000000118e+02,-8.265502281269426987e+01
4.687576054687500005e+02,-8.904318031967235925e+01
4.687578984374999891e+02,-8.945213140729902079e+01
4.687581914062500346e+02,-8.920187154822981768e+01
4.687584843750000232e+02,-9.196843343255576997e+01
4.687587773437500118e+02,-8.509362777065034322e+01
4.687590703125000005e+02,-8.397050092801521259e+01
4.687593632812499891e+02,-8.582943092789291484e+01
4.687596562500000346e+02,-8.339476593525360215e+01
4.687599492187500232e+02,-8.227012375994684135e+01
4.687602421875000118e+02,-8.558529070093391056e+01
4.687605351562500005e+02,-8.579300993566121747e+01
4.687608281249999891e+02,-9.735251519981045476e+01
4.687611210937500346e+02,-8.598036670712089347e+01
4.687614140625000232e+02,-8.277037216527941155e+01
4.687617070312500118e+02,-8.314128481573376916e+01
