Frequency_MHz,Power_dBHz
4.663620000000000232e+02,-8.657130556705314461e+01
4.663622929687500118e+02,-8.704887249826988693e+01
4.663625859375000005e+02,-8.369405877388510362e+01
4.663628789062499891e+02,-9.280635325673810598e+01
4.663631718750000346e+02,-9.430509514404603522e+01
4.663634648437500232e+02,-8.981087914840378517e+01
4.663637578125000118e+02,-9.278455487195687112e+01
4.663640507812500005e+02,-1.073436830315437618e+02
4.663643437499999891e+02,-8.936034290839469918e+01
4.663646367187500346e+02,-1.033579270274665021e+02
4.663649296875000232e+02,-8.900626383506038053e+01
4.663652226562500118e+02,-1.074642649136266783e+02
4.663655156250000005e+02,-8.900553367131026050e+01
4.663658085937499891e+02,-8.862400416548092608e+01
4.663661015625000346e+02,-9.278773994735900033e+01
4.663663945312500232e+02,-9.570367993817244212e+01
4.663666875000000118e+02,-9.576846031899111722e+01
4.663669804687500005e+02,-8.450050997283091192e+01
4.663672734374999891e+02,-8.344954680227438359e+01
4.663675664062500346e+02,-8.565146131117855077e+01
4.663678593750000232e+02,-8.776540201898953342e+01
4.663681523437500118e+02,-8.403126672302039424e+01
4.663684453125000005e+02,-8.336530176459885411e+01
4.663687382812499891e+02,-8.838139878748590661e+01
4.663690312500000346e+02,-9.081770859069236224e+01
4.663693242187500232e+02,-8.599015654282456467e+01
4.663696171875000118e+02,-8.545824798462288641e+01
4.663699101562500005e+02,-8.406242865276880138e+01
4.663702031249999891e+02,-8.331671054878893301e+01
4.663704960937500346e+02,-8.641687036078897677e+01
4.663707890625000232e+02,-8.714173290913427650e+01
4.663710820312500118e+02,-9.284321707147590530e+01
4.663713750000000005e+02,-9.043798937985299347e+01
4.663716679687499891e+02,-8.760264218043494111e+01
4.663719609375000346e+02,-9.461621715915207176e+01
4.663722539062500232e+02,-9.733978072771998313e+01
4.663725468750000118e+02,-8.984675791882709461e+01
4.663728398437500005e+02,-9.108645404754646790e+01
4.663731328124999891e+02,-9.193111912330927282e+01
4.663734257812500346e+02,-8.641560087474707075e+01
4.663737187500000232e+02,-8.430205468500929555e+01
4.663740117187500118e+02,-9.625962233381230249e+01
4.663743046875000005e+02,-9.087452485019164783e+01
4.663745976562499891e+02,-9.057456315289869053e+01
4.663748906250000346e+02,-9.442071331144796886e+01
4.663751835937500232e+02,-8.704248785993971183e+01
4.663754765625000118e+02,-8.544823436255627769e+01
4.663757695312500005e+02,-8.320258301271329060e+01
4.663760624999999891e+02,-8.659856821304097707e+01
4.663763554687500346e+02,-9.220700139951782148e+01
4.663766484375000232e+02,-8.907107064885899206e+01
4.663769414062500118e+02,-8.711622277873328812e+01
4.663772343750000005e+02,-8.345375877448410051e+01
4.663775273437499891e+02,-8.147436997214836651e+01
4.663778203125000346e+02,-8.332897983516159002e+01
4.663781132812500232e+02,-8.881675996847347676e+01
4.663784062500000118e+02,-9.441896680300713740e+01
4.663786992187500005e+02,-9.436691505092723276e+01
4.663789921874999891e+02,-8.642336485932325729e+01
4.663792851562500346e+02,-8.769102536381504365e+01
4.663795781250000232e+02,-8.741402027442114786e+01
4.663798710937500118e+02,-9.010170540710947762e+01
4.663801640625000005e+02,-8.751260169402681299e+01
4.663804570312499891e+02,-8.529987928086853799e+01
4.663807500000000346e+02,-8.839914100335437297e+01
4.663810429687500232e+02,-8.626091742179951893e+01
4.663813359375000118e+02,-8.863159022435399947e+01
4.663816289062500005e+02,-9.115826482324311542e+01
4.663819218749999891e+02,-1.030077976042179699e+02
4.663822148437500346e+02,-9.662327233872875354e+01
4.663825078125000232e+02,-8.867856632182245846e+01
4.663828007812500118e+02,-8.296623583877847352e+01
4.663830937500000005e+02,-8.484056155071863259e+01
4.663833867187499891e+02,-1.051293962548462702e+02
4.663836796875000346e+02,-8.735812364655294004e+01
4.663839726562500232e+02,-8.495490968901282258e+01
4.663842656250000118e+02,-8.964903926241724719e+01
4.663845585937500005e+02,-8.906706186794968971e+01
4.663848515624999891e+02,-8.463195004402894028e+01
4.663851445312500346e+02,-8.865082486721115629e+01
4.663854375000000232e+02,-8.702914243905777880e+01
4.663857304687500118e+02,-8.952847469091152277e+01
4.663860234375000005e+02,-9.147557502946794727e+01
4.663863164062499891e+02,-8.977429009571658014e+01
4.663866093750000346e+02,-9.178929638592273932e+01
4.663869023437500232e+02,-9.683237911857084157e+01
4.663871953125000118e+02,-8.768009529425680171e+01
4.663874882812500005e+02,-8.453082479522448978e+01
4.663877812499999891e+02,-9.293937179370659862e+01
4.663880742187500346e+02,-1.000967130453867924e+02
4.663883671875000232e+02,-9.129311980905490032e+01
4.663886601562500118e+02,-9.081933354038079642e+01
4.663889531250000005e+02,-9.019093342265740887e+01
4.663892460937499891e+02,-1.069804759678370090e+02
4.663895390625000346e+02,-9.271329615846367744e+01
4.663898320312500232e+02,-8.902519747682758577e+01
4.663901250000000118e+02,-8.099781832969307516e+01
4.663904179687500005e+02,-8.050966111603182185e+01
4.663907109374999891e+02,-9.279402343730291136e+01
4.663910039062500346e+02,-9.110148562263145777e+01
4.663912968750000232e+02,-1.011606206728583288e+02
4.663915898437500118e+02,-8.833033733312308300e+01
4.663918828125000005e+02,-8.935815071892906758e+01
4.663921757812499891e+02,-9.265898934175119450e+01
4.663924687500000346e+02,-8.586340233989518822e+01
4.663927617187500232e+02,-8.594658001303841388e+01
4.663930546875000118e+02,-9.636792710344852253e+01
4.663933476562500005e+02,-9.045660334270368708e+01
4.663936406249999891e+02,-8.837819058204642886e+01
4.663939335937500346e+02,-9.309367859052299821e+01
4.663942265625000232e+02,-1.044171279137993480e+02
4.663945195312500118e+02,-9.035672583052034668e+01
4.663948125000000005e+02,-9.291432965552503731e+01
4.663951054687499891e+02,-9.276993979090300968e+01
4.663953984375000346e+02,-9.426718702268058792e+01
4.663956914062500232e+02,-9.113806176873681864e+01
4.663959843750000118e+02,-9.427550355220355982e+01
4.663962773437500005e+02,-9.064079443512845558e+01
4.663965703124999891e+02,-9.326910700845873237e+01
4.663968632812500346e+02,-8.989206980561377236e+01
4.663971562500000232e+02,-9.736206389965941810e+01
4.663974492187500118e+02,-8.676090589406473441e+01
4.663977421875000005e+02,-9.755035728526577543e+01
4.663980351562499891e+02,-9.427726174544923765e+01
4.663983281250000346e+02,-9.350104240525635646e+01
4.663986210937500232e+02,-9.639871314079839237e+01
4.663989140625000118e+02,-9.535390742215557225e+01
4.663992070312500005e+02,-9.499981738971266054e+01
4.663994999999999891e+02,-8.873380595553426531e+01
4.663997929687500346e+02,-8.567612923200583452e+01
4.664000859375000232e+02,-9.166177042320968837e+01
4.664003789062500118e+02,-9.283512579594270164e+01
4.664006718750000005e+02,-9.401412078219634338e+01
4.664009648437499891e+02,-9.392542597279512506e+01
4.664012578125000346e+02,-9.474990867361458413e+01
4.664015507812500232e+02,-9.721727256709415599e+01
4.664018437500000118e+02,-9.871741837197225777e+01
4.664021367187500005e+02,-9.313035743920777065e+01
4.664024296874999891e+02,-9.914374603348898063e+01
4.664027226562500346e+02,-8.679613912983867863e+01
4.664030156250000232e+02,-8.463104677708693657e+01
4.664033085937500118e+02,-8.871925857845951668e+01
4.664036015625000005e+02,-9.485959316233720529e+01
4.664038945312499891e+02,-1.023859501700090675e+02
4.664041875000000346e+02,-9.422751990000355704e+01
4.664044804687500232e+02,-9.398724694171812644e+01
4.664047734375000118e+02,-8.969562214062241878e+01
4.664050664062500005e+02,-9.017713806099132512e+01
4.664053593749999891e+02,-8.831160689058825142e+01
4.664056523437500346e+02,-9.417385023695106838e+01
4.664059453125000232e+02,-9.350516609535560519e+01
4.664062382812500118e+02,-8.970617426869850419e+01
4.664065312500000005e+02,-8.831933030700058396e+01
4.664068242187499891e+02,-8.505601918019490881e+01
4.664071171875000346e+02,-8.938230460622669682e+01
4.664074101562500232e+02,-9.358784109590791900e+01
4.664077031250000118e+02,-9.427901244105592582e+01
4.664079960937500005e+02,-1.075626879507142348e+02
4.664082890624999891e+02,-9.567173722108350375e+01
4.664085820312500346e+02,-8.874217154817603159e+01
4.664088750000000232e+02,-9.261738248452147104e+01
4.664091679687500118e+02,-8.488918708063602026e+01
4.664094609375000005e+02,-8.839098653988494902e+01
4.664097539062499891e+02,-9.626238579284688512e+01
4.664100468750000346e+02,-9.071214121656835516e+01
4.664103398437500232e+02,-9.225487020728031951e+01
4.664106328125000118e+02,-8.905127901568049253e+01
4.664109257812500005e+02,-8.780402923099742907e+01
4.664112187499999891e+02,-9.082743711694442368e+01
4.664115117187500346e+02,-8.861005511977597848e+01
4.664118046875000232e+02,-9.597638013466122686e+01
4.664120976562500118e+02,-8.879547531555195405e+01
4.664123906250000005e+02,-8.513226550867842946e+01
4.664126835937499891e+02,-8.309926381941380669e+01
4.664129765625000346e+02,-8.112433956397924817e+01
4.664132695312500232e+02,-8.332158550819970344e+01
4.664135625000000118e+02,-9.092465258237086800e+01
4.664138554687500005e+02,-9.645275818909314580e+01
4.664141484374999891e+02,-9.004990975013268439e+01
4.664144414062500346e+02,-9.995675129914323520e+01
4.664147343750000232e+02,-9.249932854365468415e+01
4.664150273437500118e+02,-1.011532704354409162e+02
4.664153203125000005e+02,-9.870241358577428059e+01
4.664156132812499891e+02,-8.564015631625125025e+01
4.664159062500000346e+02,-8.624593178572438035e+01
4.664161992187500232e+02,-1.011873173352592090e+02
4.664164921875000118e+02,-8.910140951814200605e+01
4.664167851562500005e+02,-8.969023867512461834e+01
4.664170781249999891e+02,-1.012376299131540520e+02
4.664173710937500346e+02,-8.837975155486327594e+01
4.664176640625000232e+02,-8.869660921241614915e+01
4.664179570312500118e+02,-8.995167458555260964e+01
4.664182500000000005e+02,-9.462827934257023799e+01
4.664185429687499891e+02,-8.579976624060633128e+01
4.664188359375000346e+02,-8.502416243731070722e+01
4.664191289062500232e+02,-8.462497596084737950e+01
4.664194218750000118e+02,-8.549883603559672451e+01
4.664197148437500005e+02,-8.896763587682147545e+01
4.664200078124999891e+02,-8.259563987232196780e+01
4.664203007812500346e+02,-8.415068599956651951e+01
4.664205937500000232e+02,-8.919299411017291845e+01
4.664208867187500118e+02,-9.781520788152843693e+01
4.664211796875000005e+02,-9.506996627372915043e+01
4.664214726562499891e+02,-8.768055390671990779e+01
4.664217656250000346e+02,-8.305715816712657329e+01
4.664220585937500232e+02,-8.292027786862990979e+01
4.664223515625000118e+02,-8.311548040593736175e+01
4.664226445312500005e+02,-8.601312190576115313e+01
4.664229374999999891e+02,-8.455184126909557563e+01
4.664232304687500346e+02,-8.615295373405979262e+01
4.664235234375000232e+02,-8.400797960837616074e+01
4.664238164062500118e+02,-8.169399395513667628e+01
4.664241093750000005e+02,-8.670308527465594750e+01
4.664244023437499891e+02,-9.227841485356142925e+01
4.664246953125000346e+02,-9.315572302153296391e+01
4.664249882812500232e+02,-8.736221698819477410e+01
4.664252812500000118e+02,-8.234122460219771256e+01
4.664255742187500005e+02,-8.015277348478782926e+01
4.664258671874999891e+02,-8.407730286609007919e+01
4.664261601562500346e+02,-9.519095338943822071e+01
4.664264531250000232e+02,-9.654240390574663877e+01
4.664267460937500118e+02,-9.128377307579916078e+01
4.664270390625000005e+02,-8.628847244240293435e+01
4.664273320312499891e+02,-9.444979221080414789e+01
4.664276250000000346e+02,-8.793380867618800778e+01
4.664279179687500232e+02,-9.281621199045181925e+01
4.664282109375000118e+02,-1.026620398353338715e+02
4.664285039062500005e+02,-9.354554477803988277e+01
4.664287968749999891e+02,-8.844427741159546486e+01
4.664290898437500346e+02,-8.752434844842019857e+01
4.664293828125000232e+02,-9.249924320920425203e+01
4.664296757812500118e+02,-1.038276825537896570e+02
4.664299687500000005e+02,-8.791342862239766021e+01
4.664302617187499891e+02,-8.801660374861889125e+01
4.664305546875000346e+02,-8.586988222071987309e+01
4.664308476562500232e+02,-8.687306407715428236e+01
4.664311406250000118e+02,-8.736269776424401812e+01
4.664314335937500005e+02,-8.874533780255212889e+01
4.664317265624999891e+02,-8.553608680096124317e+01
4.664320195312500346e+02,-8.326197612040714091e+01
4.664323125000000232e+02,-8.715066178398279817e+01
4.664326054687500118e+02,-9.201502943633914811e+01
4.664328984375000005e+02,-8.883403132794968826e+01
4.664331914062499891e+02,-8.818005877717794760e+01
4.664334843750000346e+02,-8.794041078029614766e+01
4.664337773437500232e+02,-8.701346525900598294e+01
4.664340703125000118e+02,-8.524278613177942532e+01
4.664343632812500005e+02,-8.693110608554805196e+01
4.664346562499999891e+02,-8.283310017531078984e+01
4.664349492187500346e+02,-8.883673963892528036e+01
4.664352421875000232e+02,-8.762729484730743934e+01
4.664355351562500118e+02,-8.933853993968395457e+01
4.664358281250000005e+02,-8.878444960240571504e+01
4.664361210937499891e+02,-8.363174219533252085e+01
4.664364140625000346e+02,-8.565435580394660064e+01
4.664367070312500232e+02,-9.080961286159435986e+01
4.664370000000000118e+02,-8.855287625055740364e+01
4.664372929687500005e+02,-8.475987510982986350e+01
4.664375859374999891e+02,-8.742998525012227162e+01
4.664378789062500346e+02,-1.048911339973301153e+02
4.664381718750000232e+02,-8.956675232907002737e+01
4.664384648437500118e+02,-8.547068915658118726e+01
4.664387578125000005e+02,-8.449863912694434021e+01
4.664390507812499891e+02,-9.201397641547275441e+01
4.664393437500000346e+02,-9.206999525092483339e+01
4.664396367187500232e+02,-9.280305312470770218e+01
4.664399296875000118e+02,-9.019914129625195187e+01
4.664402226562500005e+02,-8.774790956919682117e+01
4.664405156249999891e+02,-9.487932197351642571e+01
4.664408085937500346e+02,-1.049063448555001514e+02
4.664411015625000232e+02,-8.701584164006195010e+01
4.664413945312500118e+02,-9.312769928654236651e+01
4.664416875000000005e+02,-8.877133329006227314e+01
4.664419804687499891e+02,-9.474511401778507036e+01
4.664422734375000346e+02,-9.824892262150895306e+01
4.664425664062500232e+02,-9.219171350866909620e+01
4.664428593750000118e+02,-9.601554631914552829e+01
4.664431523437500005e+02,-9.271650345405905114e+01
4.664434453124999891e+02,-1.048200925048190726e+02
4.664437382812500346e+02,-9.649406849911059680e+01
4.664440312500000232e+02,-8.407746440608754313e+01
4.664443242187500118e+02,-8.406850898665199168e+01
4.664446171875000005e+02,-9.015753941894845980e+01
4.664449101562499891e+02,-8.345501729121897938e+01
4.664452031250000346e+02,-9.213732402044476544e+01
4.664454960937500232e+02,-9.808047788991034110e+01
4.664457890625000118e+02,-8.996393780116625294e+01
4.664460820312500005e+02,-8.982712998539192029e+01
4.664463749999999891e+02,-8.940291052838163921e+01
4.664466679687500346e+02,-9.517864027743715383e+01
4.664469609375000232e+02,-9.276965900769253892e+01
4.664472539062500118e+02,-9.669863886256537455e+01
4.664475468750000005e+02,-9.484519233766989998e+01
4.664478398437499891e+02,-9.113536442435227514e+01
4.664481328125000346e+02,-1.166637220310125969e+02
4.664484257812500232e+02,-8.748003871325435910e+01
4.664487187500000118e+02,-8.833654002588120591e+01
4.664490117187500005e+02,-8.938027752271415238e+01
4.664493046874999891e+02,-8.762738677052229264e+01
4.664495976562500346e+02,-1.000374825803078096e+02
4.664498906250000232e+02,-8.603633319416289282e+01
4.664501835937500118e+02,-8.953531875158500952e+01
4.664504765625000005e+02,-8.521408626593495228e+01
4.664507695312499891e+02,-9.084646796691674808e+01
4.664510625000000346e+02,-8.748505538797826375e+01
4.664513554687500232e+02,-8.816741626438360413e+01
4.664516484375000118e+02,-8.919541606251914345e+01
4.664519414062500005e+02,-8.960840022933881244e+01
4.664522343749999891e+02,-8.792115206240003999e+01
4.664525273437500346e+02,-9.495854993156541468e+01
4.664528203125000232e+02,-9.637848687006794535e+01
4.664531132812500118e+02,-8.914851070278939460e+01
4.664534062500000005e+02,-9.182092134587172438e+01
4.664536992187499891e+02,-8.834866754625601004e+01
4.664539921875000346e+02,-9.018361104716575483e+01
4.664542851562500232e+02,-1.009264104126643531e+02
4.664545781250000118e+02,-1.012964304379370617e+02
4.664548710937500005e+02,-9.459943535296666539e+01
4.664551640624999891e+02,-9.452731906497007230e+01
4.664554570312500346e+02,-8.976335835152626430e+01
4.664557500000000232e+02,-8.549340812863542283e+01
4.664560429687500118e+02,-8.805356723365960647e+01
4.664563359375000005e+02,-1.006532424439079278e+02
4.664566289062499891e+02,-9.078456277442742817e+01
4.664569218750000346e+02,-8.923968657542300775e+01
4.664572148437500232e+02,-8.932841865986148377e+01
4.664575078125000118e+02,-8.653818745297643034e+01
4.664578007812500005e+02,-9.800626485630218099e+01
4.664580937499999891e+02,-8.597008133986585676e+01
4.664583867187500346e+02,-8.368581362082639430e+01
4.664586796875000232e+02,-8.403201905363866331e+01
4.664589726562500118e+02,-8.983364297580348534e+01
4.664592656250000005e+02,-8.562700574270360221e+01
4.664595585937499891e+02,-8.382124388128561066e+01
4.664598515625000346e+02,-8.949446982446330878e+01
4.664601445312500232e+02,-1.000805346694259725e+02
4.664604375000000118e+02,-8.693728697339173550e+01
4.664607304687500005e+02,-8.511803960602122743e+01
4.664610234374999891e+02,-8.911397501990580849e+01
4.664613164062500346e+02,-9.451729463567032496e+01
4.664616093750000232e+02,-9.443778296657846738e+01
4.664619023437500118e+02,-8.705890442376259841e+01
4.664621953125000005e+02,-8.697083133013853740e+01
4.664624882812499891e+02,-8.619131683861596116e+01
4.664627812500000346e+02,-8.655814395454947885e+01
4.664630742187500232e+02,-8.490256909136195418e+01
4.664633671875000118e+02,-8.423516916060921744e+01
4.664636601562500005e+02,-8.295102123668638683e+01
4.664639531249999891e+02,-8.712334185986870239e+01
4.664642460937500346e+02,-1.081940291420095548e+02
4.664645390625000232e+02,-9.419848274526108867e+01
4.664648320312500118e+02,-8.650439617282214044e+01
4.664651250000000005e+02,-8.703550551335743535e+01
4.664654179687499891e+02,-9.025496041741024555e+01
4.664657109375000346e+02,-9.416681285473819685e+01
4.664660039062500232e+02,-8.644631113360588870e+01
4.664662968750000118e+02,-8.570293317776331321e+01
4.664665898437500005e+02,-8.599333072357281083e+01
4.664668828124999891e+02,-8.529449899767607235e+01
4.664671757812500346e+02,-8.690197718086918144e+01
4.664674687500000232e+02,-8.576451772995778811e+01
4.664677617187500118e+02,-8.701195267355318208e+01
4.664680546875000005e+02,-8.547292372976590968e+01
4.664683476562499891e+02,-8.059667740850046869e+01
4.664686406250000346e+02,-8.527857617109813759e+01
4.664689335937500232e+02,-9.863509908255124969e+01
4.664692265625000118e+02,-8.865090813168600903e+01
4.664695195312500005e+02,-8.571924457271138920e+01
4.664698124999999891e+02,-8.517785603957557328e+01
4.664701054687500346e+02,-8.938513196198294963e+01
4.664703984375000232e+02,-8.335875309331504468e+01
4.664706914062500118e+02,-8.920296980590954661e+01
4.664709843750000005e+02,-9.148331644163573628e+01
4.664712773437499891e+02,-8.600341060038920205e+01
4.664715703125000346e+02,-9.010227485140674730e+01
4.664718632812500232e+02,-9.403929399762071739e+01
4.664721562500000118e+02,-1.055560219349649032e+02
4.664724492187500005e+02,-9.380740609160888255e+01
4.664727421874999891e+02,-9.826121798799886164e+01
4.664730351562500346e+02,-1.019945193067421343e+02
4.664733281250000232e+02,-8.637030873770534356e+01
4.664736210937500118e+02,-8.975842958041633324e+01
4.664739140625000005e+02,-9.255398232105122247e+01
4.664742070312499891e+02,-9.015483871491619539e+01
4.664745000000000346e+02,-8.886058759193142009e+01
4.664747929687500232e+02,-8.712441267596709338e+01
4.664750859375000118e+02,-8.856364218919426889e+01
4.664753789062500005e+02,-8.705873580675643097e+01
4.664756718749999891e+02,-8.738601768437925443e+01
4.664759648437500346e+02,-8.680379823321807464e+01
4.664762578125000232e+02,-9.032433689891475126e+01
4.664765507812500118e+02,-8.489120713897062842e+01
4.664768437500000005e+02,-8.701428605570077934e+01
4.664771367187499891e+02,-8.448218274808263573e+01
4.664774296875000346e+02,-8.176570406852464146e+01
4.664777226562500232e+02,-8.451300099069624139e+01
4.664780156250000118e+02,-9.838404523808854663e+01
4.664783085937500005e+02,-9.394364074123394914e+01
4.664786015624999891e+02,-8.457542961502495871e+01
4.664788945312500346e+02,-8.384406774899596826e+01
4.664791875000000232e+02,-8.911298871349055162e+01
4.664794804687500118e+02,-8.923550545657093380e+01
4.664797734375000005e+02,-8.499510425698773020e+01
4.664800664062499891e+02,-8.924736479411656376e+01
4.664803593750000346e+02,-8.858959608826397414e+01
4.664806523437500232e+02,-8.671014955631265764e+01
4.664809453125000118e+02,-9.156685336212952109e+01
4.664812382812500005e+02,-8.903206819955896378e+01
4.664815312499999891e+02,-8.909773648127998058e+01
4.664818242187500346e+02,-8.615670507034036518e+01
4.664821171875000232e+02,-8.487963897402423186e+01
4.664824101562500118e+02,-8.944523790482665504e+01
4.664827031250000005e+02,-8.640898645356492125e+01
4.664829960937499891e+02,-8.566189004415228681e+01
4.664832890625000346e+02,-8.564498688191736164e+01
4.664835820312500232e+02,-8.721820961082413248e+01
4.664838750000000118e+02,-8.519718289689058111e+01
4.664841679687500005e+02,-8.652744598089164185e+01
4.664844609374999891e+02,-1.025365868672180767e+02
4.664847539062500346e+02,-9.982279434733672474e+01
4.664850468750000232e+02,-9.657252079615315665e+01
4.664853398437500118e+02,-8.793543625100896577e+01
4.664856328125000005e+02,-1.049930178896031094e+02
4.664859257812499891e+02,-8.795744411639768146e+01
4.664862187500000346e+02,-9.153661464294265215e+01
4.664865117187500232e+02,-9.380085731420859929e+01
4.664868046875000118e+02,-8.445344244035148051e+01
4.664870976562500005e+02,-9.414958173122953156e+01
4.664873906249999891e+02,-9.077724161009746240e+01
4.664876835937500346e+02,-8.935052483699047343e+01
4.664879765625000232e+02,-9.964705425238406633e+01
4.664882695312500118e+02,-8.941743118959259107e+01
4.664885625000000005e+02,-8.748306220716906978e+01
4.664888554687499891e+02,-8.813291030135960114e+01
4.664891484375000346e+02,-8.483557837493661680e+01
4.664894414062500232e+02,-9.272659567410778436e+01
4.664897343750000118e+02,-9.656346657162046654e+01
4.664900273437500005e+02,-1.004525606269147175e+02
4.664903203124999891e+02,-8.590690869953418485e+01
4.664906132812500346e+02,-8.950837455156602118e+01
4.664909062500000232e+02,-1.016133482631569365e+02
4.664911992187500118e+02,-9.164615782759605622e+01
4.664914921875000005e+02,-9.643266322552258885e+01
4.664917851562499891e+02,-8.799845046216751143e+01
4.664920781250000346e+02,-8.638533083133924606e+01
4.664923710937500232e+02,-8.763198301492046483e+01
4.664926640625000118e+02,-8.725799756097175930e+01
4.664929570312500005e+02,-8.752489261603095372e+01
4.664932499999999891e+02,-9.085115733962413742e+01
4.664935429687500346e+02,-9.308874386036201543e+01
4.664938359375000232e+02,-8.872783573286332626e+01
4.664941289062500118e+02,-9.067072317481085975e+01
4.664944218750000005e+02,-8.158731720896953732e+01
4.664947148437499891e+02,-8.220138433106322395e+01
4.664950078125000346e+02,-8.686307417010924325e+01
4.664953007812500232e+02,-9.950249759773912217e+01
4.664955937500000118e+02,-9.285737052021320892e+01
4.664958867187500005e+02,-8.865722059640239650e+01
4.664961796874999891e+02,-9.482825630700554598e+01
4.664964726562500346e+02,-9.315641310562841682e+01
4.664967656250000232e+02,-9.204271817862981209e+01
4.664970585937500118e+02,-1.030941465134696244e+02
4.664973515625000005e+02,-9.326722130758420803e+01
4.664976445312499891e+02,-9.652652009305634806e+01
4.664979375000000346e+02,-9.604954893236640601e+01
4.664982304687500232e+02,-8.741562709073049575e+01
4.664985234375000118e+02,-8.917236800366055149e+01
4.664988164062500005e+02,-9.616942586611901334e+01
4.664991093749999891e+02,-1.083080126839741411e+02
4.664994023437500346e+02,-9.440700482602852617e+01
4.664996953125000232e+02,-9.482733594982994418e+01
4.664999882812500118e+02,-9.151878642416212983e+01
4.665002812500000005e+02,-8.810426307035164939e+01
4.665005742187499891e+02,-8.805299102920560017e+01
4.665008671875000346e+02,-9.135735467730404480e+01
4.665011601562500232e+02,-8.693757502232341494e+01
4.665014531250000118e+02,-8.880633307107913765e+01
4.665017460937500005e+02,-9.196043084491756758e+01
4.665020390624999891e+02,-9.035159008184248819e+01
4.665023320312500346e+02,-9.660401024776913914e+01
4.665026250000000232e+02,-9.453467627793503425e+01
4.665029179687500118e+02,-8.521353971778020764e+01
4.665032109375000005e+02,-8.923944770168009200e+01
4.665035039062499891e+02,-8.908860530213036100e+01
4.665037968750000346e+02,-9.357974197227713375e+01
4.665040898437500232e+02,-9.855927318015363880e+01
4.665043828125000118e+02,-8.971574243408221605e+01
4.665046757812500005e+02,-8.859462646462841917e+01
4.665049687499999891e+02,-9.492398316818676562e+01
4.665052617187500346e+02,-1.029360732336413093e+02
4.665055546875000232e+02,-9.051992546205411827e+01
4.665058476562500118e+02,-8.923110040089684958e+01
4.665061406250000005e+02,-8.796160048601350923e+01
4.665064335937499891e+02,-8.697229498673823400e+01
4.665067265625000346e+02,-8.773061611455869979e+01
4.665070195312500232e+02,-8.776076168181108983e+01
4.665073125000000118e+02,-1.002716551737792514e+02
4.665076054687500005e+02,-1.006307825089054262e+02
4.665078984374999891e+02,-9.200573880404219551e+01
4.665081914062500346e+02,-9.725946532779266818e+01
4.665084843750000232e+02,-8.691718601963530944e+01
4.665087773437500118e+02,-8.698650802581494190e+01
4.665090703125000005e+02,-8.520873365787268483e+01
4.665093632812499891e+02,-9.318392709561329923e+01
4.665096562500000346e+02,-9.723857294818787977e+01
4.665099492187500232e+02,-8.599630780893092208e+01
4.665102421875000118e+02,-8.206983687705729835e+01
4.665105351562500005e+02,-8.712726886072508137e+01
4.665108281249999891e+02,-1.014197649073817900e+02
4.665111210937500346e+02,-8.540417883629092444e+01
4.665114140625000232e+02,-8.691850243470950943e+01
4.665117070312500118e+02,-1.057648557980973862e+02
4.665120000000000005e+02,-9.306118132115288688e+01
4.665122929687499891e+02,-8.452541379881560601e+01
4.665125859375000346e+02,-8.575705568355391506e+01
4.665128789062500232e+02,-8.297268642176034348e+01
4.665131718750000118e+02,-8.616146177482151813e+01
4.665134648437500005e+02,-8.756429528224957437e+01
4.665137578124999891e+02,-8.347051547416575090e+01
4.665140507812500346e+02,-8.376301531759955310e+01
4.665143437500000232e+02,-9.291841982135414924e+01
4.665146367187500118e+02,-9.520013478422711728e+01
4.665149296875000005e+02,-1.003918214098279122e+02
4.665152226562499891e+02,-9.426535760291146460e+01
4.665155156250000346e+02,-9.244989646743408684e+01
4.665158085937500232e+02,-8.643472629294110732e+01
4.665161015625000118e+02,-8.427420126116659560e+01
4.665163945312500005e+02,-9.181735834844245403e+01
4.665166874999999891e+02,-9.851134597629365430e+01
4.665169804687500346e+02,-9.374818500084769823e+01
4.665172734375000232e+02,-9.000925968438119185e+01
4.665175664062500118e+02,-9.590717284916421193e+01
4.665178593750000005e+02,-9.017433250055567839e+01
4.665181523437499891e+02,-8.637735192430538689e+01
4.665184453125000346e+02,-9.069822273904220822e+01
4.665187382812500232e+02,-9.748751415573090640e+01
4.665190312500000118e+02,-8.607522782996555577e+01
4.665193242187500005e+02,-8.079529632615093249e+01
4.665196171874999891e+02,-8.241526098148116830e+01
4.665199101562500346e+02,-8.693236490849133702e+01
4.665202031250000232e+02,-9.158845819656848164e+01
4.665204960937500118e+02,-8.883877555595987019e+01
4.665207890625000005e+02,-9.492119646259223487e+01
4.665210820312499891e+02,-8.894697798083774387e+01
4.665213750000000346e+02,-8.498720410164189332e+01
4.665216679687500232e+02,-8.957966910537835759e+01
4.665219609375000118e+02,-9.027323712638252573e+01
4.665222539062500005e+02,-9.472749396312651982e+01
4.665225468749999891e+02,-9.461427874321276477e+01
4.665228398437500346e+02,-8.976157571111048128e+01
4.665231328125000232e+02,-9.626202704485761785e+01
4.665234257812500118e+02,-9.136990010323826539e+01
4.665237187500000005e+02,-8.596305313504811352e+01
4.665240117187499891e+02,-8.906181966823365315e+01
4.665243046875000346e+02,-8.982533130622739748e+01
4.665245976562500232e+02,-8.587366481797855045e+01
4.665248906250000118e+02,-8.598952423162927516e+01
4.665251835937500005e+02,-8.904767382428403266e+01
4.665254765624999891e+02,-8.240760059767077905e+01
4.665257695312500346e+02,-8.088550143268398074e+01
4.665260625000000232e+02,-8.090319704905454046e+01
4.665263554687500118e+02,-8.173841831859219553e+01
4.665266484375000005e+02,-8.407076344083152719e+01
4.665269414062499891e+02,-8.815039101015233314e+01
4.665272343750000346e+02,-8.980229554237880052e+01
4.665275273437500232e+02,-1.023793442764217900e+02
4.665278203125000118e+02,-9.248541337732879697e+01
4.665281132812500005e+02,-8.688143431790165039e+01
4.665284062499999891e+02,-8.117488879892016485e+01
4.665286992187500346e+02,-8.136054047024566671e+01
4.665289921875000232e+02,-8.574620385035953518e+01
4.665292851562500118e+02,-9.121196303055808130e+01
4.665295781250000005e+02,-9.797840411290039242e+01
4.665298710937499891e+02,-9.135744486964193811e+01
4.665301640625000346e+02,-8.468601813715909543e+01
4.665304570312500232e+02,-8.950498314996904980e+01
4.665307500000000118e+02,-9.565963466450754993e+01
4.665310429687500005e+02,-9.063525561544483367e+01
4.665313359374999891e+02,-9.046434873206145255e+01
4.665316289062500346e+02,-8.591719744122053726e+01
4.665319218750000232e+02,-8.279228385031751714e+01
4.665322148437500118e+02,-8.089878024994615657e+01
4.665325078125000005e+02,-8.278835360995692838e+01
4.665328007812499891e+02,-9.317963013412042983e+01
4.665330937500000346e+02,-9.401577483951561476e+01
4.665333867187500232e+02,-9.935999872799278876e+01
4.665336796875000118e+02,-8.886570471509915592e+01
4.665339726562500005e+02,-9.512347718130172325e+01
4.665342656249999891e+02,-8.827738599415475562e+01
4.665345585937500346e+02,-8.416071067718630161e+01
4.665348515625000232e+02,-9.913798149424002304e+01
4.665351445312500118e+02,-1.054687592720704714e+02
4.665354375000000005e+02,-9.024340583126866022e+01
4.665357304687499891e+02,-9.320669620824526191e+01
4.665360234375000346e+02,-8.758829759607779408e+01
4.665363164062500232e+02,-8.468863216581698339e+01
4.665366093750000118e+02,-8.807570682325956568e+01
4.665369023437500005e+02,-9.267367279394358093e+01
4.665371953124999891e+02,-9.507953422477051220e+01
4.665374882812500346e+02,-8.222848901172382341e+01
4.665377812500000232e+02,-8.332657604735523194e+01
4.665380742187500118e+02,-8.326289892376760804e+01
4.665383671875000005e+02,-8.910650474168156165e+01
4.665386601562499891e+02,-8.933004123605883251e+01
4.665389531250000346e+02,-8.650766292436804861e+01
4.665392460937500232e+02,-9.300268210614686382e+01
4.665395390625000118e+02,-9.317263214106205282e+01
4.665398320312500005e+02,-8.940178979070695675e+01
4.665401249999999891e+02,-9.236980884203816800e+01
4.665404179687500346e+02,-9.298838605663020473e+01
4.665407109375000232e+02,-8.992487884570985557e+01
4.665410039062500118e+02,-8.298402541385884490e+01
4.665412968750000005e+02,-8.231976289390958357e+01
4.665415898437499891e+02,-8.516108574182489122e+01
4.665418828125000346e+02,-9.090619076034326440e+01
4.665421757812500232e+02,-1.008404759314943675e+02
4.665424687500000118e+02,-8.986907346548872511e+01
4.665427617187500005e+02,-8.992896690563324569e+01
4.665430546874999891e+02,-8.835904573196862088e+01
4.665433476562500346e+02,-9.341235449205866814e+01
4.665436406250000232e+02,-9.104303210799066903e+01
4.665439335937500118e+02,-9.880035286047834120e+01
4.665442265625000005e+02,-9.328565939275384267e+01
4.665445195312499891e+02,-8.872583708923238532e+01
4.665448125000000346e+02,-8.412150189723227811e+01
4.665451054687500232e+02,-8.166084450156118635e+01
4.665453984375000118e+02,-8.638759735999313705e+01
4.665456914062500005e+02,-8.836101353701349126e+01
4.665459843749999891e+02,-8.732815852739696538e+01
4.665462773437500346e+02,-9.226919492488809738e+01
4.665465703125000232e+02,-8.707542025526387874e+01
4.665468632812500118e+02,-9.432532156495268794e+01
4.665471562500000005e+02,-8.459135887871438797e+01
4.665474492187499891e+02,-8.663351591686216580e+01
4.665477421875000346e+02,-8.734658927842870924e+01
4.665480351562500232e+02,-9.430238548890044115e+01
4.665483281250000118e+02,-8.559673462823738532e+01
4.665486210937500005e+02,-9.445602542218554731e+01
4.665489140624999891e+02,-8.182725355552285862e+01
4.665492070312500346e+02,-8.649286887620647235e+01
4.665495000000000232e+02,-9.259579045601482505e+01
4.665497929687500118e+02,-8.727272823028000914e+01
4.665500859375000005e+02,-9.157544487766513441e+01
4.665503789062499891e+02,-1.021310777741431650e+02
4.665506718750000346e+02,-9.568517797142034453e+01
4.665509648437500232e+02,-9.535684604545446064e+01
4.665512578125000118e+02,-8.731568698004979012e+01
4.665515507812500005e+02,-8.426005362232606899e+01
4.665518437499999891e+02,-8.949395534800311225e+01
4.665521367187500346e+02,-8.853118177749968254e+01
4.665524296875000232e+02,-8.495002063635203626e+01
4.665527226562500118e+02,-8.387188919386566965e+01
4.665530156250000005e+02,-8.562056083865985556e+01
4.665533085937499891e+02,-9.006307537706383926e+01
4.665536015625000346e+02,-8.660812337788388504e+01
4.665538945312500232e+02,-8.594878543559326545e+01
4.665541875000000118e+02,-8.597524876428886387e+01
4.665544804687500005e+02,-8.880770245482672465e+01
4.665547734374999891e+02,-9.211178487304849227e+01
4.665550664062500346e+02,-1.012151990144799925e+02
4.665553593750000232e+02,-8.631377038643475430e+01
4.665556523437500118e+02,-8.657850141157803137e+01
4.665559453125000005e+02,-9.438130265638980632e+01
4.665562382812499891e+02,-8.691364991969572884e+01
4.665565312500000346e+02,-8.120711266750132040e+01
4.665568242187500232e+02,-8.388701222557735093e+01
4.665571171875000118e+02,-8.645871778135477825e+01
4.665574101562500005e+02,-8.556626040961356239e+01
4.665577031249999891e+02,-8.557409704532463479e+01
4.665579960937500346e+02,-8.826154805617976251e+01
4.665582890625000232e+02,-9.220778346547379556e+01
4.665585820312500118e+02,-9.557947640996150085e+01
4.665588750000000005e+02,-8.935873810438920373e+01
4.665591679687499891e+02,-8.702909687636392277e+01
4.665594609375000346e+02,-9.590062541331711543e+01
4.665597539062500232e+02,-8.771281377742695895e+01
4.665600468750000118e+02,-8.789023195470021221e+01
4.665603398437500005e+02,-1.055480989253310184e+02
4.665606328124999891e+02,-9.096527195097155527e+01
4.665609257812500346e+02,-9.023529507459853960e+01
4.665612187500000232e+02,-8.632855290028631146e+01
4.665615117187500118e+02,-8.731781364159040493e+01
4.665618046875000005e+02,-8.785837587702712881e+01
4.665620976562499891e+02,-8.268760736680016521e+01
4.665623906250000346e+02,-8.714911327552576381e+01
4.665626835937500232e+02,-8.887549492032351850e+01
4.665629765625000118e+02,-9.146549338181739586e+01
4.665632695312500005e+02,-9.786881909445480687e+01
4.665635624999999891e+02,-8.996698425993372439e+01
4.665638554687500346e+02,-1.068173761316255082e+02
4.665641484375000232e+02,-9.472487849112290803e+01
4.665644414062500118e+02,-8.884404244793338989e+01
4.665647343750000005e+02,-9.268518156925122753e+01
4.665650273437499891e+02,-9.461583817637654192e+01
4.665653203125000346e+02,-8.807260440939651858e+01
4.665656132812500232e+02,-8.071759012503846975e+01
4.665659062500000118e+02,-8.180296341041611186e+01
4.665661992187500005e+02,-8.563109948364335366e+01
4.665664921874999891e+02,-8.043221678739571701e+01
4.665667851562500346e+02,-8.797413920557416134e+01
4.665670781250000232e+02,-8.674178883855240940e+01
4.665673710937500118e+02,-9.139252757772294444e+01
4.665676640625000005e+02,-9.767925560559311293e+01
4.665679570312499891e+02,-9.226434988647923774e+01
4.665682500000000346e+02,-8.934776569034525551e+01
4.665685429687500232e+02,-8.645353836510611245e+01
4.665688359375000118e+02,-8.783205372668479072e+01
4.665691289062500005e+02,-8.260617223023538713e+01
4.665694218749999891e+02,-8.587838521658977697e+01
4.665697148437500346e+02,-8.614319967761343833e+01
4.665700078125000232e+02,-9.491182937209201498e+01
4.665703007812500118e+02,-8.865060777022878824e+01
4.665705937500000005e+02,-8.720853223307919677e+01
4.665708867187499891e+02,-8.369865691146969766e+01
4.665711796875000346e+02,-8.053418752676915915e+01
4.665714726562500232e+02,-7.906317113306803890e+01
4.665717656250000118e+02,-8.055178786906175503e+01
4.665720585937500005e+02,-8.426239731655252285e+01
4.665723515624999891e+02,-8.585013910835611739e+01
4.665726445312500346e+02,-8.240830062489510510e+01
4.665729375000000232e+02,-8.356145180373147241e+01
4.665732304687500118e+02,-8.632984677135310392e+01
4.665735234375000005e+02,-9.427081649007124042e+01
4.665738164062499891e+02,-9.860950172912076539e+01
4.665741093750000346e+02,-9.966116187221274458e+01
4.665744023437500232e+02,-8.953812920473936288e+01
4.665746953125000118e+02,-8.089161891302417473e+01
4.665749882812500005e+02,-7.998086745526504160e+01
4.665752812499999891e+02,-8.389271963625557760e+01
4.665755742187500346e+02,-8.610427842516529040e+01
4.665758671875000232e+02,-9.234080819455556366e+01
4.665761601562500118e+02,-8.782757431330210807e+01
4.665764531250000005e+02,-8.941634872875980022e+01
4.665767460937499891e+02,-8.967327996390041278e+01
4.665770390625000346e+02,-8.467560045175824257e+01
4.665773320312500232e+02,-9.038482206427266874e+01
4.665776250000000118e+02,-9.055343255406671688e+01
4.665779179687500005e+02,-8.922546274629488039e+01
4.665782109374999891e+02,-8.802203688121829828e+01
4.665785039062500346e+02,-8.714047023734835307e+01
4.665787968750000232e+02,-8.045806311433877056e+01
4.665790898437500118e+02,-7.975285814793284089e+01
4.665793828125000005e+02,-8.284412869815234615e+01
4.665796757812499891e+02,-8.675227854856834142e+01
4.665799687500000346e+02,-9.970707552553606945e+01
4.665802617187500232e+02,-8.744173803045968896e+01
4.665805546875000118e+02,-9.873060731720072170e+01
4.665808476562500005e+02,-9.927975683407252916e+01
4.665811406249999891e+02,-8.863845747550237775e+01
4.665814335937500346e+02,-8.270220161143575410e+01
4.665817265625000232e+02,-8.465685229571251114e+01
4.665820195312500118e+02,-8.566405321558067953e+01
4.665823125000000005e+02,-9.080439116971407998e+01
4.665826054687499891e+02,-8.735467254952629901e+01
4.665828984375000346e+02,-9.281511705167871185e+01
4.665831914062500232e+02,-9.663183012422976503e+01
4.665834843750000118e+02,-8.246769195757516968e+01
4.665837773437500005e+02,-8.215459521257257336e+01
4.665840703124999891e+02,-8.042304704778310054e+01
4.665843632812500346e+02,-8.081923712120496361e+01
4.665846562500000232e+02,-8.276289549095075415e+01
4.665849492187500118e+02,-8.261660758018155093e+01
4.665852421875000005e+02,-8.290964797035371703e+01
4.665855351562499891e+02,-7.982473306503653987e+01
4.665858281250000346e+02,-8.686622073099107411e+01
4.665861210937500232e+02,-9.987461309747709493e+01
4.665864140625000118e+02,-8.960134936863950372e+01
4.665867070312500005e+02,-1.063156964779500981e+02
4.665869999999999891e+02,-8.742899148121489361e+01
4.665872929687500346e+02,-8.882474599956131556e+01
4.665875859375000232e+02,-8.192109431108355011e+01
4.665878789062500118e+02,-8.235229356481164587e+01
4.665881718750000005e+02,-9.422299302609525284e+01
4.665884648437499891e+02,-9.280472087722438346e+01
4.665887578125000346e+02,-8.868750478013828342e+01
4.665890507812500232e+02,-9.154381224154030861e+01
4.665893437500000118e+02,-8.811624824379279630e+01
4.665896367187500005e+02,-9.068618063504894167e+01
4.665899296874999891e+02,-8.371114322650642237e+01
4.665902226562500346e+02,-8.417098618645481167e+01
4.665905156250000232e+02,-8.145039693919842705e+01
4.665908085937500118e+02,-8.296419405366046362e+01
4.665911015625000005e+02,-8.770742289063676367e+01
4.665913945312499891e+02,-8.246104247492432648e+01
4.665916875000000346e+02,-7.666545779981927922e+01
4.665919804687500232e+02,-7.881303131423823061e+01
4.665922734375000118e+02,-8.542464627734739224e+01
4.665925664062500005e+02,-8.369164649209432127e+01
4.665928593749999891e+02,-8.436603728502836930e+01
4.665931523437500346e+02,-8.724179076584846371e+01
4.665934453125000232e+02,-9.305480415325617116e+01
4.665937382812500118e+02,-8.898412166130984247e+01
4.665940312500000005e+02,-8.473390642827047259e+01
4.665943242187499891e+02,-8.497423741178393186e+01
4.665946171875000346e+02,-8.560491742324522590e+01
4.665949101562500232e+02,-8.551325316348815875e+01
4.665952031250000118e+02,-8.084262088903048493e+01
4.665954960937500005e+02,-8.390491957431002845e+01
4.665957890624999891e+02,-8.775344109057924413e+01
4.665960820312500346e+02,-8.553727462251613645e+01
4.665963750000000232e+02,-8.913591971390476942e+01
4.665966679687500118e+02,-9.214078857916825882e+01
4.665969609375000005e+02,-8.948856266506076906e+01
4.665972539062499891e+02,-8.332162757629758687e+01
4.665975468750000346e+02,-8.589311214390534133e+01
4.665978398437500232e+02,-8.693157479714308522e+01
4.665981328125000118e+02,-7.935950477311693874e+01
4.665984257812500005e+02,-8.313715569814540629e+01
4.665987187499999891e+02,-8.675536033925132529e+01
4.665990117187500346e+02,-9.484435004206795838e+01
4.665993046875000232e+02,-9.041434644073980564e+01
4.665995976562500118e+02,-8.748918214388356773e+01
4.665998906250000005e+02,-9.330729367418572906e+01
4.666001835937499891e+02,-8.740804649006662430e+01
4.666004765625000346e+02,-8.464526456063268256e+01
4.666007695312500232e+02,-8.698203881387586023e+01
4.666010625000000118e+02,-9.679891801864199863e+01
4.666013554687500005e+02,-9.618819362545011131e+01
4.666016484374999891e+02,-9.307238312410959225e+01
4.666019414062500346e+02,-9.050658339100525041e+01
4.666022343750000232e+02,-8.626899387382584905e+01
4.666025273437500118e+02,-8.340791182008860005e+01
4.666028203125000005e+02,-8.952048034017607847e+01
4.666031132812499891e+02,-8.919420301455197375e+01
4.666034062500000346e+02,-8.434540638739919416e+01
4.666036992187500232e+02,-8.812804273144661238e+01
4.666039921875000118e+02,-8.629437484626235744e+01
4.666042851562500005e+02,-7.960134477100882577e+01
4.666045781249999891e+02,-7.821659635243442210e+01
4.666048710937500346e+02,-8.027113644320591845e+01
4.666051640625000232e+02,-8.929622306480308680e+01
4.666054570312500118e+02,-8.896968968177758086e+01
4.666057500000000005e+02,-8.595626697832810237e+01
4.666060429687499891e+02,-9.178200011629158439e+01
4.666063359375000346e+02,-9.096050802676863611e+01
4.666066289062500232e+02,-9.333932785135290544e+01
4.666069218750000118e+02,-1.089476462432716914e+02
4.666072148437500005e+02,-8.828877450185055409e+01
4.666075078124999891e+02,-8.499958217694205587e+01
4.666078007812500346e+02,-8.205457317115589433e+01
4.666080937500000232e+02,-8.760473929564143702e+01
4.666083867187500118e+02,-8.171131333359048199e+01
4.666086796875000005e+02,-8.033225440641066939e+01
4.666089726562499891e+02,-9.072743205830880697e+01
4.666092656250000346e+02,-8.934316037536724764e+01
4.666095585937500232e+02,-8.896516279075538591e+01
4.666098515625000118e+02,-8.458951357537060289e+01
4.666101445312500005e+02,-9.026302963160867421e+01
4.666104374999999891e+02,-9.540007946735090627e+01
4.666107304687500346e+02,-8.561611152279375858e+01
4.666110234375000232e+02,-8.200065833591710884e+01
4.666113164062500118e+02,-8.323962375179564788e+01
4.666116093750000005e+02,-9.403457574346421666e+01
4.666119023437499891e+02,-9.226192736802609318e+01
4.666121953125000346e+02,-9.630225089529558602e+01
4.666124882812500232e+02,-8.737662455021371954e+01
4.666127812500000118e+02,-9.612932012850433239e+01
4.666130742187500005e+02,-8.543221199465519078e+01
4.666133671874999891e+02,-8.882333170078760531e+01
4.666136601562500346e+02,-9.734955659741595468e+01
4.666139531250000232e+02,-8.806777309919141317e+01
4.666142460937500118e+02,-8.294364805176024902e+01
4.666145390625000005e+02,-8.412746791619670716e+01
4.666148320312499891e+02,-8.366841810348289243e+01
4.666151250000000346e+02,-8.378571626635067560e+01
4.666154179687500232e+02,-8.584983390909093259e+01
4.666157109375000118e+02,-8.458155601152085978e+01
4.666160039062500005e+02,-9.248652314151010501e+01
4.666162968749999891e+02,-9.493460489943291236e+01
4.666165898437500346e+02,-8.916232391085765130e+01
4.666168828125000232e+02,-8.930460325746877004e+01
4.666171757812500118e+02,-8.186539400630800856e+01
4.666174687500000005e+02,-7.623640860887135773e+01
4.666177617187499891e+02,-8.015093131440789875e+01
4.666180546875000346e+02,-9.617225950678523816e+01
4.666183476562500232e+02,-8.973618345379389893e+01
4.666186406250000118e+02,-9.546501043889919913e+01
4.666189335937500005e+02,-9.192215897858268647e+01
4.666192265624999891e+02,-8.681841054064308594e+01
4.666195195312500346e+02,-9.377658583896929656e+01
4.666198125000000232e+02,-8.501862303417284750e+01
4.666201054687500118e+02,-8.633694751884965513e+01
4.666203984375000005e+02,-9.536145252170202014e+01
4.666206914062499891e+02,-8.732164054470854353e+01
4.666209843750000346e+02,-8.477103237588340789e+01
4.666212773437500232e+02,-9.124154660126615113e+01
4.666215703125000118e+02,-8.390765862875852577e+01
4.666218632812500005e+02,-8.093070965854010979e+01
4.666221562499999891e+02,-8.259795370023439887e+01
4.666224492187500346e+02,-9.252183886309015293e+01
4.666227421875000232e+02,-1.065471420149777373e+02
4.666230351562500118e+02,-8.991293346133269893e+01
4.666233281250000005e+02,-8.431093424282379090e+01
4.666236210937499891e+02,-8.259191038441498733e+01
4.666239140625000346e+02,-8.843598959647536617e+01
4.666242070312500232e+02,-9.195634702940392913e+01
4.666245000000000118e+02,-1.006247737608107400e+02
4.666247929687500005e+02,-8.803599553446207437e+01
4.666250859374999891e+02,-8.890443631193109297e+01
4.666253789062500346e+02,-9.226474094742695797e+01
4.666256718750000232e+02,-8.923445779434291580e+01
4.666259648437500118e+02,-9.182514344450048327e+01
4.666262578125000005e+02,-8.595963491715737348e+01
4.666265507812499891e+02,-8.804750498981208295e+01
4.666268437500000346e+02,-8.365547468769688066e+01
4.666271367187500232e+02,-8.405384418118137546e+01
4.666274296875000118e+02,-9.793825470205737815e+01
4.666277226562500005e+02,-9.205476784989062367e+01
4.666280156249999891e+02,-8.108074352662411854e+01
4.666283085937500346e+02,-7.829349303809227933e+01
4.666286015625000232e+02,-8.007275566424544877e+01
4.666288945312500118e+02,-9.010015468302123054e+01
4.666291875000000005e+02,-1.206382982052761292e+02
4.666294804687499891e+02,-8.948108782775022974e+01
4.666297734375000346e+02,-8.313807495842141293e+01
4.666300664062500232e+02,-8.495944691347098399e+01
4.666303593750000118e+02,-9.408199978390817364e+01
4.666306523437500005e+02,-9.676609572996713382e+01
4.666309453124999891e+02,-9.998327695716993446e+01
4.666312382812500346e+02,-9.167348622695752169e+01
4.666315312500000232e+02,-8.794524631043472596e+01
4.666318242187500118e+02,-8.637493972247534657e+01
4.666321171875000005e+02,-9.027824514332898787e+01
4.666324101562499891e+02,-9.148622947614975942e+01
4.666327031250000346e+02,-8.769384445153735896e+01
4.666329960937500232e+02,-9.617781930280136748e+01
4.666332890625000118e+02,-8.529883636330255570e+01
4.666335820312500005e+02,-8.360209800668185665e+01
4.666338749999999891e+02,-8.156205476366154983e+01
4.666341679687500346e+02,-8.077265797243497047e+01
4.666344609375000232e+02,-7.743205405799820085e+01
4.666347539062500118e+02,-7.919036614037767663e+01
4.666350468750000005e+02,-8.162335270562527967e+01
4.666353398437499891e+02,-9.070351478111825827e+01
4.666356328125000346e+02,-8.719362088340648143e+01
4.666359257812500232e+02,-8.941437277534950567e+01
4.666362187500000118e+02,-9.119598943336293928e+01
4.666365117187500005e+02,-8.883768763662868650e+01
4.666368046874999891e+02,-8.755896149010277441e+01
4.666370976562500346e+02,-9.742704111772778219e+01
4.666373906250000232e+02,-8.892755021994443609e+01
4.666376835937500118e+02,-8.307143399937390882e+01
4.666379765625000005e+02,-8.287047081773236812e+01
4.666382695312499891e+02,-8.837804494530982424e+01
4.666385625000000346e+02,-9.652775271124707501e+01
4.666388554687500232e+02,-9.255013401693565811e+01
4.666391484375000118e+02,-8.931212791225999581e+01
4.666394414062500005e+02,-9.298455478770088689e+01
4.666397343749999891e+02,-8.835941363605138577e+01
4.666400273437500346e+02,-8.405221502631061981e+01
4.666403203125000232e+02,-8.751197331092336640e+01
4.666406132812500118e+02,-9.401572091918275476e+01
4.666409062500000005e+02,-8.316740919748190208e+01
4.666411992187499891e+02,-8.083377358860225570e+01
4.666414921875000346e+02,-8.399489611314240278e+01
4.666417851562500232e+02,-8.422055188567311745e+01
4.666420781250000118e+02,-8.558380731365032545e+01
4.666423710937500005e+02,-1.018932891372168967e+02
4.666426640624999891e+02,-8.607166855565458263e+01
4.666429570312500346e+02,-8.905373067917349772e+01
4.666432500000000232e+02,-1.040977635003789032e+02
4.666435429687500118e+02,-8.625495232984521010e+01
4.666438359375000005e+02,-8.724832230291067958e+01
4.666441289062499891e+02,-1.004129962160698710e+02
4.666444218750000346e+02,-9.503718344978103971e+01
4.666447148437500232e+02,-9.214111020786356221e+01
4.666450078125000118e+02,-8.965141365734567103e+01
4.666453007812500005e+02,-8.558302916164353746e+01
4.666455937499999891e+02,-8.656180113502520612e+01
4.666458867187500346e+02,-8.820074947061002035e+01
4.666461796875000232e+02,-8.537515858572169236e+01
4.666464726562500118e+02,-8.532489514560751331e+01
4.666467656250000005e+02,-8.762389910774390955e+01
4.666470585937499891e+02,-7.990702718177817587e+01
4.666473515625000346e+02,-7.576948738069182809e+01
4.666476445312500232e+02,-7.861568885410746077e+01
4.666479375000000118e+02,-8.762465425083166792e+01
4.666482304687500005e+02,-9.100953071127106853e+01
4.666485234374999891e+02,-8.745648255138343075e+01
4.666488164062500346e+02,-9.251089151491288476e+01
4.666491093750000232e+02,-8.857912583660930750e+01
4.666494023437500118e+02,-8.503420364714379787e+01
4.666496953125000005e+02,-1.019340536136525799e+02
4.666499882812499891e+02,-8.850999452834918202e+01
4.666502812500000346e+02,-8.510668374730522601e+01
4.666505742187500232e+02,-8.349903783598266216e+01
4.666508671875000118e+02,-8.836039379972633867e+01
4.666511601562500005e+02,-1.048538618524760864e+02
4.666514531249999891e+02,-8.320949048596469311e+01
4.666517460937500346e+02,-8.288374796097096464e+01
4.666520390625000232e+02,-9.095881081451133809e+01
4.666523320312500118e+02,-8.425557027697747969e+01
4.666526250000000005e+02,-8.432419563559318476e+01
4.666529179687499891e+02,-8.920995712918812615e+01
4.666532109375000346e+02,-8.839374867381928880e+01
4.666535039062500232e+02,-9.289936517182994180e+01
4.666537968750000118e+02,-8.163126777986703075e+01
4.666540898437500005e+02,-8.220767503106230834e+01
4.666543828124999891e+02,-9.303318995278452519e+01
4.666546757812500346e+02,-8.781875059587486021e+01
4.666549687500000232e+02,-8.587896201799938467e+01
4.666552617187500118e+02,-8.898493452677682569e+01
4.666555546875000005e+02,-1.002836757184208523e+02
4.666558476562499891e+02,-9.155944938639476050e+01
4.666561406250000346e+02,-8.380017733991630280e+01
4.666564335937500232e+02,-8.545657647703052362e+01
4.666567265625000118e+02,-1.014622821301637714e+02
4.666570195312500005e+02,-9.277082288557133438e+01
4.666573124999999891e+02,-1.045756023891182593e+02
4.666576054687500346e+02,-9.655067633730099885e+01
4.666578984375000232e+02,-9.169838759612099466e+01
4.666581914062500118e+02,-9.368308854033645616e+01
4.666584843750000005e+02,-1.004364709621350329e+02
4.666587773437499891e+02,-8.925394744934573055e+01
4.666590703125000346e+02,-8.347914422190343942e+01
4.666593632812500232e+02,-8.628101207751120683e+01
4.666596562500000118e+02,-8.263346526255732272e+01
4.666599492187500005e+02,-7.747751392617956867e+01
4.666602421874999891e+02,-7.906613325781654567e+01
4.666605351562500346e+02,-9.019351627331661803e+01
4.666608281250000232e+02,-1.113927028701105684e+02
4.666611210937500118e+02,-8.763537587238846527e+01
4.666614140625000005e+02,-8.413385210399553671e+01
4.666617070312499891e+02,-9.294587108044294155e+01
4.666620000000000346e+02,-8.667412633063270277e+01
4.666622929687500232e+02,-9.234450528868342190e+01
4.666625859375000118e+02,-8.368003074044594314e+01
4.666628789062500005e+02,-8.568777386079133862e+01
4.666631718749999891e+02,-8.897995114493542701e+01
4.666634648437500346e+02,-8.808719545249371663e+01
4.666637578125000232e+02,-8.740871056844986242e+01
4.666640507812500118e+02,-8.790310234764520203e+01
4.666643437500000005e+02,-8.731436564227419694e+01
4.666646367187499891e+02,-9.536526879775577470e+01
4.666649296875000346e+02,-1.073616550778039169e+02
4.666652226562500232e+02,-8.950693385313624617e+01
4.666655156250000118e+02,-8.878231328874946371e+01
4.666658085937500005e+02,-8.922718746261253386e+01
4.666661015624999891e+02,-8.365462749477697457e+01
4.666663945312500346e+02,-8.332741987937654926e+01
4.666666875000000232e+02,-8.658476253617563145e+01
4.666669804687500118e+02,-8.452664808566403565e+01
4.666672734375000005e+02,-8.192234083747422346e+01
4.666675664062499891e+02,-8.358221406307899315e+01
4.666678593750000346e+02,-9.702900067662064032e+01
4.666681523437500232e+02,-9.035894633258898523e+01
4.666684453125000118e+02,-9.282949862651206274e+01
4.666687382812500005e+02,-9.437343522087829228e+01
4.666690312499999891e+02,-8.227318246495975984e+01
4.666693242187500346e+02,-8.273398537571483757e+01
4.666696171875000232e+02,-9.037859409875198935e+01
4.666699101562500118e+02,-9.450288483248053240e+01
4.666702031250000005e+02,-9.342095977083781122e+01
4.666704960937499891e+02,-8.178273241649627323e+01
4.666707890625000346e+02,-8.243693844711272334e+01
4.666710820312500232e+02,-9.148422530115254858e+01
4.666713750000000118e+02,-9.156783482908549843e+01
4.666716679687500005e+02,-8.990059016829177096e+01
4.666719609374999891e+02,-8.412978585811673327e+01
4.666722539062500346e+02,-8.775677138696529767e+01
4.666725468750000232e+02,-8.362049116589582809e+01
4.666728398437500118e+02,-7.921729034791850665e+01
4.666731328125000005e+02,-8.481600773691920381e+01
4.666734257812499891e+02,-9.949870727788311342e+01
4.666737187500000346e+02,-9.770120333260260281e+01
4.666740117187500232e+02,-8.811355649154191383e+01
4.666743046875000118e+02,-8.715504078236072871e+01
4.666745976562500005e+02,-8.529017261159333430e+01
4.666748906249999891e+02,-9.002679371822394216e+01
4.666751835937500346e+02,-8.930332621849117913e+01
4.666754765625000232e+02,-9.534805203812243235e+01
4.666757695312500118e+02,-8.458055237898192047e+01
4.666760625000000005e+02,-9.328664887241725978e+01
4.666763554687499891e+02,-9.180723529028756502e+01
4.666766484375000346e+02,-9.528527284290743182e+01
4.666769414062500232e+02,-8.444636395736253576e+01
4.666772343750000118e+02,-9.057350644245025251e+01
4.666775273437500005e+02,-8.681228877063514915e+01
4.666778203124999891e+02,-8.472227129285499814e+01
4.666781132812500346e+02,-8.871714271150595721e+01
4.666784062500000232e+02,-8.871563509197044084e+01
4.666786992187500118e+02,-1.034412520984605379e+02
4.666789921875000005e+02,-9.475181833890781036e+01
4.666792851562499891e+02,-8.991669813713896531e+01
4.666795781250000346e+02,-8.827268616350386310e+01
4.666798710937500232e+02,-9.451322685501156684e+01
4.666801640625000118e+02,-9.590732149365152281e+01
4.666804570312500005e+02,-8.552682500339913929e+01
4.666807499999999891e+02,-8.551291236971694332e+01
4.666810429687500346e+02,-9.195756544004271404e+01
4.666813359375000232e+02,-9.211628054121612763e+01
4.666816289062500118e+02,-9.555986409770694934e+01
4.666819218750000005e+02,-8.687469370897920840e+01
4.666822148437499891e+02,-9.326804637524176655e+01
4.666825078125000346e+02,-9.157655553936150739e+01
4.666828007812500232e+02,-9.679826199252400443e+01
4.666830937500000118e+02,-8.525540784777456338e+01
4.666833867187500005e+02,-8.563238810202250306e+01
4.666836796874999891e+02,-8.962091463566123650e+01
4.666839726562500346e+02,-8.413685031015151594e+01
4.666842656250000232e+02,-8.036192749558207993e+01
4.666845585937500118e+02,-8.032019947874451304e+01
4.666848515625000005e+02,-8.441869789010101499e+01
4.666851445312499891e+02,-9.331969977973345465e+01
4.666854375000000346e+02,-8.711165705429031902e+01
4.666857304687500232e+02,-8.306995886110330218e+01
4.666860234375000118e+02,-8.469088641597431888e+01
4.666863164062500005e+02,-8.922489625737767938e+01
4.666866093749999891e+02,-8.775785397117306275e+01
4.666869023437500346e+02,-8.654110474816116039e+01
4.666871953125000232e+02,-9.990480753529797653e+01
4.666874882812500118e+02,-9.021526230650508182e+01
4.666877812500000005e+02,-9.039874713624784874e+01
4.666880742187499891e+02,-9.148717724286049702e+01
4.666883671875000346e+02,-9.115185772714838208e+01
4.666886601562500232e+02,-9.405094962255876112e+01
4.666889531250000118e+02,-9.272519944668916025e+01
4.666892460937500005e+02,-8.925737757472168710e+01
4.666895390624999891e+02,-7.952306662919389169e+01
4.666898320312500346e+02,-8.009191390174939329e+01
4.666901250000000232e+02,-8.135577182733371160e+01
4.666904179687500118e+02,-8.306026199633394924e+01
4.666907109375000005e+02,-8.338188807570888628e+01
4.666910039062499891e+02,-8.910922239783623411e+01
4.666912968750000346e+02,-8.232343473815453194e+01
4.666915898437500232e+02,-8.357039266044672843e+01
4.666918828125000118e+02,-8.558532897954586360e+01
4.666921757812500005e+02,-8.290177389840187061e+01
4.666924687499999891e+02,-8.867236370583782445e+01
4.666927617187500346e+02,-9.070920824798221815e+01
4.666930546875000232e+02,-8.643586513157003992e+01
4.666933476562500118e+02,-8.279303388848572354e+01
4.666936406250000005e+02,-8.404361142464458112e+01
4.666939335937499891e+02,-1.018132857689398918e+02
4.666942265625000346e+02,-8.744624818305263148e+01
4.666945195312500232e+02,-8.856141533069356342e+01
4.666948125000000118e+02,-9.084346322242365090e+01
4.666951054687500005e+02,-8.236882225448204053e+01
4.666953984374999891e+02,-8.512055260299678139e+01
4.666956914062500346e+02,-8.845023690935826721e+01
4.666959843750000232e+02,-8.867087000348948322e+01
4.666962773437500118e+02,-9.502666576219723993e+01
4.666965703125000005e+02,-8.431579136594621104e+01
4.666968632812499891e+02,-8.275854413747549643e+01
4.666971562500000346e+02,-7.974396484131480634e+01
4.666974492187500232e+02,-8.060561622710093843e+01
4.666977421875000118e+02,-8.763067838549241628e+01
4.666980351562500005e+02,-8.330030504254963830e+01
4.666983281249999891e+02,-8.641508046808294807e+01
4.666986210937500346e+02,-8.335945190627391810e+01
4.666989140625000232e+02,-7.955931258443902721e+01
4.666992070312500118e+02,-8.670040570511774547e+01
4.666995000000000005e+02,-1.043308170906287415e+02
4.666997929687499891e+02,-9.339903239890551845e+01
4.667000859375000346e+02,-8.903308210750046214e+01
4.667003789062500232e+02,-8.721572061437312584e+01
4.667006718750000118e+02,-8.941086832952083796e+01
4.667009648437500005e+02,-9.881287290070302731e+01
4.667012578124999891e+02,-9.314341154997741512e+01
4.667015507812500346e+02,-8.373088883189332421e+01
4.667018437500000232e+02,-7.970343891211543053e+01
4.667021367187500118e+02,-8.458698321409823961e+01
4.667024296875000005e+02,-8.100666400231661157e+01
4.667027226562499891e+02,-8.179591638827204747e+01
4.667030156250000346e+02,-8.583238720041556746e+01
4.667033085937500232e+02,-9.228788653367794836e+01
4.667036015625000118e+02,-8.990274929802595238e+01
4.667038945312500005e+02,-8.350416485816076317e+01
4.667041874999999891e+02,-8.184763127442315067e+01
4.667044804687500346e+02,-8.843169440395303127e+01
4.667047734375000232e+02,-8.656325950254235124e+01
4.667050664062500118e+02,-8.792274281258976032e+01
4.667053593750000005e+02,-9.586884910530881143e+01
4.667056523437499891e+02,-8.773844939462065895e+01
4.667059453125000346e+02,-9.108847575759713777e+01
4.667062382812500232e+02,-8.460770001693660447e+01
4.667065312500000118e+02,-8.457577116264600647e+01
4.667068242187500005e+02,-8.391197389607023638e+01
4.667071171874999891e+02,-8.123749521310884347e+01
4.667074101562500346e+02,-8.121164811469314770e+01
4.667077031250000232e+02,-8.915767756065417871e+01
4.667079960937500118e+02,-9.086295101768898519e+01
4.667082890625000005e+02,-8.800583277473891997e+01
4.667085820312499891e+02,-8.220121860954095894e+01
4.667088750000000346e+02,-7.836676839170043252e+01
4.667091679687500232e+02,-8.215636170736372890e+01
4.667094609375000118e+02,-8.863210405970525585e+01
4.667097539062500005e+02,-9.015085346637124530e+01
4.667100468749999891e+02,-8.749466653284136441e+01
4.667103398437500346e+02,-8.709401772922640816e+01
4.667106328125000232e+02,-8.947833411189471065e+01
4.667109257812500118e+02,-9.622171112775886570e+01
4.667112187500000005e+02,-8.888331506656595593e+01
4.667115117187499891e+02,-8.443363379793568413e+01
4.667118046875000346e+02,-8.202070411265356142e+01
4.667120976562500232e+02,-8.491940131543117332e+01
4.667123906250000118e+02,-9.554812455346717570e+01
4.667126835937500005e+02,-8.322453956489432869e+01
4.667129765624999891e+02,-9.753009076999462934e+01
4.667132695312500346e+02,-8.177124347039747931e+01
4.667135625000000232e+02,-8.810183855304758538e+01
4.667138554687500118e+02,-8.034047970654292214e+01
4.667141484375000005e+02,-8.455914419341496568e+01
4.667144414062499891e+02,-8.690446951190989466e+01
4.667147343750000346e+02,-1.034415847620998647e+02
4.667150273437500232e+02,-8.930645321805671699e+01
4.667153203125000118e+02,-8.780434831529730388e+01
4.667156132812500005e+02,-8.522422316449585367e+01
4.667159062499999891e+02,-8.816194876301142358e+01
4.667161992187500346e+02,-8.284236900941948534e+01
4.667164921875000232e+02,-8.971135024737111507e+01
4.667167851562500118e+02,-8.580275697730300521e+01
4.667170781250000005e+02,-9.372026254336913098e+01
4.667173710937499891e+02,-9.348698600193417008e+01
4.667176640625000346e+02,-8.390494853509113682e+01
4.667179570312500232e+02,-8.569187375338103152e+01
4.667182500000000118e+02,-9.036625522724162352e+01
4.667185429687500005e+02,-8.412956973608915234e+01
4.667188359374999891e+02,-8.502987545268771896e+01
4.667191289062500346e+02,-9.560158734179407247e+01
4.667194218750000232e+02,-7.981646009345953985e+01
4.667197148437500118e+02,-7.671924425894056299e+01
4.667200078125000005e+02,-8.007460907156230689e+01
4.667203007812499891e+02,-8.804959899121956823e+01
4.667205937500000346e+02,-9.597873996933483909e+01
4.667208867187500232e+02,-8.582757951024254339e+01
4.667211796875000118e+02,-1.012380693023670801e+02
4.667214726562500005e+02,-8.355395930833660145e+01
4.667217656249999891e+02,-8.809952289274971804e+01
4.667220585937500346e+02,-8.634109756707684369e+01
4.667223515625000232e+02,-8.471271843902043486e+01
4.667226445312500118e+02,-8.758962896607920356e+01
4.667229375000000005e+02,-8.621200265621322956e+01
4.667232304687499891e+02,-8.553834359057628944e+01
4.667235234375000346e+02,-8.924975169960482901e+01
4.667238164062500232e+02,-8.224360050054701787e+01
4.667241093750000118e+02,-8.010042734070847814e+01
4.667244023437500005e+02,-9.377704034026690749e+01
4.667246953124999891e+02,-8.741693513638806223e+01
4.667249882812500346e+02,-1.088172199525291148e+02
4.667252812500000232e+02,-8.647430941909524904e+01
4.667255742187500118e+02,-8.292395616147905457e+01
4.667258671875000005e+02,-8.638228218339469322e+01
4.667261601562499891e+02,-8.491468786139299141e+01
4.667264531250000346e+02,-8.656073844161375064e+01
4.667267460937500232e+02,-9.422456649899666559e+01
4.667270390625000118e+02,-9.844340777170586421e+01
4.667273320312500005e+02,-9.251147675524693170e+01
4.667276249999999891e+02,-1.024421355968863452e+02
4.667279179687500346e+02,-9.406912513685560384e+01
4.667282109375000232e+02,-9.190065638398445458e+01
4.667285039062500118e+02,-9.668616992357374329e+01
4.667287968750000005e+02,-9.099990669370282603e+01
4.667290898437499891e+02,-8.659582859725772153e+01
4.667293828125000346e+02,-8.267308653337509838e+01
4.667296757812500232e+02,-8.711819459162282442e+01
4.667299687500000118e+02,-8.986152008667387747e+01
4.667302617187500005e+02,-8.667137610334455644e+01
4.667305546874999891e+02,-8.399218780922015526e+01
4.667308476562500346e+02,-8.106937004614340481e+01
4.667311406250000232e+02,-8.831330951294796705e+01
4.667314335937500118e+02,-1.059619519109386374e+02
4.667317265625000005e+02,-8.698247858228393170e+01
4.667320195312499891e+02,-9.323762604749364868e+01
4.667323125000000346e+02,-8.131667949646703164e+01
4.667326054687500232e+02,-8.127218680418448571e+01
4.667328984375000118e+02,-8.480357759565835352e+01
4.667331914062500005e+02,-9.362822938127196437e+01
4.667334843749999891e+02,-8.806538882833817183e+01
4.667337773437500346e+02,-9.042963562642287911e+01
4.667340703125000232e+02,-9.369357204785545434e+01
4.667343632812500118e+02,-9.338574428786722592e+01
4.667346562500000005e+02,-8.669955648042824237e+01
4.667349492187499891e+02,-8.856816567481183711e+01
4.667352421875000346e+02,-8.643010020512123504e+01
4.667355351562500232e+02,-8.564646898481881010e+01
4.667358281250000118e+02,-8.522044787853916148e+01
4.667361210937500005e+02,-8.711001135671766349e+01
4.667364140624999891e+02,-8.730131887169511629e+01
4.667367070312500346e+02,-8.385697582532512229e+01
4.667370000000000232e+02,-8.110304426827779878e+01
4.667372929687500118e+02,-8.011562267152983452e+01
4.667375859375000005e+02,-8.748791176733597297e+01
4.667378789062499891e+02,-1.006849378149876486e+02
4.667381718750000346e+02,-8.742371737863669523e+01
4.667384648437500232e+02,-9.932594534651222773e+01
4.667387578125000118e+02,-8.159577228804846527e+01
4.667390507812500005e+02,-9.096831281126968349e+01
4.667393437499999891e+02,-8.720698545247978473e+01
4.667396367187500346e+02,-9.129014923422572281e+01
4.667399296875000232e+02,-8.497010404478048429e+01
4.667402226562500118e+02,-8.080795636551677319e+01
4.667405156250000005e+02,-9.474110081894261270e+01
4.667408085937499891e+02,-8.793085749846494537e+01
4.667411015625000346e+02,-9.139729376743864009e+01
4.667413945312500232e+02,-8.398260526065548959e+01
4.667416875000000118e+02,-8.499032174069112955e+01
4.667419804687500005e+02,-8.656277886786780584e+01
4.667422734374999891e+02,-9.218112348609412265e+01
4.667425664062500346e+02,-9.555069795464385152e+01
4.667428593750000232e+02,-8.874727087408132320e+01
4.667431523437500118e+02,-8.341893006898338569e+01
4.667434453125000005e+02,-7.815472590502196226e+01
4.667437382812499891e+02,-8.233892061726420764e+01
4.667440312500000346e+02,-8.294558939016778254e+01
4.667443242187500232e+02,-8.131173897919033777e+01
4.667446171875000118e+02,-8.322104123557443245e+01
4.667449101562500005e+02,-9.133152675901459361e+01
4.667452031249999891e+02,-8.476361589622311499e+01
4.667454960937500346e+02,-8.292167557116906096e+01
4.667457890625000232e+02,-8.354828657538932646e+01
4.667460820312500118e+02,-9.276804287671072302e+01
4.667463750000000005e+02,-8.179216191537173586e+01
4.667466679687499891e+02,-8.553783887275487530e+01
4.667469609375000346e+02,-1.038456363282960524e+02
4.667472539062500232e+02,-9.072888250541579680e+01
4.667475468750000118e+02,-8.825810268124618574e+01
4.667478398437500005e+02,-8.402868757015342283e+01
4.667481328124999891e+02,-8.794859261672485218e+01
4.667484257812500346e+02,-9.288031939596967845e+01
4.667487187500000232e+02,-8.856336073225347150e+01
4.667490117187500118e+02,-8.365318036838974081e+01
4.667493046875000005e+02,-8.904715164947640460e+01
4.667495976562499891e+02,-8.879472991677070581e+01
4.667498906250000346e+02,-8.713779712350920192e+01
4.667501835937500232e+02,-8.289985161581768125e+01
4.667504765625000118e+02,-9.217742431325530106e+01
4.667507695312500005e+02,-9.406871777549470437e+01
4.667510624999999891e+02,-8.828947362848691682e+01
4.667513554687500346e+02,-8.674721874444045966e+01
4.667516484375000232e+02,-7.981007381772298004e+01
4.667519414062500118e+02,-8.280703064297638605e+01
4.667522343750000005e+02,-8.625005415257341213e+01
4.667525273437499891e+02,-9.382414067475069430e+01
4.667528203125000346e+02,-9.629968608894101578e+01
4.667531132812500232e+02,-9.026370389266942595e+01
4.667534062500000118e+02,-8.856335026495300156e+01
4.667536992187500005e+02,-8.600350858352626915e+01
4.667539921874999891e+02,-8.160406596694423342e+01
4.667542851562500346e+02,-8.261088428910163373e+01
4.667545781250000232e+02,-8.484843120889161128e+01
4.667548710937500118e+02,-9.278706316313150637e+01
4.667551640625000005e+02,-8.143154546925900661e+01
4.667554570312499891e+02,-8.444050425632239865e+01
4.667557500000000346e+02,-1.155016460849481064e+02
4.667560429687500232e+02,-8.181569407232370850e+01
4.667563359375000118e+02,-8.334487075429393599e+01
4.667566289062500005e+02,-8.974453446655303424e+01
4.667569218749999891e+02,-8.710906131176898270e+01
4.667572148437500346e+02,-8.642382071287327960e+01
4.667575078125000232e+02,-9.162316982052935543e+01
4.667578007812500118e+02,-8.449983998741882374e+01
4.667580937500000005e+02,-8.226760727743419466e+01
4.667583867187499891e+02,-8.783370568156406932e+01
4.667586796875000346e+02,-8.609031311252482510e+01
4.667589726562500232e+02,-8.668114306486447163e+01
4.667592656250000118e+02,-9.158306035401281520e+01
4.667595585937500005e+02,-9.263306875113590877e+01
4.667598515624999891e+02,-8.371879529932620301e+01
4.667601445312500346e+02,-8.839284765021334067e+01
4.667604375000000232e+02,-8.144224534117842040e+01
4.667607304687500118e+02,-7.986361002086293581e+01
4.667610234375000005e+02,-8.584562288945583930e+01
4.667613164062499891e+02,-9.643613589311043199e+01
4.667616093750000346e+02,-8.860541776936079827e+01
4.667619023437500232e+02,-9.029030983991397363e+01
4.667621953125000118e+02,-8.318620589933732390e+01
4.667624882812500005e+02,-8.532136791617855920e+01
4.667627812499999891e+02,-8.530421101663465322e+01
4.667630742187500346e+02,-8.866475052345130337e+01
4.667633671875000232e+02,-8.397984150790976798e+01
4.667636601562500118e+02,-8.753959680767562190e+01
4.667639531250000005e+02,-8.718287305638131102e+01
4.667642460937499891e+02,-8.328629105985861258e+01
4.667645390625000346e+02,-8.820074582049350909e+01
4.667648320312500232e+02,-9.059230988831593834e+01
4.667651250000000118e+02,-8.573945528467687893e+01
4.667654179687500005e+02,-9.491533171382602063e+01
4.667657109374999891e+02,-8.912638358616275980e+01
4.667660039062500346e+02,-1.019280392713896219e+02
4.667662968750000232e+02,-8.862671253839960173e+01
4.667665898437500118e+02,-7.866659470281868494e+01
4.667668828125000005e+02,-7.659192985652816787e+01
4.667671757812499891e+02,-8.544590801277252012e+01
4.667674687500000346e+02,-9.386873042163621506e+01
4.667677617187500232e+02,-8.895213404479561348e+01
4.667680546875000118e+02,-8.534114703407402658e+01
4.667683476562500005e+02,-1.075449758472261692e+02
4.667686406249999891e+02,-8.429005099740726337e+01
4.667689335937500346e+02,-8.356344233478694150e+01
4.667692265625000232e+02,-8.311855405766338833e+01
4.667695195312500118e+02,-7.996151426637118220e+01
4.667698125000000005e+02,-8.245975301979297001e+01
4.667701054687499891e+02,-8.277419253712751868e+01
4.667703984375000346e+02,-8.823014212291333536e+01
4.667706914062500232e+02,-8.609819683794282241e+01
4.667709843750000118e+02,-8.596523711645124877e+01
4.667712773437500005e+02,-9.602357175056911842e+01
4.667715703124999891e+02,-9.898288132384537619e+01
4.667718632812500346e+02,-8.861740299712761271e+01
4.667721562500000232e+02,-9.067934720583258468e+01
4.667724492187500118e+02,-8.442444964148647557e+01
4.667727421875000005e+02,-8.779258443057656791e+01
4.667730351562499891e+02,-8.933827738948349406e+01
4.667733281250000346e+02,-8.060732703339083116e+01
4.667736210937500232e+02,-7.971298384407202775e+01
4.667739140625000118e+02,-8.781760763580203388e+01
4.667742070312500005e+02,-8.956498361729919111e+01
4.667744999999999891e+02,-8.822735914779917721e+01
4.667747929687500346e+02,-9.542852092240534034e+01
4.667750859375000232e+02,-8.606210019132076638e+01
4.667753789062500118e+02,-8.669148186104594345e+01
4.667756718750000005e+02,-8.592953274831366173e+01
4.667759648437499891e+02,-8.370063609794675585e+01
4.667762578125000346e+02,-8.150385624941635854e+01
4.667765507812500232e+02,-8.610415912900562319e+01
4.667768437500000118e+02,-8.556901444429909986e+01
4.667771367187500005e+02,-8.839824680089867570e+01
4.667774296874999891e+02,-8.743553036157510405e+01
4.667777226562500346e+02,-9.094962300221118312e+01
4.667780156250000232e+02,-9.439839712731070165e+01
4.667783085937500118e+02,-8.595426958803862760e+01
4.667786015625000005e+02,-8.638548485714892422e+01
4.667788945312499891e+02,-8.618366183930552893e+01
4.667791875000000346e+02,-8.651558690556976217e+01
4.667794804687500232e+02,-8.967846461191014384e+01
4.667797734375000118e+02,-8.414694728605857676e+01
4.667800664062500005e+02,-8.245261330281567780e+01
4.667803593749999891e+02,-9.173663717310255095e+01
4.667806523437500346e+02,-8.600404224592480773e+01
4.667809453125000232e+02,-9.204690129270331056e+01
4.667812382812500118e+02,-9.660753347287099757e+01
4.667815312500000005e+02,-9.146916361632165149e+01
4.667818242187499891e+02,-8.622361215863031703e+01
4.667821171875000346e+02,-8.226882777857085216e+01
4.667824101562500232e+02,-8.236253688716671206e+01
4.667827031250000118e+02,-8.220377683823937787e+01
4.667829960937500005e+02,-9.117332900047458111e+01
4.667832890624999891e+02,-8.335365076965990738e+01
4.667835820312500346e+02,-8.892808063466574708e+01
4.667838750000000232e+02,-7.873585867413630979e+01
4.667841679687500118e+02,-9.061177170797776625e+01
4.667844609375000005e+02,-8.673331454517597194e+01
4.667847539062499891e+02,-9.850482450466699902e+01
4.667850468750000346e+02,-9.598440266257270537e+01
4.667853398437500232e+02,-9.646719694263029510e+01
4.667856328125000118e+02,-8.440393307761564756e+01
4.667859257812500005e+02,-9.070555752095185653e+01
4.667862187499999891e+02,-8.130224648816523825e+01
4.667865117187500346e+02,-8.376099252074612878e+01
4.667868046875000232e+02,-8.839808351861557867e+01
4.667870976562500118e+02,-7.912027976698527709e+01
4.667873906250000005e+02,-8.095330067170982602e+01
4.667876835937499891e+02,-8.670484967874355675e+01
4.667879765625000346e+02,-8.526287389194330046e+01
4.667882695312500232e+02,-8.427398802726600024e+01
4.667885625000000118e+02,-8.135814352843296149e+01
4.667888554687500005e+02,-8.337116115795893734e+01
4.667891484374999891e+02,-8.582941846698400923e+01
4.667894414062500346e+02,-9.194904773126474140e+01
4.667897343750000232e+02,-9.291823769292750512e+01
4.667900273437500118e+02,-8.570974870551368952e+01
4.667903203125000005e+02,-8.713210622616691126e+01
4.667906132812499891e+02,-9.603063189261293076e+01
4.667909062500000346e+02,-9.840612014670321628e+01
4.667911992187500232e+02,-9.980249736388199722e+01
4.667914921875000118e+02,-1.017772828520467669e+02
4.667917851562500005e+02,-9.791617932897432297e+01
4.667920781249999891e+02,-8.535492483629656135e+01
4.667923710937500346e+02,-8.183790269528353178e+01
4.667926640625000232e+02,-8.282726827526721536e+01
4.667929570312500118e+02,-9.035062352429675059e+01
4.667932500000000005e+02,-9.075820853022179335e+01
4.667935429687499891e+02,-8.036192755374742092e+01
4.667938359375000346e+02,-8.129718848738114900e+01
4.667941289062500232e+02,-8.741529238673122393e+01
4.667944218750000118e+02,-8.751521346381625222e+01
4.667947148437500005e+02,-8.403684174029528720e+01
4.667950078124999891e+02,-8.224576186577641579e+01
4.667953007812500346e+02,-8.050546041890453353e+01
4.667955937500000232e+02,-8.811568702803538145e+01
4.667958867187500118e+02,-9.915048714996086687e+01
4.667961796875000005e+02,-9.015957462528066912e+01
4.667964726562499891e+02,-8.948688105262149861e+01
4.667967656250000346e+02,-9.405808280962051526e+01
4.667970585937500232e+02,-8.925840765409786570e+01
4.667973515625000118e+02,-9.763689374699004020e+01
4.667976445312500005e+02,-8.557841148975860790e+01
4.667979374999999891e+02,-8.160223553470865454e+01
4.667982304687500346e+02,-9.182726887356326984e+01
4.667985234375000232e+02,-9.016235839280822972e+01
4.667988164062500118e+02,-8.365300375954788592e+01
4.667991093750000005e+02,-7.824740366917768597e+01
4.667994023437499891e+02,-8.015884999811119371e+01
4.667996953125000346e+02,-8.015629174433232151e+01
4.667999882812500232e+02,-7.794122582311547376e+01
4.668002812500000118e+02,-8.044681880658643536e+01
4.668005742187500005e+02,-8.577618746613032386e+01
4.668008671874999891e+02,-8.717858414245381482e+01
4.668011601562500346e+02,-8.229484648208868691e+01
4.668014531250000232e+02,-7.966542526365525134e+01
4.668017460937500118e+02,-7.964108190771193563e+01
4.668020390625000005e+02,-8.478178759962959532e+01
4.668023320312499891e+02,-9.999210273463168619e+01
4.668026250000000346e+02,-8.913953286687352318e+01
4.668029179687500232e+02,-9.115154392738497791e+01
4.668032109375000118e+02,-9.134343415416404355e+01
4.668035039062500005e+02,-8.924186132982804054e+01
4.668037968749999891e+02,-1.049283156883768839e+02
4.668040898437500346e+02,-1.029049821370272184e+02
4.668043828125000232e+02,-8.736816817956051295e+01
4.668046757812500118e+02,-8.385857721183725744e+01
4.668049687500000005e+02,-8.843192286426427984e+01
4.668052617187499891e+02,-8.916274820432050774e+01
4.668055546875000346e+02,-8.365207761349508075e+01
4.668058476562500232e+02,-8.288976497925412446e+01
4.668061406250000118e+02,-7.978193566253590063e+01
4.668064335937500005e+02,-8.357924239921763387e+01
4.668067265624999891e+02,-8.920194152185024450e+01
4.668070195312500346e+02,-8.395755387067632114e+01
4.668073125000000232e+02,-7.986523371777668956e+01
4.668076054687500118e+02,-8.228758866204010758e+01
4.668078984375000005e+02,-8.406137118493276716e+01
4.668081914062499891e+02,-8.647357829433538257e+01
4.668084843750000346e+02,-9.079032957432391981e+01
4.668087773437500232e+02,-9.157355847124867410e+01
4.668090703125000118e+02,-8.399183326139885253e+01
4.668093632812500005e+02,-9.631815829214581015e+01
4.668096562499999891e+02,-8.257060059246828132e+01
4.668099492187500346e+02,-8.532088444365705016e+01
4.668102421875000232e+02,-9.709371162585239290e+01
4.668105351562500118e+02,-8.511257442989467847e+01
4.668108281250000005e+02,-8.227109563969514738e+01
4.668111210937499891e+02,-8.623050456917812312e+01
4.668114140625000346e+02,-8.866415176794555464e+01
4.668117070312500232e+02,-8.984467487285976972e+01
4.668120000000000118e+02,-8.543497584466292949e+01
4.668122929687500005e+02,-8.642081496531855578e+01
4.668125859374999891e+02,-8.064056482539993453e+01
4.668128789062500346e+02,-8.234757649094105147e+01
4.668131718750000232e+02,-8.513813467320289874e+01
4.668134648437500118e+02,-8.527199236699642881e+01
4.668137578125000005e+02,-9.322464260239273415e+01
4.668140507812499891e+02,-9.463840377472122611e+01
4.668143437500000346e+02,-8.792516497536963982e+01
4.668146367187500232e+02,-8.284002868269767816e+01
4.668149296875000118e+02,-8.600764261658699183e+01
4.668152226562500005e+02,-8.521290198414448014e+01
4.668155156249999891e+02,-8.346336473994998073e+01
4.668158085937500346e+02,-8.946353882106238586e+01
4.668161015625000232e+02,-9.439946505767326812e+01
4.668163945312500118e+02,-9.408063995395387735e+01
4.668166875000000005e+02,-8.879080689935875625e+01
4.668169804687499891e+02,-9.324225203597649170e+01
4.668172734375000346e+02,-9.005994082570092019e+01
4.668175664062500232e+02,-8.381858304651331082e+01
4.668178593750000118e+02,-8.276852169391611369e+01
4.668181523437500005e+02,-8.688603537021060674e+01
4.668184453124999891e+02,-8.712539185562386024e+01
4.668187382812500346e+02,-8.416346701332983571e+01
4.668190312500000232e+02,-8.016032697153383424e+01
4.668193242187500118e+02,-8.521637589988353056e+01
4.668196171875000005e+02,-9.612209799715185454e+01
4.668199101562499891e+02,-8.431797100449833238e+01
4.668202031250000346e+02,-8.217303107547166974e+01
4.668204960937500232e+02,-8.776596562089693521e+01
4.668207890625000118e+02,-8.309332772082960616e+01
4.668210820312500005e+02,-8.432181300756782605e+01
4.668213749999999891e+02,-8.634686642703505299e+01
4.668216679687500346e+02,-8.524445313307369076e+01
4.668219609375000232e+02,-8.750356609158757237e+01
4.668222539062500118e+02,-9.077124460828662222e+01
4.668225468750000005e+02,-8.703605654167084538e+01
4.668228398437499891e+02,-8.330103844347030417e+01
4.668231328125000346e+02,-8.069313568928542679e+01
4.668234257812500232e+02,-8.722619140158072071e+01
4.668237187500000118e+02,-9.436505218167921782e+01
4.668240117187500005e+02,-9.655662899816874756e+01
4.668243046874999891e+02,-8.487540744496600098e+01
4.668245976562500346e+02,-8.314662761617768183e+01
4.668248906250000232e+02,-9.930106042067714611e+01
4.668251835937500118e+02,-8.305597248149720713e+01
4.668254765625000005e+02,-7.870585907712931828e+01
4.668257695312499891e+02,-8.396131662696839726e+01
4.668260625000000346e+02,-8.229733578796484039e+01
4.668263554687500232e+02,-8.339694193880184514e+01
4.668266484375000118e+02,-8.268621784689287324e+01
4.668269414062500005e+02,-9.353525947623435854e+01
4.668272343749999891e+02,-8.035334185150647102e+01
4.668275273437500346e+02,-8.172753866562194958e+01
4.668278203125000232e+02,-8.584157987081047736e+01
4.668281132812500118e+02,-8.898330911482759120e+01
4.668284062500000005e+02,-8.409211795408103285e+01
4.668286992187499891e+02,-8.411565883449111425e+01
4.668289921875000346e+02,-8.946383083607418030e+01
4.668292851562500232e+02,-7.861864979217273230e+01
4.668295781250000118e+02,-8.633266447514861852e+01
4.668298710937500005e+02,-7.947189994784469036e+01
4.668301640624999891e+02,-8.545739910481091783e+01
4.668304570312500346e+02,-8.347676576215035027e+01
4.668307500000000232e+02,-8.848668050830964660e+01
4.668310429687500118e+02,-8.629812690123218033e+01
4.668313359375000005e+02,-8.150720924979586357e+01
4.668316289062499891e+02,-7.924151956446701206e+01
4.668319218750000346e+02,-8.243594842714912829e+01
4.668322148437500232e+02,-8.564927382425268831e+01
4.668325078125000118e+02,-8.569198493186135579e+01
4.668328007812500005e+02,-8.373630613586540505e+01
4.668330937499999891e+02,-8.591486957778302269e+01
4.668333867187500346e+02,-9.491081458877263799e+01
4.668336796875000232e+02,-8.612045183712878327e+01
4.668339726562500118e+02,-8.517389530976727485e+01
4.668342656250000005e+02,-8.263896465287315607e+01
4.668345585937499891e+02,-8.648005127898690603e+01
4.668348515625000346e+02,-8.923224804669749233e+01
4.668351445312500232e+02,-8.474626064438240292e+01
4.668354375000000118e+02,-8.602715206127473380e+01
4.668357304687500005e+02,-1.003500085583590931e+02
4.668360234374999891e+02,-9.744808292496779245e+01
4.668363164062500346e+02,-8.101222602721708199e+01
4.668366093750000232e+02,-7.869883804655364656e+01
4.668369023437500118e+02,-8.164536533439346044e+01
4.668371953125000005e+02,-9.060756577072233142e+01
4.668374882812499891e+02,-9.194561466390054250e+01
4.668377812500000346e+02,-8.745406608885264177e+01
4.668380742187500232e+02,-7.974739769688616775e+01
4.668383671875000118e+02,-8.001054752810325965e+01
4.668386601562500005e+02,-9.227522383938270423e+01
4.668389531249999891e+02,-8.611226266415557973e+01
4.668392460937500346e+02,-7.769950361736228217e+01
4.668395390625000232e+02,-8.121047309987288543e+01
4.668398320312500118e+02,-8.055744200387111675e+01
4.668401250000000005e+02,-8.226233247370132062e+01
4.668404179687499891e+02,-9.261747813986531241e+01
4.668407109375000346e+02,-8.397644359505882505e+01
4.668410039062500232e+02,-8.029374423360181368e+01
4.668412968750000118e+02,-8.486423289427673922e+01
4.668415898437500005e+02,-8.652685360452784380e+01
4.668418828124999891e+02,-7.912986683417916822e+01
4.668421757812500346e+02,-8.199612192716450920e+01
4.668424687500000232e+02,-7.940902900394002017e+01
4.668427617187500118e+02,-7.941437172453949245e+01
4.668430546875000005e+02,-7.992084670607722785e+01
4.668433476562499891e+02,-8.191928805890027832e+01
4.668436406250000346e+02,-8.416930415368902629e+01
4.668439335937500232e+02,-7.778071094167124500e+01
4.668442265625000118e+02,-7.703927629329973570e+01
4.668445195312500005e+02,-7.761116656263484970e+01
4.668448124999999891e+02,-8.140645883499803404e+01
4.668451054687500346e+02,-9.413435199408583287e+01
4.668453984375000232e+02,-8.448922018842255000e+01
4.668456914062500118e+02,-8.148392934501234208e+01
4.668459843750000005e+02,-8.251163087590987288e+01
4.668462773437499891e+02,-8.674849074848819441e+01
4.668465703125000346e+02,-8.872005860981089143e+01
4.668468632812500232e+02,-9.146011620570888567e+01
4.668471562500000118e+02,-9.284737813011700780e+01
4.668474492187500005e+02,-8.364189737987764772e+01
4.668477421874999891e+02,-9.132831091344010588e+01
4.668480351562500346e+02,-9.046499069215965960e+01
4.668483281250000232e+02,-8.652866703105644319e+01
4.668486210937500118e+02,-8.516638772831373672e+01
4.668489140625000005e+02,-8.337988856435914897e+01
4.668492070312499891e+02,-8.125042820890385542e+01
4.668495000000000346e+02,-8.168407408960847249e+01
4.668497929687500232e+02,-8.290057884397091925e+01
4.668500859375000118e+02,-8.010264418936964148e+01
4.668503789062500005e+02,-8.020164714945283890e+01
4.668506718749999891e+02,-8.390419584305249145e+01
4.668509648437500346e+02,-8.529333918311354523e+01
4.668512578125000232e+02,-8.321610510238492964e+01
4.668515507812500118e+02,-7.900450840147752274e+01
4.668518437500000005e+02,-7.953406038593325889e+01
4.668521367187499891e+02,-8.270052241035662632e+01
4.668524296875000346e+02,-8.613956281813302951e+01
4.668527226562500232e+02,-8.694599123639633831e+01
4.668530156250000118e+02,-8.642559051125978442e+01
4.668533085937500005e+02,-8.171113416032457621e+01
4.668536015624999891e+02,-8.676168461992236303e+01
4.668538945312500346e+02,-8.720245324336474368e+01
4.668541875000000232e+02,-8.725029221008244917e+01
4.668544804687500118e+02,-9.635228898548425036e+01
4.668547734375000005e+02,-9.118537806551471192e+01
4.668550664062499891e+02,-9.487373771018752677e+01
4.668553593750000346e+02,-8.556238980834466190e+01
4.668556523437500232e+02,-9.176097418164982855e+01
4.668559453125000118e+02,-8.774946396743713706e+01
4.668562382812500005e+02,-8.167743687649442563e+01
4.668565312499999891e+02,-8.862673517953736280e+01
4.668568242187500346e+02,-9.608608379134366828e+01
4.668571171875000232e+02,-1.027964306940754113e+02
4.668574101562500118e+02,-8.124707230505643452e+01
4.668577031250000005e+02,-8.049042665842944189e+01
4.668579960937499891e+02,-8.372769528155657781e+01
4.668582890625000346e+02,-7.829819948596204426e+01
4.668585820312500232e+02,-8.019347784045942262e+01
4.668588750000000118e+02,-8.611145969081262308e+01
4.668591679687500005e+02,-8.477667653427599248e+01
4.668594609374999891e+02,-8.704213232149683677e+01
4.668597539062500346e+02,-9.700341217643423875e+01
4.668600468750000232e+02,-1.024902634414621474e+02
4.668603398437500118e+02,-8.775905135374230781e+01
4.668606328125000005e+02,-8.739797106588368081e+01
4.668609257812499891e+02,-8.850851629066191606e+01
4.668612187500000346e+02,-8.605727714106718906e+01
4.668615117187500232e+02,-9.246532130823725026e+01
4.668618046875000118e+02,-8.235831276112578792e+01
4.668620976562500005e+02,-8.225304003627810800e+01
4.668623906249999891e+02,-8.868466753301974848e+01
4.668626835937500346e+02,-8.566563989086125730e+01
4.668629765625000232e+02,-9.661510233395871694e+01
4.668632695312500118e+02,-8.534898960184395378e+01
4.668635625000000005e+02,-8.060073383511804934e+01
4.668638554687499891e+02,-8.242044989033564661e+01
4.668641484375000346e+02,-8.712829416225729062e+01
4.668644414062500232e+02,-8.531949686397901189e+01
4.668647343750000118e+02,-1.076344239037616290e+02
4.668650273437500005e+02,-1.035192205981952185e+02
4.668653203124999891e+02,-8.731607815894534497e+01
4.668656132812500346e+02,-7.890016424110325488e+01
4.668659062500000232e+02,-8.221054905140721303e+01
4.668661992187500118e+02,-9.302631327866274091e+01
4.668664921875000005e+02,-8.568590035194097254e+01
4.668667851562499891e+02,-8.410348744308679159e+01
4.668670781250000346e+02,-8.435891767510986483e+01
4.668673710937500232e+02,-8.635586246784063746e+01
4.668676640625000118e+02,-9.949051643835974801e+01
4.668679570312500005e+02,-8.653634884136673122e+01
4.668682499999999891e+02,-8.212519967595505932e+01
4.668685429687500346e+02,-8.670216659863865516e+01
4.668688359375000232e+02,-8.712400774258631486e+01
4.668691289062500118e+02,-8.467178112961337888e+01
4.668694218750000005e+02,-8.415302795292639360e+01
4.668697148437499891e+02,-7.970261275619640173e+01
4.668700078125000346e+02,-8.061991159868301793e+01
4.668703007812500232e+02,-8.319317502835716027e+01
4.668705937500000118e+02,-8.792661693394711619e+01
4.668708867187500005e+02,-8.350130552129135708e+01
4.668711796874999891e+02,-7.967749028169711778e+01
4.668714726562500346e+02,-8.109062430605504801e+01
4.668717656250000232e+02,-8.750071472958458685e+01
4.668720585937500118e+02,-8.490352584874123920e+01
4.668723515625000005e+02,-8.507893498562970080e+01
4.668726445312499891e+02,-8.976634301793909287e+01
4.668729375000000346e+02,-8.601358090153232183e+01
4.668732304687500232e+02,-8.369293634698425421e+01
4.668735234375000118e+02,-8.882145658055227955e+01
4.668738164062500005e+02,-8.375058681531396587e+01
4.668741093749999891e+02,-9.112184410816395541e+01
4.668744023437500346e+02,-8.150093752737359409e+01
4.668746953125000232e+02,-7.933436133785998834e+01
4.668749882812500118e+02,-8.859167388720840108e+01
4.668752812500000005e+02,-8.069895013062945566e+01
4.668755742187499891e+02,-8.399198103220601297e+01
4.668758671875000346e+02,-8.729813628646857637e+01
4.668761601562500232e+02,-9.748323763816509313e+01
4.668764531250000118e+02,-9.721425933135887476e+01
4.668767460937500005e+02,-7.972485768083414825e+01
4.668770390624999891e+02,-8.145339122501370355e+01
4.668773320312500346e+02,-9.306550528013937651e+01
4.668776250000000232e+02,-8.921178154963330087e+01
4.668779179687500118e+02,-8.616542160348086554e+01
4.668782109375000005e+02,-9.020465071468015594e+01
4.668785039062499891e+02,-8.079009251318066731e+01
4.668787968750000346e+02,-8.159413737083737317e+01
4.668790898437500232e+02,-8.895068219002263277e+01
4.668793828125000118e+02,-8.048060709659628742e+01
4.668796757812500005e+02,-8.002329249318739812e+01
4.668799687499999891e+02,-8.420746787786846710e+01
4.668802617187500346e+02,-8.034016973134691852e+01
4.668805546875000232e+02,-8.017975631093068500e+01
4.668808476562500118e+02,-8.206190300431683227e+01
4.668811406250000005e+02,-8.107788721448801539e+01
4.668814335937499891e+02,-9.922767766304491488e+01
4.668817265625000346e+02,-8.567080478609283034e+01
4.668820195312500232e+02,-8.457131965733479717e+01
4.668823125000000118e+02,-8.548533937670244143e+01
4.668826054687500005e+02,-7.979134252089794188e+01
4.668828984374999891e+02,-8.000314909225551219e+01
4.668831914062500346e+02,-8.284062909581969336e+01
4.668834843750000232e+02,-8.194179905321041701e+01
4.668837773437500118e+02,-8.400254004512729011e+01
4.668840703125000005e+02,-8.319466820025900233e+01
4.668843632812499891e+02,-8.308432700524394932e+01
4.668846562500000346e+02,-8.896190668006047986e+01
4.668849492187500232e+02,-8.258026810671994156e+01
4.668852421875000118e+02,-8.217788124395750060e+01
4.668855351562500005e+02,-8.243898076398829744e+01
4.668858281249999891e+02,-8.584777932972345127e+01
4.668861210937500346e+02,-8.643470287423198783e+01
4.668864140625000232e+02,-8.440012720878917207e+01
4.668867070312500118e+02,-7.973589755206293717e+01
4.668870000000000005e+02,-8.002012329716892225e+01
4.668872929687499891e+02,-7.977777238344899047e+01
4.668875859375000346e+02,-8.472862902774038218e+01
4.668878789062500232e+02,-9.125866273609217671e+01
4.668881718750000118e+02,-8.745030806046095506e+01
4.668884648437500005e+02,-8.779675645420911678e+01
4.668887578124999891e+02,-8.331098002039793471e+01
4.668890507812500346e+02,-8.118979813030541948e+01
4.668893437500000232e+02,-8.831377911151626847e+01
4.668896367187500118e+02,-1.132090121541040020e+02
4.668899296875000005e+02,-9.021991303431745735e+01
4.668902226562499891e+02,-8.845115539232244828e+01
4.668905156250000346e+02,-9.366710923705788616e+01
4.668908085937500232e+02,-8.251160329150302175e+01
4.668911015625000118e+02,-7.711726555940857963e+01
4.668913945312500005e+02,-7.869019784977203358e+01
4.668916874999999891e+02,-8.635728609781293130e+01
4.668919804687500346e+02,-1.035959947325220440e+02
4.668922734375000232e+02,-8.603337526688659409e+01
4.668925664062500118e+02,-8.476415887703707597e+01
4.668928593750000005e+02,-8.285349824814781527e+01
4.668931523437499891e+02,-8.318514225985339294e+01
4.668934453125000346e+02,-9.166112667454501661e+01
4.668937382812500232e+02,-8.520568178376358048e+01
4.668940312500000118e+02,-7.901984293995974440e+01
4.668943242187500005e+02,-7.958710823609517604e+01
4.668946171874999891e+02,-7.961550483565002878e+01
4.668949101562500346e+02,-8.130000327964181395e+01
4.668952031250000232e+02,-9.773501982646722297e+01
4.668954960937500118e+02,-8.603060775298533258e+01
4.668957890625000005e+02,-8.364025234336246228e+01
4.668960820312499891e+02,-8.451625334081529672e+01
4.668963750000000346e+02,-8.653952811931770839e+01
4.668966679687500232e+02,-8.608206539052588369e+01
4.668969609375000118e+02,-8.633544391726636036e+01
4.668972539062500005e+02,-9.068333298257272190e+01
4.668975468749999891e+02,-9.009048827191892883e+01
4.668978398437500346e+02,-8.847956834644294588e+01
4.668981328125000232e+02,-9.558071780673303408e+01
4.668984257812500118e+02,-8.374220463442750884e+01
4.668987187500000005e+02,-8.796967909184134271e+01
4.668990117187499891e+02,-8.566905249403406231e+01
4.668993046875000346e+02,-8.934141075653607800e+01
4.668995976562500232e+02,-8.294081417650230037e+01
4.668998906250000118e+02,-7.892928178506247150e+01
4.669001835937500005e+02,-8.433280967209546475e+01
4.669004765624999891e+02,-8.521970618145121534e+01
4.669007695312500346e+02,-8.277998246612126820e+01
4.669010625000000232e+02,-8.558324665409057275e+01
4.669013554687500118e+02,-8.131584987121435404e+01
4.669016484375000005e+02,-7.943562218655019080e+01
4.669019414062499891e+02,-7.993580678489126967e+01
4.669022343750000346e+02,-8.247305306374295242e+01
4.669025273437500232e+02,-9.075941124549640904e+01
4.669028203125000118e+02,-8.860790611078896006e+01
4.669031132812500005e+02,-9.224367549833220892e+01
4.669034062499999891e+02,-8.757709813144654731e+01
4.669036992187500346e+02,-8.231110313347417673e+01
4.669039921875000232e+02,-8.817903891559986107e+01
4.669042851562500118e+02,-8.216011192575022903e+01
4.669045781250000005e+02,-8.133127783542158795e+01
4.669048710937499891e+02,-9.101736812490341322e+01
4.669051640625000346e+02,-8.704522725727517241e+01
4.669054570312500232e+02,-8.486517396422598836e+01
4.669057500000000118e+02,-8.286578842520695787e+01
4.669060429687500005e+02,-8.225429769286012061e+01
4.669063359374999891e+02,-8.541825248915975521e+01
4.669066289062500346e+02,-9.104185101349725073e+01
4.669069218750000232e+02,-8.243050165973119192e+01
4.669072148437500118e+02,-9.395024608735134564e+01
4.669075078125000005e+02,-8.509889196362826169e+01
4.669078007812499891e+02,-8.159707432416986705e+01
4.669080937500000346e+02,-8.220259550548223615e+01
4.669083867187500232e+02,-8.669828205418809830e+01
4.669086796875000118e+02,-8.357135588975876317e+01
4.669089726562500005e+02,-9.479897102813040988e+01
4.669092656249999891e+02,-8.697505494833441730e+01
4.669095585937500346e+02,-9.287978458972392559e+01
4.669098515625000232e+02,-8.282795605438565190e+01
4.669101445312500118e+02,-8.760551885495958402e+01
4.669104375000000005e+02,-8.293736550801794749e+01
4.669107304687499891e+02,-8.293220810897507533e+01
4.669110234375000346e+02,-8.846519487437994655e+01
4.669113164062500232e+02,-8.942483014349583925e+01
4.669116093750000118e+02,-8.774045319848167424e+01
4.669119023437500005e+02,-8.299213012153052205e+01
4.669121953124999891e+02,-7.764979392384985601e+01
4.669124882812500346e+02,-8.002854424697810032e+01
4.669127812500000232e+02,-8.625481877115490192e+01
4.669130742187500118e+02,-9.181783373941027548e+01
4.669133671875000005e+02,-8.021589566432531626e+01
4.669136601562499891e+02,-9.118649445875337278e+01
4.669139531250000346e+02,-8.453952664503886183e+01
4.669142460937500232e+02,-7.897899071477999655e+01
4.669145390625000118e+02,-8.140772876763784893e+01
4.669148320312500005e+02,-8.548170967420202260e+01
4.669151249999999891e+02,-8.175568325587470042e+01
4.669154179687500346e+02,-8.121149062779107908e+01
4.669157109375000232e+02,-1.033035785361223446e+02
4.669160039062500118e+02,-8.359426808324015212e+01
4.669162968750000005e+02,-8.356739417192629560e+01
4.669165898437499891e+02,-8.710476260943876525e+01
4.669168828125000346e+02,-8.263318536645185475e+01
4.669171757812500232e+02,-8.197805029592490200e+01
4.669174687500000118e+02,-9.625567850473777298e+01
4.669177617187500005e+02,-8.648923024386398595e+01
4.669180546874999891e+02,-8.292521878319186612e+01
4.669183476562500346e+02,-8.325621800304642761e+01
4.669186406250000232e+02,-8.739038274369916337e+01
4.669189335937500118e+02,-8.795475660113982030e+01
4.669192265625000005e+02,-8.521223541326770601e+01
4.669195195312499891e+02,-7.804709339489876641e+01
4.669198125000000346e+02,-8.081237154749487672e+01
4.669201054687500232e+02,-9.170753850146471109e+01
4.669203984375000118e+02,-8.088888121964825473e+01
4.669206914062500005e+02,-8.918316504065684569e+01
4.669209843749999891e+02,-8.276073163454674386e+01
4.669212773437500346e+02,-7.781643250665399592e+01
4.669215703125000232e+02,-7.963413237010129819e+01
4.669218632812500118e+02,-9.034096441912052455e+01
4.669221562500000005e+02,-1.121417456444474823e+02
4.669224492187499891e+02,-8.583170937143782453e+01
4.669227421875000346e+02,-8.247284418701622144e+01
4.669230351562500232e+02,-8.540078179879498066e+01
4.669233281250000118e+02,-7.929284619608887397e+01
4.669236210937500005e+02,-8.104977455410286780e+01
4.669239140624999891e+02,-8.235546508157183609e+01
4.669242070312500346e+02,-9.377542746582555822e+01
4.669245000000000232e+02,-8.046372482677537619e+01
4.669247929687500118e+02,-9.169201350750149970e+01
4.669250859375000005e+02,-9.275764049032325431e+01
4.669253789062499891e+02,-8.739604243966432762e+01
4.669256718750000346e+02,-7.897261758343324800e+01
4.669259648437500232e+02,-7.576556158467289492e+01
4.669262578125000118e+02,-8.243384004202169990e+01
4.669265507812500005e+02,-9.380587303880966488e+01
4.669268437499999891e+02,-8.627548426635826218e+01
4.669271367187500346e+02,-8.136268746727000689e+01
4.669274296875000232e+02,-8.058923064000305203e+01
4.669277226562500118e+02,-7.745842944239824135e+01
4.669280156250000005e+02,-8.395543297223352397e+01
4.669283085937499891e+02,-9.169299956433496845e+01
4.669286015625000346e+02,-9.092777878739858011e+01
4.669288945312500232e+02,-9.015261733830516278e+01
4.669291875000000118e+02,-1.057272825004344554e+02
4.669294804687500005e+02,-8.635718666215234407e+01
4.669297734374999891e+02,-8.673749268040654670e+01
4.669300664062500346e+02,-8.489033460491847904e+01
4.669303593750000232e+02,-8.693310826140321979e+01
4.669306523437500118e+02,-8.746829941046689783e+01
4.669309453125000005e+02,-8.485239469370490895e+01
4.669312382812499891e+02,-8.910747637042481983e+01
4.669315312500000346e+02,-9.341547962144332473e+01
4.669318242187500232e+02,-8.403560341438219439e+01
4.669321171875000118e+02,-9.897883473443673097e+01
4.669324101562500005e+02,-8.935985203550029610e+01
4.669327031249999891e+02,-8.676327941023897949e+01
4.669329960937500346e+02,-9.291978456674564768e+01
4.669332890625000232e+02,-8.216851575871157820e+01
4.669335820312500118e+02,-8.321339904548284494e+01
4.669338750000000005e+02,-8.093361428899284249e+01
4.669341679687499891e+02,-8.353069470779360017e+01
4.669344609375000346e+02,-9.676075576482354279e+01
4.669347539062500232e+02,-8.959695312538804046e+01
4.669350468750000118e+02,-8.946086495558942886e+01
4.669353398437500005e+02,-8.685643423728379275e+01
4.669356328124999891e+02,-8.213997845612810522e+01
4.669359257812500346e+02,-7.906482641518853427e+01
4.669362187500000232e+02,-8.337760752291382005e+01
4.669365117187500118e+02,-8.229279983258390985e+01
4.669368046875000005e+02,-7.822488936334623588e+01
4.669370976562499891e+02,-7.796722390266408809e+01
4.669373906250000346e+02,-8.564345367994847891e+01
4.669376835937500232e+02,-9.208431893071478669e+01
4.669379765625000118e+02,-9.000105894524074301e+01
4.669382695312500005e+02,-8.508386579477863165e+01
4.669385624999999891e+02,-7.644734814544533208e+01
4.669388554687500346e+02,-7.972357430435278047e+01
4.669391484375000232e+02,-8.175798598864956546e+01
4.669394414062500118e+02,-8.208349723602083259e+01
4.669397343750000005e+02,-7.878244273548197896e+01
4.669400273437499891e+02,-8.347942250019870869e+01
4.669403203125000346e+02,-9.489210206878311737e+01
4.669406132812500232e+02,-8.868130066284079760e+01
4.669409062500000118e+02,-9.168290947165429827e+01
4.669411992187500005e+02,-8.872574286099627727e+01
4.669414921874999891e+02,-8.919052373847613069e+01
4.669417851562500346e+02,-8.877767613968634919e+01
4.669420781250000232e+02,-8.935245780575991148e+01
4.669423710937500118e+02,-8.159127527058663532e+01
4.669426640625000005e+02,-9.020367027333298893e+01
4.669429570312499891e+02,-8.394230655948479125e+01
4.669432500000000346e+02,-7.744854823237352548e+01
4.669435429687500232e+02,-7.830016113032600344e+01
4.669438359375000118e+02,-8.254151163210852360e+01
4.669441289062500005e+02,-8.542871163781870791e+01
4.669444218749999891e+02,-8.992819682330072339e+01
4.669447148437500346e+02,-9.430123975430305450e+01
4.669450078125000232e+02,-9.563364600186176290e+01
4.669453007812500118e+02,-8.803207728050539060e+01
4.669455937500000005e+02,-9.642363390462961092e+01
4.669458867187499891e+02,-8.611935451553091525e+01
4.669461796875000346e+02,-8.668689688319844322e+01
4.669464726562500232e+02,-8.042403860856948938e+01
4.669467656250000118e+02,-7.890975963057432807e+01
4.669470585937500005e+02,-7.756425756415438855e+01
4.669473515624999891e+02,-8.236724235251853088e+01
4.669476445312500346e+02,-8.881178936656702660e+01
4.669479375000000232e+02,-9.048047089622075134e+01
4.669482304687500118e+02,-8.140834937123891279e+01
4.669485234375000005e+02,-8.339771213815814122e+01
4.669488164062499891e+02,-8.317659980083178084e+01
4.669491093750000346e+02,-8.154440869477652143e+01
4.669494023437500232e+02,-7.964474002418076282e+01
4.669496953125000118e+02,-7.979348947929709368e+01
4.669499882812500005e+02,-8.737600360718118964e+01
4.669502812499999891e+02,-8.474519002364007747e+01
4.669505742187500346e+02,-8.228594546425311762e+01
4.669508671875000232e+02,-8.503082295095858001e+01
4.669511601562500118e+02,-8.746297990158305424e+01
4.669514531250000005e+02,-8.872444452857799035e+01
4.669517460937499891e+02,-8.366520621525715740e+01
4.669520390625000346e+02,-8.015185278267924218e+01
4.669523320312500232e+02,-7.940768257006156716e+01
4.669526250000000118e+02,-7.892127888681572756e+01
4.669529179687500005e+02,-9.043333540954307637e+01
4.669532109374999891e+02,-9.391575606035195278e+01
4.669535039062500346e+02,-9.063582825748821392e+01
4.669537968750000232e+02,-9.134883068546714924e+01
4.669540898437500118e+02,-8.873444719770611755e+01
4.669543828125000005e+02,-8.187587237804288520e+01
4.669546757812499891e+02,-8.455861981641005798e+01
4.669549687500000346e+02,-8.994803684186294390e+01
4.669552617187500232e+02,-8.574134656548017119e+01
4.669555546875000118e+02,-9.370379009402439863e+01
4.669558476562500005e+02,-8.692613838863073283e+01
4.669561406249999891e+02,-8.526720544044694350e+01
4.669564335937500346e+02,-8.233526631877707302e+01
4.669567265625000232e+02,-9.041526863084348520e+01
4.669570195312500118e+02,-8.476080522760966574e+01
4.669573125000000005e+02,-8.549184123004297930e+01
4.669576054687499891e+02,-9.277740028037541720e+01
4.669578984375000346e+02,-8.421477148656794043e+01
4.669581914062500232e+02,-7.931538053990527715e+01
4.669584843750000118e+02,-8.027221367284840881e+01
4.669587773437500005e+02,-8.066501848228708127e+01
4.669590703124999891e+02,-8.967476933946853990e+01
4.669593632812500346e+02,-8.551359000018763368e+01
4.669596562500000232e+02,-8.694348266990319019e+01
4.669599492187500118e+02,-8.797579326328219906e+01
4.669602421875000005e+02,-8.362434299965602236e+01
4.669605351562499891e+02,-7.881219470401764227e+01
4.669608281250000346e+02,-7.946540558107561480e+01
4.669611210937500232e+02,-9.927398954968833777e+01
4.669614140625000118e+02,-8.898754906284784738e+01
4.669617070312500005e+02,-8.487028497679345662e+01
4.669619999999999891e+02,-9.020912457412954666e+01
4.669622929687500346e+02,-8.084493721531261201e+01
4.669625859375000232e+02,-7.932278575578649793e+01
4.669628789062500118e+02,-8.444674046221496155e+01
4.669631718750000005e+02,-9.442177085428193095e+01
4.669634648437499891e+02,-9.187389299671265519e+01
4.669637578125000346e+02,-8.362491980321506446e+01
4.669640507812500232e+02,-9.703456474832822209e+01
4.669643437500000118e+02,-8.037864082593955573e+01
4.669646367187500005e+02,-8.080135153265638337e+01
4.669649296874999891e+02,-7.928228947478301336e+01
4.669652226562500346e+02,-8.424362148521041149e+01
4.669655156250000232e+02,-9.197228854901607065e+01
4.669658085937500118e+02,-8.259501187781297915e+01
4.669661015625000005e+02,-8.456401835695565694e+01
4.669663945312499891e+02,-8.516331296630249881e+01
4.669666875000000346e+02,-8.163925041065382970e+01
4.669669804687500232e+02,-8.297757216645534584e+01
4.669672734375000118e+02,-8.206774798897838252e+01
4.669675664062500005e+02,-8.031191164307952590e+01
4.669678593749999891e+02,-8.610485826465645687e+01
4.669681523437500346e+02,-9.622165538630996195e+01
4.669684453125000232e+02,-7.790745705283416100e+01
4.669687382812500118e+02,-7.838072065718168346e+01
4.669690312500000005e+02,-9.116915841003816467e+01
4.669693242187499891e+02,-8.868412657125075782e+01
4.669696171875000346e+02,-8.156193543902887200e+01
4.669699101562500232e+02,-8.079918736269047486e+01
4.669702031250000118e+02,-8.424820243107546958e+01
4.669704960937500005e+02,-7.735131001732737843e+01
4.669707890624999891e+02,-8.199057204027533885e+01
4.669710820312500346e+02,-8.869636746884209799e+01
4.669713750000000232e+02,-8.663972474643088617e+01
4.669716679687500118e+02,-8.599061007772455412e+01
4.669719609375000005e+02,-8.848937256397707074e+01
4.669722539062499891e+02,-9.135277198423629841e+01
4.669725468750000346e+02,-8.297467142651899508e+01
4.669728398437500232e+02,-8.595721628139301629e+01
4.669731328125000118e+02,-8.705000859384543332e+01
4.669734257812500005e+02,-9.947359722010561711e+01
4.669737187499999891e+02,-8.920970686287306251e+01
4.669740117187500346e+02,-8.140675938671068934e+01
4.669743046875000232e+02,-8.486988685577978231e+01
4.669745976562500118e+02,-8.735351535522991639e+01
4.669748906250000005e+02,-8.355391375035853230e+01
4.669751835937499891e+02,-7.714707624089433580e+01
4.669754765625000346e+02,-8.107617454372942234e+01
4.669757695312500232e+02,-9.088256034498101599e+01
4.669760625000000118e+02,-8.217012871505785654e+01
4.669763554687500005e+02,-7.941166550582298100e+01
4.669766484374999891e+02,-8.037202724824481948e+01
4.669769414062500346e+02,-8.440939767898203172e+01
4.669772343750000232e+02,-8.697917929084611899e+01
4.669775273437500118e+02,-9.004568220850698879e+01
4.669778203125000005e+02,-9.415979684131039562e+01
4.669781132812499891e+02,-9.245459820680255802e+01
4.669784062500000346e+02,-8.446936080170475236e+01
4.669786992187500232e+02,-7.670086008609789019e+01
4.669789921875000118e+02,-8.036321537743774002e+01
4.669792851562500005e+02,-8.241396612541319655e+01
4.669795781249999891e+02,-7.717872292294900660e+01
4.669798710937500346e+02,-8.070384562212555579e+01
4.669801640625000232e+02,-8.938730830425045326e+01
4.669804570312500118e+02,-8.640812610429915708e+01
4.669807500000000005e+02,-9.269378175175330625e+01
4.669810429687499891e+02,-8.723254741126285694e+01
4.669813359375000346e+02,-7.757164950614273380e+01
4.669816289062500232e+02,-7.687377289424860294e+01
4.669819218750000118e+02,-8.242421654160081346e+01
4.669822148437500005e+02,-7.937595743402030735e+01
4.669825078124999891e+02,-7.703150653660085823e+01
4.669828007812500346e+02,-8.797716275070270342e+01
4.669830937500000232e+02,-8.881537564178232458e+01
4.669833867187500118e+02,-8.842422487438935264e+01
4.669836796875000005e+02,-8.104737052403658026e+01
4.669839726562499891e+02,-7.736934329491894857e+01
4.669842656250000346e+02,-7.831180156367597078e+01
4.669845585937500232e+02,-8.744683646065526261e+01
4.669848515625000118e+02,-9.937469545520369252e+01
4.669851445312500005e+02,-8.373406238578452587e+01
4.669854374999999891e+02,-7.966407955985874878e+01
4.669857304687500346e+02,-7.966365835548204188e+01
4.669860234375000232e+02,-8.587133129029442102e+01
4.669863164062500118e+02,-8.044780354386352883e+01
4.669866093750000005e+02,-7.971433949445538758e+01
4.669869023437499891e+02,-7.961225304934322367e+01
4.669871953125000346e+02,-8.945088343842925838e+01
4.669874882812500232e+02,-8.942336211997435669e+01
4.669877812500000118e+02,-7.958832404639750280e+01
4.669880742187500005e+02,-7.773013248475510295e+01
4.669883671874999891e+02,-8.602611016572339508e+01
4.669886601562500346e+02,-1.123161167465254380e+02
4.669889531250000232e+02,-9.446749072480952236e+01
4.669892460937500118e+02,-7.838060947902390296e+01
4.669895390625000005e+02,-7.840086603034845325e+01
4.669898320312499891e+02,-9.329021137349108983e+01
4.669901250000000346e+02,-8.751848324784836564e+01
4.669904179687500232e+02,-9.079717619540630835e+01
4.669907109375000118e+02,-9.104717407751647329e+01
4.669910039062500005e+02,-8.168715139406586445e+01
4.669912968749999891e+02,-1.121385586591549952e+02
4.669915898437500346e+02,-8.330913208246434465e+01
4.669918828125000232e+02,-8.128938042591870783e+01
4.669921757812500118e+02,-8.054067691673311913e+01
4.669924687500000005e+02,-8.051577897780708781e+01
4.669927617187499891e+02,-8.493295536002607093e+01
4.669930546875000346e+02,-7.976988732432164397e+01
4.669933476562500232e+02,-8.108890335800214189e+01
4.669936406250000118e+02,-7.852301042157809263e+01
4.669939335937500005e+02,-7.725082820764406222e+01
4.669942265624999891e+02,-8.587011171039718249e+01
4.669945195312500346e+02,-8.174289187997484873e+01
4.669948125000000232e+02,-8.439086482511751797e+01
4.669951054687500118e+02,-7.974216528101811718e+01
4.669953984375000005e+02,-8.118342445576558930e+01
4.669956914062499891e+02,-8.614027345988682782e+01
4.669959843750000346e+02,-8.417798895478490806e+01
4.669962773437500232e+02,-8.699923942762754336e+01
4.669965703125000118e+02,-8.865128554296052243e+01
4.669968632812500005e+02,-8.952683921189860428e+01
4.669971562499999891e+02,-7.957736795868552804e+01
4.669974492187500346e+02,-8.286458539536910450e+01
4.669977421875000232e+02,-9.563502379676116050e+01
4.669980351562500118e+02,-8.540539621272158399e+01
4.669983281250000005e+02,-8.491892577059600455e+01
4.669986210937499891e+02,-1.004152098232319901e+02
4.669989140625000346e+02,-9.206833067091061196e+01
4.669992070312500232e+02,-8.897967433931134451e+01
4.669995000000000118e+02,-8.835311022743496778e+01
4.669997929687500005e+02,-8.576333249648654089e+01
4.670000859374999891e+02,-9.024493281547077572e+01
4.670003789062500346e+02,-8.156611029712701111e+01
4.670006718750000232e+02,-7.982190636683115770e+01
4.670009648437500118e+02,-7.722668059631476467e+01
4.670012578125000005e+02,-8.125867556877079778e+01
4.670015507812499891e+02,-8.152526847691407852e+01
4.670018437500000346e+02,-8.090717282489890749e+01
4.670021367187500232e+02,-8.308514845220237532e+01
4.670024296875000118e+02,-8.573542474120274903e+01
4.670027226562500005e+02,-9.081494399835364106e+01
4.670030156249999891e+02,-8.198873756186294770e+01
4.670033085937500346e+02,-7.743711977171153649e+01
4.670036015625000232e+02,-8.257639504633499428e+01
4.670038945312500118e+02,-8.523325844719769862e+01
4.670041875000000005e+02,-9.014428472795896141e+01
4.670044804687499891e+02,-9.393404488092464533e+01
4.670047734375000346e+02,-8.176292441158977908e+01
4.670050664062500232e+02,-8.149520785531331057e+01
4.670053593750000118e+02,-9.392798252406134907e+01
4.670056523437500005e+02,-7.987935921799532935e+01
4.670059453124999891e+02,-7.791628453554520206e+01
4.670062382812500346e+02,-7.715032494864104251e+01
4.670065312500000232e+02,-7.942317907469282545e+01
4.670068242187500118e+02,-9.955169981469808249e+01
4.670071171875000005e+02,-8.012453497883763021e+01
4.670074101562499891e+02,-8.863952082053847903e+01
4.670077031250000346e+02,-7.773538792865247160e+01
4.670079960937500232e+02,-8.157123018070599585e+01
4.670082890625000118e+02,-8.277249056814358141e+01
4.670085820312500005e+02,-8.158529409523029585e+01
4.670088749999999891e+02,-8.190435811379379061e+01
4.670091679687500346e+02,-8.098271418300075197e+01
4.670094609375000232e+02,-8.664974494584888021e+01
4.670097539062500118e+02,-8.970346763607469143e+01
4.670100468750000005e+02,-8.627964758241346033e+01
4.670103398437499891e+02,-8.556732160290357569e+01
4.670106328125000346e+02,-9.352104691917269008e+01
4.670109257812500232e+02,-9.975547939089298666e+01
4.670112187500000118e+02,-8.682534532736598010e+01
4.670115117187500005e+02,-9.556000775905461353e+01
4.670118046874999891e+02,-8.422431425965424978e+01
4.670120976562500346e+02,-9.660074891848879020e+01
4.670123906250000232e+02,-9.214117799109664020e+01
4.670126835937500118e+02,-8.555805558826264701e+01
4.670129765625000005e+02,-9.762609271598010707e+01
4.670132695312499891e+02,-8.616675229221496579e+01
4.670135625000000346e+02,-7.957824251866372833e+01
4.670138554687500232e+02,-7.893738495645681041e+01
4.670141484375000118e+02,-8.112758396595410204e+01
4.670144414062500005e+02,-8.452242888422384226e+01
4.670147343749999891e+02,-9.064288086185284499e+01
4.670150273437500346e+02,-8.427992024037770591e+01
4.670153203125000232e+02,-8.861907975794382253e+01
4.670156132812500118e+02,-8.366354757208145543e+01
4.670159062500000005e+02,-8.994898911785540463e+01
4.670161992187499891e+02,-8.089117568731811048e+01
4.670164921875000346e+02,-8.691417390035203994e+01
4.670167851562500232e+02,-9.302424038877605028e+01
4.670170781250000118e+02,-8.652270604077359906e+01
4.670173710937500005e+02,-8.777072075197406775e+01
4.670176640624999891e+02,-9.347196865115751052e+01
4.670179570312500346e+02,-7.929704555231927543e+01
4.670182500000000232e+02,-8.012976476272896775e+01
4.670185429687500118e+02,-8.420229971952201709e+01
4.670188359375000005e+02,-8.083177299762871826e+01
4.670191289062499891e+02,-7.540090399820701350e+01
4.670194218750000346e+02,-7.586511651039691628e+01
4.670197148437500232e+02,-8.523648220131417474e+01
4.670200078125000118e+02,-8.387955114304146775e+01
4.670203007812500005e+02,-8.344747194939955648e+01
4.670205937499999891e+02,-8.767966325128129768e+01
4.670208867187500346e+02,-8.631198663869234622e+01
4.670211796875000232e+02,-8.385603745226369199e+01
4.670214726562500118e+02,-8.141166920504544180e+01
4.670217656250000005e+02,-8.444542373763593446e+01
4.670220585937499891e+02,-7.943266839362520670e+01
4.670223515625000346e+02,-7.776122991465774703e+01
4.670226445312500232e+02,-8.674778984018955441e+01
4.670229375000000118e+02,-8.494425809844527464e+01
4.670232304687500005e+02,-1.009937263159970087e+02
4.670235234374999891e+02,-1.092126624548084521e+02
4.670238164062500346e+02,-1.027509805474515900e+02
4.670241093750000232e+02,-1.079902342859140987e+02
4.670244023437500118e+02,-9.355671166952042483e+01
4.670246953125000005e+02,-8.656403538305865197e+01
4.670249882812499891e+02,-9.092424281261526176e+01
4.670252812500000346e+02,-8.209174747007696737e+01
4.670255742187500232e+02,-7.663051424367490938e+01
4.670258671875000118e+02,-8.064943797080681520e+01
4.670261601562500005e+02,-8.158052173642333571e+01
4.670264531249999891e+02,-7.627001497870648450e+01
4.670267460937500346e+02,-7.584417531197708229e+01
4.670270390625000232e+02,-7.808399239245167678e+01
4.670273320312500118e+02,-7.987376403318012308e+01
4.670276250000000005e+02,-8.295061748744920749e+01
4.670279179687499891e+02,-8.531095039819668102e+01
4.670282109375000346e+02,-7.799825378519688002e+01
4.670285039062500232e+02,-7.954554139106916466e+01
4.670287968750000118e+02,-8.811804313957871670e+01
4.670290898437500005e+02,-8.388337942358052146e+01
4.670293828124999891e+02,-8.362389187898264709e+01
4.670296757812500346e+02,-7.832886665108867419e+01
4.670299687500000232e+02,-7.757899367095242837e+01
4.670302617187500118e+02,-8.264831035155943084e+01
4.670305546875000005e+02,-8.632608394969619781e+01
4.670308476562499891e+02,-8.418152792973232579e+01
4.670311406250000346e+02,-7.991661683953390138e+01
4.670314335937500232e+02,-8.871665239511820289e+01
4.670317265625000118e+02,-8.467625273160979305e+01
4.670320195312500005e+02,-8.922417740633659378e+01
4.670323124999999891e+02,-9.062514806133347633e+01
4.670326054687500346e+02,-8.860519989180198763e+01
4.670328984375000232e+02,-9.881652577640929280e+01
4.670331914062500118e+02,-9.307151677946228574e+01
4.670334843750000005e+02,-9.067484919443444369e+01
4.670337773437499891e+02,-8.861632022917767415e+01
4.670340703125000346e+02,-1.020148861860553211e+02
4.670343632812500232e+02,-8.836136393975807835e+01
4.670346562500000118e+02,-8.861479003548900835e+01
4.670349492187500005e+02,-8.263588496208514300e+01
4.670352421874999891e+02,-9.124442226415419555e+01
4.670355351562500346e+02,-8.658889003397739259e+01
4.670358281250000232e+02,-7.704410111054160382e+01
4.670361210937500118e+02,-7.655372023879891685e+01
4.670364140625000005e+02,-7.804213435808716781e+01
4.670367070312499891e+02,-9.131693101841173643e+01
4.670370000000000346e+02,-9.197091812442621972e+01
4.670372929687500232e+02,-9.123028656439501560e+01
4.670375859375000118e+02,-8.320335590707395568e+01
4.670378789062500005e+02,-8.379680441833204441e+01
4.670381718749999891e+02,-8.449281653120608837e+01
4.670384648437500346e+02,-8.036062870414687609e+01
4.670387578125000232e+02,-8.238395259871103349e+01
4.670390507812500118e+02,-8.429731889486482999e+01
4.670393437500000005e+02,-9.187245564110554596e+01
4.670396367187499891e+02,-9.006688439774771382e+01
4.670399296875000346e+02,-8.847044548481649429e+01
4.670402226562500232e+02,-8.420425504021122265e+01
4.670405156250000118e+02,-8.265772424938268159e+01
4.670408085937500005e+02,-7.908194932886669903e+01
4.670411015624999891e+02,-8.968573812987654037e+01
4.670413945312500346e+02,-8.615389935005616451e+01
4.670416875000000232e+02,-8.705139633719907977e+01
4.670419804687500118e+02,-8.319923895231626432e+01
4.670422734375000005e+02,-7.837697841144120048e+01
4.670425664062499891e+02,-7.905893322875854778e+01
4.670428593750000346e+02,-8.601856837472625728e+01
4.670431523437500232e+02,-9.807326946552905156e+01
4.670434453125000118e+02,-9.534380101187979051e+01
4.670437382812500005e+02,-8.304902354171628076e+01
4.670440312499999891e+02,-8.641990316611673961e+01
4.670443242187500346e+02,-8.427806585708837872e+01
4.670446171875000232e+02,-8.412611939204155931e+01
4.670449101562500118e+02,-8.155267041683471518e+01
4.670452031250000005e+02,-8.644985224776735322e+01
4.670454960937499891e+02,-8.480458822651871742e+01
4.670457890625000346e+02,-8.215142889358898515e+01
4.670460820312500232e+02,-8.495339616285157547e+01
4.670463750000000118e+02,-9.077470473644041249e+01
4.670466679687500005e+02,-8.936571062649532848e+01
4.670469609374999891e+02,-8.065359042671167344e+01
4.670472539062500346e+02,-8.435365291507571328e+01
4.670475468750000232e+02,-8.199337191874333541e+01
4.670478398437500118e+02,-8.508671239763782523e+01
4.670481328125000005e+02,-8.435800031031207880e+01
4.670484257812499891e+02,-7.787098528064259995e+01
4.670487187500000346e+02,-7.960376442248447404e+01
4.670490117187500232e+02,-7.814759717062773348e+01
4.670493046875000118e+02,-8.334128680143294332e+01
4.670495976562500005e+02,-8.853052471833063919e+01
4.670498906249999891e+02,-8.404714890613909972e+01
4.670501835937500346e+02,-7.871568308513570855e+01
4.670504765625000232e+02,-7.975302711836403091e+01
4.670507695312500118e+02,-8.824099837625942655e+01
4.670510625000000005e+02,-8.118325158034984668e+01
4.670513554687499891e+02,-8.268329380205820200e+01
4.670516484375000346e+02,-7.919074966909157354e+01
4.670519414062500232e+02,-7.984301515631103996e+01
4.670522343750000118e+02,-8.386860399393913212e+01
4.670525273437500005e+02,-8.424689306202918715e+01
4.670528203124999891e+02,-8.708944513318851932e+01
4.670531132812500346e+02,-8.616751821576785630e+01
4.670534062500000232e+02,-9.024398101369206415e+01
4.670536992187500118e+02,-9.191909658091367419e+01
4.670539921875000005e+02,-8.050180995077502644e+01
4.670542851562499891e+02,-8.565688588568180251e+01
4.670545781250000346e+02,-8.695248987814136399e+01
4.670548710937500232e+02,-9.180721372268584446e+01
4.670551640625000118e+02,-8.541924740211177891e+01
4.670554570312500005e+02,-8.048194649845564186e+01
4.670557499999999891e+02,-8.484580179740918027e+01
4.670560429687500346e+02,-8.214101525051088970e+01
4.670563359375000232e+02,-8.075546474641706141e+01
4.670566289062500118e+02,-8.274521001718682101e+01
4.670569218750000005e+02,-8.228969170379923526e+01
4.670572148437499891e+02,-9.203069065494452161e+01
4.670575078125000346e+02,-8.584969238707982697e+01
4.670578007812500232e+02,-8.550953491171797793e+01
4.670580937500000118e+02,-8.668832740841465068e+01
4.670583867187500005e+02,-8.305147718435669901e+01
4.670586796874999891e+02,-8.164055702214551502e+01
4.670589726562500346e+02,-8.897651823060544984e+01
4.670592656250000232e+02,-8.399198886020184318e+01
4.670595585937500118e+02,-8.428593204268750583e+01
4.670598515625000005e+02,-8.148256559676299560e+01
4.670601445312499891e+02,-7.829777243152013000e+01
4.670604375000000346e+02,-8.067806369949803980e+01
4.670607304687500232e+02,-9.074477211937519883e+01
4.670610234375000118e+02,-8.043356734717698941e+01
4.670613164062500005e+02,-7.936990724492288507e+01
4.670616093749999891e+02,-7.697307634012537392e+01
4.670619023437500346e+02,-7.467992523376062763e+01
4.670621953125000232e+02,-7.739291111911414589e+01
4.670624882812500118e+02,-8.169155953628909117e+01
4.670627812500000005e+02,-8.899430570328385670e+01
4.670630742187499891e+02,-8.740387104812769792e+01
4.670633671875000346e+02,-8.221587301409600457e+01
4.670636601562500232e+02,-8.189061621614152386e+01
4.670639531250000118e+02,-8.148219640399510411e+01
4.670642460937500005e+02,-8.503023709447262490e+01
4.670645390624999891e+02,-1.016958676347645962e+02
4.670648320312500346e+02,-8.386253955293875606e+01
4.670651250000000232e+02,-7.790136584594334579e+01
4.670654179687500118e+02,-8.873636383684848283e+01
4.670657109375000005e+02,-8.477645170607816283e+01
4.670660039062499891e+02,-9.087746485027707877e+01
4.670662968750000346e+02,-8.693479471666995551e+01
4.670665898437500232e+02,-8.900630052921923152e+01
4.670668828125000118e+02,-8.276237120049174223e+01
4.670671757812500005e+02,-8.054556703433524945e+01
4.670674687499999891e+02,-8.465176175310189421e+01
4.670677617187500346e+02,-8.152754490968490586e+01
4.670680546875000232e+02,-8.425316510038500439e+01
4.670683476562500118e+02,-8.310249543372006542e+01
4.670686406250000005e+02,-8.420065707512978292e+01
4.670689335937499891e+02,-8.819955323895220545e+01
4.670692265625000346e+02,-7.858682892684447552e+01
4.670695195312500232e+02,-8.184851215421178949e+01
4.670698125000000118e+02,-9.796795265532676922e+01
4.670701054687500005e+02,-8.387989917491171354e+01
4.670703984374999891e+02,-8.364870697957476864e+01
4.670706914062500346e+02,-8.048582654677332471e+01
4.670709843750000232e+02,-8.196954389885597436e+01
4.670712773437500118e+02,-8.353364708817899498e+01
4.670715703125000005e+02,-8.103477026306600806e+01
4.670718632812499891e+02,-8.207456483125973534e+01
4.670721562500000346e+02,-8.251894219855805090e+01
4.670724492187500232e+02,-8.417857259315580620e+01
4.670727421875000118e+02,-8.220874903085338303e+01
4.670730351562500005e+02,-8.473557779000265100e+01
4.670733281249999891e+02,-9.578126304270412561e+01
4.670736210937500346e+02,-8.839574566458928473e+01
4.670739140625000232e+02,-9.123258664365476989e+01
4.670742070312500118e+02,-8.324432898279991377e+01
4.670745000000000005e+02,-8.187270803180921064e+01
4.670747929687499891e+02,-8.306952466056347362e+01
4.670750859375000346e+02,-8.394913330389913142e+01
4.670753789062500232e+02,-8.134661153092609709e+01
4.670756718750000118e+02,-8.451005738241457266e+01
4.670759648437500005e+02,-8.218409505658088676e+01
4.670762578124999891e+02,-8.082149759238690478e+01
4.670765507812500346e+02,-8.642044339983829104e+01
4.670768437500000232e+02,-8.164347856787487956e+01
4.670771367187500118e+02,-8.067390514184550909e+01
4.670774296875000005e+02,-7.888900821582348044e+01
4.670777226562499891e+02,-8.880230209116868423e+01
4.670780156250000346e+02,-8.789211847524566679e+01
4.670783085937500232e+02,-8.280697976885198841e+01
4.670786015625000118e+02,-8.576620883418841856e+01
4.670788945312500005e+02,-7.971578329915941197e+01
4.670791874999999891e+02,-8.167452368833500032e+01
4.670794804687500346e+02,-8.707803523584772165e+01
4.670797734375000232e+02,-8.640108109983302143e+01
4.670800664062500118e+02,-8.070209711152038778e+01
4.670803593750000005e+02,-7.958936354708097838e+01
4.670806523437499891e+02,-8.005188182247468376e+01
4.670809453125000346e+02,-8.769460855715232128e+01
4.670812382812500232e+02,-7.745648350842274965e+01
4.670815312500000118e+02,-8.300583060981924177e+01
4.670818242187500005e+02,-8.491665023436777915e+01
4.670821171874999891e+02,-9.307140791257475598e+01
4.670824101562500346e+02,-8.496782472974386735e+01
4.670827031250000232e+02,-8.095539133965728240e+01
4.670829960937500118e+02,-7.848896938286324598e+01
4.670832890625000005e+02,-7.963652649473189626e+01
4.670835820312499891e+02,-8.511319627620298434e+01
4.670838750000000346e+02,-8.956536640572548436e+01
4.670841679687500232e+02,-8.368505488011506088e+01
4.670844609375000118e+02,-9.143899061115834570e+01
4.670847539062500005e+02,-8.107871815959819628e+01
4.670850468749999891e+02,-7.893928718833076630e+01
4.670853398437500346e+02,-7.707554577984470257e+01
4.670856328125000232e+02,-8.206552364360217666e+01
4.670859257812500118e+02,-8.329650422454821523e+01
4.670862187500000005e+02,-7.797509646191593902e+01
4.670865117187499891e+02,-7.799125855848464539e+01
4.670868046875000346e+02,-8.261967630555449205e+01
4.670870976562500232e+02,-8.310784182849852186e+01
4.670873906250000118e+02,-9.137099656044961193e+01
4.670876835937500005e+02,-8.445744846894511682e+01
4.670879765624999891e+02,-8.804047044377702491e+01
4.670882695312500346e+02,-8.519874343560827867e+01
4.670885625000000232e+02,-8.059663374338637709e+01
4.670888554687500118e+02,-8.138381910181763601e+01
4.670891484375000005e+02,-9.040479639687909241e+01
4.670894414062499891e+02,-8.999171822757860184e+01
4.670897343750000346e+02,-8.305204804475610558e+01
4.670900273437500232e+02,-8.173874216298408157e+01
4.670903203125000118e+02,-8.995010914182601880e+01
4.670906132812500005e+02,-8.362574409249417329e+01
4.670909062499999891e+02,-7.932958848626698511e+01
4.670911992187500346e+02,-8.054501669453729562e+01
4.670914921875000232e+02,-7.886572867889354654e+01
4.670917851562500118e+02,-7.899041252638137678e+01
4.670920781250000005e+02,-8.685740389186447885e+01
4.670923710937499891e+02,-8.033998996237244228e+01
4.670926640625000346e+02,-7.717273561827447281e+01
4.670929570312500232e+02,-7.702370347999588773e+01
4.670932500000000118e+02,-7.981189906911380660e+01
4.670935429687500005e+02,-8.408848409463887208e+01
4.670938359374999891e+02,-8.894317620723634832e+01
4.670941289062500346e+02,-7.778952316472943096e+01
4.670944218750000232e+02,-7.489072995832884772e+01
4.670947148437500118e+02,-7.767860634688577193e+01
4.670950078125000005e+02,-8.092464947773240169e+01
4.670953007812499891e+02,-7.831238573269169478e+01
4.670955937500000346e+02,-8.312097759682384890e+01
4.670958867187500232e+02,-8.516595038248915728e+01
4.670961796875000118e+02,-8.022994046884251418e+01
4.670964726562500005e+02,-7.807278372373959030e+01
4.670967656249999891e+02,-8.398514372333866618e+01
4.670970585937500346e+02,-8.030922204506545370e+01
4.670973515625000232e+02,-8.249033395979779471e+01
4.670976445312500118e+02,-9.712197837841087278e+01
4.670979375000000005e+02,-8.894464081668026267e+01
4.670982304687499891e+02,-8.203203885600717626e+01
4.670985234375000346e+02,-9.553979594963232103e+01
4.670988164062500232e+02,-7.895509289611744919e+01
4.670991093750000118e+02,-7.979627189653685093e+01
4.670994023437500005e+02,-8.300835625047594135e+01
4.670996953124999891e+02,-7.584399240612383153e+01
4.670999882812500346e+02,-7.827077091385780250e+01
4.671002812500000232e+02,-8.550946619102001023e+01
4.671005742187500118e+02,-8.149938179793336701e+01
4.671008671875000005e+02,-8.281441855829737619e+01
4.671011601562499891e+02,-8.316094019182432362e+01
4.671014531250000346e+02,-8.140306373749749014e+01
4.671017460937500232e+02,-7.758644801528649282e+01
4.671020390625000118e+02,-7.147157230238731529e+01
4.671023320312500005e+02,-7.384460061476217163e+01
4.671026249999999891e+02,-1.035260922217587449e+02
4.671029179687500346e+02,-9.134275757299975851e+01
4.671032109375000232e+02,-9.115290120673205365e+01
4.671035039062500118e+02,-8.395646232484793359e+01
4.671037968750000005e+02,-8.091000543881186502e+01
4.671040898437499891e+02,-8.113082176453292504e+01
4.671043828125000346e+02,-7.787081846913298477e+01
4.671046757812500232e+02,-7.674085412039815424e+01
4.671049687500000118e+02,-8.028480596500475031e+01
4.671052617187500005e+02,-8.254993879570565696e+01
4.671055546874999891e+02,-7.748398653337852693e+01
4.671058476562500346e+02,-8.052554286376357595e+01
4.671061406250000232e+02,-7.638076291534686391e+01
4.671064335937500118e+02,-9.921617252245715690e+01
4.671067265625000005e+02,-7.777126007871274282e+01
4.671070195312499891e+02,-8.859395294358749595e+01
4.671073125000000346e+02,-8.067307721988765934e+01
4.671076054687500232e+02,-8.016352933886471988e+01
4.671078984375000118e+02,-8.194979573743950141e+01
4.671081914062500005e+02,-8.101052967924077564e+01
4.671084843749999891e+02,-8.579473841397195599e+01
4.671087773437500346e+02,-8.693326269627635838e+01
4.671090703125000232e+02,-9.106708782910337163e+01
4.671093632812500118e+02,-8.290184672945471789e+01
4.671096562500000005e+02,-9.566599338512179429e+01
4.671099492187499891e+02,-1.127682566431837898e+02
4.671102421875000346e+02,-9.092722948748304646e+01
4.671105351562500232e+02,-8.246846016595512197e+01
4.671108281250000118e+02,-8.360004178111950068e+01
4.671111210937500005e+02,-9.062266025150854887e+01
4.671114140624999891e+02,-8.205115194724913863e+01
4.671117070312500346e+02,-7.815063783786274598e+01
4.671120000000000232e+02,-7.548451346086807234e+01
4.671122929687500118e+02,-7.857759986585274703e+01
4.671125859375000005e+02,-7.899503013649774630e+01
4.671128789062499891e+02,-8.904000620373724928e+01
4.671131718750000346e+02,-8.415758789572784337e+01
4.671134648437500232e+02,-8.336616286340711213e+01
4.671137578125000118e+02,-7.697237404773279934e+01
4.671140507812500005e+02,-7.784207571421346472e+01
4.671143437499999891e+02,-7.862368855786743893e+01
4.671146367187500346e+02,-8.245986743380534278e+01
4.671149296875000232e+02,-8.056077872451673727e+01
4.671152226562500118e+02,-8.308785200698379469e+01
4.671155156250000005e+02,-8.995382298664630127e+01
4.671158085937499891e+02,-8.091471095557221815e+01
4.671161015625000346e+02,-9.033994689034186365e+01
4.671163945312500232e+02,-9.783571453798565187e+01
4.671166875000000118e+02,-1.083636946726746118e+02
4.671169804687500005e+02,-8.661249132826135622e+01
4.671172734374999891e+02,-7.976217947233226369e+01
4.671175664062500346e+02,-7.650699655776632824e+01
4.671178593750000232e+02,-7.520165526256938904e+01
4.671181523437500118e+02,-7.635672358801048176e+01
4.671184453125000005e+02,-8.562915658982865352e+01
4.671187382812499891e+02,-9.022346851946993240e+01
4.671190312500000346e+02,-7.882888695005691204e+01
4.671193242187500232e+02,-8.326262154710214247e+01
4.671196171875000118e+02,-8.237526672167967945e+01
4.671199101562500005e+02,-8.265297608527882289e+01
4.671202031249999891e+02,-7.967492477008467233e+01
4.671204960937500346e+02,-8.443412878175622893e+01
4.671207890625000232e+02,-7.765051589076665550e+01
4.671210820312500118e+02,-8.543630994411734036e+01
4.671213750000000005e+02,-9.108126256780508356e+01
4.671216679687499891e+02,-1.023244062588436236e+02
4.671219609375000346e+02,-8.482939163375971248e+01
4.671222539062500232e+02,-8.163894394530730381e+01
4.671225468750000118e+02,-8.110902873352324605e+01
4.671228398437500005e+02,-7.971388583389330051e+01
4.671231328124999891e+02,-8.069107663566610711e+01
4.671234257812500346e+02,-9.001053203663451541e+01
4.671237187500000232e+02,-8.550621300529711277e+01
4.671240117187500118e+02,-8.242156833716848041e+01
4.671243046875000005e+02,-7.998372966888862834e+01
4.671245976562499891e+02,-7.791055045270260848e+01
4.671248906250000346e+02,-8.422581044810294770e+01
4.671251835937500232e+02,-9.187682615103261696e+01
4.671254765625000118e+02,-9.392532728847071155e+01
4.671257695312500005e+02,-8.592557732609763832e+01
4.671260624999999891e+02,-7.755951871124435115e+01
4.671263554687500346e+02,-7.707657044021071613e+01
4.671266484375000232e+02,-8.498816227060544293e+01
4.671269414062500118e+02,-8.878782349652404093e+01
4.671272343750000005e+02,-9.253423722307998389e+01
4.671275273437499891e+02,-8.515471827648045178e+01
4.671278203125000346e+02,-8.180530854501665772e+01
4.671281132812500232e+02,-8.654156660313512361e+01
4.671284062500000118e+02,-8.788080204366066539e+01
4.671286992187500005e+02,-9.204103185615142024e+01
4.671289921874999891e+02,-9.286471204253689393e+01
4.671292851562500346e+02,-1.001243336778438504e+02
4.671295781250000232e+02,-8.817348915756551264e+01
4.671298710937500118e+02,-8.245444934135861104e+01
4.671301640625000005e+02,-8.367280024559366325e+01
4.671304570312499891e+02,-9.397677622370417794e+01
4.671307500000000346e+02,-8.682502689215996838e+01
4.671310429687500232e+02,-8.977669314965044123e+01
4.671313359375000118e+02,-7.938548987457490114e+01
4.671316289062500005e+02,-7.824885084336462171e+01
4.671319218749999891e+02,-9.010458350332568500e+01
4.671322148437500346e+02,-8.183504240273816777e+01
4.671325078125000232e+02,-8.858491192604815012e+01
4.671328007812500118e+02,-9.532425105675110899e+01
4.671330937500000005e+02,-7.809144569094597443e+01
4.671333867187499891e+02,-7.673683760220568217e+01
4.671336796875000346e+02,-7.796944702141308881e+01
4.671339726562500232e+02,-7.888399941389836556e+01
4.671342656250000118e+02,-8.346133236454315352e+01
4.671345585937500005e+02,-8.093325836387691652e+01
4.671348515624999891e+02,-7.713417503598860492e+01
4.671351445312500346e+02,-7.792630944197230747e+01
4.671354375000000232e+02,-7.662017381106363700e+01
4.671357304687500118e+02,-7.564220306988693210e+01
4.671360234375000005e+02,-8.605392662100382495e+01
4.671363164062499891e+02,-8.757273894650859347e+01
4.671366093750000346e+02,-8.704253129225598684e+01
4.671369023437500232e+02,-7.815100035029242065e+01
4.671371953125000118e+02,-7.242124097310554021e+01
4.671374882812500005e+02,-7.499449577421030710e+01
4.671377812499999891e+02,-8.366398871789897385e+01
4.671380742187500346e+02,-8.308238944498368994e+01
4.671383671875000232e+02,-8.066900040353424117e+01
4.671386601562500118e+02,-8.169037499534164226e+01
4.671389531250000005e+02,-7.720185386489484358e+01
4.671392460937499891e+02,-7.778078169538402165e+01
4.671395390625000346e+02,-8.513478766592527336e+01
4.671398320312500232e+02,-8.302953018858076462e+01
4.671401250000000118e+02,-7.772175614453681192e+01
4.671404179687500005e+02,-8.233756141411814156e+01
4.671407109374999891e+02,-7.987558311319432391e+01
4.671410039062500346e+02,-8.097502658676734200e+01
4.671412968750000232e+02,-7.799781735545579409e+01
4.671415898437500118e+02,-7.759009654457820204e+01
4.671418828125000005e+02,-8.219733417035487832e+01
4.671421757812499891e+02,-8.294695650991602065e+01
4.671424687500000346e+02,-7.961423901923164692e+01
4.671427617187500232e+02,-8.220424765848090942e+01
4.671430546875000118e+02,-8.896911000172929107e+01
4.671433476562500005e+02,-8.811718946574887923e+01
4.671436406249999891e+02,-8.366289105316566577e+01
4.671439335937500346e+02,-8.472931652948088299e+01
4.671442265625000232e+02,-8.406302354036492375e+01
4.671445195312500118e+02,-7.882120461154245561e+01
4.671448125000000005e+02,-7.400918583192198241e+01
4.671451054687499891e+02,-7.781499564152642279e+01
4.671453984375000346e+02,-8.811642171416922054e+01
4.671456914062500232e+02,-8.076497424682962389e+01
4.671459843750000118e+02,-7.531026791944594834e+01
4.671462773437500005e+02,-7.501333387088888571e+01
4.671465703124999891e+02,-7.823904890428711667e+01
4.671468632812500346e+02,-9.046337045461386595e+01
4.671471562500000232e+02,-8.121990841805136085e+01
4.671474492187500118e+02,-8.020379878190192358e+01
4.671477421875000005e+02,-7.764186502273916801e+01
4.671480351562499891e+02,-8.202911267876424972e+01
4.671483281250000346e+02,-7.674682730730070546e+01
4.671486210937500232e+02,-7.905691718850152938e+01
4.671489140625000118e+02,-7.949024500320331299e+01
4.671492070312500005e+02,-8.056439604776527119e+01
4.671494999999999891e+02,-7.603149677773961912e+01
4.671497929687500346e+02,-8.223907816017843686e+01
4.671500859375000232e+02,-8.399624139156345848e+01
4.671503789062500118e+02,-7.980753604858320216e+01
4.671506718750000005e+02,-9.137944508916280029e+01
4.671509648437499891e+02,-8.728965691321539566e+01
4.671512578125000346e+02,-8.329858810274890857e+01
4.671515507812500232e+02,-8.759525241965801001e+01
4.671518437500000118e+02,-8.669185432671149272e+01
4.671521367187500005e+02,-8.269542993289874744e+01
4.671524296874999891e+02,-7.709517031462391401e+01
4.671527226562500346e+02,-7.803961174514115839e+01
4.671530156250000232e+02,-8.283715186509613204e+01
4.671533085937500118e+02,-7.846932956785464341e+01
4.671536015625000005e+02,-7.824352064869091805e+01
4.671538945312499891e+02,-8.251320956920663718e+01
4.671541875000000346e+02,-9.133132192411316908e+01
4.671544804687500232e+02,-8.135064809223328552e+01
4.671547734375000118e+02,-7.871352974463957253e+01
4.671550664062500005e+02,-9.135965037570105096e+01
4.671553593749999891e+02,-8.019314974080876368e+01
4.671556523437500346e+02,-9.068713514266606524e+01
4.671559453125000232e+02,-8.256831424376071027e+01
4.671562382812500118e+02,-8.593500084591551058e+01
4.671565312500000005e+02,-8.724837431182207581e+01
4.671568242187499891e+02,-8.672555415053048478e+01
4.671571171875000346e+02,-8.203221985961289420e+01
4.671574101562500232e+02,-9.783822311897006330e+01
4.671577031250000118e+02,-8.569166909954013533e+01
4.671579960937500005e+02,-8.885374727725476873e+01
4.671582890624999891e+02,-8.735946038582667938e+01
4.671585820312500346e+02,-8.336839208555716141e+01
4.671588750000000232e+02,-8.485532387954219757e+01
4.671591679687500118e+02,-8.116556576746302198e+01
4.671594609375000005e+02,-8.057404210858921090e+01
4.671597539062499891e+02,-8.304549906428232475e+01
4.671600468750000346e+02,-7.932288010385164512e+01
4.671603398437500232e+02,-7.539091663446166081e+01
4.671606328125000118e+02,-7.622033788588214520e+01
4.671609257812500005e+02,-7.549774771109233029e+01
4.671612187499999891e+02,-8.169875765825112524e+01
4.671615117187500346e+02,-8.217079698121212061e+01
4.671618046875000232e+02,-7.605501290696309979e+01
4.671620976562500118e+02,-7.540603027685551751e+01
4.671623906250000005e+02,-8.103630023902006485e+01
4.671626835937499891e+02,-8.906659506024091399e+01
4.671629765625000346e+02,-7.909123960637354855e+01
4.671632695312500232e+02,-7.967720239192911436e+01
4.671635625000000118e+02,-8.662798505963236551e+01
4.671638554687500005e+02,-8.699199615941573427e+01
4.671641484374999891e+02,-8.150621987979766914e+01
4.671644414062500346e+02,-8.097812450357605485e+01
4.671647343750000232e+02,-8.055930823585617873e+01
4.671650273437500118e+02,-8.269309596674432328e+01
4.671653203125000005e+02,-7.945844811688027676e+01
4.671656132812499891e+02,-8.580684119904866236e+01
4.671659062500000346e+02,-9.603984820153937108e+01
4.671661992187500232e+02,-8.900383478515291813e+01
4.671664921875000118e+02,-8.201494712476842608e+01
4.671667851562500005e+02,-7.956387869642695421e+01
4.671670781249999891e+02,-9.203522128963415128e+01
4.671673710937500346e+02,-8.130334271360445086e+01
4.671676640625000232e+02,-8.016176478460252497e+01
4.671679570312500118e+02,-7.873066991998572917e+01
4.671682500000000005e+02,-8.037001815140102678e+01
4.671685429687499891e+02,-7.838967184397014876e+01
4.671688359375000346e+02,-7.789375991986396741e+01
4.671691289062500232e+02,-7.841584609888062118e+01
4.671694218750000118e+02,-7.820979095459267683e+01
4.671697148437500005e+02,-7.818461819597209228e+01
4.671700078124999891e+02,-8.328671579112426571e+01
4.671703007812500346e+02,-8.006913511959442076e+01
4.671705937500000232e+02,-8.027575734420226183e+01
4.671708867187500118e+02,-8.459065083049048894e+01
4.671711796875000005e+02,-9.064232952604653804e+01
4.671714726562499891e+02,-9.788670603792297698e+01
4.671717656250000346e+02,-8.086169548391721662e+01
4.671720585937500232e+02,-7.980563465952519664e+01
4.671723515625000118e+02,-8.405462786534874908e+01
4.671726445312500005e+02,-7.793280191010612157e+01
4.671729374999999891e+02,-8.367007618319709650e+01
4.671732304687500346e+02,-8.157141378624743311e+01
4.671735234375000232e+02,-9.506558876596591290e+01
4.671738164062500118e+02,-7.693569007072638044e+01
4.671741093750000005e+02,-8.481978445496565655e+01
4.671744023437499891e+02,-7.708726370968172148e+01
4.671746953125000346e+02,-8.367422892491856601e+01
4.671749882812500232e+02,-8.276153421071765592e+01
4.671752812500000118e+02,-8.175016908535064886e+01
4.671755742187500005e+02,-8.361800681211283859e+01
4.671758671874999891e+02,-8.154125875145336977e+01
4.671761601562500346e+02,-7.805775525629724143e+01
4.671764531250000232e+02,-7.914162367651483976e+01
4.671767460937500118e+02,-8.307951438419955537e+01
4.671770390625000005e+02,-8.982340599698412120e+01
4.671773320312499891e+02,-8.657116662092171566e+01
4.671776250000000346e+02,-8.820901761525936990e+01
4.671779179687500232e+02,-7.991706545055714628e+01
4.671782109375000118e+02,-7.649692917921200319e+01
4.671785039062500005e+02,-7.673657789342341573e+01
4.671787968749999891e+02,-9.164114600137023103e+01
4.671790898437500346e+02,-8.071301516529874220e+01
4.671793828125000232e+02,-7.611399892526900146e+01
4.671796757812500118e+02,-7.891181484136546942e+01
4.671799687500000005e+02,-8.749962463570172133e+01
4.671802617187499891e+02,-8.982260668299818462e+01
4.671805546875000346e+02,-8.417479380779005282e+01
4.671808476562500232e+02,-8.313468652422292848e+01
4.671811406250000118e+02,-8.268145303695762038e+01
4.671814335937500005e+02,-8.858731223979967240e+01
4.671817265624999891e+02,-8.356931054133305281e+01
4.671820195312500346e+02,-8.504774457449849479e+01
4.671823125000000232e+02,-9.299223483464447781e+01
4.671826054687500118e+02,-7.796234609301909302e+01
4.671828984375000005e+02,-8.002654640907360317e+01
4.671831914062499891e+02,-8.927693129040555675e+01
4.671834843750000346e+02,-8.923238163559575753e+01
4.671837773437500232e+02,-7.750391629961002593e+01
4.671840703125000118e+02,-7.674807435382948029e+01
4.671843632812500005e+02,-8.296669044551092043e+01
4.671846562499999891e+02,-8.753222677370742133e+01
4.671849492187500346e+02,-8.006909905133646532e+01
4.671852421875000232e+02,-7.869649697066850536e+01
4.671855351562500118e+02,-8.106081419596195303e+01
4.671858281250000005e+02,-8.499133498845091594e+01
4.671861210937499891e+02,-8.288500735210652692e+01
4.671864140625000346e+02,-8.525836081496267127e+01
4.671867070312500232e+02,-8.771399746952408805e+01
4.671870000000000118e+02,-8.343973590230663717e+01
4.671872929687500005e+02,-9.260303159072137191e+01
4.671875859374999891e+02,-8.295762363024013553e+01
4.671878789062500346e+02,-7.936472611521215015e+01
4.671881718750000232e+02,-8.398474585212463239e+01
4.671884648437500118e+02,-7.820844844279152142e+01
4.671887578125000005e+02,-7.948505232351908489e+01
4.671890507812499891e+02,-7.760656945294985576e+01
4.671893437500000346e+02,-8.487953686481206717e+01
4.671896367187500232e+02,-7.956393950397361436e+01
4.671899296875000118e+02,-8.002932108590300686e+01
4.671902226562500005e+02,-9.400403766195346122e+01
4.671905156249999891e+02,-9.050450504806289587e+01
4.671908085937500346e+02,-8.326604545633729515e+01
4.671911015625000232e+02,-8.134827168388126495e+01
4.671913945312500118e+02,-7.462886529309335515e+01
4.671916875000000005e+02,-7.799831311894325836e+01
4.671919804687499891e+02,-8.118055234781880358e+01
4.671922734375000346e+02,-9.526912944841768649e+01
4.671925664062500232e+02,-7.761291752343051087e+01
4.671928593750000118e+02,-7.622538826089316899e+01
4.671931523437500005e+02,-8.833795981468428238e+01
4.671934453124999891e+02,-7.618096594308012470e+01
4.671937382812500346e+02,-7.671703499698523387e+01
4.671940312500000232e+02,-7.896742084412427687e+01
4.671943242187500118e+02,-7.777582479108514235e+01
4.671946171875000005e+02,-7.678298433773180420e+01
4.671949101562499891e+02,-7.555494979261474953e+01
4.671952031250000346e+02,-7.553804764895411950e+01
4.671954960937500232e+02,-7.571699266613512691e+01
4.671957890625000118e+02,-7.771737642595105910e+01
4.671960820312500005e+02,-7.851115761412866334e+01
4.671963749999999891e+02,-7.983254413400948124e+01
4.671966679687500346e+02,-8.241395638683403035e+01
4.671969609375000232e+02,-7.987541873032525075e+01
4.671972539062500118e+02,-8.192048004418009555e+01
4.671975468750000005e+02,-8.704659042940053837e+01
4.671978398437499891e+02,-8.145376715553518920e+01
4.671981328125000346e+02,-7.983916102288324623e+01
4.671984257812500232e+02,-8.144164724616531714e+01
4.671987187500000118e+02,-8.612308401937013969e+01
4.671990117187500005e+02,-7.836565705223483747e+01
4.671993046874999891e+02,-7.858202523661363159e+01
4.671995976562500346e+02,-9.064441882578948650e+01
4.671998906250000232e+02,-7.921214556270997775e+01
4.672001835937500118e+02,-8.207634481351873035e+01
4.672004765625000005e+02,-7.865180812048704695e+01
4.672007695312499891e+02,-8.150046447365204472e+01
4.672010625000000346e+02,-8.734187150616963891e+01
4.672013554687500232e+02,-9.221327560733497819e+01
4.672016484375000118e+02,-7.599390217865634156e+01
4.672019414062500005e+02,-7.487105005139025593e+01
4.672022343749999891e+02,-8.218989517209793405e+01
4.672025273437500346e+02,-8.428717911539612828e+01
4.672028203125000232e+02,-7.782733068409999078e+01
4.672031132812500118e+02,-8.340128768522004066e+01
4.672034062500000005e+02,-9.277856917175490992e+01
4.672036992187499891e+02,-8.036561546045795978e+01
4.672039921875000346e+02,-8.002585620386460619e+01
4.672042851562500232e+02,-7.488975436845532840e+01
4.672045781250000118e+02,-7.386168079760240346e+01
4.672048710937500005e+02,-7.950591801948755233e+01
4.672051640624999891e+02,-7.943896059160566381e+01
4.672054570312500346e+02,-8.158074687468786124e+01
4.672057500000000232e+02,-8.350238927905566300e+01
4.672060429687500118e+02,-7.859542840150899679e+01
4.672063359375000005e+02,-8.218477526981840242e+01
4.672066289062499891e+02,-8.028320877846418568e+01
4.672069218750000346e+02,-8.197069400960911878e+01
4.672072148437500232e+02,-9.202118954250667571e+01
4.672075078125000118e+02,-8.466625465210897516e+01
4.672078007812500005e+02,-7.927564436592403752e+01
4.672080937499999891e+02,-7.978117182255934381e+01
4.672083867187500346e+02,-8.172128396232119485e+01
4.672086796875000232e+02,-8.715632602220756553e+01
4.672089726562500118e+02,-8.817328016178569783e+01
4.672092656250000005e+02,-7.753194179782114759e+01
4.672095585937499891e+02,-7.585975494136630459e+01
4.672098515625000346e+02,-8.246659470811829351e+01
4.672101445312500232e+02,-8.176176615907465361e+01
4.672104375000000118e+02,-8.324720487525176793e+01
4.672107304687500005e+02,-8.677447075500009532e+01
4.672110234374999891e+02,-8.088738172413172833e+01
4.672113164062500346e+02,-8.091049364091429652e+01
4.672116093750000232e+02,-8.188674436189143080e+01
4.672119023437500118e+02,-7.440068494876646810e+01
4.672121953125000005e+02,-7.213706158776102484e+01
4.672124882812499891e+02,-7.329539584537701558e+01
4.672127812500000346e+02,-7.834166926432661171e+01
4.672130742187500232e+02,-8.075241131406598072e+01
4.672133671875000118e+02,-8.131776093704553432e+01
4.672136601562500005e+02,-8.107290228182878877e+01
4.672139531249999891e+02,-7.778080014372548590e+01
4.672142460937500346e+02,-8.345923719370601646e+01
4.672145390625000232e+02,-7.288955606109891505e+01
4.672148320312500118e+02,-7.548909622709400935e+01
4.672151250000000005e+02,-7.420683420377986295e+01
4.672154179687499891e+02,-7.099290513142636883e+01
4.672157109375000346e+02,-8.167766319809643960e+01
4.672160039062500232e+02,-8.053326401157949022e+01
4.672162968750000118e+02,-8.664639834353698689e+01
4.672165898437500005e+02,-7.486422181119849029e+01
4.672168828124999891e+02,-7.467252297232991509e+01
4.672171757812500346e+02,-8.413369041713595209e+01
4.672174687500000232e+02,-8.264553219295038389e+01
4.672177617187500118e+02,-8.071293232068683210e+01
4.672180546875000005e+02,-7.504300108458549801e+01
4.672183476562499891e+02,-8.299113963862572518e+01
4.672186406250000346e+02,-7.848508563115183279e+01
4.672189335937500232e+02,-8.018565277562953497e+01
4.672192265625000118e+02,-8.545462177557801908e+01
4.672195195312500005e+02,-8.457553813780906182e+01
4.672198124999999891e+02,-7.992223293817372110e+01
4.672201054687500346e+02,-8.655078846940597259e+01
4.672203984375000232e+02,-8.033891392584921221e+01
4.672206914062500118e+02,-7.753718367577224058e+01
4.672209843750000005e+02,-7.674890081992771229e+01
4.672212773437499891e+02,-7.849706380571552700e+01
4.672215703125000346e+02,-8.745138248749913146e+01
4.672218632812500232e+02,-8.275453393718167661e+01
4.672221562500000118e+02,-8.428699084899241711e+01
4.672224492187500005e+02,-7.774772353651941614e+01
4.672227421874999891e+02,-8.023006526260624582e+01
4.672230351562500346e+02,-8.583221271381297868e+01
4.672233281250000232e+02,-8.522631655381152882e+01
4.672236210937500118e+02,-8.403240517833449985e+01
4.672239140625000005e+02,-8.163437194340012582e+01
4.672242070312499891e+02,-9.240386260308261512e+01
4.672245000000000346e+02,-8.406094604986185459e+01
4.672247929687500232e+02,-7.506496494026423250e+01
4.672250859375000118e+02,-7.962955796559202781e+01
4.672253789062500005e+02,-9.347962574484469656e+01
4.672256718749999891e+02,-8.629042202929480254e+01
4.672259648437500346e+02,-7.917064560881823354e+01
4.672262578125000232e+02,-8.016307825237232976e+01
4.672265507812500118e+02,-7.930749386393175371e+01
4.672268437500000005e+02,-7.695477012157076047e+01
4.672271367187499891e+02,-7.688070771050247743e+01
4.672274296875000346e+02,-7.575924572327454598e+01
4.672277226562500232e+02,-7.708431612562978330e+01
4.672280156250000118e+02,-7.316135853794730792e+01
4.672283085937500005e+02,-7.931757725594155772e+01
4.672286015624999891e+02,-7.805110942404230912e+01
4.672288945312500346e+02,-8.112396154520246228e+01
4.672291875000000232e+02,-7.863090563937021216e+01
4.672294804687500118e+02,-7.672326417804590903e+01
4.672297734375000005e+02,-7.579287748635123023e+01
4.672300664062499891e+02,-7.450118983111688920e+01
4.672303593750000346e+02,-7.751078032034101284e+01
4.672306523437500232e+02,-7.877234653115419860e+01
4.672309453125000118e+02,-7.814731779526303512e+01
4.672312382812500005e+02,-7.371373570705910083e+01
4.672315312499999891e+02,-7.074867225505758483e+01
4.672318242187500346e+02,-7.388588032749284196e+01
4.672321171875000232e+02,-7.398411525867335570e+01
4.672324101562500118e+02,-7.251710211921047744e+01
4.672327031250000005e+02,-7.784638838123879623e+01
4.672329960937499891e+02,-8.099755940587500902e+01
4.672332890625000346e+02,-7.701094325907747873e+01
4.672335820312500232e+02,-7.606979665606895935e+01
4.672338750000000118e+02,-7.898882909991890244e+01
4.672341679687500005e+02,-7.477335252945960065e+01
4.672344609374999891e+02,-7.886532684224924594e+01
4.672347539062500346e+02,-8.187901236811907779e+01
4.672350468750000232e+02,-8.780231535224680783e+01
4.672353398437500118e+02,-8.033309774511292289e+01
4.672356328125000005e+02,-8.845915687670364491e+01
4.672359257812499891e+02,-8.424513754459312054e+01
4.672362187500000346e+02,-8.037984045886034323e+01
4.672365117187500232e+02,-7.673953454981312916e+01
4.672368046875000118e+02,-8.059230433964771123e+01
4.672370976562500005e+02,-8.627994788582901720e+01
4.672373906249999891e+02,-7.647410003235660270e+01
4.672376835937500346e+02,-7.177682884278597442e+01
4.672379765625000232e+02,-7.497141799495072689e+01
4.672382695312500118e+02,-7.970342843526056242e+01
4.672385625000000005e+02,-7.761912888033435820e+01
4.672388554687499891e+02,-8.622213971246662823e+01
4.672391484375000346e+02,-7.369676218829994241e+01
4.672394414062500232e+02,-7.347801116842263980e+01
4.672397343750000118e+02,-7.422702743703527517e+01
4.672400273437500005e+02,-7.655452909709102016e+01
4.672403203124999891e+02,-8.028714586795238972e+01
4.672406132812500346e+02,-8.188115055146826649e+01
4.672409062500000232e+02,-7.499244282515459759e+01
4.672411992187500118e+02,-7.762215105173321206e+01
4.672414921875000005e+02,-7.933353272654204602e+01
4.672417851562499891e+02,-8.349016260504703268e+01
4.672420781250000346e+02,-9.103185824896597467e+01
4.672423710937500232e+02,-7.814817698526604772e+01
4.672426640625000118e+02,-8.562460978106571474e+01
4.672429570312500005e+02,-8.170495890309256026e+01
4.672432499999999891e+02,-7.882840161595278516e+01
4.672435429687500346e+02,-8.286357474607099505e+01
4.672438359375000232e+02,-8.403708286433291619e+01
4.672441289062500118e+02,-7.585621302188863524e+01
4.672444218750000005e+02,-7.502821662376837253e+01
4.672447148437499891e+02,-7.715140515379297881e+01
4.672450078125000346e+02,-8.068559401027391687e+01
4.672453007812500232e+02,-8.925307004520911391e+01
4.672455937500000118e+02,-8.027414722599571917e+01
4.672458867187500005e+02,-8.172570763234439539e+01
4.672461796874999891e+02,-8.719378061462120399e+01
4.672464726562500346e+02,-8.086198302624606526e+01
4.672467656250000232e+02,-8.238228094437646121e+01
4.672470585937500118e+02,-7.985000356135176958e+01
4.672473515625000005e+02,-7.811238310617643776e+01
4.672476445312499891e+02,-8.720201741508817861e+01
4.672479375000000346e+02,-7.914983522873633603e+01
4.672482304687500232e+02,-8.514079796508944753e+01
4.672485234375000118e+02,-8.856812695557809434e+01
4.672488164062500005e+02,-8.313727091583290019e+01
4.672491093749999891e+02,-7.940784058218224573e+01
4.672494023437500346e+02,-7.663529825606889290e+01
4.672496953125000232e+02,-7.944185001335539198e+01
4.672499882812500118e+02,-7.676780505893543705e+01
4.672502812500000005e+02,-7.777520973054890874e+01
4.672505742187499891e+02,-8.981044024655108160e+01
4.672508671875000346e+02,-8.147501996802321855e+01
4.672511601562500232e+02,-8.096038775043849967e+01
4.672514531250000118e+02,-7.857332307973841523e+01
4.672517460937500005e+02,-8.817404845917955925e+01
4.672520390624999891e+02,-7.550328197822578602e+01
4.672523320312500346e+02,-7.311216874692482293e+01
4.672526250000000232e+02,-7.951716049728551639e+01
4.672529179687500118e+02,-7.436760592331185649e+01
4.672532109375000005e+02,-7.453835444246630004e+01
4.672535039062499891e+02,-8.556450542698313200e+01
4.672537968750000346e+02,-8.525953755414127500e+01
4.672540898437500232e+02,-8.442903508323233552e+01
4.672543828125000118e+02,-8.344014048098864578e+01
4.672546757812500005e+02,-7.573043503618838201e+01
4.672549687499999891e+02,-7.084832442844830780e+01
4.672552617187500346e+02,-7.415051355506355435e+01
4.672555546875000232e+02,-7.578924068039765416e+01
4.672558476562500118e+02,-7.866201523463531942e+01
4.672561406250000005e+02,-8.332589806187095860e+01
4.672564335937499891e+02,-8.528250904986268210e+01
4.672567265625000346e+02,-7.367293871165280450e+01
4.672570195312500232e+02,-8.013480854847435353e+01
4.672573125000000118e+02,-7.480319657378370835e+01
4.672576054687500005e+02,-7.799814329184965800e+01
4.672578984374999891e+02,-7.561851262192871559e+01
4.672581914062500346e+02,-7.404050084606078030e+01
4.672584843750000232e+02,-7.917457198464454393e+01
4.672587773437500118e+02,-7.818939360518082538e+01
4.672590703125000005e+02,-7.940103001444038000e+01
4.672593632812499891e+02,-9.219932289923805513e+01
4.672596562500000346e+02,-7.553435514142542218e+01
4.672599492187500232e+02,-7.658796956556973612e+01
4.672602421875000118e+02,-8.469283389228692727e+01
4.672605351562500005e+02,-8.084114871972133187e+01
4.672608281249999891e+02,-7.600608092612202427e+01
4.672611210937500346e+02,-8.056177959316616466e+01
4.672614140625000232e+02,-8.805847852410474275e+01
4.672617070312500118e+02,-8.434305726878768894e+01
4.672620000000000005e+02,-8.387296468351982526e+01
4.672622929687499891e+02,-7.923811897807431137e+01
4.672625859375000346e+02,-7.445286849098924620e+01
4.672628789062500232e+02,-7.660763648286531691e+01
4.672631718750000118e+02,-7.956619708216850029e+01
4.672634648437500005e+02,-7.847473490166588306e+01
4.672637578124999891e+02,-7.691538103601978094e+01
4.672640507812500346e+02,-8.026629530913419330e+01
4.672643437500000232e+02,-8.142102216240974144e+01
4.672646367187500118e+02,-8.021079051037638408e+01
4.672649296875000005e+02,-7.924269841429844519e+01
4.672652226562499891e+02,-7.565119251485624829e+01
4.672655156250000346e+02,-7.437505771073166727e+01
4.672658085937500232e+02,-7.376737635675181082e+01
4.672661015625000118e+02,-8.085580768426751774e+01
4.672663945312500005e+02,-8.021378412767944610e+01
4.672666874999999891e+02,-7.874489746057902551e+01
4.672669804687500346e+02,-9.069640318724867711e+01
4.672672734375000232e+02,-7.673496906868096801e+01
4.672675664062500118e+02,-7.834615416226182560e+01
4.672678593750000005e+02,-7.791443993875958540e+01
4.672681523437499891e+02,-7.560796843652721577e+01
4.672684453125000346e+02,-7.350943998941119162e+01
4.672687382812500232e+02,-7.756318793528869548e+01
4.672690312500000118e+02,-7.815259905932906292e+01
4.672693242187500005e+02,-7.386123850512564104e+01
4.672696171874999891e+02,-7.823945879451497376e+01
4.672699101562500346e+02,-7.770008721717785249e+01
4.672702031250000232e+02,-7.783211082372984890e+01
4.672704960937500118e+02,-7.804376307728965401e+01
4.672707890625000005e+02,-7.661199813231685596e+01
4.672710820312499891e+02,-7.299782877226033406e+01
4.672713750000000346e+02,-7.971360305900913090e+01
4.672716679687500232e+02,-7.529275598902785305e+01
4.672719609375000118e+02,-7.430821799517579507e+01
4.672722539062500005e+02,-7.384143583680116762e+01
4.672725468749999891e+02,-7.029140895239510201e+01
4.672728398437500346e+02,-7.053225543514503215e+01
4.672731328125000232e+02,-1.056480372023277141e+02
4.672734257812500118e+02,-7.414954573161303131e+01
4.672737187500000005e+02,-7.650271779571761499e+01
4.672740117187499891e+02,-7.672690880325438911e+01
4.672743046875000346e+02,-6.965796207986309696e+01
4.672745976562500232e+02,-6.766283741808267393e+01
4.672748906250000118e+02,-7.467664471187416098e+01
4.672751835937500005e+02,-7.935900183307876432e+01
4.672754765624999891e+02,-7.830642680826264268e+01
4.672757695312500346e+02,-8.072292773646942976e+01
4.672760625000000232e+02,-8.951940931415542479e+01
4.672763554687500118e+02,-8.250933553494419925e+01
4.672766484375000005e+02,-7.782287364403102004e+01
4.672769414062499891e+02,-7.332883642856440076e+01
4.672772343750000346e+02,-7.489267876824749237e+01
4.672775273437500232e+02,-7.627563275360569151e+01
4.672778203125000118e+02,-9.312475075898463217e+01
4.672781132812500005e+02,-7.326290247950014134e+01
4.672784062499999891e+02,-7.351456089119909620e+01
4.672786992187500346e+02,-8.843035407560991246e+01
4.672789921875000232e+02,-8.313972761224135866e+01
4.672792851562500118e+02,-7.765472667018303810e+01
4.672795781250000005e+02,-7.583891566076391655e+01
4.672798710937499891e+02,-8.874768431379742140e+01
4.672801640625000346e+02,-8.591881331251039455e+01
4.672804570312500232e+02,-8.115585012168352819e+01
4.672807500000000118e+02,-7.857014313336992473e+01
4.672810429687500005e+02,-8.032396659812877715e+01
4.672813359374999891e+02,-8.519636956380998072e+01
4.672816289062500346e+02,-7.450069422699046129e+01
4.672819218750000232e+02,-7.190835029887337271e+01
4.672822148437500118e+02,-7.182548054063369136e+01
4.672825078125000005e+02,-7.052000081739697634e+01
4.672828007812499891e+02,-7.246721614061270600e+01
4.672830937500000346e+02,-7.733119463782871605e+01
4.672833867187500232e+02,-7.838760604020941969e+01
4.672836796875000118e+02,-7.757217401206266061e+01
4.672839726562500005e+02,-7.896400060498280027e+01
4.672842656249999891e+02,-8.025454052505119762e+01
4.672845585937500346e+02,-8.503317025338807866e+01
4.672848515625000232e+02,-9.034321900939055183e+01
4.672851445312500118e+02,-8.067156792210391814e+01
4.672854375000000005e+02,-8.893131350722468653e+01
4.672857304687499891e+02,-8.442508828343477489e+01
4.672860234375000346e+02,-8.647853124025556326e+01
4.672863164062500232e+02,-8.263189260777340905e+01
4.672866093750000118e+02,-8.574199573468740709e+01
4.672869023437500005e+02,-7.764812511214296364e+01
4.672871953124999891e+02,-7.503451879848482520e+01
4.672874882812500346e+02,-8.330709423291166615e+01
4.672877812500000232e+02,-8.529139689808503988e+01
4.672880742187500118e+02,-9.441246575238908179e+01
4.672883671875000005e+02,-8.190558585485190690e+01
4.672886601562499891e+02,-8.036155080461482214e+01
4.672889531250000346e+02,-8.224126858485723801e+01
4.672892460937500232e+02,-7.657919527479015187e+01
4.672895390625000118e+02,-9.251868142226641112e+01
4.672898320312500005e+02,-7.819180283018538091e+01
4.672901249999999891e+02,-8.087157003672813005e+01
4.672904179687500346e+02,-7.726676070273539665e+01
4.672907109375000232e+02,-8.255301858070424714e+01
4.672910039062500118e+02,-8.930578772016750122e+01
4.672912968750000005e+02,-8.222826201814457647e+01
4.672915898437499891e+02,-7.789401357728171149e+01
4.672918828125000346e+02,-8.065778698487051201e+01
4.672921757812500232e+02,-7.413004851728730671e+01
4.672924687500000118e+02,-8.014495384910227926e+01
4.672927617187500005e+02,-7.675964040372468844e+01
4.672930546874999891e+02,-7.507155480089014077e+01
4.672933476562500346e+02,-8.008050443737552371e+01
4.672936406250000232e+02,-7.364917629712979874e+01
4.672939335937500118e+02,-7.335670608416899086e+01
4.672942265625000005e+02,-8.531158824808791508e+01
4.672945195312499891e+02,-8.600147583814339214e+01
4.672948125000000346e+02,-7.582596402379334677e+01
4.672951054687500232e+02,-7.242232962964365584e+01
4.672953984375000118e+02,-7.225534288988443166e+01
4.672956914062500005e+02,-6.838879306128289670e+01
4.672959843749999891e+02,-7.038936950605088327e+01
4.672962773437500346e+02,-7.602819836473346982e+01
4.672965703125000232e+02,-7.450883377149062881e+01
4.672968632812500118e+02,-7.811840720047516129e+01
4.672971562500000005e+02,-7.855378761199833093e+01
4.672974492187499891e+02,-7.621005097240600890e+01
4.672977421875000346e+02,-7.458226460545839132e+01
4.672980351562500232e+02,-8.178433337451417628e+01
4.672983281250000118e+02,-7.732999517740589113e+01
4.672986210937500005e+02,-7.884849245312739185e+01
4.672989140624999891e+02,-7.784265536160384613e+01
4.672992070312500346e+02,-7.702953772157492551e+01
4.672995000000000232e+02,-7.375744856338960176e+01
4.672997929687500118e+02,-8.486022479270914687e+01
4.673000859375000005e+02,-8.807464429785447635e+01
4.673003789062499891e+02,-7.858826560569278286e+01
4.673006718750000346e+02,-7.537111469563188848e+01
4.673009648437500232e+02,-8.757834227182969755e+01
4.673012578125000118e+02,-8.400717039298783106e+01
4.673015507812500005e+02,-8.858862550626064092e+01
4.673018437499999891e+02,-8.226342623265608722e+01
4.673021367187500346e+02,-8.205124455165375252e+01
4.673024296875000232e+02,-8.584132742026575613e+01
4.673027226562500118e+02,-8.296743413652544064e+01
4.673030156250000005e+02,-8.495506718862338857e+01
4.673033085937499891e+02,-8.148083960117473623e+01
4.673036015625000346e+02,-9.015168728270147369e+01
4.673038945312500232e+02,-8.441310120864756072e+01
4.673041875000000118e+02,-8.393703133917854586e+01
4.673044804687500005e+02,-8.374300142638567479e+01
4.673047734374999891e+02,-8.414048892951861092e+01
4.673050664062500346e+02,-8.193141109847266534e+01
4.673053593750000232e+02,-8.109075879940965592e+01
4.673056523437500118e+02,-8.628492425750295070e+01
4.673059453125000005e+02,-8.026200741353443391e+01
4.673062382812499891e+02,-8.502504573154857326e+01
4.673065312500000346e+02,-9.025941375322227600e+01
4.673068242187500232e+02,-8.033882686717132060e+01
4.673071171875000118e+02,-9.581081137127367242e+01
4.673074101562500005e+02,-7.670900734081260453e+01
4.673077031249999891e+02,-8.695430557390680804e+01
4.673079960937500346e+02,-7.878254610747009679e+01
4.673082890625000232e+02,-7.345863133436375847e+01
4.673085820312500118e+02,-7.644906928617741926e+01
4.673088750000000005e+02,-8.313166871344239439e+01
4.673091679687499891e+02,-7.558572571124254580e+01
4.673094609375000346e+02,-7.768436678217371139e+01
4.673097539062500232e+02,-8.453571943454136317e+01
4.673100468750000118e+02,-8.161963289433072077e+01
4.673103398437500005e+02,-7.749359564835275194e+01
4.673106328124999891e+02,-8.939169452580540565e+01
4.673109257812500346e+02,-7.916830872477804348e+01
4.673112187500000232e+02,-8.009597999457291451e+01
4.673115117187500118e+02,-7.841934114903938280e+01
4.673118046875000005e+02,-8.598256177673120249e+01
4.673120976562499891e+02,-7.836592907537216490e+01
4.673123906250000346e+02,-7.382467674542388636e+01
4.673126835937500232e+02,-7.288719366323525151e+01
4.673129765625000118e+02,-7.624355128576544871e+01
4.673132695312500005e+02,-8.002775929497136076e+01
4.673135624999999891e+02,-7.821673813865538705e+01
4.673138554687500346e+02,-7.749638005660732176e+01
4.673141484375000232e+02,-7.865158134164727244e+01
4.673144414062500118e+02,-7.755125352119145532e+01
4.673147343750000005e+02,-8.533263648566524751e+01
4.673150273437499891e+02,-1.019851417377831950e+02
4.673153203125000346e+02,-8.312419738880905129e+01
4.673156132812500232e+02,-7.879169334199299612e+01
4.673159062500000118e+02,-8.039872781813141955e+01
4.673161992187500005e+02,-7.633014388194139599e+01
4.673164921874999891e+02,-7.846472059831606316e+01
4.673167851562500346e+02,-9.212086274124651197e+01
4.673170781250000232e+02,-8.303413095426846269e+01
4.673173710937500118e+02,-7.287777925631442599e+01
4.673176640625000005e+02,-7.792075915571919609e+01
4.673179570312499891e+02,-9.210547792886433172e+01
4.673182500000000346e+02,-7.535586854235461374e+01
4.673185429687500232e+02,-8.194192009671722587e+01
4.673188359375000118e+02,-8.307820495158948404e+01
4.673191289062500005e+02,-8.037370958114637176e+01
4.673194218749999891e+02,-8.245771194378926339e+01
4.673197148437500346e+02,-7.977459445186309495e+01
4.673200078125000232e+02,-8.010723614404216164e+01
4.673203007812500118e+02,-7.654075767932098984e+01
4.673205937500000005e+02,-8.074935709387786176e+01
4.673208867187499891e+02,-7.926189298630208668e+01
4.673211796875000346e+02,-7.432348021502772895e+01
4.673214726562500232e+02,-8.527964171576547869e+01
4.673217656250000118e+02,-8.781048588841890989e+01
4.673220585937500005e+02,-8.953194959542366860e+01
4.673223515624999891e+02,-8.083059961570846497e+01
4.673226445312500346e+02,-7.531426128891934013e+01
4.673229375000000232e+02,-7.580962998863387270e+01
4.673232304687500118e+02,-7.871785719460524433e+01
4.673235234375000005e+02,-7.766126738118353501e+01
4.673238164062499891e+02,-8.854369690746624144e+01
4.673241093750000346e+02,-7.089406600470157116e+01
4.673244023437500232e+02,-7.100585883981372604e+01
4.673246953125000118e+02,-8.222607719780529578e+01
4.673249882812500005e+02,-7.034735547684815060e+01
4.673252812499999891e+02,-7.261164798332971770e+01
4.673255742187500346e+02,-7.956759009738962618e+01
4.673258671875000232e+02,-8.157302451079533512e+01
4.673261601562500118e+02,-1.016760211205113649e+02
4.673264531250000005e+02,-8.619451042077089653e+01
4.673267460937499891e+02,-8.295086174047243333e+01
4.673270390625000346e+02,-7.769012845448361304e+01
4.673273320312500232e+02,-7.593309274308742829e+01
4.673276250000000118e+02,-7.847943886950926640e+01
4.673279179687500005e+02,-8.602314192718148433e+01
4.673282109374999891e+02,-8.034293944659749798e+01
4.673285039062500346e+02,-7.830944340685492477e+01
4.673287968750000232e+02,-8.799337415568896859e+01
4.673290898437500118e+02,-8.051144766073578296e+01
4.673293828125000005e+02,-8.037317986301702888e+01
4.673296757812499891e+02,-7.920401148552170412e+01
4.673299687500000346e+02,-8.375151296646680521e+01
4.673302617187500232e+02,-7.802907326294965173e+01
4.673305546875000118e+02,-8.925138559024922813e+01
4.673308476562500005e+02,-7.396473110093820935e+01
4.673311406249999891e+02,-7.830373598634346877e+01
4.673314335937500346e+02,-8.657610921612123889e+01
4.673317265625000232e+02,-7.550558999845557651e+01
4.673320195312500118e+02,-7.353929179754157985e+01
4.673323125000000005e+02,-7.769175258201713063e+01
4.673326054687499891e+02,-7.762959885544751160e+01
4.673328984375000346e+02,-7.654619789354265436e+01
4.673331914062500232e+02,-7.359485321835589389e+01
4.673334843750000118e+02,-7.481952162151036134e+01
4.673337773437500005e+02,-8.045379836403645868e+01
4.673340703124999891e+02,-7.314868548589176100e+01
4.673343632812500346e+02,-7.467524616145526295e+01
4.673346562500000232e+02,-7.657370582480658072e+01
4.673349492187500118e+02,-7.590646054247527275e+01
4.673352421875000005e+02,-7.777359080042715789e+01
4.673355351562499891e+02,-8.182437454501412333e+01
4.673358281250000346e+02,-7.841354262394638397e+01
4.673361210937500232e+02,-7.902297428914521049e+01
4.673364140625000118e+02,-7.415288987079813410e+01
4.673367070312500005e+02,-7.320799947039206756e+01
4.673369999999999891e+02,-7.936832033392205688e+01
4.673372929687500346e+02,-7.716543393811333829e+01
4.673375859375000232e+02,-7.409630404893522382e+01
4.673378789062500118e+02,-7.152260345883297532e+01
4.673381718750000005e+02,-6.721986607878221776e+01
4.673384648437499891e+02,-7.391091364784392681e+01
4.673387578125000346e+02,-7.643369398709987195e+01
4.673390507812500232e+02,-8.004280104735619261e+01
4.673393437500000118e+02,-8.179958541905280356e+01
4.673396367187500005e+02,-7.828635122502252841e+01
4.673399296874999891e+02,-7.434719673268709528e+01
4.673402226562500346e+02,-7.173975383392891558e+01
4.673405156250000232e+02,-7.367278021432240109e+01
4.673408085937500118e+02,-9.191278294134068005e+01
4.673411015625000005e+02,-7.888118506073641356e+01
4.673413945312499891e+02,-6.948512678984241120e+01
4.673416875000000346e+02,-6.854095803229330386e+01
4.673419804687500232e+02,-6.882793096864629945e+01
4.673422734375000118e+02,-7.021517280481036494e+01
4.673425664062500005e+02,-7.413494913712396794e+01
4.673428593749999891e+02,-7.717537229080760142e+01
4.673431523437500346e+02,-7.389763442325177323e+01
4.673434453125000232e+02,-7.460642415477998668e+01
4.673437382812500118e+02,-7.976194160798840471e+01
4.673440312500000005e+02,-7.692028291938652274e+01
4.673443242187499891e+02,-7.276909955371607452e+01
4.673446171875000346e+02,-7.991766167637801743e+01
4.673449101562500232e+02,-6.998509409602814912e+01
4.673452031250000118e+02,-7.498639289798494190e+01
4.673454960937500005e+02,-8.258080192384485940e+01
4.673457890624999891e+02,-8.339134721050065480e+01
4.673460820312500346e+02,-7.822082109509905479e+01
4.673463750000000232e+02,-7.869876395801328783e+01
4.673466679687500118e+02,-7.522335816429541921e+01
4.673469609375000005e+02,-7.536572816207802816e+01
4.673472539062499891e+02,-7.092335146216444741e+01
4.673475468750000346e+02,-6.963667825340044715e+01
4.673478398437500232e+02,-7.452201527694397498e+01
4.673481328125000118e+02,-7.437725809678042310e+01
4.673484257812500005e+02,-7.071924156216840629e+01
4.673487187499999891e+02,-7.573766861826041463e+01
4.673490117187500346e+02,-8.715840202279365201e+01
4.673493046875000232e+02,-8.220939262897503852e+01
4.673495976562500118e+02,-8.238228320617422185e+01
4.673498906250000005e+02,-7.640449686494247317e+01
4.673501835937499891e+02,-7.540660768308568151e+01
4.673504765625000346e+02,-8.295482827473136922e+01
4.673507695312500232e+02,-7.869671317416408840e+01
4.673510625000000118e+02,-7.895798093977683152e+01
4.673513554687500005e+02,-8.190457588838737024e+01
4.673516484374999891e+02,-8.256567672429291349e+01
4.673519414062500346e+02,-1.034957135205344798e+02
4.673522343750000232e+02,-7.832617431347226500e+01
4.673525273437500118e+02,-7.631028729697844426e+01
4.673528203125000005e+02,-8.430660468542684782e+01
4.673531132812499891e+02,-7.720990196783300519e+01
4.673534062500000346e+02,-7.284755240595504233e+01
4.673536992187500232e+02,-8.206235325045908269e+01
4.673539921875000118e+02,-8.459001051371828339e+01
4.673542851562500005e+02,-8.990630235275554583e+01
4.673545781249999891e+02,-8.361037882679646316e+01
4.673548710937500346e+02,-8.607952202794179186e+01
4.673551640625000232e+02,-8.192754831387557601e+01
4.673554570312500118e+02,-7.888232288234148371e+01
4.673557500000000005e+02,-8.077194262466294106e+01
4.673560429687499891e+02,-7.638911141633650459e+01
4.673563359375000346e+02,-7.178582565947756677e+01
4.673566289062500232e+02,-6.967731667741290380e+01
4.673569218750000118e+02,-7.431083819989991923e+01
4.673572148437500005e+02,-7.567764920460201949e+01
4.673575078124999891e+02,-9.232017975218479933e+01
4.673578007812500346e+02,-8.453697491720085111e+01
4.673580937500000232e+02,-7.830994680480594639e+01
4.673583867187500118e+02,-7.210709948719815543e+01
4.673586796875000005e+02,-7.089210197476103303e+01
4.673589726562499891e+02,-7.466001922185274964e+01
4.673592656250000346e+02,-7.877100520340042067e+01
4.673595585937500232e+02,-8.929510704585544545e+01
4.673598515625000118e+02,-7.632618438326234411e+01
4.673601445312500005e+02,-7.110426133690805273e+01
4.673604374999999891e+02,-7.098182910267479429e+01
4.673607304687500346e+02,-7.550436418527088733e+01
4.673610234375000232e+02,-7.444629610075477899e+01
4.673613164062500118e+02,-7.897613264596829197e+01
4.673616093750000005e+02,-7.569116262092120451e+01
4.673619023437499891e+02,-6.804535742413044375e+01
4.673621953125000346e+02,-6.701997700625967980e+01
4.673624882812500232e+02,-6.741864738534880530e+01
4.673627812500000118e+02,-7.102505070501477746e+01
4.673630742187500005e+02,-7.327395613587334822e+01
4.673633671874999891e+02,-7.134145873847472785e+01
4.673636601562500346e+02,-6.706553059580299703e+01
4.673639531250000232e+02,-7.322780747675879809e+01
4.673642460937500118e+02,-7.768330873595697028e+01
4.673645390625000005e+02,-7.405718613722567056e+01
4.673648320312499891e+02,-7.761180002227544605e+01
4.673651250000000346e+02,-9.640301178238173918e+01
4.673654179687500232e+02,-7.641272866206458048e+01
4.673657109375000118e+02,-7.754066723044417131e+01
4.673660039062500005e+02,-8.075380023410809827e+01
4.673662968749999891e+02,-7.423630791701739895e+01
4.673665898437500346e+02,-7.890260370113500699e+01
4.673668828125000232e+02,-7.584815011418312736e+01
4.673671757812500118e+02,-7.046903882944444319e+01
4.673674687500000005e+02,-7.608533630449819896e+01
4.673677617187499891e+02,-7.693636967312431807e+01
4.673680546875000346e+02,-7.214077701220274719e+01
4.673683476562500232e+02,-7.799906295684822055e+01
4.673686406250000118e+02,-8.665433627123431393e+01
4.673689335937500005e+02,-7.723044449666593891e+01
4.673692265624999891e+02,-7.139824219152389162e+01
4.673695195312500346e+02,-7.508502025654823342e+01
4.673698125000000232e+02,-7.889951643575925289e+01
4.673701054687500118e+02,-7.068292018603612803e+01
4.673703984375000005e+02,-7.648078267891997939e+01
4.673706914062499891e+02,-9.061081250117871377e+01
4.673709843750000346e+02,-8.106649653766673680e+01
4.673712773437500232e+02,-7.394064184214687430e+01
4.673715703125000118e+02,-7.428991883428236065e+01
4.673718632812500005e+02,-8.781416838065067054e+01
4.673721562499999891e+02,-8.297509268764983403e+01
4.673724492187500346e+02,-1.010943075926360848e+02
4.673727421875000232e+02,-8.030230642920759010e+01
4.673730351562500118e+02,-7.408406863081251004e+01
4.673733281250000005e+02,-7.491978616503291732e+01
4.673736210937499891e+02,-6.909930326211042484e+01
4.673739140625000346e+02,-7.008067927004137232e+01
4.673742070312500232e+02,-7.203245637563871639e+01
4.673745000000000118e+02,-8.042868979294154030e+01
4.673747929687500005e+02,-7.525723251702385141e+01
4.673750859374999891e+02,-7.883120133447677347e+01
4.673753789062500346e+02,-9.456625925065829108e+01
4.673756718750000232e+02,-7.317076381334825896e+01
4.673759648437500118e+02,-7.139443926545472152e+01
4.673762578125000005e+02,-8.028565112084802990e+01
4.673765507812499891e+02,-7.436447834674672208e+01
4.673768437500000346e+02,-7.748276295452848217e+01
4.673771367187500232e+02,-7.625635990346323467e+01
4.673774296875000118e+02,-9.313152831477830773e+01
4.673777226562500005e+02,-7.493431010245953416e+01
4.673780156249999891e+02,-7.693336995768186171e+01
4.673783085937500346e+02,-1.034914673222365593e+02
4.673786015625000232e+02,-7.931976588140263118e+01
4.673788945312500118e+02,-8.080789529516978575e+01
4.673791875000000005e+02,-7.370529240299114804e+01
4.673794804687499891e+02,-7.366433888933634933e+01
4.673797734375000346e+02,-8.256204613448784357e+01
4.673800664062500232e+02,-8.258439649455739584e+01
4.673803593750000118e+02,-7.220852649192562467e+01
4.673806523437500005e+02,-6.956500790050984051e+01
4.673809453124999891e+02,-6.913502168333984343e+01
4.673812382812500346e+02,-6.963829291595448012e+01
4.673815312500000232e+02,-7.613187943268289359e+01
4.673818242187500118e+02,-9.351224346416412914e+01
4.673821171875000005e+02,-8.551738159099753034e+01
4.673824101562499891e+02,-7.991189586790122235e+01
4.673827031250000346e+02,-8.573667507538587529e+01
4.673829960937500232e+02,-8.051420632483805662e+01
4.673832890625000118e+02,-7.660116365230558699e+01
4.673835820312500005e+02,-8.346650385194618593e+01
4.673838749999999891e+02,-7.666986055302596981e+01
4.673841679687500346e+02,-7.038395375775522211e+01
4.673844609375000232e+02,-8.117943445512837286e+01
4.673847539062500118e+02,-7.962030470189860409e+01
4.673850468750000005e+02,-7.535767775743114782e+01
4.673853398437499891e+02,-7.020425799487439633e+01
4.673856328125000346e+02,-6.646107973709183625e+01
4.673859257812500232e+02,-7.095899227366524542e+01
4.673862187500000118e+02,-8.198825787829882472e+01
4.673865117187500005e+02,-7.765114582781654917e+01
4.673868046874999891e+02,-6.890033867901516373e+01
4.673870976562500346e+02,-7.027071132405777121e+01
4.673873906250000232e+02,-7.760466188567055212e+01
4.673876835937500118e+02,-7.422248328445927257e+01
4.673879765625000005e+02,-7.230245895151486479e+01
4.673882695312499891e+02,-7.360267319778471062e+01
4.673885625000000346e+02,-7.967439435471719378e+01
4.673888554687500232e+02,-6.871859262493025255e+01
4.673891484375000118e+02,-7.593567323584252904e+01
4.673894414062500005e+02,-7.220533200044037869e+01
4.673897343749999891e+02,-7.515104673145403069e+01
4.673900273437500346e+02,-7.365234771615985210e+01
4.673903203125000232e+02,-6.524545868978461272e+01
4.673906132812500118e+02,-7.522527371681422892e+01
4.673909062500000005e+02,-7.361813866244739302e+01
4.673911992187499891e+02,-6.890928204382498734e+01
4.673914921875000346e+02,-7.426943335294404847e+01
4.673917851562500232e+02,-8.136097671075657445e+01
4.673920781250000118e+02,-7.477045618414778971e+01
4.673923710937500005e+02,-7.388398191061311593e+01
4.673926640624999891e+02,-6.976852784215276415e+01
4.673929570312500346e+02,-7.025306991671224921e+01
4.673932500000000232e+02,-7.640653808111377998e+01
4.673935429687500118e+02,-7.482970775124317697e+01
4.673938359375000005e+02,-7.081546941019306018e+01
4.673941289062499891e+02,-6.638136511068412915e+01
4.673944218750000346e+02,-6.880837628869046796e+01
4.673947148437500232e+02,-7.195933385438233643e+01
4.673950078125000118e+02,-7.233366895880665481e+01
4.673953007812500005e+02,-7.620635694647079106e+01
4.673955937499999891e+02,-7.500857984019877733e+01
4.673958867187500346e+02,-7.507517548138756069e+01
4.673961796875000232e+02,-7.756834840565393563e+01
4.673964726562500118e+02,-7.423813157711477118e+01
4.673967656250000005e+02,-7.230458498734010675e+01
4.673970585937499891e+02,-7.579644431730403653e+01
4.673973515625000346e+02,-8.751359365224709563e+01
4.673976445312500232e+02,-7.723161207085902902e+01
4.673979375000000118e+02,-7.507855063018129727e+01
4.673982304687500005e+02,-8.425136697895374027e+01
4.673985234374999891e+02,-7.405036254411038499e+01
4.673988164062500346e+02,-6.971460340731030669e+01
4.673991093750000232e+02,-8.116295672171563069e+01
4.673994023437500118e+02,-6.936042019377011059e+01
4.673996953125000005e+02,-6.980287481807776828e+01
4.673999882812499891e+02,-6.918308467988211419e+01
4.674002812500000346e+02,-7.705598332884783019e+01
4.674005742187500232e+02,-7.654863288473146099e+01
4.674008671875000118e+02,-7.018855563279971932e+01
4.674011601562500005e+02,-7.353783880870167877e+01
4.674014531249999891e+02,-7.404200478916787631e+01
4.674017460937500346e+02,-6.848227545026374230e+01
4.674020390625000232e+02,-8.027742034479072686e+01
4.674023320312500118e+02,-7.351528146969802435e+01
4.674026250000000005e+02,-7.334149890618712675e+01
4.674029179687499891e+02,-6.998780792460784994e+01
4.674032109375000346e+02,-7.189472247748446421e+01
4.674035039062500232e+02,-6.947935826295807260e+01
4.674037968750000118e+02,-7.298680517930300482e+01
4.674040898437500005e+02,-7.895127266312121606e+01
4.674043828124999891e+02,-7.564443138793703270e+01
4.674046757812500346e+02,-6.783094715007928244e+01
4.674049687500000232e+02,-6.566720864006691727e+01
4.674052617187500118e+02,-6.648717412173328967e+01
4.674055546875000005e+02,-7.821936262152816255e+01
4.674058476562499891e+02,-7.053268082575810638e+01
4.674061406250000346e+02,-7.468577695892564350e+01
4.674064335937500232e+02,-7.373157539051331355e+01
4.674067265625000118e+02,-6.714287467055888214e+01
4.674070195312500005e+02,-6.521864088609015653e+01
4.674073124999999891e+02,-6.818430060373783874e+01
4.674076054687500346e+02,-7.367396212222328700e+01
4.674078984375000232e+02,-7.051122499478445604e+01
4.674081914062500118e+02,-7.534868197630642328e+01
4.674084843750000005e+02,-6.781079859704392732e+01
4.674087773437499891e+02,-7.061488436114862566e+01
4.674090703125000346e+02,-6.967879512738970504e+01
4.674093632812500232e+02,-7.100990678058684580e+01
4.674096562500000118e+02,-6.727405344525652708e+01
4.674099492187500005e+02,-6.831425959224820588e+01
4.674102421874999891e+02,-7.302880625072785392e+01
4.674105351562500346e+02,-7.019946347175783785e+01
4.674108281250000232e+02,-6.603229195177482325e+01
4.674111210937500118e+02,-7.259520953600041082e+01
4.674114140625000005e+02,-7.216319655815567558e+01
4.674117070312499891e+02,-6.588123857024837093e+01
4.674120000000000346e+02,-6.807053993437459383e+01
4.674122929687500232e+02,-6.998173775272775288e+01
4.674125859375000118e+02,-7.650610299517522606e+01
4.674128789062500005e+02,-7.072657429365334281e+01
4.674131718749999891e+02,-7.270876186544087716e+01
4.674134648437500346e+02,-7.257493464767510716e+01
4.674137578125000232e+02,-6.775156293448614520e+01
4.674140507812500118e+02,-6.760985402354967277e+01
4.674143437500000005e+02,-8.458363939231617223e+01
4.674146367187499891e+02,-8.124503382198462020e+01
4.674149296875000346e+02,-9.020381488712519058e+01
4.674152226562500232e+02,-7.252585344748338514e+01
4.674155156250000118e+02,-7.418007736456853252e+01
4.674158085937500005e+02,-6.894702554759558666e+01
4.674161015624999891e+02,-6.803907083474734918e+01
4.674163945312500346e+02,-6.998460599531155424e+01
4.674166875000000232e+02,-7.276626658370989276e+01
4.674169804687500118e+02,-7.250104125615011696e+01
4.674172734375000005e+02,-7.079341727104787196e+01
4.674175664062499891e+02,-7.505640383928938775e+01
4.674178593750000346e+02,-7.925839599185613338e+01
4.674181523437500232e+02,-7.575889306280637925e+01
4.674184453125000118e+02,-8.384619279950301518e+01
4.674187382812500005e+02,-8.349907570452612049e+01
4.674190312499999891e+02,-6.718158281057399961e+01
4.674193242187500346e+02,-6.575259747967250235e+01
4.674196171875000232e+02,-6.735416210979818175e+01
4.674199101562500118e+02,-7.754048713269801851e+01
4.674202031250000005e+02,-9.050646389612626308e+01
4.674204960937499891e+02,-7.220419388500874902e+01
4.674207890625000346e+02,-7.086540392756363360e+01
4.674210820312500232e+02,-7.673895642527118355e+01
4.674213750000000118e+02,-7.370090661934528953e+01
4.674216679687500005e+02,-6.967459382461071016e+01
4.674219609374999891e+02,-6.955491772634238146e+01
4.674222539062500346e+02,-7.540736483960644421e+01
4.674225468750000232e+02,-9.067457460760122956e+01
4.674228398437500118e+02,-7.683860269477504801e+01
4.674231328125000005e+02,-7.202321460520232677e+01
4.674234257812499891e+02,-7.970230967618360296e+01
4.674237187500000346e+02,-7.817122584863857071e+01
4.674240117187500232e+02,-7.393642566385923942e+01
4.674243046875000118e+02,-6.771713370641836605e+01
4.674245976562500005e+02,-6.684621955955711314e+01
4.674248906249999891e+02,-7.821704362475136918e+01
4.674251835937500346e+02,-7.124971640064896405e+01
4.674254765625000232e+02,-6.751650373864035259e+01
4.674257695312500118e+02,-6.783209854884889012e+01
4.674260625000000005e+02,-7.082043516168603503e+01
4.674263554687499891e+02,-7.358295291555081974e+01
4.674266484375000346e+02,-7.464524568271690441e+01
4.674269414062500232e+02,-8.313934120590704424e+01
4.674272343750000118e+02,-7.881433443225412816e+01
4.674275273437500005e+02,-7.602754157013551151e+01
4.674278203124999891e+02,-8.682878980524897372e+01
4.674281132812500346e+02,-6.788955359894151798e+01
4.674284062500000232e+02,-6.704893405785946925e+01
4.674286992187500118e+02,-7.087413575903069329e+01
4.674289921875000005e+02,-6.381743644038374441e+01
4.674292851562499891e+02,-6.342525843374156125e+01
4.674295781250000346e+02,-6.930374530345167727e+01
4.674298710937500232e+02,-6.874617310510008394e+01
4.674301640625000118e+02,-7.885197202953632711e+01
4.674304570312500005e+02,-7.727593485291841091e+01
4.674307499999999891e+02,-8.100558192243269673e+01
4.674310429687500346e+02,-7.169986195497914139e+01
4.674313359375000232e+02,-7.304949568969819040e+01
4.674316289062500118e+02,-8.823483243212420746e+01
4.674319218750000005e+02,-8.136198238886370859e+01
4.674322148437499891e+02,-7.838254998191803224e+01
4.674325078125000346e+02,-8.315144194212663820e+01
4.674328007812500232e+02,-7.433586388941401424e+01
4.674330937500000118e+02,-7.741502058582838686e+01
4.674333867187500005e+02,-9.404059110785782138e+01
4.674336796874999891e+02,-7.774718789804462915e+01
4.674339726562500346e+02,-7.209459647988384745e+01
4.674342656250000232e+02,-7.974983445415874428e+01
4.674345585937500118e+02,-7.516596085281678086e+01
4.674348515625000005e+02,-7.018208072955675902e+01
4.674351445312499891e+02,-6.923820360648359440e+01
4.674354375000000346e+02,-7.017664300484058515e+01
4.674357304687500232e+02,-7.310429954853394463e+01
4.674360234375000118e+02,-7.561289083517776533e+01
4.674363164062500005e+02,-8.181673609091900801e+01
4.674366093749999891e+02,-7.871438687395531986e+01
4.674369023437500346e+02,-7.860950361045718182e+01
4.674371953125000232e+02,-7.253683513786201331e+01
4.674374882812500118e+02,-7.097027086433982390e+01
4.674377812500000005e+02,-7.283877354039739771e+01
4.674380742187499891e+02,-7.556867618668039199e+01
4.674383671875000346e+02,-7.933125537032508134e+01
4.674386601562500232e+02,-6.739037657780821178e+01
4.674389531250000118e+02,-7.136741548994864104e+01
4.674392460937500005e+02,-8.369977851877902708e+01
4.674395390624999891e+02,-7.787007377719699264e+01
4.674398320312500346e+02,-7.087397954383881427e+01
4.674401250000000232e+02,-7.107141878542329039e+01
4.674404179687500118e+02,-7.069662457454553817e+01
4.674407109375000005e+02,-7.940690685424135609e+01
4.674410039062499891e+02,-7.613166815794852482e+01
4.674412968750000346e+02,-6.898873828920022788e+01
4.674415898437500232e+02,-6.646152182934767438e+01
4.674418828125000118e+02,-7.598085204492670641e+01
4.674421757812500005e+02,-7.350059203381655948e+01
4.674424687499999891e+02,-7.829055799813461647e+01
4.674427617187500346e+02,-7.662359624462210661e+01
4.674430546875000232e+02,-7.507147584236398075e+01
4.674433476562500118e+02,-7.541284856569365047e+01
4.674436406250000005e+02,-7.630180797541379434e+01
4.674439335937499891e+02,-7.604986367944272274e+01
4.674442265625000346e+02,-7.543445024443605007e+01
4.674445195312500232e+02,-7.018478565238750377e+01
4.674448125000000118e+02,-6.964156690558513674e+01
4.674451054687500005e+02,-7.282174380059637997e+01
4.674453984374999891e+02,-6.399591894627371857e+01
4.674456914062500346e+02,-6.635132803644305000e+01
4.674459843750000232e+02,-8.632179677070297430e+01
4.674462773437500118e+02,-7.651924397474151363e+01
4.674465703125000005e+02,-7.434388354590082315e+01
4.674468632812499891e+02,-7.184075596465771696e+01
4.674471562500000346e+02,-8.173068302354988646e+01
4.674474492187500232e+02,-7.811639661307410165e+01
4.674477421875000118e+02,-8.037847938390790148e+01
4.674480351562500005e+02,-7.389360495466432610e+01
4.674483281249999891e+02,-7.231890400033539379e+01
4.674486210937500346e+02,-7.122424436193485064e+01
4.674489140625000232e+02,-7.063188882556802639e+01
4.674492070312500118e+02,-7.500550664699053982e+01
4.674495000000000005e+02,-7.511181035473724421e+01
4.674497929687499891e+02,-7.386160118624803772e+01
4.674500859375000346e+02,-7.467582528262285280e+01
4.674503789062500232e+02,-7.350946858558164365e+01
4.674506718750000118e+02,-6.986128191524954900e+01
4.674509648437500005e+02,-6.782672155528865687e+01
4.674512578124999891e+02,-9.156523426065433569e+01
4.674515507812500346e+02,-7.805282948238696861e+01
4.674518437500000232e+02,-7.134155126670594882e+01
4.674521367187500118e+02,-7.296613830101873077e+01
4.674524296875000005e+02,-8.289080855997839592e+01
4.674527226562499891e+02,-6.946696513250925875e+01
4.674530156250000346e+02,-7.253176467820803452e+01
4.674533085937500232e+02,-6.900898970082394612e+01
4.674536015625000118e+02,-7.459092040424278025e+01
4.674538945312500005e+02,-7.260371928541022157e+01
4.674541874999999891e+02,-6.949508814109296395e+01
4.674544804687500346e+02,-6.976457537847990409e+01
4.674547734375000232e+02,-6.687686314276115240e+01
4.674550664062500118e+02,-7.067338936173975128e+01
4.674553593750000005e+02,-7.191334727528355586e+01
4.674556523437499891e+02,-8.656310785016968623e+01
4.674559453125000346e+02,-8.251356603470122764e+01
4.674562382812500232e+02,-8.687020539944737152e+01
4.674565312500000118e+02,-6.798159446998138833e+01
4.674568242187500005e+02,-6.835685535961397363e+01
4.674571171874999891e+02,-8.072571447390230048e+01
4.674574101562500346e+02,-7.744510472544136803e+01
4.674577031250000232e+02,-7.237204743247187366e+01
4.674579960937500118e+02,-8.376324294079472565e+01
4.674582890625000005e+02,-7.698821661206876854e+01
4.674585820312499891e+02,-6.917637006080410345e+01
4.674588750000000346e+02,-6.867398775894861274e+01
4.674591679687500232e+02,-7.122938658692903857e+01
4.674594609375000118e+02,-7.973482408724875370e+01
4.674597539062500005e+02,-7.258589772012398100e+01
4.674600468749999891e+02,-7.195596042885252075e+01
4.674603398437500346e+02,-7.771258096169782448e+01
4.674606328125000232e+02,-8.825433136442951820e+01
4.674609257812500118e+02,-7.866979162918737245e+01
4.674612187500000005e+02,-6.966094368226407596e+01
4.674615117187499891e+02,-7.504388961443331141e+01
4.674618046875000346e+02,-7.201613337887093280e+01
4.674620976562500232e+02,-6.778154720002410727e+01
4.674623906250000118e+02,-6.501309450733978679e+01
4.674626835937500005e+02,-6.895606096031794152e+01
4.674629765624999891e+02,-7.935854702882696188e+01
4.674632695312500346e+02,-7.334846957116710087e+01
4.674635625000000232e+02,-8.033747289525894075e+01
4.674638554687500118e+02,-7.253573046805354352e+01
4.674641484375000005e+02,-6.773158733512067897e+01
4.674644414062499891e+02,-6.707358054341135301e+01
4.674647343750000346e+02,-6.920061589817495928e+01
4.674650273437500232e+02,-7.367744813299366058e+01
4.674653203125000118e+02,-7.893748517574877610e+01
4.674656132812500005e+02,-7.049630720301800579e+01
4.674659062499999891e+02,-7.121844324719157271e+01
4.674661992187500346e+02,-6.403082803101622744e+01
4.674664921875000232e+02,-6.266142312840302253e+01
4.674667851562500118e+02,-7.418650619450524175e+01
4.674670781250000005e+02,-6.701543186030205845e+01
4.674673710937499891e+02,-7.317178034071864090e+01
4.674676640625000346e+02,-7.375178471333619257e+01
4.674679570312500232e+02,-7.487654628289847381e+01
4.674682500000000118e+02,-6.655723760484211482e+01
4.674685429687500005e+02,-6.268643305842586955e+01
4.674688359374999891e+02,-7.010581359812331925e+01
4.674691289062500346e+02,-7.435735946866317647e+01
4.674694218750000232e+02,-6.767649327581635532e+01
4.674697148437500118e+02,-6.939090968778910451e+01
4.674700078125000005e+02,-7.217323565508949912e+01
4.674703007812499891e+02,-7.494593768045632487e+01
4.674705937500000346e+02,-6.504879238729800761e+01
4.674708867187500232e+02,-6.644203287311286488e+01
4.674711796875000118e+02,-7.525222563527445629e+01
4.674714726562500005e+02,-6.886150561803761150e+01
4.674717656249999891e+02,-7.047613611896021268e+01
4.674720585937500346e+02,-6.852796571487860433e+01
4.674723515625000232e+02,-6.714794024426711871e+01
4.674726445312500118e+02,-8.055947963604039330e+01
4.674729375000000005e+02,-6.629768958496613607e+01
4.674732304687499891e+02,-6.934659125690167514e+01
4.674735234375000346e+02,-6.690244583352965435e+01
4.674738164062500232e+02,-6.886943909466653224e+01
4.674741093750000118e+02,-6.936190446477857563e+01
4.674744023437500005e+02,-6.525022910256799946e+01
4.674746953124999891e+02,-6.966344817777563492e+01
4.674749882812500346e+02,-7.309463201064043858e+01
4.674752812500000232e+02,-7.062771930286943700e+01
4.674755742187500118e+02,-7.831116071582729887e+01
4.674758671875000005e+02,-7.488188447308303353e+01
4.674761601562499891e+02,-7.507855472870411973e+01
4.674764531250000346e+02,-7.694922129434944225e+01
4.674767460937500232e+02,-6.596687923277337973e+01
4.674770390625000118e+02,-7.237020070794949334e+01
4.674773320312500005e+02,-7.529584111707670502e+01
4.674776249999999891e+02,-6.500329466739928819e+01
4.674779179687500346e+02,-6.900692456828387833e+01
4.674782109375000232e+02,-7.209845953945249164e+01
4.674785039062500118e+02,-6.435703557544383102e+01
4.674787968750000005e+02,-7.549489974966134298e+01
4.674790898437499891e+02,-8.180682784070812374e+01
4.674793828125000346e+02,-7.253013529344413257e+01
4.674796757812500232e+02,-6.526195921614362305e+01
4.674799687500000118e+02,-6.777460122724299652e+01
4.674802617187500005e+02,-8.353360291912798630e+01
4.674805546874999891e+02,-6.686849987431736508e+01
4.674808476562500346e+02,-6.960299346194328507e+01
4.674811406250000232e+02,-7.287256051744053309e+01
4.674814335937500118e+02,-6.128416033954881215e+01
4.674817265625000005e+02,-6.316929089227720340e+01
4.674820195312499891e+02,-7.067111533481769925e+01
4.674823125000000346e+02,-7.087805507895558321e+01
4.674826054687500232e+02,-7.391120994583198467e+01
4.674828984375000118e+02,-6.883359193662678877e+01
4.674831914062500005e+02,-6.956923094825600629e+01
4.674834843749999891e+02,-7.016860968304962398e+01
4.674837773437500346e+02,-6.528841870250730040e+01
4.674840703125000232e+02,-6.354600426348514475e+01
4.674843632812500118e+02,-7.040189851403158627e+01
4.674846562500000005e+02,-8.613840559382900608e+01
4.674849492187499891e+02,-6.836016834722683200e+01
4.674852421875000346e+02,-7.004412256031970685e+01
4.674855351562500232e+02,-6.202174041536104454e+01
4.674858281250000118e+02,-6.053058674015882445e+01
4.674861210937500005e+02,-7.193076396656965699e+01
4.674864140624999891e+02,-6.752966653627576932e+01
4.674867070312500346e+02,-6.467710201433033035e+01
4.674870000000000232e+02,-6.518011021805362759e+01
4.674872929687500118e+02,-8.108016202665881167e+01
4.674875859375000005e+02,-7.121569594126712843e+01
4.674878789062499891e+02,-7.117143161337641288e+01
4.674881718750000346e+02,-6.406925065031390432e+01
4.674884648437500232e+02,-6.447187896074446201e+01
4.674887578125000118e+02,-6.482318953050135235e+01
4.674890507812500005e+02,-6.265861174568470915e+01
4.674893437499999891e+02,-6.816976337905698813e+01
4.674896367187500346e+02,-7.114760363762331963e+01
4.674899296875000232e+02,-6.753771311776810649e+01
4.674902226562500118e+02,-6.307000425330505777e+01
4.674905156250000005e+02,-6.916892163635617408e+01
4.674908085937499891e+02,-6.807215523172969540e+01
4.674911015625000346e+02,-6.365531907659780586e+01
4.674913945312500232e+02,-6.100485487207539848e+01
4.674916875000000118e+02,-6.730834169119131616e+01
4.674919804687500005e+02,-8.539319420630599211e+01
4.674922734374999891e+02,-7.445323128747452301e+01
4.674925664062500346e+02,-6.950036929693689558e+01
4.674928593750000232e+02,-7.680890977137198661e+01
4.674931523437500118e+02,-7.101505086088268115e+01
4.674934453125000005e+02,-6.453820014339315492e+01
4.674937382812499891e+02,-6.069205866622337453e+01
4.674940312500000346e+02,-6.394731804805046238e+01
4.674943242187500232e+02,-7.218323994552888223e+01
4.674946171875000118e+02,-6.517056159831400919e+01
4.674949101562500005e+02,-6.533986018420149833e+01
4.674952031249999891e+02,-7.534240335253271326e+01
4.674954960937500346e+02,-7.782389764462999437e+01
4.674957890625000232e+02,-6.267678483828436242e+01
4.674960820312500118e+02,-5.914172498809249845e+01
4.674963750000000005e+02,-6.571440720892474019e+01
4.674966679687499891e+02,-7.233625950076832112e+01
4.674969609375000346e+02,-7.001734807873779687e+01
4.674972539062500232e+02,-6.697213537770493019e+01
4.674975468750000118e+02,-6.968590135843351163e+01
4.674978398437500005e+02,-7.250587451484727808e+01
4.674981328124999891e+02,-7.297122494708573015e+01
4.674984257812500346e+02,-6.723872811774012348e+01
4.674987187500000232e+02,-6.985078242612543420e+01
4.674990117187500118e+02,-5.949195796969027583e+01
4.674993046875000005e+02,-5.658998635105730557e+01
4.674995976562499891e+02,-6.021092570262801047e+01
4.674998906250000346e+02,-6.675019318207210972e+01
4.675001835937500232e+02,-6.856629994904292857e+01
4.675004765625000118e+02,-6.728629356605119938e+01
4.675007695312500005e+02,-6.144304799331450084e+01
4.675010624999999891e+02,-7.334310656064010914e+01
4.675013554687500346e+02,-7.058966725310830270e+01
4.675016484375000232e+02,-6.823852609598910135e+01
4.675019414062500118e+02,-6.221960889089602631e+01
4.675022343750000005e+02,-6.071242194093424871e+01
4.675025273437499891e+02,-6.207139454071783291e+01
4.675028203125000346e+02,-6.443625479664237332e+01
4.675031132812500232e+02,-5.840196488932325281e+01
4.675034062500000118e+02,-5.697649374195414396e+01
4.675036992187500005e+02,-6.077131064846593489e+01
4.675039921874999891e+02,-6.869808854546911903e+01
4.675042851562500346e+02,-9.305170271538185034e+01
4.675045781250000232e+02,-6.818035646282530138e+01
4.675048710937500118e+02,-6.945567918078666025e+01
4.675051640625000005e+02,-7.804827406653751609e+01
4.675054570312499891e+02,-6.651302584707384824e+01
4.675057500000000346e+02,-7.489318127773377398e+01
4.675060429687500232e+02,-6.308349078738323357e+01
4.675063359375000118e+02,-6.348288724299250418e+01
4.675066289062500005e+02,-6.402112331119910493e+01
4.675069218749999891e+02,-6.303596380702737179e+01
4.675072148437500346e+02,-6.567268036493882732e+01
4.675075078125000232e+02,-7.411599429407745276e+01
4.675078007812500118e+02,-6.913996400343320659e+01
4.675080937500000005e+02,-7.160566149380416334e+01
4.675083867187499891e+02,-7.521466576480081301e+01
4.675086796875000346e+02,-7.605946865683321789e+01
4.675089726562500232e+02,-6.581351801685505620e+01
4.675092656250000118e+02,-6.514429219405354843e+01
4.675095585937500005e+02,-6.315274942691858229e+01
4.675098515624999891e+02,-6.372679465768791118e+01
4.675101445312500346e+02,-6.540271305361274301e+01
4.675104375000000232e+02,-6.302660160166026060e+01
4.675107304687500118e+02,-6.577492671079635045e+01
4.675110234375000005e+02,-7.327469222266364568e+01
4.675113164062499891e+02,-6.585684779975731828e+01
4.675116093750000346e+02,-6.595906449261529758e+01
4.675119023437500232e+02,-6.467125291475446147e+01
4.675121953125000118e+02,-6.368686481016791845e+01
4.675124882812500005e+02,-6.612212204590817066e+01
4.675127812499999891e+02,-6.805432119041766725e+01
4.675130742187500346e+02,-7.382923235613571933e+01
4.675133671875000232e+02,-7.328737054189393518e+01
4.675136601562500118e+02,-7.002166492857212177e+01
4.675139531250000005e+02,-6.490774130646744311e+01
4.675142460937499891e+02,-6.698942943765074176e+01
4.675145390625000346e+02,-6.485001675280899747e+01
4.675148320312500232e+02,-6.723731385771128544e+01
4.675151250000000118e+02,-6.758181998023954407e+01
4.675154179687500005e+02,-7.382626336378217502e+01
4.675157109374999891e+02,-8.045520152582048468e+01
4.675160039062500346e+02,-6.855542365775026781e+01
4.675162968750000232e+02,-7.060386724737503528e+01
4.675165898437500118e+02,-8.717890862287576681e+01
4.675168828125000005e+02,-6.876350342050184850e+01
4.675171757812499891e+02,-6.718687456159662474e+01
4.675174687500000346e+02,-7.594464600350809746e+01
4.675177617187500232e+02,-6.584525600447203431e+01
4.675180546875000118e+02,-6.386769500736170357e+01
4.675183476562500005e+02,-7.062731348908482687e+01
4.675186406249999891e+02,-8.722182731506282494e+01
4.675189335937500346e+02,-6.793841128325662737e+01
4.675192265625000232e+02,-5.987705194331915237e+01
4.675195195312500118e+02,-6.308621018114497758e+01
4.675198125000000005e+02,-7.896259358995860111e+01
4.675201054687499891e+02,-7.776276177805482348e+01
4.675203984375000346e+02,-6.400476524687762492e+01
4.675206914062500232e+02,-6.554742938476037750e+01
4.675209843750000118e+02,-7.933448840828206983e+01
4.675212773437500005e+02,-6.678274454061984500e+01
4.675215703124999891e+02,-6.444868935003221111e+01
4.675218632812500346e+02,-6.692127390165394729e+01
4.675221562500000232e+02,-6.391778045574443468e+01
4.675224492187500118e+02,-6.067781156125658271e+01
4.675227421875000005e+02,-6.070777104248848843e+01
4.675230351562499891e+02,-6.211237072550918725e+01
4.675233281250000346e+02,-6.602541149838516787e+01
4.675236210937500232e+02,-7.304713815907794583e+01
4.675239140625000118e+02,-7.304510898234904914e+01
4.675242070312500005e+02,-6.399993733478424929e+01
4.675244999999999891e+02,-6.335039151963152193e+01
4.675247929687500346e+02,-7.212545731452452458e+01
4.675250859375000232e+02,-6.726274658266248707e+01
4.675253789062500118e+02,-6.327010827476322419e+01
4.675256718750000005e+02,-6.441647697528387084e+01
4.675259648437499891e+02,-6.457435449537341299e+01
4.675262578125000346e+02,-6.317826954922878002e+01
4.675265507812500232e+02,-5.551378746162144751e+01
4.675268437500000118e+02,-5.557378926223045568e+01
4.675271367187500005e+02,-7.172047107423325940e+01
4.675274296874999891e+02,-7.876198927237793157e+01
4.675277226562500346e+02,-7.580791433075141583e+01
4.675280156250000232e+02,-7.061019001733443190e+01
4.675283085937500118e+02,-6.588049124419043778e+01
4.675286015625000005e+02,-6.465733226261718869e+01
4.675288945312499891e+02,-6.487382532627887599e+01
4.675291875000000346e+02,-6.442324863247631583e+01
4.675294804687500232e+02,-6.349457940483839025e+01
4.675297734375000118e+02,-6.926572205635524426e+01
4.675300664062500005e+02,-9.380938014098060762e+01
4.675303593749999891e+02,-6.997624574301427458e+01
4.675306523437500346e+02,-8.446717454512842949e+01
4.675309453125000232e+02,-7.035242744061440590e+01
4.675312382812500118e+02,-7.193762961657822075e+01
4.675315312500000005e+02,-6.520586662050943971e+01
4.675318242187499891e+02,-6.360907453712978565e+01
4.675321171875000346e+02,-6.264241726694049817e+01
4.675324101562500232e+02,-6.351885568556797068e+01
4.675327031250000118e+02,-6.749740382613963163e+01
4.675329960937500005e+02,-6.903943503899313328e+01
4.675332890624999891e+02,-6.384963154512097105e+01
4.675335820312500346e+02,-7.789124031118328162e+01
4.675338750000000232e+02,-6.849838662389947785e+01
4.675341679687500118e+02,-6.359293767441574374e+01
4.675344609375000005e+02,-6.054830304421557230e+01
4.675347539062499891e+02,-6.916373129078527882e+01
4.675350468750000346e+02,-6.534944035290608610e+01
4.675353398437500232e+02,-6.884148741735924659e+01
4.675356328125000118e+02,-7.321065245016895062e+01
4.675359257812500005e+02,-6.324818366597799724e+01
4.675362187499999891e+02,-5.923044310840221272e+01
4.675365117187500346e+02,-5.834747050611404262e+01
4.675368046875000232e+02,-5.970091605871822793e+01
4.675370976562500118e+02,-6.778626426167795671e+01
4.675373906250000005e+02,-6.859548069114813984e+01
4.675376835937499891e+02,-7.796253208845884330e+01
4.675379765625000346e+02,-6.432133274061997952e+01
4.675382695312500232e+02,-6.062134018010523562e+01
4.675385625000000118e+02,-7.936259207457327136e+01
4.675388554687500005e+02,-5.878290144085694635e+01
4.675391484374999891e+02,-6.953165618610726995e+01
4.675394414062500346e+02,-6.167961193486802074e+01
4.675397343750000232e+02,-7.103889728616543664e+01
4.675400273437500118e+02,-6.550774827008608270e+01
4.675403203125000005e+02,-6.523048388081396354e+01
4.675406132812499891e+02,-6.098834372937303527e+01
4.675409062500000346e+02,-6.532386444293962313e+01
4.675411992187500232e+02,-7.041669626746468680e+01
4.675414921875000118e+02,-7.136930928573561062e+01
4.675417851562500005e+02,-6.290925243850607984e+01
4.675420781249999891e+02,-5.607289615508472025e+01
4.675423710937500346e+02,-5.475753449071378043e+01
4.675426640625000232e+02,-5.602160317188185701e+01
4.675429570312500118e+02,-5.630082834000968717e+01
4.675432500000000005e+02,-7.298161742213630987e+01
4.675435429687499891e+02,-7.091821041894066013e+01
4.675438359375000346e+02,-6.816911164429583891e+01
4.675441289062500232e+02,-6.204222479251271949e+01
4.675444218750000118e+02,-6.121166893210735793e+01
4.675447148437500005e+02,-5.688113345906316454e+01
4.675450078124999891e+02,-5.624863061127061314e+01
4.675453007812500346e+02,-5.472545966268040019e+01
4.675455937500000232e+02,-5.220227385636890460e+01
4.675458867187500118e+02,-4.934508667458082698e+01
4.675461796875000005e+02,-4.753176249677429865e+01
4.675464726562499891e+02,-5.522769353216312993e+01
4.675467656250000346e+02,-7.772090954616291469e+01
4.675470585937500232e+02,-5.618315800569382645e+01
4.675473515625000118e+02,-5.767876897566164018e+01
4.675476445312500005e+02,-7.112904044278401727e+01
4.675479374999999891e+02,-6.182582055128185061e+01
4.675482304687500346e+02,-5.755474407944105053e+01
4.675485234375000232e+02,-5.775615939639592966e+01
4.675488164062500118e+02,-5.299784073057202249e+01
4.675491093750000005e+02,-5.735593664791552015e+01
4.675494023437499891e+02,-5.689430510549020426e+01
4.675496953125000346e+02,-5.830669264754327941e+01
4.675499882812500232e+02,-6.865522631229204364e+01
4.675502812500000118e+02,-6.370925227120395817e+01
4.675505742187500005e+02,-5.599602273195038293e+01
4.675508671874999891e+02,-6.509292788624820503e+01
4.675511601562500346e+02,-5.843232549117448826e+01
4.675514531250000232e+02,-5.703842457689744094e+01
4.675517460937500118e+02,-5.887767480578192192e+01
4.675520390625000005e+02,-5.961426874276536125e+01
4.675523320312499891e+02,-6.110527644245707535e+01
4.675526250000000346e+02,-6.188322226299153073e+01
4.675529179687500232e+02,-6.175085513576871676e+01
4.675532109375000118e+02,-5.720103468508965960e+01
4.675535039062500005e+02,-6.073458209539570163e+01
4.675537968749999891e+02,-5.920400854820725556e+01
4.675540898437500346e+02,-6.374327153040161420e+01
4.675543828125000232e+02,-6.270764102240480042e+01
4.675546757812500118e+02,-6.328977161386689687e+01
4.675549687500000005e+02,-7.230782246004730496e+01
4.675552617187499891e+02,-5.911405219112659637e+01
4.675555546875000346e+02,-5.397238441705474798e+01
4.675558476562500232e+02,-5.266537229210412363e+01
4.675561406250000118e+02,-5.420172661653617041e+01
4.675564335937500005e+02,-5.836987865481835058e+01
4.675567265624999891e+02,-5.797996109205374182e+01
4.675570195312500346e+02,-5.820352611499991724e+01
4.675573125000000232e+02,-5.991496542590857644e+01
4.675576054687500118e+02,-6.371191375235017063e+01
4.675578984375000005e+02,-5.275183218977402078e+01
4.675581914062499891e+02,-5.210115752541874912e+01
4.675584843750000346e+02,-5.443605949481354855e+01
4.675587773437500232e+02,-5.557811668644801983e+01
4.675590703125000118e+02,-5.969306530843458347e+01
4.675593632812500005e+02,-5.773134281298918324e+01
4.675596562499999891e+02,-5.411225471191967529e+01
4.675599492187500346e+02,-5.735300825028631522e+01
4.675602421875000232e+02,-6.009202650788231637e+01
4.675605351562500118e+02,-5.321101160842329136e+01
4.675608281250000005e+02,-4.988470356681649065e+01
4.675611210937499891e+02,-6.489784447253785515e+01
4.675614140625000346e+02,-4.921707460709410498e+01
4.675617070312500232e+02,-4.645704106091801577e+01
4.675620000000000118e+02,-5.188983709966237967e+01
4.675622929687500005e+02,-5.675819332614715762e+01
4.675625859374999891e+02,-5.758159778692185427e+01
4.675628789062500346e+02,-5.656216092256870809e+01
4.675631718750000232e+02,-5.707990769391238217e+01
4.675634648437500118e+02,-5.760741718096761588e+01
4.675637578125000005e+02,-5.251184602375136734e+01
4.675640507812499891e+02,-5.781368280670552906e+01
4.675643437500000346e+02,-5.415593422935707935e+01
4.675646367187500232e+02,-6.701426942730550707e+01
4.675649296875000118e+02,-6.110418076580999980e+01
4.675652226562500005e+02,-6.023677122767310976e+01
4.675655156249999891e+02,-5.445661279304955826e+01
4.675658085937500346e+02,-5.564905263138424374e+01
4.675661015625000232e+02,-5.767888840962564245e+01
4.675663945312500118e+02,-5.989052958653425662e+01
4.675666875000000005e+02,-7.469942824200964537e+01
4.675669804687499891e+02,-5.633576323252327001e+01
4.675672734375000346e+02,-5.232788374645623719e+01
4.675675664062500232e+02,-6.083590820953084943e+01
4.675678593750000118e+02,-5.939369172081050152e+01
4.675681523437500005e+02,-5.913238617164759603e+01
4.675684453124999891e+02,-6.516370535471580183e+01
4.675687382812500346e+02,-8.264485088713003336e+01
4.675690312500000232e+02,-5.622837995451155280e+01
4.675693242187500118e+02,-6.171921827263382454e+01
4.675696171875000005e+02,-5.678461440207212263e+01
4.675699101562499891e+02,-5.522528398691199669e+01
4.675702031250000346e+02,-6.560139447294416470e+01
4.675704960937500232e+02,-5.673676781561709248e+01
4.675707890625000118e+02,-5.538358356674155658e+01
4.675710820312500005e+02,-5.608084294830306504e+01
4.675713749999999891e+02,-5.229181831315082007e+01
4.675716679687500346e+02,-5.814726526896211567e+01
4.675719609375000232e+02,-5.612978351514637865e+01
4.675722539062500118e+02,-5.038509062410982153e+01
4.675725468750000005e+02,-5.035358378025420478e+01
4.675728398437499891e+02,-5.265525661655090772e+01
4.675731328125000346e+02,-5.279655863158821916e+01
4.675734257812500232e+02,-5.500087417947277402e+01
4.675737187500000118e+02,-5.939289072572109518e+01
4.675740117187500005e+02,-6.508188323688359844e+01
4.675743046874999891e+02,-5.360531121923915521e+01
4.675745976562500346e+02,-5.327526078562823386e+01
4.675748906250000232e+02,-6.076815817696064670e+01
4.675751835937500118e+02,-4.989638034728289995e+01
4.675754765625000005e+02,-4.924274706256092315e+01
4.675757695312499891e+02,-5.704009082299453581e+01
4.675760625000000346e+02,-5.688126245356262700e+01
4.675763554687500232e+02,-5.357035290668721927e+01
4.675766484375000118e+02,-5.704857635742495603e+01
4.675769414062500005e+02,-5.351954092223670045e+01
4.675772343749999891e+02,-6.117618346950112596e+01
4.675775273437500346e+02,-5.115277808731146791e+01
4.675778203125000232e+02,-4.856037771759000066e+01
4.675781132812500118e+02,-4.987017516835049946e+01
4.675784062500000005e+02,-5.220521479288744615e+01
4.675786992187499891e+02,-5.186034152281409604e+01
4.675789921875000346e+02,-5.486589322307093397e+01
4.675792851562500232e+02,-5.078081558520761263e+01
4.675795781250000118e+02,-4.912762451434681310e+01
4.675798710937500005e+02,-5.286077417701785919e+01
4.675801640624999891e+02,-5.298887119529911871e+01
4.675804570312500346e+02,-5.140729512271384749e+01
4.675807500000000232e+02,-5.568665182323882590e+01
4.675810429687500118e+02,-5.232627128554931772e+01
4.675813359375000005e+02,-5.384843971591450895e+01
4.675816289062499891e+02,-5.250122682728195400e+01
4.675819218750000346e+02,-5.631919362106204119e+01
4.675822148437500232e+02,-7.492227381813724207e+01
4.675825078125000118e+02,-5.915215911926558334e+01
4.675828007812500005e+02,-5.910658088322517756e+01
4.675830937499999891e+02,-5.260005375092794111e+01
4.675833867187500346e+02,-5.395570559780688313e+01
4.675836796875000232e+02,-5.145784660735898797e+01
4.675839726562500118e+02,-5.296562999005554673e+01
4.675842656250000005e+02,-5.167157857045773994e+01
4.675845585937499891e+02,-5.511901588626663795e+01
4.675848515625000346e+02,-4.865559223292191149e+01
4.675851445312500232e+02,-5.542313096408732065e+01
4.675854375000000118e+02,-4.953664805576403296e+01
4.675857304687500005e+02,-5.213444481465543845e+01
4.675860234374999891e+02,-5.278170285345591140e+01
4.675863164062500346e+02,-5.952645781846042894e+01
4.675866093750000232e+02,-5.579745498549936400e+01
4.675869023437500118e+02,-5.217482308424032311e+01
4.675871953125000005e+02,-5.401340085911861166e+01
4.675874882812499891e+02,-5.268005837811223557e+01
4.675877812500000346e+02,-5.221578117123036122e+01
4.675880742187500232e+02,-5.055960590213143746e+01
4.675883671875000118e+02,-5.141838383553466230e+01
4.675886601562500005e+02,-3.835448238071498395e+01
4.675889531249999891e+02,-3.474319977703342488e+01
4.675892460937500346e+02,-4.528607278880342335e+01
4.675895390625000232e+02,-5.519766642590067107e+01
4.675898320312500118e+02,-5.028916171986204375e+01
4.675901250000000005e+02,-5.194208021169642109e+01
4.675904179687499891e+02,-5.389847620427822505e+01
4.675907109375000346e+02,-5.518614933975140247e+01
4.675910039062500232e+02,-5.721028566233422197e+01
4.675912968750000118e+02,-5.296178353696932106e+01
4.675915898437500005e+02,-4.779932712729218736e+01
4.675918828124999891e+02,-5.205785562047297077e+01
4.675921757812500346e+02,-5.488007332499941526e+01
4.675924687500000232e+02,-6.626295721989342269e+01
4.675927617187500118e+02,-5.827839524245139557e+01
4.675930546875000005e+02,-5.209069949142676137e+01
4.675933476562499891e+02,-5.275663640090215267e+01
4.675936406250000346e+02,-5.460438276542150504e+01
4.675939335937500232e+02,-5.261453266155917419e+01
4.675942265625000118e+02,-5.737670534629398844e+01
4.675945195312500005e+02,-6.707158413617831627e+01
4.675948124999999891e+02,-6.164685465164281908e+01
4.675951054687500346e+02,-5.712095812795833183e+01
4.675953984375000232e+02,-5.117039136853014725e+01
4.675956914062500118e+02,-4.906207109365890062e+01
4.675959843750000005e+02,-5.518560591109634572e+01
4.675962773437499891e+02,-5.464151136159618716e+01
4.675965703125000346e+02,-5.829296157169059711e+01
4.675968632812500232e+02,-6.117453318453412692e+01
4.675971562500000118e+02,-5.579717599354400193e+01
4.675974492187500005e+02,-5.533700832918222545e+01
4.675977421874999891e+02,-6.337530672919282182e+01
4.675980351562500346e+02,-5.640043118625787599e+01
4.675983281250000232e+02,-4.867588913378622095e+01
4.675986210937500118e+02,-4.674342426936575379e+01
4.675989140625000005e+02,-4.939305148842876036e+01
4.675992070312499891e+02,-5.517006889935406377e+01
4.675995000000000346e+02,-5.417266278355222653e+01
4.675997929687500232e+02,-5.743533504239152165e+01
4.676000859375000118e+02,-5.270014735958453400e+01
4.676003789062500005e+02,-6.490170733917635459e+01
4.676006718749999891e+02,-5.262954182605292885e+01
4.676009648437500346e+02,-4.980956106022305363e+01
4.676012578125000232e+02,-5.040079036884777963e+01
4.676015507812500118e+02,-5.405566924604513446e+01
4.676018437500000005e+02,-5.843382356211689910e+01
4.676021367187499891e+02,-6.110076539457477907e+01
4.676024296875000346e+02,-5.269072847133364235e+01
4.676027226562500232e+02,-5.409296667229045852e+01
4.676030156250000118e+02,-5.771913072498290376e+01
4.676033085937500005e+02,-5.113674976943758566e+01
4.676036015624999891e+02,-4.862123957437046329e+01
4.676038945312500346e+02,-6.904412754440004107e+01
4.676041875000000232e+02,-5.113088692370914146e+01
4.676044804687500118e+02,-5.054039548404966098e+01
4.676047734375000005e+02,-5.267847442933361890e+01
4.676050664062499891e+02,-5.183464709692525219e+01
4.676053593750000346e+02,-5.878328501327759170e+01
4.676056523437500232e+02,-5.975645539545020313e+01
4.676059453125000118e+02,-5.232954181968334950e+01
4.676062382812500005e+02,-5.579737725451424524e+01
4.676065312499999891e+02,-5.779664871918564018e+01
4.676068242187500346e+02,-5.485976514338673837e+01
4.676071171875000232e+02,-5.970239581220155145e+01
4.676074101562500118e+02,-5.976884547034237727e+01
4.676077031250000005e+02,-6.056106811753551966e+01
4.676079960937499891e+02,-6.186197075476157181e+01
4.676082890625000346e+02,-7.948768673510076610e+01
4.676085820312500232e+02,-6.233072207852941915e+01
4.676088750000000118e+02,-6.313623814311262095e+01
4.676091679687500005e+02,-5.761845428771378863e+01
4.676094609374999891e+02,-6.137312941527682142e+01
4.676097539062500346e+02,-6.205533513155358349e+01
4.676100468750000232e+02,-5.704915909737625412e+01
4.676103398437500118e+02,-5.660408401956688351e+01
4.676106328125000005e+02,-6.638324187214752214e+01
4.676109257812499891e+02,-7.796531479088233141e+01
4.676112187500000346e+02,-5.843772883748050617e+01
4.676115117187500232e+02,-6.756933525464292245e+01
4.676118046875000118e+02,-6.562635411923946549e+01
4.676120976562500005e+02,-6.260349295532815717e+01
4.676123906249999891e+02,-5.934097530437061607e+01
4.676126835937500346e+02,-5.821577296882328056e+01
4.676129765625000232e+02,-6.558516520922209736e+01
4.676132695312500118e+02,-6.178536410737403628e+01
4.676135625000000005e+02,-5.900197834727941881e+01
4.676138554687499891e+02,-5.486689724309800908e+01
4.676141484375000346e+02,-5.718239314316935662e+01
4.676144414062500232e+02,-6.390145799839915242e+01
4.676147343750000118e+02,-5.629881661574935237e+01
4.676150273437500005e+02,-5.713524266965410447e+01
4.676153203124999891e+02,-5.379115759688508547e+01
4.676156132812500346e+02,-5.464555408417712812e+01
4.676159062500000232e+02,-5.759136360589094750e+01
4.676161992187500118e+02,-6.085258392741280886e+01
4.676164921875000005e+02,-5.470343917359775787e+01
4.676167851562499891e+02,-5.875373207727719915e+01
4.676170781250000346e+02,-7.227653903419417247e+01
4.676173710937500232e+02,-5.931812500883371797e+01
4.676176640625000118e+02,-5.952379146421765199e+01
4.676179570312500005e+02,-5.330553598543575333e+01
4.676182499999999891e+02,-5.305730157468066466e+01
4.676185429687500346e+02,-5.702628748020618588e+01
4.676188359375000232e+02,-6.729508305313595429e+01
4.676191289062500118e+02,-6.832153591052461650e+01
4.676194218750000005e+02,-6.625034575821436533e+01
4.676197148437499891e+02,-5.910220388737614172e+01
4.676200078125000346e+02,-5.985706329569448769e+01
4.676203007812500232e+02,-6.106070450614535616e+01
4.676205937500000118e+02,-5.649904115017274364e+01
4.676208867187500005e+02,-5.332943523726042656e+01
4.676211796874999891e+02,-5.444212884166421418e+01
4.676214726562500346e+02,-5.814878997356618839e+01
4.676217656250000232e+02,-6.315991232004571998e+01
4.676220585937500118e+02,-6.375665091954732588e+01
4.676223515625000005e+02,-6.679111940292369809e+01
4.676226445312499891e+02,-6.182684939953051639e+01
4.676229375000000346e+02,-6.334100827730953398e+01
4.676232304687500232e+02,-6.564719905753710805e+01
4.676235234375000118e+02,-5.513367726577612871e+01
4.676238164062500005e+02,-5.410299616277286106e+01
4.676241093749999891e+02,-5.983302248549801305e+01
4.676244023437500346e+02,-6.059407713649436289e+01
4.676246953125000232e+02,-6.715600793119034506e+01
4.676249882812500118e+02,-6.458749158989709827e+01
4.676252812500000005e+02,-6.402966647147070489e+01
4.676255742187499891e+02,-6.955304246323882467e+01
4.676258671875000346e+02,-5.998648329981094207e+01
4.676261601562500232e+02,-5.841152746346744351e+01
4.676264531250000118e+02,-6.126770109818145471e+01
4.676267460937500005e+02,-6.480810234732389574e+01
4.676270390624999891e+02,-7.186022350578690521e+01
4.676273320312500346e+02,-5.832745147641701777e+01
4.676276250000000232e+02,-5.452127305067784846e+01
4.676279179687500118e+02,-6.789910061882588366e+01
4.676282109375000005e+02,-5.915355544203399774e+01
4.676285039062499891e+02,-6.532809940934555470e+01
4.676287968750000346e+02,-6.588314345766492863e+01
4.676290898437500232e+02,-7.063263757017411137e+01
4.676293828125000118e+02,-6.148364161552010643e+01
4.676296757812500005e+02,-6.255163176822358650e+01
4.676299687499999891e+02,-5.924389108913926805e+01
4.676302617187500346e+02,-5.997038287542473256e+01
4.676305546875000232e+02,-6.205819587074910260e+01
4.676308476562500118e+02,-5.774985881224073125e+01
4.676311406250000005e+02,-6.063281133265135026e+01
4.676314335937499891e+02,-4.920460630173085548e+01
4.676317265625000346e+02,-4.874060350020308618e+01
4.676320195312500232e+02,-5.709831602995802058e+01
4.676323125000000118e+02,-6.914101180943399072e+01
4.676326054687500005e+02,-7.294449646989490077e+01
4.676328984374999891e+02,-6.151473528165331572e+01
4.676331914062500346e+02,-6.174242321553600732e+01
4.676334843750000232e+02,-6.319752960728040136e+01
4.676337773437500118e+02,-6.753378906486132394e+01
4.676340703125000005e+02,-7.054655284895318346e+01
4.676343632812499891e+02,-6.398968380157267433e+01
4.676346562500000346e+02,-6.078854686216980951e+01
4.676349492187500232e+02,-6.381527244010588618e+01
4.676352421875000118e+02,-5.595306304310371104e+01
4.676355351562500005e+02,-5.327188243169783277e+01
4.676358281249999891e+02,-5.647729662393112449e+01
4.676361210937500346e+02,-5.973073074355085055e+01
4.676364140625000232e+02,-6.202477457651475135e+01
4.676367070312500118e+02,-6.180156323010848496e+01
4.676370000000000005e+02,-6.770846611914733160e+01
4.676372929687499891e+02,-6.082884815291389913e+01
4.676375859375000346e+02,-6.315334909249303053e+01
4.676378789062500232e+02,-6.366870008437545181e+01
4.676381718750000118e+02,-6.218935556550184884e+01
4.676384648437500005e+02,-6.624941782204074059e+01
4.676387578124999891e+02,-7.113648611368252261e+01
4.676390507812500346e+02,-6.271825978528446655e+01
4.676393437500000232e+02,-5.715113656517552698e+01
4.676396367187500118e+02,-6.312485660735893589e+01
4.676399296875000005e+02,-7.549885956890790339e+01
4.676402226562499891e+02,-6.822695569034893026e+01
4.676405156250000346e+02,-6.402050319670867395e+01
4.676408085937500232e+02,-5.993864336611166266e+01
4.676411015625000118e+02,-5.943167260104806360e+01
4.676413945312500005e+02,-6.431459342981207783e+01
4.676416874999999891e+02,-6.554987910969990139e+01
4.676419804687500346e+02,-6.572984343316905154e+01
4.676422734375000232e+02,-7.042485151311763047e+01
4.676425664062500118e+02,-7.399317995899757250e+01
4.676428593750000005e+02,-7.222618848634587607e+01
4.676431523437499891e+02,-6.859806601901767920e+01
4.676434453125000346e+02,-6.637267963526240067e+01
4.676437382812500232e+02,-7.099878797709608591e+01
4.676440312500000118e+02,-6.620549822388818484e+01
4.676443242187500005e+02,-6.318072086969607426e+01
4.676446171874999891e+02,-6.344774418531790161e+01
4.676449101562500346e+02,-6.550615913318296180e+01
4.676452031250000232e+02,-7.190287711583803798e+01
4.676454960937500118e+02,-7.285882501066949146e+01
4.676457890625000005e+02,-6.879503990645741851e+01
4.676460820312499891e+02,-7.952875367468298862e+01
4.676463750000000346e+02,-7.368028797923915363e+01
4.676466679687500232e+02,-7.926528724543123872e+01
4.676469609375000118e+02,-7.051026448287382209e+01
4.676472539062500005e+02,-7.058559791348935164e+01
4.676475468749999891e+02,-7.547771031671328501e+01
4.676478398437500346e+02,-7.242200214902231892e+01
4.676481328125000232e+02,-7.511634182061753506e+01
4.676484257812500118e+02,-7.347623520525688434e+01
4.676487187500000005e+02,-7.837774878797407041e+01
4.676490117187499891e+02,-8.130201732628654554e+01
4.676493046875000346e+02,-7.426675301775634352e+01
4.676495976562500232e+02,-6.396881739271724143e+01
4.676498906250000118e+02,-6.201014975058634349e+01
4.676501835937500005e+02,-6.741138994315429045e+01
4.676504765624999891e+02,-7.081079388613645165e+01
4.676507695312500346e+02,-6.454715644773222039e+01
4.676510625000000232e+02,-5.446893069924680475e+01
4.676513554687500118e+02,-6.209129323519295696e+01
4.676516484375000005e+02,-7.237188688914235968e+01
4.676519414062499891e+02,-8.192347100529816828e+01
4.676522343750000346e+02,-7.208530050167901493e+01
4.676525273437500232e+02,-6.628790261652527249e+01
4.676528203125000118e+02,-7.178083242493987370e+01
4.676531132812500005e+02,-6.795732186067894531e+01
4.676534062499999891e+02,-6.201189247971662866e+01
4.676536992187500346e+02,-7.119965427858484475e+01
4.676539921875000232e+02,-7.436215944609907069e+01
4.676542851562500118e+02,-6.551781509780792589e+01
4.676545781250000005e+02,-7.472829898567825069e+01
4.676548710937499891e+02,-6.261310505156231443e+01
4.676551640625000346e+02,-6.742165302415334338e+01
4.676554570312500232e+02,-6.802634003381963623e+01
4.676557500000000118e+02,-7.160314250455846263e+01
4.676560429687500005e+02,-7.988419418075115175e+01
4.676563359374999891e+02,-8.642028336537775601e+01
4.676566289062500346e+02,-7.340239085775279193e+01
4.676569218750000232e+02,-6.612723186900925043e+01
4.676572148437500118e+02,-7.156053829890436191e+01
4.676575078125000005e+02,-6.759568688783062385e+01
4.676578007812499891e+02,-6.536453663624703836e+01
4.676580937500000346e+02,-6.767782014740051011e+01
4.676583867187500232e+02,-7.395085586209287953e+01
4.676586796875000118e+02,-7.064167066340161227e+01
4.676589726562500005e+02,-6.607099645247841124e+01
4.676592656249999891e+02,-6.624347139071956292e+01
4.676595585937500346e+02,-6.584313497559763562e+01
4.676598515625000232e+02,-7.122318161792424007e+01
4.676601445312500118e+02,-7.446526815698381085e+01
4.676604375000000005e+02,-7.214202765464075640e+01
4.676607304687499891e+02,-6.770952519702373706e+01
4.676610234375000346e+02,-6.932992157779905540e+01
4.676613164062500232e+02,-8.810617837080697257e+01
4.676616093750000118e+02,-7.121344875465108260e+01
4.676619023437500005e+02,-7.967371469266302597e+01
4.676621953124999891e+02,-6.837137471823510282e+01
4.676624882812500346e+02,-7.029913897167224945e+01
4.676627812500000232e+02,-6.768605937456213439e+01
4.676630742187500118e+02,-6.486954309638707628e+01
4.676633671875000005e+02,-7.158088958130754520e+01
4.676636601562499891e+02,-6.319420045752399062e+01
4.676639531250000346e+02,-6.415314378188431021e+01
4.676642460937500232e+02,-7.010680006576110657e+01
4.676645390625000118e+02,-6.780435098881443423e+01
4.676648320312500005e+02,-6.816274894473706070e+01
4.676651249999999891e+02,-6.816688886203446884e+01
4.676654179687500346e+02,-7.639622047859100462e+01
4.676657109375000232e+02,-7.845206932312312631e+01
4.676660039062500118e+02,-6.776940474257571623e+01
4.676662968750000005e+02,-6.206634373316830278e+01
4.676665898437499891e+02,-6.188365037600543417e+01
4.676668828125000346e+02,-6.847040138228679496e+01
4.676671757812500232e+02,-6.782672641834997762e+01
4.676674687500000118e+02,-7.726950542052884430e+01
4.676677617187500005e+02,-7.335861525790573978e+01
4.676680546874999891e+02,-6.778527017710825930e+01
4.676683476562500346e+02,-6.531840698338810114e+01
4.676686406250000232e+02,-6.315844773058358896e+01
4.676689335937500118e+02,-6.500850554155637440e+01
4.676692265625000005e+02,-7.542895947277393986e+01
4.676695195312499891e+02,-7.955224896575414562e+01
4.676698125000000346e+02,-7.103184835436981359e+01
4.676701054687500232e+02,-6.831376388675907663e+01
4.676703984375000118e+02,-6.166945282467074918e+01
4.676706914062500005e+02,-6.563584045315835169e+01
4.676709843749999891e+02,-6.913981346251279092e+01
4.676712773437500346e+02,-8.004467440793018795e+01
4.676715703125000232e+02,-6.711722016770175969e+01
4.676718632812500118e+02,-6.991777096901836330e+01
4.676721562500000005e+02,-6.988903761259116720e+01
4.676724492187499891e+02,-7.052599590611758629e+01
4.676727421875000346e+02,-6.376393202577315122e+01
4.676730351562500232e+02,-6.453066714553931149e+01
4.676733281250000118e+02,-7.271145966349871514e+01
4.676736210937500005e+02,-6.518843031331785198e+01
4.676739140624999891e+02,-6.668336669241539028e+01
4.676742070312500346e+02,-5.984082866200210304e+01
4.676745000000000232e+02,-6.338389392313388271e+01
4.676747929687500118e+02,-6.465648956550820969e+01
4.676750859375000005e+02,-6.723789744896319576e+01
4.676753789062499891e+02,-7.083093544001651765e+01
4.676756718750000346e+02,-6.897100127558655913e+01
4.676759648437500232e+02,-6.575608111683271773e+01
4.676762578125000118e+02,-6.606851868619891377e+01
4.676765507812500005e+02,-6.458214650944667312e+01
4.676768437499999891e+02,-6.878836847593230175e+01
4.676771367187500346e+02,-6.570143314934635725e+01
4.676774296875000232e+02,-5.957930814423902177e+01
4.676777226562500118e+02,-6.482828099115242537e+01
4.676780156250000005e+02,-5.905718169950431218e+01
4.676783085937499891e+02,-5.674239362805063536e+01
4.676786015625000346e+02,-6.031907796589969450e+01
4.676788945312500232e+02,-6.838234087271158046e+01
4.676791875000000118e+02,-6.753002714968314990e+01
4.676794804687500005e+02,-6.531015384782392630e+01
4.676797734374999891e+02,-6.276216453492673253e+01
4.676800664062500346e+02,-6.390369935516130084e+01
4.676803593750000232e+02,-7.165920927054601464e+01
4.676806523437500118e+02,-6.900791805153171765e+01
4.676809453125000005e+02,-6.467548576969365115e+01
4.676812382812499891e+02,-6.556915408335767381e+01
4.676815312500000346e+02,-6.850065792626278949e+01
4.676818242187500232e+02,-6.508470980139954065e+01
4.676821171875000118e+02,-6.180276557196545184e+01
4.676824101562500005e+02,-7.115671179732720475e+01
4.676827031249999891e+02,-6.918919162469450157e+01
4.676829960937500346e+02,-6.606345489258167447e+01
4.676832890625000232e+02,-6.565239190017683768e+01
4.676835820312500118e+02,-6.267740353224967009e+01
4.676838750000000005e+02,-6.299412435620926232e+01
4.676841679687499891e+02,-6.397630686936199140e+01
4.676844609375000346e+02,-7.169834580619033204e+01
4.676847539062500232e+02,-7.015656636511920397e+01
4.676850468750000118e+02,-6.791537148846185801e+01
4.676853398437500005e+02,-7.853347431378030308e+01
4.676856328124999891e+02,-7.198708578121943447e+01
4.676859257812500346e+02,-6.729910208632142599e+01
4.676862187500000232e+02,-6.442408045957925822e+01
4.676865117187500118e+02,-6.948595437580250689e+01
4.676868046875000005e+02,-8.768397106456603751e+01
4.676870976562499891e+02,-6.790246142188679812e+01
4.676873906250000346e+02,-6.159880708503884250e+01
4.676876835937500232e+02,-6.212525914581731001e+01
4.676879765625000118e+02,-6.815217921166988901e+01
4.676882695312500005e+02,-7.060238418948448214e+01
4.676885624999999891e+02,-6.910053233038107123e+01
4.676888554687500346e+02,-9.645226944991171081e+01
4.676891484375000232e+02,-7.967129750851866277e+01
4.676894414062500118e+02,-7.076401864571188582e+01
4.676897343750000005e+02,-6.696161132457548604e+01
4.676900273437499891e+02,-7.487061452194086542e+01
4.676903203125000346e+02,-6.902969074738774680e+01
4.676906132812500232e+02,-6.782261835171213704e+01
4.676909062500000118e+02,-7.652979342517423333e+01
4.676911992187500005e+02,-6.988628254078172120e+01
4.676914921874999891e+02,-6.954607655294874746e+01
4.676917851562500346e+02,-6.331698346117200060e+01
4.676920781250000232e+02,-6.256596755002289001e+01
4.676923710937500118e+02,-7.428714711044138141e+01
4.676926640625000005e+02,-6.842269190502339882e+01
4.676929570312499891e+02,-6.478248025330911730e+01
4.676932500000000346e+02,-6.438746560615764736e+01
4.676935429687500232e+02,-6.898942533819050027e+01
4.676938359375000118e+02,-6.396111989792633779e+01
4.676941289062500005e+02,-6.686785447265214088e+01
4.676944218749999891e+02,-6.668727697775440788e+01
4.676947148437500346e+02,-6.894515499186211116e+01
4.676950078125000232e+02,-7.421269144895697423e+01
4.676953007812500118e+02,-6.823281903723018615e+01
4.676955937500000005e+02,-6.906825184632860726e+01
4.676958867187499891e+02,-7.080251077563974604e+01
4.676961796875000346e+02,-6.989278799731033587e+01
4.676964726562500232e+02,-6.986469777776056844e+01
4.676967656250000118e+02,-7.401678803647956784e+01
4.676970585937500005e+02,-6.790323049310173076e+01
4.676973515624999891e+02,-7.507447111575774557e+01
4.676976445312500346e+02,-6.502504315380249977e+01
4.676979375000000232e+02,-6.676720493286860858e+01
4.676982304687500118e+02,-7.117413150103294583e+01
4.676985234375000005e+02,-7.300895919238475074e+01
4.676988164062499891e+02,-7.115261695141150255e+01
4.676991093750000346e+02,-6.725653979413826278e+01
4.676994023437500232e+02,-6.682287415141622944e+01
4.676996953125000118e+02,-6.711980547515183559e+01
4.676999882812500005e+02,-7.238183073480217899e+01
4.677002812499999891e+02,-7.377391026737993229e+01
4.677005742187500346e+02,-7.186753993026121634e+01
4.677008671875000232e+02,-6.700993898263885740e+01
4.677011601562500118e+02,-7.749484596390361446e+01
4.677014531250000005e+02,-7.284770427590346742e+01
4.677017460937499891e+02,-7.950380491881156786e+01
4.677020390625000346e+02,-7.155462624206093381e+01
4.677023320312500232e+02,-7.676077547473121854e+01
4.677026250000000118e+02,-7.037308626000354650e+01
4.677029179687500005e+02,-6.905589453792427435e+01
4.677032109374999891e+02,-8.079066677958493869e+01
4.677035039062500346e+02,-6.854502845147158041e+01
4.677037968750000232e+02,-7.070263528862055580e+01
4.677040898437500118e+02,-6.966374749338710615e+01
4.677043828125000005e+02,-7.016492062591315459e+01
4.677046757812499891e+02,-6.899719744010502609e+01
4.677049687500000346e+02,-6.817135449945725156e+01
4.677052617187500232e+02,-7.810834231913344183e+01
4.677055546875000118e+02,-6.978141367679374696e+01
4.677058476562500005e+02,-7.452746548321388786e+01
4.677061406249999891e+02,-8.113956148270580115e+01
4.677064335937500346e+02,-7.630207584295918366e+01
4.677067265625000232e+02,-8.014359685065868177e+01
4.677070195312500118e+02,-6.956981341106559569e+01
4.677073125000000005e+02,-6.970228670746622868e+01
4.677076054687499891e+02,-8.460899632233434886e+01
4.677078984375000346e+02,-8.409530416256508545e+01
4.677081914062500232e+02,-9.229297806990913955e+01
4.677084843750000118e+02,-8.009736987310213863e+01
4.677087773437500005e+02,-7.396937380143737073e+01
4.677090703124999891e+02,-7.172234404865631063e+01
4.677093632812500346e+02,-7.361254593940819291e+01
4.677096562500000232e+02,-7.507799601666947353e+01
4.677099492187500118e+02,-7.668506797659033225e+01
4.677102421875000005e+02,-6.971835353740723917e+01
4.677105351562499891e+02,-7.023632724284969697e+01
4.677108281250000346e+02,-7.366346580816163225e+01
4.677111210937500232e+02,-7.586618240238755106e+01
4.677114140625000118e+02,-7.942341989894579513e+01
4.677117070312500005e+02,-7.804871171776976269e+01
4.677119999999999891e+02,-7.222243590185307482e+01
4.677122929687500346e+02,-6.755456851190962198e+01
4.677125859375000232e+02,-7.051783224816551865e+01
4.677128789062500118e+02,-7.413051519679562773e+01
4.677131718750000005e+02,-6.526246018140003002e+01
4.677134648437499891e+02,-6.568500485990642801e+01
4.677137578125000346e+02,-7.127492093475845536e+01
4.677140507812500232e+02,-6.900530777526947190e+01
4.677143437500000118e+02,-6.740829053986939812e+01
4.677146367187500005e+02,-7.442203872796932274e+01
4.677149296874999891e+02,-7.492363278088872391e+01
4.677152226562500346e+02,-6.989437699366958157e+01
4.677155156250000232e+02,-7.709136546201601448e+01
4.677158085937500118e+02,-8.084359565544093584e+01
4.677161015625000005e+02,-7.845624080108134990e+01
4.677163945312499891e+02,-7.579824489680800070e+01
4.677166875000000346e+02,-7.151247757634888558e+01
4.677169804687500232e+02,-6.725851796851476649e+01
4.677172734375000118e+02,-6.756232548306829244e+01
4.677175664062500005e+02,-6.751272531250829445e+01
4.677178593749999891e+02,-6.995229560310231420e+01
4.677181523437500346e+02,-9.430277127130423764e+01
4.677184453125000232e+02,-7.859234460159964897e+01
4.677187382812500118e+02,-8.058734517563628685e+01
4.677190312500000005e+02,-8.241474531278363713e+01
4.677193242187499891e+02,-9.282040123391452369e+01
4.677196171875000346e+02,-6.945552586740940626e+01
4.677199101562500232e+02,-7.033626950773745534e+01
4.677202031250000118e+02,-7.225435633979111572e+01
4.677204960937500005e+02,-6.980668983694188512e+01
4.677207890624999891e+02,-7.471209520589650310e+01
4.677210820312500346e+02,-7.370064462271395200e+01
4.677213750000000232e+02,-6.902111187722371710e+01
4.677216679687500118e+02,-7.202113308638443812e+01
4.677219609375000005e+02,-7.823859364369585023e+01
4.677222539062499891e+02,-9.012078348150916440e+01
4.677225468750000346e+02,-8.065476041478866875e+01
4.677228398437500232e+02,-7.322488006696757168e+01
4.677231328125000118e+02,-6.850115529866567954e+01
4.677234257812500005e+02,-7.481875830760782264e+01
4.677237187499999891e+02,-7.241206634055129143e+01
4.677240117187500346e+02,-7.141195932868141938e+01
4.677243046875000232e+02,-7.295532327282880658e+01
4.677245976562500118e+02,-7.180866301261852414e+01
4.677248906250000005e+02,-7.177743744723223074e+01
4.677251835937499891e+02,-7.281495570128683426e+01
4.677254765625000346e+02,-6.956440642071410707e+01
4.677257695312500232e+02,-8.124254617303560622e+01
4.677260625000000118e+02,-8.072838393604703811e+01
4.677263554687500005e+02,-7.532134224527369781e+01
4.677266484374999891e+02,-7.301237221176920400e+01
4.677269414062500346e+02,-7.880574785031170393e+01
4.677272343750000232e+02,-7.628048477403268635e+01
4.677275273437500118e+02,-7.652370329600306320e+01
4.677278203125000005e+02,-8.812426204432277643e+01
4.677281132812499891e+02,-7.325472160008069977e+01
4.677284062500000346e+02,-7.513951646208725776e+01
4.677286992187500232e+02,-8.235106667028321681e+01
4.677289921875000118e+02,-7.799196630523523766e+01
4.677292851562500005e+02,-7.460450054802745967e+01
4.677295781249999891e+02,-6.939459054681448436e+01
4.677298710937500346e+02,-7.976679331253548355e+01
4.677301640625000232e+02,-7.494167263393983092e+01
4.677304570312500118e+02,-7.033180771950176791e+01
4.677307500000000005e+02,-6.733990898352632826e+01
4.677310429687499891e+02,-6.927147567969402076e+01
4.677313359375000346e+02,-7.174877400720446019e+01
4.677316289062500232e+02,-7.452390643808045922e+01
4.677319218750000118e+02,-8.474319001825446662e+01
4.677322148437500005e+02,-7.502395298678283098e+01
4.677325078124999891e+02,-7.105457564872602916e+01
4.677328007812500346e+02,-7.355065130303620435e+01
4.677330937500000232e+02,-7.770647832990283632e+01
4.677333867187500118e+02,-7.551339808113149843e+01
4.677336796875000005e+02,-7.459409402851291304e+01
4.677339726562499891e+02,-6.954288827486224989e+01
4.677342656250000346e+02,-7.302678451822907846e+01
4.677345585937500232e+02,-7.172621764088316354e+01
4.677348515625000118e+02,-7.177448078513796759e+01
4.677351445312500005e+02,-8.177516684108906020e+01
4.677354374999999891e+02,-8.336998858054221273e+01
4.677357304687500346e+02,-6.991216220361231137e+01
4.677360234375000232e+02,-6.838608353495720849e+01
4.677363164062500118e+02,-8.420152642076777738e+01
4.677366093750000005e+02,-7.187764763527373191e+01
4.677369023437499891e+02,-7.199482257188513756e+01
4.677371953125000346e+02,-7.325977548141389661e+01
4.677374882812500232e+02,-7.688407544881533795e+01
4.677377812500000118e+02,-7.800466049499493693e+01
4.677380742187500005e+02,-7.362523171304053449e+01
4.677383671874999891e+02,-7.279910435595866147e+01
4.677386601562500346e+02,-7.433735977224759495e+01
4.677389531250000232e+02,-7.675987469241121630e+01
4.677392460937500118e+02,-7.164351101210669981e+01
4.677395390625000005e+02,-7.901141360843480754e+01
4.677398320312499891e+02,-7.456952819151851486e+01
4.677401250000000346e+02,-7.328177819857535269e+01
4.677404179687500232e+02,-7.013570237994518664e+01
4.677407109375000118e+02,-7.590090137551565874e+01
4.677410039062500005e+02,-8.131633555534442337e+01
4.677412968749999891e+02,-7.417121701834564362e+01
4.677415898437500346e+02,-7.956005065004660537e+01
4.677418828125000232e+02,-6.898558802983603755e+01
4.677421757812500118e+02,-7.821307214016256637e+01
4.677424687500000005e+02,-6.934681479403126048e+01
4.677427617187499891e+02,-7.105173735359250031e+01
4.677430546875000346e+02,-7.119123214407952105e+01
4.677433476562500232e+02,-7.512632013276365228e+01
4.677436406250000118e+02,-7.522418262499695629e+01
4.677439335937500005e+02,-9.237366544908789479e+01
4.677442265624999891e+02,-7.533551161673382524e+01
4.677445195312500346e+02,-7.020819322601349199e+01
4.677448125000000232e+02,-7.008743822600015960e+01
4.677451054687500118e+02,-7.527409700223014966e+01
4.677453984375000005e+02,-6.908768157308242053e+01
4.677456914062499891e+02,-6.690155155253964381e+01
4.677459843750000346e+02,-7.706943743189771112e+01
4.677462773437500232e+02,-7.364147048248237581e+01
4.677465703125000118e+02,-7.189765076074570516e+01
4.677468632812500005e+02,-7.700032555607891993e+01
4.677471562499999891e+02,-8.060064301890223248e+01
4.677474492187500346e+02,-8.209278967133683125e+01
4.677477421875000232e+02,-7.530937235105410821e+01
4.677480351562500118e+02,-6.634017509957953962e+01
4.677483281250000005e+02,-6.838815614400054699e+01
4.677486210937499891e+02,-7.205241964172773805e+01
4.677489140625000346e+02,-7.357584337243149264e+01
4.677492070312500232e+02,-7.103572763198030771e+01
4.677495000000000118e+02,-7.427689830264574766e+01
4.677497929687500005e+02,-8.298240989348951757e+01
4.677500859374999891e+02,-7.182344232359460534e+01
4.677503789062500346e+02,-6.889441295813480792e+01
4.677506718750000232e+02,-6.804673367696024400e+01
4.677509648437500118e+02,-7.863952828839872211e+01
4.677512578125000005e+02,-8.499297325796004543e+01
4.677515507812499891e+02,-8.480198720177016014e+01
4.677518437500000346e+02,-7.482315521345933007e+01
4.677521367187500232e+02,-7.300482650701289344e+01
4.677524296875000118e+02,-7.048837681760934970e+01
4.677527226562500005e+02,-7.952433929615445152e+01
4.677530156249999891e+02,-6.727996855465492843e+01
4.677533085937500346e+02,-6.766622484052693665e+01
4.677536015625000232e+02,-6.929424353589416796e+01
4.677538945312500118e+02,-6.926437529531671089e+01
4.677541875000000005e+02,-6.823606755855131212e+01
4.677544804687499891e+02,-6.942560999643491471e+01
4.677547734375000346e+02,-7.346492678560538536e+01
4.677550664062500232e+02,-6.959549379324548113e+01
4.677553593750000118e+02,-6.943022783510622276e+01
4.677556523437500005e+02,-7.333911083741726600e+01
4.677559453124999891e+02,-7.068708244829352338e+01
4.677562382812500346e+02,-7.451271178974945997e+01
4.677565312500000232e+02,-7.053315839259349218e+01
4.677568242187500118e+02,-7.388890792534344598e+01
4.677571171875000005e+02,-8.164715449473811759e+01
4.677574101562499891e+02,-8.118020469294719987e+01
4.677577031250000346e+02,-7.383812635301809735e+01
4.677579960937500232e+02,-7.531372318685529876e+01
4.677582890625000118e+02,-7.126253778022716290e+01
4.677585820312500005e+02,-7.177186755021836007e+01
4.677588749999999891e+02,-7.855976991558308953e+01
4.677591679687500346e+02,-7.239801740755217452e+01
4.677594609375000232e+02,-7.943500974484175003e+01
4.677597539062500118e+02,-7.676208420260395826e+01
4.677600468750000005e+02,-7.046561879990804300e+01
4.677603398437499891e+02,-7.254282779482163335e+01
4.677606328125000346e+02,-7.995518292957905260e+01
4.677609257812500232e+02,-8.497050220584409885e+01
4.677612187500000118e+02,-7.480401512201120795e+01
4.677615117187500005e+02,-7.443851628507053420e+01
4.677618046874999891e+02,-7.240654516766909410e+01
4.677620976562500346e+02,-6.882251283477083348e+01
4.677623906250000232e+02,-8.224661032307855635e+01
4.677626835937500118e+02,-7.783724444311218349e+01
4.677629765625000005e+02,-7.500972827864430315e+01
4.677632695312499891e+02,-7.000638795603830999e+01
4.677635625000000346e+02,-7.460363690118528268e+01
4.677638554687500232e+02,-7.830378327449926701e+01
4.677641484375000118e+02,-7.062754812692459438e+01
4.677644414062500005e+02,-8.062218175601859116e+01
4.677647343749999891e+02,-7.426298864975672132e+01
4.677650273437500346e+02,-6.870701786746755602e+01
4.677653203125000232e+02,-8.103638788700092732e+01
4.677656132812500118e+02,-7.319380883042458663e+01
4.677659062500000005e+02,-7.261370797985523495e+01
4.677661992187499891e+02,-7.258758624673239979e+01
4.677664921875000346e+02,-8.200763541890745500e+01
4.677667851562500232e+02,-7.002213725150775758e+01
4.677670781250000118e+02,-6.762653341412223540e+01
4.677673710937500005e+02,-9.561177702110333598e+01
4.677676640624999891e+02,-7.803171088942414713e+01
4.677679570312500346e+02,-7.535686023311801307e+01
4.677682500000000232e+02,-6.992039255251087582e+01
4.677685429687500118e+02,-8.238071206823715897e+01
4.677688359375000005e+02,-7.190788913372256275e+01
4.677691289062499891e+02,-7.132507215330535644e+01
4.677694218750000346e+02,-7.328937390252549733e+01
4.677697148437500232e+02,-8.114129818004099093e+01
4.677700078125000118e+02,-7.240854390594346057e+01
4.677703007812500005e+02,-7.545279213085038350e+01
4.677705937499999891e+02,-7.058172984981310094e+01
4.677708867187500346e+02,-7.135164873515515183e+01
4.677711796875000232e+02,-7.731979844217542563e+01
4.677714726562500118e+02,-7.529040612351869299e+01
4.677717656250000005e+02,-7.075131240707102620e+01
4.677720585937499891e+02,-6.653642387129397662e+01
4.677723515625000346e+02,-6.760322298009475617e+01
4.677726445312500232e+02,-6.702984586976897674e+01
4.677729375000000118e+02,-6.523041691746347226e+01
4.677732304687500005e+02,-6.713882765074193060e+01
4.677735234374999891e+02,-7.408362432342188697e+01
4.677738164062500346e+02,-8.055535833628727005e+01
4.677741093750000232e+02,-7.651818424978267785e+01
4.677744023437500118e+02,-7.647163950461066406e+01
4.677746953125000005e+02,-7.183200356103560580e+01
4.677749882812499891e+02,-6.817055178144286742e+01
4.677752812500000346e+02,-6.837710626603873720e+01
4.677755742187500232e+02,-6.886161485721599718e+01
4.677758671875000118e+02,-6.974833639260788232e+01
4.677761601562500005e+02,-7.930718250065015695e+01
4.677764531249999891e+02,-7.620164174171802074e+01
4.677767460937500346e+02,-6.890554772068446709e+01
4.677770390625000232e+02,-6.775153291241417719e+01
4.677773320312500118e+02,-7.223783085890917732e+01
4.677776250000000005e+02,-8.610949495079327676e+01
4.677779179687499891e+02,-8.052597406862591356e+01
4.677782109375000346e+02,-7.560179221954054185e+01
4.677785039062500232e+02,-7.209280494948296791e+01
4.677787968750000118e+02,-6.968553957962691925e+01
4.677790898437500005e+02,-7.802583772883571100e+01
4.677793828124999891e+02,-7.734223085301397305e+01
4.677796757812500346e+02,-8.107648013165669454e+01
4.677799687500000232e+02,-8.562444256182376989e+01
4.677802617187500118e+02,-7.627359621099176934e+01
4.677805546875000005e+02,-7.536673535403798496e+01
4.677808476562499891e+02,-7.572029981074535954e+01
4.677811406250000346e+02,-7.604049417616232631e+01
4.677814335937500232e+02,-7.073748128140029223e+01
4.677817265625000118e+02,-7.694468500156634150e+01
4.677820195312500005e+02,-7.086366650808928114e+01
4.677823124999999891e+02,-7.704952741711312569e+01
4.677826054687500346e+02,-8.481248734988541571e+01
4.677828984375000232e+02,-7.089867206144226941e+01
4.677831914062500118e+02,-6.722132418208013860e+01
4.677834843750000005e+02,-7.080586027719346021e+01
4.677837773437499891e+02,-7.372423619393242689e+01
4.677840703125000346e+02,-7.627715133320468510e+01
4.677843632812500232e+02,-7.806033601682828760e+01
4.677846562500000118e+02,-7.966486215015756045e+01
4.677849492187500005e+02,-7.515294919711129751e+01
4.677852421874999891e+02,-6.672804811359057453e+01
4.677855351562500346e+02,-6.985688679328514183e+01
4.677858281250000232e+02,-8.549748167843446822e+01
4.677861210937500118e+02,-7.203145501314797627e+01
4.677864140625000005e+02,-6.839636238011036085e+01
4.677867070312499891e+02,-7.349325295760196752e+01
4.677870000000000346e+02,-7.362379471482492477e+01
4.677872929687500232e+02,-6.703547309796631737e+01
4.677875859375000118e+02,-6.869164848408276214e+01
4.677878789062500005e+02,-7.202007279779719795e+01
4.677881718749999891e+02,-7.849976538949526628e+01
4.677884648437500346e+02,-9.861497646039062204e+01
4.677887578125000232e+02,-7.600904583971629336e+01
4.677890507812500118e+02,-7.813183403788384851e+01
4.677893437500000005e+02,-8.750546451032811035e+01
4.677896367187499891e+02,-7.700827083295067155e+01
4.677899296875000346e+02,-7.575872493455135270e+01
4.677902226562500232e+02,-7.155296686318173727e+01
4.677905156250000118e+02,-7.715798595925261338e+01
4.677908085937500005e+02,-7.370752733453576866e+01
4.677911015624999891e+02,-7.332557325679641735e+01
4.677913945312500346e+02,-7.548249128355391235e+01
4.677916875000000232e+02,-8.075944792243188886e+01
4.677919804687500118e+02,-7.611605537258694198e+01
4.677922734375000005e+02,-7.841748247265383043e+01
4.677925664062499891e+02,-7.209977876276010988e+01
4.677928593750000346e+02,-6.925193444893903916e+01
4.677931523437500232e+02,-7.828946774826822264e+01
4.677934453125000118e+02,-7.110059066029958785e+01
4.677937382812500005e+02,-7.303884774347976361e+01
4.677940312499999891e+02,-7.415178758861392794e+01
4.677943242187500346e+02,-7.849734037560979516e+01
4.677946171875000232e+02,-7.489041124806425387e+01
4.677949101562500118e+02,-8.025378431149596281e+01
4.677952031250000005e+02,-7.696624990717323556e+01
4.677954960937499891e+02,-8.956001376826142746e+01
4.677957890625000346e+02,-7.722498515544148745e+01
4.677960820312500232e+02,-7.532512242044634831e+01
4.677963750000000118e+02,-8.097636245120952481e+01
4.677966679687500005e+02,-7.795380083007596284e+01
4.677969609374999891e+02,-7.640393465089024971e+01
4.677972539062500346e+02,-7.410809712447316144e+01
4.677975468750000232e+02,-7.782898899949637439e+01
4.677978398437500118e+02,-7.960793164891782681e+01
4.677981328125000005e+02,-7.639816375649968450e+01
4.677984257812499891e+02,-7.656465033532464304e+01
4.677987187500000346e+02,-8.583988909309825033e+01
4.677990117187500232e+02,-7.636152042610463297e+01
4.677993046875000118e+02,-7.724491410813934067e+01
4.677995976562500005e+02,-7.324904827264090557e+01
4.677998906249999891e+02,-8.071061569458510121e+01
4.678001835937500346e+02,-7.515266638143299360e+01
4.678004765625000232e+02,-8.206772317449251375e+01
4.678007695312500118e+02,-8.216070453294619824e+01
4.678010625000000005e+02,-8.689848136550182289e+01
4.678013554687499891e+02,-8.032427109097332618e+01
4.678016484375000346e+02,-8.103946530711814944e+01
4.678019414062500232e+02,-7.681493110230431398e+01
4.678022343750000118e+02,-7.777896841077546242e+01
4.678025273437500005e+02,-7.430401007188889650e+01
4.678028203124999891e+02,-7.781285342251132420e+01
4.678031132812500346e+02,-7.340346801223530804e+01
4.678034062500000232e+02,-7.724135238404126369e+01
4.678036992187500118e+02,-7.693785134993056829e+01
4.678039921875000005e+02,-7.771038263972776861e+01
4.678042851562499891e+02,-7.555313764070514537e+01
4.678045781250000346e+02,-7.736314519472168172e+01
4.678048710937500232e+02,-7.527434944228330949e+01
4.678051640625000118e+02,-7.261218302104929023e+01
4.678054570312500005e+02,-8.363086888192869139e+01
4.678057499999999891e+02,-7.935774384653609559e+01
4.678060429687500346e+02,-8.389871774389932568e+01
4.678063359375000232e+02,-7.408151917761105665e+01
4.678066289062500118e+02,-7.350543001487258721e+01
4.678069218750000005e+02,-8.973871162490341646e+01
4.678072148437499891e+02,-8.129004426540822692e+01
4.678075078125000346e+02,-8.289312857851263061e+01
4.678078007812500232e+02,-7.572154126613588687e+01
4.678080937500000118e+02,-8.855263146420554676e+01
4.678083867187500005e+02,-7.762471293874388323e+01
4.678086796874999891e+02,-7.752828315439231233e+01
4.678089726562500346e+02,-8.263998139065529358e+01
4.678092656250000232e+02,-7.680524377496185195e+01
4.678095585937500118e+02,-7.305317766148444036e+01
4.678098515625000005e+02,-7.789647651706528109e+01
4.678101445312499891e+02,-8.025667741633847641e+01
4.678104375000000346e+02,-8.426093477133939302e+01
4.678107304687500232e+02,-8.106456395281888661e+01
4.678110234375000118e+02,-7.795282912070621251e+01
4.678113164062500005e+02,-7.953185296089772294e+01
4.678116093749999891e+02,-7.775837764161933308e+01
4.678119023437500346e+02,-8.518650171873090926e+01
4.678121953125000232e+02,-7.538546480465329580e+01
4.678124882812500118e+02,-7.881871886333789234e+01
4.678127812500000005e+02,-7.449328337638787900e+01
4.678130742187499891e+02,-8.625284882295233047e+01
4.678133671875000346e+02,-7.192886364738387783e+01
4.678136601562500232e+02,-7.323737491260787635e+01
4.678139531250000118e+02,-7.253975818589054825e+01
4.678142460937500005e+02,-7.354257351130046061e+01
4.678145390624999891e+02,-7.949013097606911060e+01
4.678148320312500346e+02,-7.379553895083839166e+01
4.678151250000000232e+02,-7.628708310285112759e+01
4.678154179687500118e+02,-7.457428052791929929e+01
4.678157109375000005e+02,-6.835944325892438656e+01
4.678160039062499891e+02,-6.748266086995087676e+01
4.678162968750000346e+02,-7.274138051015249573e+01
4.678165898437500232e+02,-7.860544504909995567e+01
4.678168828125000118e+02,-7.919601606436162911e+01
4.678171757812500005e+02,-7.764561143274612220e+01
4.678174687499999891e+02,-7.335468517792455145e+01
4.678177617187500346e+02,-6.930412078269061738e+01
4.678180546875000232e+02,-6.756426260340542456e+01
4.678183476562500118e+02,-6.762914393041074845e+01
4.678186406250000005e+02,-6.896989905649432728e+01
4.678189335937499891e+02,-7.131274039212308935e+01
4.678192265625000346e+02,-7.837341312344355515e+01
4.678195195312500232e+02,-7.563814743129155715e+01
4.678198125000000118e+02,-7.234886228691027554e+01
4.678201054687500005e+02,-7.140986961018653290e+01
4.678203984374999891e+02,-7.738939954143573630e+01
4.678206914062500346e+02,-7.923333113658544846e+01
4.678209843750000232e+02,-8.736733818363241255e+01
4.678212773437500118e+02,-8.416099001954209768e+01
4.678215703125000005e+02,-7.470125525483777551e+01
4.678218632812499891e+02,-7.429855421048712572e+01
4.678221562500000346e+02,-7.288043535574053067e+01
4.678224492187500232e+02,-6.994236561767620231e+01
4.678227421875000118e+02,-6.860811592144017368e+01
4.678230351562500005e+02,-7.010574795631876555e+01
4.678233281249999891e+02,-7.690664391598669170e+01
4.678236210937500346e+02,-8.309929379811572403e+01
4.678239140625000232e+02,-7.414223251434609097e+01
4.678242070312500118e+02,-7.090110121363628082e+01
4.678245000000000005e+02,-7.895371099666226655e+01
4.678247929687499891e+02,-7.137809331365181720e+01
4.678250859375000346e+02,-8.785418425951810661e+01
4.678253789062500232e+02,-8.043993782719417140e+01
4.678256718750000118e+02,-7.534164517108781922e+01
4.678259648437500005e+02,-7.394875324430670105e+01
4.678262578124999891e+02,-7.201975178974045377e+01
4.678265507812500346e+02,-7.961308222416577962e+01
4.678268437500000232e+02,-9.228603478104282942e+01
4.678271367187500118e+02,-8.345297258778342098e+01
4.678274296875000005e+02,-7.782645933604746347e+01
4.678277226562499891e+02,-8.473816752967542243e+01
4.678280156250000346e+02,-7.223498912559095686e+01
4.678283085937500232e+02,-7.078657194123546503e+01
4.678286015625000118e+02,-7.397717873269448319e+01
4.678288945312500005e+02,-9.774239891265857239e+01
4.678291874999999891e+02,-7.740269326828931185e+01
4.678294804687500346e+02,-8.415034458485374103e+01
4.678297734375000232e+02,-8.093654238819547686e+01
4.678300664062500118e+02,-7.785548255762437009e+01
4.678303593750000005e+02,-7.204518961342766659e+01
4.678306523437499891e+02,-7.032561786095715206e+01
4.678309453125000346e+02,-8.143105615780245898e+01
4.678312382812500232e+02,-9.170529831513648844e+01
4.678315312500000118e+02,-7.158762728439198497e+01
4.678318242187500005e+02,-6.869990777198060528e+01
4.678321171874999891e+02,-8.329782647403490614e+01
4.678324101562500346e+02,-7.946430413769492418e+01
4.678327031250000232e+02,-7.624294871930177919e+01
4.678329960937500118e+02,-7.738687074556104051e+01
4.678332890625000005e+02,-8.012149205591975942e+01
4.678335820312499891e+02,-7.859624672535943546e+01
4.678338750000000346e+02,-7.582333628749188392e+01
4.678341679687500232e+02,-7.761343338211412402e+01
4.678344609375000118e+02,-7.870913377820772894e+01
4.678347539062500005e+02,-7.319151809132461040e+01
4.678350468749999891e+02,-7.243322342911477563e+01
4.678353398437500346e+02,-7.200758729638056366e+01
4.678356328125000232e+02,-7.427751827188886580e+01
4.678359257812500118e+02,-8.102947080234656596e+01
4.678362187500000005e+02,-7.633352650612810919e+01
4.678365117187499891e+02,-7.921537408565666283e+01
4.678368046875000346e+02,-8.766077129654522082e+01
4.678370976562500232e+02,-7.794653275696050798e+01
4.678373906250000118e+02,-7.336513108330728983e+01
4.678376835937500005e+02,-6.938527345811725411e+01
4.678379765624999891e+02,-7.744692929980924134e+01
4.678382695312500346e+02,-8.934551435735036762e+01
4.678385625000000232e+02,-7.635895873260237465e+01
4.678388554687500118e+02,-7.639696346340052457e+01
4.678391484375000005e+02,-7.686127789723266801e+01
4.678394414062499891e+02,-7.267647541330413219e+01
4.678397343750000346e+02,-7.482205762182780973e+01
4.678400273437500232e+02,-7.543735435743030848e+01
4.678403203125000118e+02,-7.450625736038003311e+01
4.678406132812500005e+02,-7.634035208211651025e+01
4.678409062499999891e+02,-7.784350322854496085e+01
4.678411992187500346e+02,-7.898663551337156719e+01
4.678414921875000232e+02,-7.692872966476218721e+01
4.678417851562500118e+02,-7.403267158917658719e+01
4.678420781250000005e+02,-7.494727335055800665e+01
4.678423710937499891e+02,-9.250183545337330315e+01
4.678426640625000346e+02,-7.556266120114985085e+01
4.678429570312500232e+02,-7.805316355778376192e+01
4.678432500000000118e+02,-8.506432454326970571e+01
4.678435429687500005e+02,-8.231442535753082268e+01
4.678438359374999891e+02,-7.836595969300108777e+01
4.678441289062500346e+02,-7.607468063899557364e+01
4.678444218750000232e+02,-8.558868261988016002e+01
4.678447148437500118e+02,-7.331841516951348581e+01
4.678450078125000005e+02,-7.740074814676394510e+01
4.678453007812499891e+02,-8.484099547585074674e+01
4.678455937500000346e+02,-7.934162191417291865e+01
4.678458867187500232e+02,-8.691406997154537351e+01
4.678461796875000118e+02,-7.600898952662677743e+01
4.678464726562500005e+02,-7.437895420154573856e+01
4.678467656249999891e+02,-7.749342934290197604e+01
4.678470585937500346e+02,-8.121127824349949265e+01
4.678473515625000232e+02,-7.584337426153450679e+01
4.678476445312500118e+02,-8.153862176519282912e+01
4.678479375000000005e+02,-7.835499021634736039e+01
4.678482304687499891e+02,-8.136390336521124311e+01
4.678485234375000346e+02,-7.373219217730030550e+01
4.678488164062500232e+02,-7.255275736873099390e+01
4.678491093750000118e+02,-7.156871485210601236e+01
4.678494023437500005e+02,-8.408460248846814977e+01
4.678496953124999891e+02,-7.388278849039772922e+01
4.678499882812500346e+02,-8.015531951515899323e+01
4.678502812500000232e+02,-8.237684108957253670e+01
4.678505742187500118e+02,-8.976440322001259631e+01
4.678508671875000005e+02,-8.191603771931366396e+01
4.678511601562499891e+02,-8.567722494990805160e+01
4.678514531250000346e+02,-8.670682309732711701e+01
4.678517460937500232e+02,-7.486819407686373040e+01
4.678520390625000118e+02,-7.561138383854931533e+01
4.678523320312500005e+02,-8.263344131497335354e+01
4.678526249999999891e+02,-8.076884560840679228e+01
4.678529179687500346e+02,-7.687316673233152642e+01
4.678532109375000232e+02,-7.713283770902128822e+01
4.678535039062500118e+02,-7.212658709805724300e+01
4.678537968750000005e+02,-6.979585029166750587e+01
4.678540898437499891e+02,-7.601708529893753052e+01
4.678543828125000346e+02,-8.330426257514344002e+01
4.678546757812500232e+02,-7.553837432382124462e+01
4.678549687500000118e+02,-8.305472259196594109e+01
4.678552617187500005e+02,-7.821709710271611016e+01
4.678555546874999891e+02,-8.912227555894591546e+01
4.678558476562500346e+02,-9.468543127851559404e+01
4.678561406250000232e+02,-1.066870288158443429e+02
4.678564335937500118e+02,-7.508775227944235553e+01
4.678567265625000005e+02,-7.127423504898219164e+01
4.678570195312499891e+02,-7.680660381222830324e+01
4.678573125000000346e+02,-7.958923841078879491e+01
4.678576054687500232e+02,-7.678659254057724581e+01
4.678578984375000118e+02,-8.643896779941790953e+01
4.678581914062500005e+02,-8.285094560193877555e+01
4.678584843749999891e+02,-8.406532484721927290e+01
4.678587773437500346e+02,-7.981040548086789954e+01
4.678590703125000232e+02,-7.897756486984346225e+01
4.678593632812500118e+02,-9.209899788840223778e+01
4.678596562500000005e+02,-9.412882999330543043e+01
4.678599492187499891e+02,-8.275230581950737019e+01
4.678602421875000346e+02,-8.023211763499377014e+01
4.678605351562500232e+02,-1.058377006317001587e+02
4.678608281250000118e+02,-8.209400455585884515e+01
4.678611210937500005e+02,-8.879369555048596396e+01
4.678614140624999891e+02,-7.943019994758221003e+01
4.678617070312500346e+02,-7.562308915234156359e+01
4.678620000000000232e+02,-7.947645256567354011e+01
4.678622929687500118e+02,-7.661615194590125100e+01
4.678625859375000005e+02,-7.352232878262603322e+01
4.678628789062499891e+02,-7.204069421831134434e+01
4.678631718750000346e+02,-7.682836319001199854e+01
4.678634648437500232e+02,-8.068821197523314481e+01
4.678637578125000118e+02,-9.798751384712183210e+01
4.678640507812500005e+02,-8.992253775152559570e+01
4.678643437499999891e+02,-7.671989136827572509e+01
4.678646367187500346e+02,-9.017978387488523140e+01
4.678649296875000232e+02,-8.165908790561380215e+01
4.678652226562500118e+02,-9.187405877910136098e+01
4.678655156250000005e+02,-9.429246710985340485e+01
4.678658085937499891e+02,-8.774587395119311850e+01
4.678661015625000346e+02,-9.146641807844054028e+01
4.678663945312500232e+02,-8.755112425016962163e+01
4.678666875000000118e+02,-8.759526593553201224e+01
4.678669804687500005e+02,-7.859845222904245077e+01
4.678672734374999891e+02,-7.715694381975387728e+01
4.678675664062500346e+02,-7.930879482143885184e+01
4.678678593750000232e+02,-7.903702857647195401e+01
4.678681523437500118e+02,-7.850578484035004578e+01
4.678684453125000005e+02,-8.285352872362496157e+01
4.678687382812499891e+02,-8.311980712112445246e+01
4.678690312500000346e+02,-7.647511889765026183e+01
4.678693242187500232e+02,-7.502669492448620758e+01
4.678696171875000118e+02,-7.984958701732070097e+01
4.678699101562500005e+02,-7.623169614752487178e+01
4.678702031249999891e+02,-8.466868518516872655e+01
4.678704960937500346e+02,-8.148298992448026468e+01
4.678707890625000232e+02,-8.011355144691461305e+01
4.678710820312500118e+02,-8.597935801633659025e+01
4.678713750000000005e+02,-8.058801163468928053e+01
4.678716679687499891e+02,-7.912149871217526709e+01
4.678719609375000346e+02,-9.581358967429368079e+01
4.678722539062500232e+02,-9.375091283529008024e+01
4.678725468750000118e+02,-8.357393403406484822e+01
4.678728398437500005e+02,-8.553584287155892696e+01
4.678731328124999891e+02,-7.609114003242709146e+01
4.678734257812500346e+02,-7.379836465829663439e+01
4.678737187500000232e+02,-8.376694646943553835e+01
4.678740117187500118e+02,-7.706103213300633570e+01
4.678743046875000005e+02,-7.433754218021046256e+01
4.678745976562499891e+02,-8.412145317656909072e+01
4.678748906250000346e+02,-8.613259651355929236e+01
4.678751835937500232e+02,-7.799315694958301037e+01
4.678754765625000118e+02,-7.786442465846704408e+01
4.678757695312500005e+02,-8.527473030563861300e+01
4.678760624999999891e+02,-7.654491307434950897e+01
4.678763554687500346e+02,-7.294003724379858511e+01
4.678766484375000232e+02,-7.613971176164379528e+01
4.678769414062500118e+02,-8.282599066662071152e+01
4.678772343750000005e+02,-8.590713102904460641e+01
4.678775273437499891e+02,-8.363672086944944795e+01
4.678778203125000346e+02,-8.209178644808922343e+01
4.678781132812500232e+02,-7.900492695577642621e+01
4.678784062500000118e+02,-7.654909204327478278e+01
4.678786992187500005e+02,-7.394704168364243912e+01
4.678789921874999891e+02,-8.214435929804933778e+01
4.678792851562500346e+02,-8.106841828453508469e+01
4.678795781250000232e+02,-8.575068399825374854e+01
4.678798710937500118e+02,-7.658089476283961972e+01
4.678801640625000005e+02,-7.905581863489685190e+01
4.678804570312499891e+02,-7.676711571563117786e+01
4.678807500000000346e+02,-7.854033710725619244e+01
4.678810429687500232e+02,-8.741760085287404536e+01
4.678813359375000118e+02,-8.496254872075076037e+01
4.678816289062500005e+02,-7.757966925936560187e+01
4.678819218749999891e+02,-7.751953984011473153e+01
4.678822148437500346e+02,-8.633247466261533987e+01
4.678825078125000232e+02,-8.125662318755036040e+01
4.678828007812500118e+02,-8.488295627419161349e+01
4.678830937500000005e+02,-8.122614802991853367e+01
4.678833867187499891e+02,-8.257971917351744651e+01
4.678836796875000346e+02,-8.839098244115172065e+01
4.678839726562500232e+02,-7.336284441895256236e+01
4.678842656250000118e+02,-7.638869917989987357e+01
4.678845585937500005e+02,-8.039494388898430088e+01
4.678848515624999891e+02,-7.841747902503483658e+01
4.678851445312500346e+02,-7.374096728739255013e+01
4.678854375000000232e+02,-7.690782199541025932e+01
4.678857304687500118e+02,-8.630525424803232681e+01
4.678860234375000005e+02,-8.810872114904286434e+01
4.678863164062499891e+02,-7.807483239935844210e+01
4.678866093750000346e+02,-7.641761664882587013e+01
4.678869023437500232e+02,-7.238577954859081842e+01
4.678871953125000118e+02,-7.796859888247112735e+01
4.678874882812500005e+02,-8.381547262817322519e+01
4.678877812499999891e+02,-8.303625293454658163e+01
4.678880742187500346e+02,-8.422011565327805727e+01
4.678883671875000232e+02,-8.655119284713433103e+01
4.678886601562500118e+02,-9.776094630158002019e+01
4.678889531250000005e+02,-8.613328172662947679e+01
4.678892460937499891e+02,-8.405489262396292816e+01
4.678895390625000346e+02,-8.400489900095811890e+01
4.678898320312500232e+02,-8.326240446169319398e+01
4.678901250000000118e+02,-8.077666148438437688e+01
4.678904179687500005e+02,-7.788498096620541844e+01
4.678907109374999891e+02,-8.499729257335145860e+01
4.678910039062500346e+02,-7.784624254824497314e+01
4.678912968750000232e+02,-7.447009847628491741e+01
4.678915898437500118e+02,-7.214525509278190896e+01
4.678918828125000005e+02,-7.612996196391132742e+01
4.678921757812499891e+02,-7.816535194362049310e+01
4.678924687500000346e+02,-7.540314314446516164e+01
4.678927617187500232e+02,-7.688078928004530610e+01
4.678930546875000118e+02,-9.741404214210598411e+01
4.678933476562500005e+02,-8.091146277093025674e+01
4.678936406249999891e+02,-7.992009041650213419e+01
4.678939335937500346e+02,-7.893396492766628114e+01
4.678942265625000232e+02,-8.603751715327649663e+01
4.678945195312500118e+02,-8.923952795736234123e+01
4.678948125000000005e+02,-8.607878207039425433e+01
4.678951054687499891e+02,-8.110079054965525813e+01
4.678953984375000346e+02,-7.663383338386631749e+01
4.678956914062500232e+02,-7.602015281039862771e+01
4.678959843750000118e+02,-7.678184441563855955e+01
4.678962773437500005e+02,-9.046653734175173156e+01
4.678965703124999891e+02,-8.490398157773145726e+01
4.678968632812500346e+02,-8.425867750002366563e+01
4.678971562500000232e+02,-7.464853211198391136e+01
4.678974492187500118e+02,-7.291310133934602788e+01
4.678977421875000005e+02,-8.384354841773216549e+01
4.678980351562499891e+02,-8.852472524103625062e+01
4.678983281250000346e+02,-7.980692578747078869e+01
4.678986210937500232e+02,-8.132371929860886439e+01
4.678989140625000118e+02,-8.011919842935634506e+01
4.678992070312500005e+02,-8.239734362964102843e+01
4.678994999999999891e+02,-7.797564830254374613e+01
4.678997929687500346e+02,-7.274171471048370563e+01
4.679000859375000232e+02,-7.931021578598523547e+01
4.679003789062500118e+02,-7.318587510105101046e+01
4.679006718750000005e+02,-7.533561787361458073e+01
4.679009648437499891e+02,-7.685693014182663774e+01
4.679012578125000346e+02,-7.769450496761473346e+01
4.679015507812500232e+02,-7.231870073705098889e+01
4.679018437500000118e+02,-7.256175345769126750e+01
4.679021367187500005e+02,-7.441371612153858450e+01
4.679024296874999891e+02,-7.839909629294561455e+01
4.679027226562500346e+02,-8.215129263220941880e+01
4.679030156250000232e+02,-7.670617430450025154e+01
4.679033085937500118e+02,-8.133921105215941338e+01
4.679036015625000005e+02,-8.220168391461632496e+01
4.679038945312499891e+02,-7.619767675055877021e+01
4.679041875000000346e+02,-7.874273325322461403e+01
4.679044804687500232e+02,-7.562144059697055809e+01
4.679047734375000118e+02,-7.383340858311788679e+01
4.679050664062500005e+02,-7.322205499211037250e+01
4.679053593749999891e+02,-7.655169794789374293e+01
4.679056523437500346e+02,-8.364460626783916553e+01
4.679059453125000232e+02,-9.160957831573732335e+01
4.679062382812500118e+02,-8.187195371009016753e+01
4.679065312500000005e+02,-8.758946621207917360e+01
4.679068242187499891e+02,-8.048242835054665534e+01
4.679071171875000346e+02,-8.169119282801281656e+01
4.679074101562500232e+02,-7.432021681514142131e+01
4.679077031250000118e+02,-7.039995813854707762e+01
4.679079960937500005e+02,-7.176258427898299885e+01
4.679082890624999891e+02,-7.144602521399413320e+01
4.679085820312500346e+02,-7.513365453997425902e+01
4.679088750000000232e+02,-8.151612474114401152e+01
4.679091679687500118e+02,-7.548118531242897689e+01
4.679094609375000005e+02,-8.067409198285974981e+01
4.679097539062499891e+02,-8.133794032198552770e+01
4.679100468750000346e+02,-8.422790279048605555e+01
4.679103398437500232e+02,-7.772054823084107511e+01
4.679106328125000118e+02,-8.295660671395252450e+01
4.679109257812500005e+02,-8.055633972130692655e+01
4.679112187499999891e+02,-8.760553784509126274e+01
4.679115117187500346e+02,-7.670716367306616235e+01
4.679118046875000232e+02,-8.345522834534580170e+01
4.679120976562500118e+02,-7.639454428119168483e+01
4.679123906250000005e+02,-8.027814718133448935e+01
4.679126835937499891e+02,-7.209701594648177547e+01
4.679129765625000346e+02,-7.270210128751723744e+01
4.679132695312500232e+02,-1.005023440527079259e+02
4.679135625000000118e+02,-7.683700899584223976e+01
4.679138554687500005e+02,-7.823575750666773843e+01
4.679141484374999891e+02,-7.790631224870460869e+01
4.679144414062500346e+02,-7.979601782939488430e+01
4.679147343750000232e+02,-7.714214286161224265e+01
4.679150273437500118e+02,-8.309810683096745265e+01
4.679153203125000005e+02,-7.931361584275418863e+01
4.679156132812499891e+02,-7.791192330152982493e+01
4.679159062500000346e+02,-8.397247336386269012e+01
4.679161992187500232e+02,-7.572013486466950383e+01
4.679164921875000118e+02,-8.015620588375168154e+01
4.679167851562500005e+02,-7.815554300486013517e+01
4.679170781249999891e+02,-8.200405390317934007e+01
4.679173710937500346e+02,-7.944580009589655845e+01
4.679176640625000232e+02,-8.574211791394561999e+01
4.679179570312500118e+02,-7.976699747356904879e+01
4.679182500000000005e+02,-7.948237614266243156e+01
4.679185429687499891e+02,-8.391337869827692941e+01
4.679188359375000346e+02,-7.921913060574945575e+01
4.679191289062500232e+02,-7.888478733516875252e+01
4.679194218750000118e+02,-8.024298783795228474e+01
4.679197148437500005e+02,-7.530031657450903992e+01
4.679200078124999891e+02,-7.341889884589423332e+01
4.679203007812500346e+02,-7.145284205849327464e+01
4.679205937500000232e+02,-7.448278823624220024e+01
4.679208867187500118e+02,-7.906737285364872037e+01
4.679211796875000005e+02,-7.466277204034356885e+01
4.679214726562499891e+02,-7.431679229740716153e+01
4.679217656250000346e+02,-7.704172429159548585e+01
4.679220585937500232e+02,-8.017783473957376827e+01
4.679223515625000118e+02,-8.430710091210221435e+01
4.679226445312500005e+02,-7.974802551197225853e+01
4.679229374999999891e+02,-8.420582368473512247e+01
4.679232304687500346e+02,-8.080026682828759022e+01
4.679235234375000232e+02,-7.805664594474319529e+01
4.679238164062500118e+02,-7.554354756215714417e+01
4.679241093750000005e+02,-7.819789954738598681e+01
4.679244023437499891e+02,-7.844141115150570442e+01
4.679246953125000346e+02,-7.321839671106756953e+01
4.679249882812500232e+02,-7.660384749758732426e+01
4.679252812500000118e+02,-7.864404014728035008e+01
4.679255742187500005e+02,-8.132599778716298999e+01
4.679258671874999891e+02,-8.429503583231118569e+01
4.679261601562500346e+02,-7.647494488096094756e+01
4.679264531250000232e+02,-7.793749159910967705e+01
4.679267460937500118e+02,-7.698224819164775568e+01
4.679270390625000005e+02,-7.748386406574496732e+01
4.679273320312499891e+02,-8.040050481805970151e+01
4.679276250000000346e+02,-7.938210027969259386e+01
4.679279179687500232e+02,-7.721163032955934113e+01
4.679282109375000118e+02,-8.268613807181208131e+01
4.679285039062500005e+02,-8.119729606610958683e+01
4.679287968749999891e+02,-9.594586073448724051e+01
4.679290898437500346e+02,-8.149314551547215046e+01
4.679293828125000232e+02,-8.211515363664395295e+01
4.679296757812500118e+02,-7.898326371947150903e+01
4.679299687500000005e+02,-8.077395279757654123e+01
4.679302617187499891e+02,-8.168534035175366625e+01
4.679305546875000346e+02,-8.305270132482314693e+01
4.679308476562500232e+02,-1.104458622979837799e+02
4.679311406250000118e+02,-7.586574897298666542e+01
4.679314335937500005e+02,-7.321764328644749753e+01
4.679317265624999891e+02,-7.617811501856708389e+01
4.679320195312500346e+02,-7.629824801880465657e+01
4.679323125000000232e+02,-7.652586331132255282e+01
4.679326054687500118e+02,-8.388209655072157034e+01
4.679328984375000005e+02,-7.886098738268731267e+01
4.679331914062499891e+02,-7.701505403285810303e+01
4.679334843750000346e+02,-8.187243598834933778e+01
4.679337773437500232e+02,-8.807095719604836859e+01
4.679340703125000118e+02,-8.530061782551491945e+01
4.679343632812500005e+02,-9.852902727454778642e+01
4.679346562499999891e+02,-9.144506374426646289e+01
4.679349492187500346e+02,-8.912636475992940177e+01
4.679352421875000232e+02,-8.098213943885775734e+01
4.679355351562500118e+02,-8.058829378657073050e+01
4.679358281250000005e+02,-7.881253954506209425e+01
4.679361210937499891e+02,-8.071292801742578149e+01
4.679364140625000346e+02,-8.742736396144368882e+01
4.679367070312500232e+02,-8.289584939107751893e+01
4.679370000000000118e+02,-7.719544376904434557e+01
4.679372929687500005e+02,-7.928600532521572575e+01
4.679375859374999891e+02,-8.916511950617112348e+01
4.679378789062500346e+02,-8.051775928348911293e+01
4.679381718750000232e+02,-8.307530215486036695e+01
4.679384648437500118e+02,-8.028957943556551413e+01
4.679387578125000005e+02,-8.549412802373957732e+01
4.679390507812499891e+02,-8.721369999857154198e+01
4.679393437500000346e+02,-8.124094070711225868e+01
4.679396367187500232e+02,-7.825969635026523008e+01
4.679399296875000118e+02,-7.255977723780407018e+01
4.679402226562500005e+02,-7.344735504478026655e+01
4.679405156249999891e+02,-7.742329607909196909e+01
4.679408085937500346e+02,-8.662887119934919156e+01
4.679411015625000232e+02,-8.044369324229538165e+01
4.679413945312500118e+02,-8.295097733627018499e+01
4.679416875000000005e+02,-9.240432083271059582e+01
4.679419804687499891e+02,-8.438117503348442483e+01
4.679422734375000346e+02,-9.138846828187070059e+01
4.679425664062500232e+02,-9.223501007378703775e+01
4.679428593750000118e+02,-8.179776556093560202e+01
4.679431523437500005e+02,-8.187689000041423526e+01
4.679434453124999891e+02,-8.357320512647113731e+01
4.679437382812500346e+02,-8.255449946201704847e+01
4.679440312500000232e+02,-8.083448506692272417e+01
4.679443242187500118e+02,-7.823210534539407490e+01
4.679446171875000005e+02,-7.671384477632155097e+01
4.679449101562499891e+02,-7.898553069232136181e+01
4.679452031250000346e+02,-7.907719206401061740e+01
4.679454960937500232e+02,-7.529804181721038958e+01
4.679457890625000118e+02,-7.055362686790286375e+01
4.679460820312500005e+02,-7.249264413007055907e+01
4.679463749999999891e+02,-7.864645909723702744e+01
4.679466679687500346e+02,-8.281724830598948017e+01
4.679469609375000232e+02,-8.131667605363529105e+01
4.679472539062500118e+02,-7.880631556100897228e+01
4.679475468750000005e+02,-7.804229661746360591e+01
4.679478398437499891e+02,-7.637266295706250219e+01
4.679481328125000346e+02,-7.735636050241004114e+01
4.679484257812500232e+02,-8.042741076190269212e+01
4.679487187500000118e+02,-8.675312055877709838e+01
4.679490117187500005e+02,-8.205943480892946695e+01
4.679493046874999891e+02,-8.508254120962811839e+01
4.679495976562500346e+02,-7.482034414677941925e+01
4.679498906250000232e+02,-7.791135186601169949e+01
4.679501835937500118e+02,-9.544031613885097443e+01
4.679504765625000005e+02,-9.178633279208101214e+01
4.679507695312499891e+02,-7.782167056879279698e+01
4.679510625000000346e+02,-7.541368907553066947e+01
4.679513554687500232e+02,-8.386726695931010056e+01
4.679516484375000118e+02,-8.637448942081937275e+01
4.679519414062500005e+02,-8.450389910346834199e+01
4.679522343749999891e+02,-9.006071707453754982e+01
4.679525273437500346e+02,-9.220315986294932031e+01
4.679528203125000232e+02,-7.858868439977969444e+01
4.679531132812500118e+02,-7.536906590517824611e+01
4.679534062500000005e+02,-7.967536487900487430e+01
4.679536992187499891e+02,-8.365046906518237790e+01
4.679539921875000346e+02,-9.055208422719756811e+01
4.679542851562500232e+02,-8.930235916799904317e+01
4.679545781250000118e+02,-7.593522144504970584e+01
4.679548710937500005e+02,-7.456303756361671731e+01
4.679551640624999891e+02,-7.356012765650314122e+01
4.679554570312500346e+02,-7.194871255321181991e+01
4.679557500000000232e+02,-7.431159272513171743e+01
4.679560429687500118e+02,-9.343821789138013401e+01
4.679563359375000005e+02,-8.069069908131436364e+01
4.679566289062499891e+02,-8.062335265942627416e+01
4.679569218750000346e+02,-7.887083379402228900e+01
4.679572148437500232e+02,-7.758947446131743675e+01
4.679575078125000118e+02,-8.763486152578103372e+01
4.679578007812500005e+02,-8.083800884694996114e+01
4.679580937499999891e+02,-7.052186778088588426e+01
4.679583867187500346e+02,-7.232335623587979967e+01
4.679586796875000232e+02,-8.136717590032965575e+01
4.679589726562500118e+02,-8.416061865312335044e+01
4.679592656250000005e+02,-8.775892291978793480e+01
4.679595585937499891e+02,-8.571895156264174886e+01
4.679598515625000346e+02,-8.437913724789773084e+01
4.679601445312500232e+02,-8.250050862597120727e+01
4.679604375000000118e+02,-9.062630708723601458e+01
4.679607304687500005e+02,-8.576392309523457413e+01
4.679610234374999891e+02,-9.148269834981654469e+01
4.679613164062500346e+02,-8.494515165094988163e+01
4.679616093750000232e+02,-8.297425552086386347e+01
4.679619023437500118e+02,-7.794365625275395359e+01
4.679621953125000005e+02,-7.719413638182379600e+01
4.679624882812499891e+02,-8.849045423503112318e+01
4.679627812500000346e+02,-7.473243365904335178e+01
4.679630742187500232e+02,-7.079799270504621234e+01
4.679633671875000118e+02,-7.467727284735092042e+01
4.679636601562500005e+02,-7.789851503541275690e+01
4.679639531249999891e+02,-7.727972819784474723e+01
4.679642460937500346e+02,-8.106387312435587944e+01
4.679645390625000232e+02,-7.759849700215971779e+01
4.679648320312500118e+02,-7.713245340630034264e+01
4.679651250000000005e+02,-7.504071350630049153e+01
4.679654179687499891e+02,-7.521770783237735714e+01
4.679657109375000346e+02,-7.761276473315388102e+01
4.679660039062500232e+02,-8.051662625898784142e+01
4.679662968750000118e+02,-8.705707655085620900e+01
4.679665898437500005e+02,-8.229474429358532461e+01
4.679668828124999891e+02,-7.615121688935855104e+01
4.679671757812500346e+02,-8.274039307480676086e+01
4.679674687500000232e+02,-8.512835381783914102e+01
4.679677617187500118e+02,-8.251920621335044359e+01
4.679680546875000005e+02,-7.761186923769585633e+01
4.679683476562499891e+02,-8.115386922588045593e+01
4.679686406250000346e+02,-8.713099584301092193e+01
4.679689335937500232e+02,-8.710714563631736951e+01
4.679692265625000118e+02,-9.876885582732462865e+01
4.679695195312500005e+02,-7.894311190304092918e+01
4.679698124999999891e+02,-7.814689374693793411e+01
4.679701054687500346e+02,-8.039869515431422542e+01
4.679703984375000232e+02,-7.797286130049896258e+01
4.679706914062500118e+02,-7.464332508511503761e+01
4.679709843750000005e+02,-7.839292702751430397e+01
4.679712773437499891e+02,-8.058640774838946186e+01
4.679715703125000346e+02,-8.030865905844336794e+01
4.679718632812500232e+02,-8.698572595835726418e+01
4.679721562500000118e+02,-8.715131499212097310e+01
4.679724492187500005e+02,-8.927147611008220451e+01
4.679727421874999891e+02,-7.955741396341937843e+01
4.679730351562500346e+02,-7.628225878925039183e+01
4.679733281250000232e+02,-7.711965313966368285e+01
4.679736210937500118e+02,-8.426048786402591873e+01
4.679739140625000005e+02,-7.985385021444915310e+01
4.679742070312499891e+02,-7.914473422150976489e+01
4.679745000000000346e+02,-8.202749125805834751e+01
4.679747929687500232e+02,-8.817237333727715054e+01
4.679750859375000118e+02,-7.960004218954351529e+01
4.679753789062500005e+02,-8.214469478012146908e+01
4.679756718749999891e+02,-9.563190587986993307e+01
4.679759648437500346e+02,-9.309456998544729345e+01
4.679762578125000232e+02,-8.581576739021512878e+01
4.679765507812500118e+02,-8.339574461400582095e+01
4.679768437500000005e+02,-8.247844978570954311e+01
4.679771367187499891e+02,-8.381387600230894463e+01
4.679774296875000346e+02,-7.988695306337413626e+01
4.679777226562500232e+02,-7.815325918088672097e+01
4.679780156250000118e+02,-8.003193667737804162e+01
4.679783085937500005e+02,-7.840914028806341207e+01
4.679786015624999891e+02,-7.900077669760203491e+01
4.679788945312500346e+02,-8.226798536370723980e+01
4.679791875000000232e+02,-8.346573905503828428e+01
4.679794804687500118e+02,-8.444244629890147280e+01
4.679797734375000005e+02,-7.834280880782827694e+01
4.679800664062499891e+02,-8.143641616852681864e+01
4.679803593750000346e+02,-8.019586448925866762e+01
4.679806523437500232e+02,-7.299383510507024653e+01
4.679809453125000118e+02,-7.733469198952468560e+01
4.679812382812500005e+02,-8.360152155952243902e+01
4.679815312499999891e+02,-8.817435298379041342e+01
4.679818242187500346e+02,-9.047852852155499193e+01
4.679821171875000232e+02,-8.147178006749582835e+01
4.679824101562500118e+02,-8.776752799608215128e+01
4.679827031250000005e+02,-7.801461092888507665e+01
4.679829960937499891e+02,-7.746631516137917117e+01
4.679832890625000346e+02,-8.439220321981790107e+01
4.679835820312500232e+02,-9.006685311314173248e+01
4.679838750000000118e+02,-7.951825472659592720e+01
4.679841679687500005e+02,-7.715130998923957861e+01
4.679844609374999891e+02,-8.245672692463770659e+01
4.679847539062500346e+02,-7.865019596266057533e+01
4.679850468750000232e+02,-7.758185154594289656e+01
4.679853398437500118e+02,-7.858080956002214634e+01
4.679856328125000005e+02,-8.412584378629416904e+01
4.679859257812499891e+02,-7.571832679475781447e+01
4.679862187500000346e+02,-7.898718852724701378e+01
4.679865117187500232e+02,-7.852399593311962178e+01
4.679868046875000118e+02,-7.377939928286271254e+01
4.679870976562500005e+02,-7.625912055382065091e+01
4.679873906249999891e+02,-8.915926686495998865e+01
4.679876835937500346e+02,-8.555460356135415623e+01
4.679879765625000232e+02,-8.820722421221017839e+01
4.679882695312500118e+02,-8.776667579013043508e+01
4.679885625000000005e+02,-8.709610383963828895e+01
4.679888554687499891e+02,-7.825796324891175004e+01
4.679891484375000346e+02,-7.802408432256299875e+01
4.679894414062500232e+02,-8.187553440919506897e+01
4.679897343750000118e+02,-8.434761232131083375e+01
4.679900273437500005e+02,-8.872405378152485866e+01
4.679903203124999891e+02,-8.328553188486327485e+01
4.679906132812500346e+02,-1.064348944307141096e+02
4.679909062500000232e+02,-9.332460367469279561e+01
4.679911992187500118e+02,-8.544760891760819277e+01
4.679914921875000005e+02,-9.412612468553689382e+01
4.679917851562499891e+02,-8.248247277397661037e+01
4.679920781250000346e+02,-9.340725003759982314e+01
4.679923710937500232e+02,-8.402916026411881489e+01
4.679926640625000118e+02,-7.765282310201770599e+01
4.679929570312500005e+02,-7.722662757860672400e+01
4.679932499999999891e+02,-7.717410680834477432e+01
4.679935429687500346e+02,-8.401025203916582029e+01
4.679938359375000232e+02,-9.308521684601200263e+01
4.679941289062500118e+02,-9.184759709347348178e+01
4.679944218750000005e+02,-9.523903156158590377e+01
4.679947148437499891e+02,-8.856148877942220565e+01
4.679950078125000346e+02,-7.680725607138987243e+01
4.679953007812500232e+02,-8.072507707562579071e+01
4.679955937500000118e+02,-8.021845557281312722e+01
4.679958867187500005e+02,-7.723720332907114994e+01
4.679961796874999891e+02,-7.617190426434993356e+01
4.679964726562500346e+02,-8.188760522407025633e+01
4.679967656250000232e+02,-8.512834732312042263e+01
4.679970585937500118e+02,-8.520891336571486363e+01
4.679973515625000005e+02,-9.884172976890090467e+01
4.679976445312499891e+02,-8.169130361211207969e+01
4.679979375000000346e+02,-7.862804298210096476e+01
4.679982304687500232e+02,-8.557745309415577140e+01
4.679985234375000118e+02,-9.083217619961411060e+01
4.679988164062500005e+02,-8.126248094812032718e+01
4.679991093749999891e+02,-7.832734059034959273e+01
4.679994023437500346e+02,-8.574761874925346206e+01
4.679996953125000232e+02,-8.112907548940515312e+01
4.679999882812500118e+02,-8.968505288047759905e+01
4.680002812500000005e+02,-8.833113239215761325e+01
4.680005742187499891e+02,-8.042547680384987530e+01
4.680008671875000346e+02,-8.347110610446424062e+01
4.680011601562500232e+02,-8.469175547473327015e+01
4.680014531250000118e+02,-8.485396054650676945e+01
4.680017460937500005e+02,-8.260023086811251858e+01
4.680020390624999891e+02,-8.086699480217887981e+01
4.680023320312500346e+02,-7.858592946848115446e+01
4.680026250000000232e+02,-8.150425796061381334e+01
4.680029179687500118e+02,-8.558546293468273802e+01
4.680032109375000005e+02,-7.979193768227651162e+01
4.680035039062499891e+02,-8.184488897959982978e+01
4.680037968750000346e+02,-8.157885171505313338e+01
4.680040898437500232e+02,-8.335128733668922507e+01
4.680043828125000118e+02,-8.786677912668926638e+01
4.680046757812500005e+02,-8.333073866070905922e+01
4.680049687499999891e+02,-7.760847492418506022e+01
4.680052617187500346e+02,-7.758365741664762538e+01
4.680055546875000232e+02,-7.824487280940041956e+01
4.680058476562500118e+02,-8.185803415906099190e+01
4.680061406250000005e+02,-9.931502320502333703e+01
4.680064335937499891e+02,-8.708019718448420576e+01
4.680067265625000346e+02,-9.149023860448609469e+01
4.680070195312500232e+02,-8.570393022120589421e+01
4.680073125000000118e+02,-9.347363358011045875e+01
4.680076054687500005e+02,-9.390348895383930028e+01
4.680078984374999891e+02,-8.971543048352161520e+01
4.680081914062500346e+02,-7.719284406144143418e+01
4.680084843750000232e+02,-7.305221137356443251e+01
4.680087773437500118e+02,-7.367510785355834457e+01
4.680090703125000005e+02,-7.719610633740961703e+01
4.680093632812499891e+02,-7.833372874327017144e+01
4.680096562500000346e+02,-8.718720771595212682e+01
4.680099492187500232e+02,-8.695206952216838658e+01
4.680102421875000118e+02,-8.053158726386634214e+01
4.680105351562500005e+02,-8.680323399498924175e+01
4.680108281249999891e+02,-8.242300083169874370e+01
4.680111210937500346e+02,-8.216556139667096659e+01
4.680114140625000232e+02,-8.517040125913678139e+01
4.680117070312500118e+02,-7.967721391723073054e+01
4.680120000000000005e+02,-8.056675845204398456e+01
4.680122929687499891e+02,-8.961730683150901200e+01
4.680125859375000346e+02,-8.216704780870345814e+01
4.680128789062500232e+02,-8.636164073826330423e+01
4.680131718750000118e+02,-8.456858894051816833e+01
4.680134648437500005e+02,-8.154333605182341671e+01
4.680137578124999891e+02,-7.917472582656996849e+01
4.680140507812500346e+02,-7.689901588159747803e+01
4.680143437500000232e+02,-7.773671666464726115e+01
4.680146367187500118e+02,-8.013769827539164226e+01
4.680149296875000005e+02,-9.268579771888654761e+01
4.680152226562499891e+02,-7.993212429720252032e+01
4.680155156250000346e+02,-7.572475783827698592e+01
4.680158085937500232e+02,-7.991966342534868772e+01
4.680161015625000118e+02,-8.871348416223830213e+01
4.680163945312500005e+02,-8.596228711650580578e+01
4.680166874999999891e+02,-8.731846702713610853e+01
4.680169804687500346e+02,-9.195155764072892168e+01
4.680172734375000232e+02,-7.824676209128136861e+01
4.680175664062500118e+02,-7.943438621635441166e+01
4.680178593750000005e+02,-9.304915653210757398e+01
4.680181523437499891e+02,-8.222462007187701261e+01
4.680184453125000346e+02,-8.081798169977419377e+01
4.680187382812500232e+02,-8.315761437755580232e+01
4.680190312500000118e+02,-8.554380602088245666e+01
4.680193242187500005e+02,-8.437178570871239458e+01
4.680196171874999891e+02,-8.005796979643221789e+01
4.680199101562500346e+02,-8.054807549242343612e+01
4.680202031250000232e+02,-8.065407579215917622e+01
4.680204960937500118e+02,-8.085422327566124068e+01
4.680207890625000005e+02,-8.018064335562955591e+01
4.680210820312499891e+02,-7.590329337700096346e+01
4.680213750000000346e+02,-7.782446756101731467e+01
4.680216679687500232e+02,-7.890696290713721339e+01
4.680219609375000118e+02,-7.743459915566732832e+01
4.680222539062500005e+02,-8.687631393309891337e+01
4.680225468749999891e+02,-8.624786638886247658e+01
4.680228398437500346e+02,-8.270448376586793415e+01
4.680231328125000232e+02,-8.061443291425450752e+01
4.680234257812500118e+02,-7.896006473978036411e+01
4.680237187500000005e+02,-7.753087425649587772e+01
4.680240117187499891e+02,-7.844775155938509670e+01
4.680243046875000346e+02,-8.021319829612832564e+01
4.680245976562500232e+02,-8.946255810816724363e+01
4.680248906250000118e+02,-8.402085988461175248e+01
4.680251835937500005e+02,-7.929402325837786236e+01
4.680254765624999891e+02,-7.788347262207985011e+01
4.680257695312500346e+02,-8.943705406764414079e+01
4.680260625000000232e+02,-8.834294450322869352e+01
4.680263554687500118e+02,-9.329945369321195869e+01
4.680266484375000005e+02,-7.846053765207922481e+01
4.680269414062499891e+02,-7.564154206767719302e+01
4.680272343750000346e+02,-7.996012687369186267e+01
4.680275273437500232e+02,-7.735522680940151474e+01
4.680278203125000118e+02,-7.372224885145649864e+01
4.680281132812500005e+02,-7.833962810368339547e+01
4.680284062499999891e+02,-9.000415614047382462e+01
4.680286992187500346e+02,-8.484530998046301420e+01
4.680289921875000232e+02,-8.491360041362598565e+01
4.680292851562500118e+02,-8.036741665823254266e+01
4.680295781250000005e+02,-8.504942637512152714e+01
4.680298710937499891e+02,-8.201589842469608982e+01
4.680301640625000346e+02,-7.464104666219350293e+01
4.680304570312500232e+02,-7.888891514323832155e+01
4.680307500000000118e+02,-8.231235322537747834e+01
4.680310429687500005e+02,-7.685492915319018437e+01
4.680313359374999891e+02,-7.652019234872145148e+01
4.680316289062500346e+02,-8.393479842657960432e+01
4.680319218750000232e+02,-8.260227151777132804e+01
4.680322148437500118e+02,-8.292653804682801422e+01
4.680325078125000005e+02,-8.443784752982975306e+01
4.680328007812499891e+02,-8.582937697896778673e+01
4.680330937500000346e+02,-7.983852278204045660e+01
4.680333867187500232e+02,-8.597674620232481857e+01
4.680336796875000118e+02,-8.201621334408811492e+01
4.680339726562500005e+02,-7.704209038255633857e+01
4.680342656249999891e+02,-8.203229171433078193e+01
4.680345585937500346e+02,-8.406330581335430452e+01
4.680348515625000232e+02,-7.773412591232606417e+01
4.680351445312500118e+02,-1.129469937621295372e+02
4.680354375000000005e+02,-9.577102347433734053e+01
4.680357304687499891e+02,-9.174266521106940786e+01
4.680360234375000346e+02,-8.479636943983705066e+01
4.680363164062500232e+02,-8.040382163664457948e+01
4.680366093750000118e+02,-8.125535207160010032e+01
4.680369023437500005e+02,-8.357256985448177034e+01
4.680371953124999891e+02,-7.930538563026608756e+01
4.680374882812500346e+02,-8.820232774884470928e+01
4.680377812500000232e+02,-8.296351313415331674e+01
4.680380742187500118e+02,-7.895827233806275558e+01
4.680383671875000005e+02,-9.468056616992276986e+01
4.680386601562499891e+02,-7.927755421451833229e+01
4.680389531250000346e+02,-8.114843180652877663e+01
4.680392460937500232e+02,-8.973967507871549287e+01
4.680395390625000118e+02,-8.075098949921144253e+01
4.680398320312500005e+02,-7.995173052844808126e+01
4.680401249999999891e+02,-7.654588774798610018e+01
4.680404179687500346e+02,-7.670220858105480488e+01
4.680407109375000232e+02,-8.005595662648656230e+01
4.680410039062500118e+02,-8.001290647108598364e+01
4.680412968750000005e+02,-8.073700248415028113e+01
4.680415898437499891e+02,-7.847731313519354046e+01
4.680418828125000346e+02,-8.421466661752431548e+01
4.680421757812500232e+02,-8.959050360691333026e+01
4.680424687500000118e+02,-8.915780988303595223e+01
4.680427617187500005e+02,-8.390746490500524146e+01
4.680430546874999891e+02,-8.783209306428335594e+01
4.680433476562500346e+02,-8.445701120268024908e+01
4.680436406250000232e+02,-7.689081157624131890e+01
4.680439335937500118e+02,-7.901334970793992341e+01
4.680442265625000005e+02,-8.570840172743039886e+01
4.680445195312499891e+02,-8.551048500210515613e+01
4.680448125000000346e+02,-8.051144642911013705e+01
4.680451054687500232e+02,-7.702854625047191917e+01
4.680453984375000118e+02,-7.615674456319257501e+01
4.680456914062500005e+02,-7.815278560446031975e+01
4.680459843749999891e+02,-7.421261891183561943e+01
4.680462773437500346e+02,-7.417708727363606158e+01
4.680465703125000232e+02,-7.633576313066740227e+01
4.680468632812500118e+02,-7.771926967225778071e+01
4.680471562500000005e+02,-7.607892684100959002e+01
4.680474492187499891e+02,-7.735188082162838441e+01
4.680477421875000346e+02,-7.867901415366218032e+01
4.680480351562500232e+02,-8.549272860958276965e+01
4.680483281250000118e+02,-8.700542255752762344e+01
4.680486210937500005e+02,-8.555878982888967244e+01
4.680489140624999891e+02,-8.622303931461661364e+01
4.680492070312500346e+02,-7.969235365045412323e+01
4.680495000000000232e+02,-9.266727028865552995e+01
4.680497929687500118e+02,-8.617009137000357555e+01
4.680500859375000005e+02,-8.147675670072401033e+01
4.680503789062499891e+02,-7.950025306674562842e+01
4.680506718750000346e+02,-8.113280180060051805e+01
4.680509648437500232e+02,-8.884720394835710522e+01
4.680512578125000118e+02,-8.102923764194071055e+01
4.680515507812500005e+02,-7.987763022560345405e+01
4.680518437499999891e+02,-8.676835590452340341e+01
4.680521367187500346e+02,-7.956291988568833062e+01
4.680524296875000232e+02,-8.020990599817139355e+01
4.680527226562500118e+02,-7.884559106169663778e+01
4.680530156250000005e+02,-8.445355702684435073e+01
4.680533085937499891e+02,-9.120856006749392009e+01
4.680536015625000346e+02,-8.944446546873797388e+01
4.680538945312500232e+02,-9.176526425555657340e+01
4.680541875000000118e+02,-8.908724548079470651e+01
4.680544804687500005e+02,-8.188295613394701888e+01
4.680547734374999891e+02,-7.869625927768753115e+01
4.680550664062500346e+02,-9.097400734303703018e+01
4.680553593750000232e+02,-8.182025859629710851e+01
4.680556523437500118e+02,-7.949927389899360719e+01
4.680559453125000005e+02,-9.146683025810261825e+01
4.680562382812499891e+02,-7.722900723100892151e+01
4.680565312500000346e+02,-8.413647629733671351e+01
4.680568242187500232e+02,-7.762730009619440352e+01
4.680571171875000118e+02,-7.827748118682480083e+01
4.680574101562500005e+02,-8.131711673782029948e+01
4.680577031249999891e+02,-9.126189784057798704e+01
4.680579960937500346e+02,-7.649265248972142217e+01
4.680582890625000232e+02,-8.354574456981714548e+01
4.680585820312500118e+02,-7.749385587342173665e+01
4.680588750000000005e+02,-7.657564945737071582e+01
4.680591679687499891e+02,-7.824213648860641968e+01
4.680594609375000346e+02,-7.873155919644534606e+01
4.680597539062500232e+02,-7.861778340368030626e+01
4.680600468750000118e+02,-8.282186490092743725e+01
4.680603398437500005e+02,-8.102640641035308988e+01
4.680606328124999891e+02,-8.708800757337122889e+01
4.680609257812500346e+02,-9.144440958470475778e+01
4.680612187500000232e+02,-8.877481917451383708e+01
4.680615117187500118e+02,-8.801044092875613956e+01
4.680618046875000005e+02,-7.884397377369015203e+01
4.680620976562499891e+02,-7.729377770500634881e+01
4.680623906250000346e+02,-7.513366730529182291e+01
4.680626835937500232e+02,-7.615754688278906315e+01
4.680629765625000118e+02,-7.944319856255205536e+01
4.680632695312500005e+02,-8.295210334952844278e+01
4.680635624999999891e+02,-8.058931487144459993e+01
4.680638554687500346e+02,-9.148195923863815437e+01
4.680641484375000232e+02,-8.210069421091785102e+01
4.680644414062500118e+02,-7.714418530774194949e+01
4.680647343750000005e+02,-7.319227713076591613e+01
4.680650273437499891e+02,-7.671404424459011295e+01
4.680653203125000346e+02,-8.018513722856006609e+01
4.680656132812500232e+02,-8.479688113146424655e+01
4.680659062500000118e+02,-8.272454432479517550e+01
4.680661992187500005e+02,-9.223324223291524504e+01
4.680664921874999891e+02,-8.615767936898849655e+01
4.680667851562500346e+02,-8.056730223736656171e+01
4.680670781250000232e+02,-7.588474426558440200e+01
4.680673710937500118e+02,-7.722417126390686803e+01
4.680676640625000005e+02,-8.692219292464189095e+01
4.680679570312499891e+02,-7.288468461217929928e+01
4.680682500000000346e+02,-7.323440306523292520e+01
4.680685429687500232e+02,-7.770397152755114689e+01
4.680688359375000118e+02,-8.673782543832912495e+01
4.680691289062500005e+02,-8.045105925060282459e+01
4.680694218749999891e+02,-7.687779721651190812e+01
4.680697148437500346e+02,-7.966797542557117140e+01
4.680700078125000232e+02,-8.386240031838582354e+01
4.680703007812500118e+02,-8.054332766408069233e+01
4.680705937500000005e+02,-8.114642124803738454e+01
4.680708867187499891e+02,-7.759307304258355487e+01
4.680711796875000346e+02,-7.753591295921000892e+01
4.680714726562500232e+02,-7.992981486336192631e+01
4.680717656250000118e+02,-7.911213364158138006e+01
4.680720585937500005e+02,-7.726008814390766588e+01
4.680723515624999891e+02,-7.858090282794816517e+01
4.680726445312500346e+02,-7.899453609011513322e+01
4.680729375000000232e+02,-8.937754360967895195e+01
4.680732304687500118e+02,-9.042512057300457684e+01
4.680735234375000005e+02,-8.259340555503530368e+01
4.680738164062499891e+02,-7.733805100282128819e+01
4.680741093750000346e+02,-7.740296484002931265e+01
4.680744023437500232e+02,-7.737170765132560746e+01
4.680746953125000118e+02,-7.713808170401654252e+01
4.680749882812500005e+02,-7.832866207388055102e+01
4.680752812499999891e+02,-7.846877562625807911e+01
4.680755742187500346e+02,-7.920963487823188132e+01
4.680758671875000232e+02,-8.513831212938599435e+01
4.680761601562500118e+02,-7.868236090363031110e+01
4.680764531250000005e+02,-8.324420014998104023e+01
4.680767460937499891e+02,-7.595925968807308948e+01
4.680770390625000346e+02,-7.620007710144027158e+01
4.680773320312500232e+02,-8.063605626874860377e+01
4.680776250000000118e+02,-8.753952628058286223e+01
4.680779179687500005e+02,-8.024821873895919566e+01
4.680782109374999891e+02,-8.052519632371782166e+01
4.680785039062500346e+02,-8.616515135528452163e+01
4.680787968750000232e+02,-8.786788246319902385e+01
4.680790898437500118e+02,-8.009075705178553051e+01
4.680793828125000005e+02,-8.151017881455791780e+01
4.680796757812499891e+02,-8.677396661901687480e+01
4.680799687500000346e+02,-8.255952041957465326e+01
4.680802617187500232e+02,-8.032020382499999300e+01
4.680805546875000118e+02,-8.467756251658192923e+01
4.680808476562500005e+02,-8.272903773848334197e+01
4.680811406249999891e+02,-8.808362641269569338e+01
4.680814335937500346e+02,-7.724289012573423463e+01
4.680817265625000232e+02,-7.836440538374908726e+01
4.680820195312500118e+02,-8.561025696000987750e+01
4.680823125000000005e+02,-7.831072377839792864e+01
4.680826054687499891e+02,-9.842259678903069187e+01
4.680828984375000346e+02,-8.658686707364766733e+01
4.680831914062500232e+02,-7.990198906307016102e+01
4.680834843750000118e+02,-7.738518242248883894e+01
4.680837773437500005e+02,-8.695378617727662629e+01
4.680840703124999891e+02,-8.689478284541480946e+01
4.680843632812500346e+02,-9.065112576043013348e+01
4.680846562500000232e+02,-8.597217540651092804e+01
4.680849492187500118e+02,-8.160011787590151755e+01
4.680852421875000005e+02,-7.936073681005248659e+01
4.680855351562499891e+02,-9.368959420076845390e+01
4.680858281250000346e+02,-8.462953140792751583e+01
4.680861210937500232e+02,-9.738506554248766633e+01
4.680864140625000118e+02,-7.645782035139065158e+01
4.680867070312500005e+02,-7.735871020853325319e+01
4.680869999999999891e+02,-8.921609638921682972e+01
4.680872929687500346e+02,-8.623667544320326783e+01
4.680875859375000232e+02,-8.122754550922988415e+01
4.680878789062500118e+02,-7.667766202131065256e+01
4.680881718750000005e+02,-8.418461660534461544e+01
4.680884648437499891e+02,-8.495843793566257318e+01
4.680887578125000346e+02,-7.830707378299862853e+01
4.680890507812500232e+02,-7.786657048624320510e+01
4.680893437500000118e+02,-8.265887615373486597e+01
4.680896367187500005e+02,-8.298163246488370248e+01
4.680899296874999891e+02,-7.750033867272819066e+01
4.680902226562500346e+02,-7.822791104067539436e+01
4.680905156250000232e+02,-7.497109680195323733e+01
4.680908085937500118e+02,-7.338367205972919294e+01
4.680911015625000005e+02,-7.779489280234520265e+01
4.680913945312499891e+02,-8.370715803564672797e+01
4.680916875000000346e+02,-8.272774879819989735e+01
4.680919804687500232e+02,-7.938197832796626585e+01
4.680922734375000118e+02,-7.923689068636510058e+01
4.680925664062500005e+02,-8.311930660360314960e+01
4.680928593749999891e+02,-8.172207687809657273e+01
4.680931523437500346e+02,-8.838868060283444095e+01
4.680934453125000232e+02,-8.117077952972618959e+01
4.680937382812500118e+02,-8.304724436328325510e+01
4.680940312500000005e+02,-9.292742376965196627e+01
4.680943242187499891e+02,-8.642221696741175663e+01
4.680946171875000346e+02,-8.849029177357172671e+01
4.680949101562500232e+02,-9.136854928102397366e+01
4.680952031250000118e+02,-8.918179712557960670e+01
4.680954960937500005e+02,-8.755030101684867816e+01
4.680957890624999891e+02,-8.508103655522027964e+01
4.680960820312500346e+02,-9.074780461005556731e+01
4.680963750000000232e+02,-8.725036814512074557e+01
4.680966679687500118e+02,-8.316323753580461187e+01
4.680969609375000005e+02,-8.984559955016743515e+01
4.680972539062499891e+02,-8.767118345842689564e+01
4.680975468750000346e+02,-8.097910363523021715e+01
4.680978398437500232e+02,-8.621145132583708914e+01
4.680981328125000118e+02,-8.566975584907561370e+01
4.680984257812500005e+02,-8.736860784245223499e+01
4.680987187499999891e+02,-1.006906475073110840e+02
4.680990117187500346e+02,-8.520034971029517123e+01
4.680993046875000232e+02,-8.713768866525570900e+01
4.680995976562500118e+02,-9.868375841477431720e+01
4.680998906250000005e+02,-7.910785973291135065e+01
4.681001835937499891e+02,-7.543949277041323853e+01
4.681004765625000346e+02,-8.586697493074314025e+01
4.681007695312500232e+02,-8.467989537081756168e+01
4.681010625000000118e+02,-8.803305761075633029e+01
4.681013554687500005e+02,-8.144263185954413586e+01
4.681016484374999891e+02,-7.880282882659763288e+01
4.681019414062500346e+02,-7.983687183412945387e+01
4.681022343750000232e+02,-7.922317253250965052e+01
4.681025273437500118e+02,-8.434995674930016207e+01
4.681028203125000005e+02,-8.364282489095715789e+01
4.681031132812499891e+02,-8.378324245067659604e+01
4.681034062500000346e+02,-8.891594411597662884e+01
4.681036992187500232e+02,-9.111119529782682491e+01
4.681039921875000118e+02,-9.094389820208499486e+01
4.681042851562500005e+02,-8.844292367227426155e+01
4.681045781249999891e+02,-8.708767182120274697e+01
4.681048710937500346e+02,-9.183301871677961969e+01
4.681051640625000232e+02,-8.782777058516876423e+01
4.681054570312500118e+02,-8.394120386960017299e+01
4.681057500000000005e+02,-8.077526015455377717e+01
4.681060429687499891e+02,-8.285290917588940829e+01
4.681063359375000346e+02,-7.573622537563969104e+01
4.681066289062500232e+02,-8.790847216811143028e+01
4.681069218750000118e+02,-7.814597751787219693e+01
4.681072148437500005e+02,-8.711816093299714225e+01
4.681075078124999891e+02,-7.896445141998312067e+01
4.681078007812500346e+02,-8.200413349039155264e+01
4.681080937500000232e+02,-8.158560843360882586e+01
4.681083867187500118e+02,-7.545552056374862104e+01
4.681086796875000005e+02,-7.353788408246616370e+01
4.681089726562499891e+02,-7.787814171791499973e+01
4.681092656250000346e+02,-8.237613303751452065e+01
4.681095585937500232e+02,-8.376056709999177485e+01
4.681098515625000118e+02,-7.822032537621610970e+01
4.681101445312500005e+02,-8.087713380930512130e+01
4.681104374999999891e+02,-8.993620919520709833e+01
4.681107304687500346e+02,-8.252786912520082296e+01
4.681110234375000232e+02,-8.192052075109197062e+01
4.681113164062500118e+02,-9.082306676160662562e+01
4.681116093750000005e+02,-8.820770597626888332e+01
4.681119023437499891e+02,-7.983321428390446783e+01
4.681121953125000346e+02,-8.357193384486063792e+01
4.681124882812500232e+02,-8.252057823960169003e+01
4.681127812500000118e+02,-7.982676435906329004e+01
4.681130742187500005e+02,-8.359806518599674519e+01
4.681133671874999891e+02,-8.541933760753950367e+01
4.681136601562500346e+02,-7.838405015104980578e+01
4.681139531250000232e+02,-7.547617839673321782e+01
4.681142460937500118e+02,-8.026464295711528507e+01
4.681145390625000005e+02,-8.778402090879978914e+01
4.681148320312499891e+02,-7.809617470414379170e+01
4.681151250000000346e+02,-7.491084050138914563e+01
4.681154179687500232e+02,-9.255307658183077990e+01
4.681157109375000118e+02,-7.844287957884890261e+01
4.681160039062500005e+02,-7.938110323010464242e+01
4.681162968749999891e+02,-8.776717508685258906e+01
4.681165898437500346e+02,-9.347344322190079424e+01
4.681168828125000232e+02,-9.425036688662386553e+01
4.681171757812500118e+02,-8.988982493351903713e+01
4.681174687500000005e+02,-8.581813979171849383e+01
4.681177617187499891e+02,-7.950553084863217634e+01
4.681180546875000346e+02,-8.305286102279636395e+01
4.681183476562500232e+02,-1.387079999013721192e+02
4.681186406250000118e+02,-8.347467161281844028e+01
4.681189335937500005e+02,-7.886771225177423617e+01
4.681192265624999891e+02,-7.676120638824814080e+01
4.681195195312500346e+02,-8.321920164175382695e+01
4.681198125000000232e+02,-8.598678521391076401e+01
4.681201054687500118e+02,-8.558732105276364166e+01
4.681203984375000005e+02,-8.025573527788054662e+01
4.681206914062499891e+02,-8.327868685203866050e+01
4.681209843750000346e+02,-8.134581558435370141e+01
4.681212773437500232e+02,-8.378205454899203630e+01
4.681215703125000118e+02,-8.637852983088690451e+01
4.681218632812500005e+02,-8.271334448023809216e+01
4.681221562499999891e+02,-8.631589319376273295e+01
4.681224492187500346e+02,-8.534196191695372136e+01
4.681227421875000232e+02,-7.972190681499129994e+01
4.681230351562500118e+02,-9.403274689874021419e+01
4.681233281250000005e+02,-8.174358196370880592e+01
4.681236210937499891e+02,-8.390639520027187359e+01
4.681239140625000346e+02,-8.284865547984857415e+01
4.681242070312500232e+02,-8.594649337091598795e+01
4.681245000000000118e+02,-9.639784921103667159e+01
4.681247929687500005e+02,-8.840838976148833694e+01
4.681250859374999891e+02,-8.781557554510391128e+01
4.681253789062500346e+02,-8.815870918722255567e+01
4.681256718750000232e+02,-8.590213106086331152e+01
4.681259648437500118e+02,-8.282901803632196902e+01
4.681262578125000005e+02,-8.813528777146876791e+01
4.681265507812499891e+02,-8.374204659979429266e+01
4.681268437500000346e+02,-7.922528897677167947e+01
4.681271367187500232e+02,-7.743036887865339679e+01
4.681274296875000118e+02,-7.958110040194873136e+01
4.681277226562500005e+02,-8.521658764739385106e+01
4.681280156249999891e+02,-8.113935365061173854e+01
4.681283085937500346e+02,-8.490767864505633611e+01
4.681286015625000232e+02,-9.098547334504357309e+01
4.681288945312500118e+02,-8.530552163210280980e+01
4.681291875000000005e+02,-8.422440959067117205e+01
4.681294804687499891e+02,-1.010918900402616174e+02
4.681297734375000346e+02,-9.505090579402934736e+01
4.681300664062500232e+02,-8.717496776751173115e+01
4.681303593750000118e+02,-7.910262779251507936e+01
4.681306523437500005e+02,-7.973167932911501055e+01
4.681309453124999891e+02,-8.855686241358600341e+01
4.681312382812500346e+02,-7.921427890493154678e+01
4.681315312500000232e+02,-7.838778443369915294e+01
4.681318242187500118e+02,-8.072493873080529170e+01
4.681321171875000005e+02,-8.125818802203798441e+01
4.681324101562499891e+02,-8.328433561833925580e+01
4.681327031250000346e+02,-8.140270705096759229e+01
4.681329960937500232e+02,-8.818670918355957156e+01
4.681332890625000118e+02,-8.324659593270271785e+01
4.681335820312500005e+02,-9.394863585434819697e+01
4.681338749999999891e+02,-8.167468684693514547e+01
4.681341679687500346e+02,-8.098935086247053050e+01
4.681344609375000232e+02,-7.909196047280433106e+01
4.681347539062500118e+02,-7.941981884509557688e+01
4.681350468750000005e+02,-8.714365178070656270e+01
4.681353398437499891e+02,-8.316338880417694668e+01
4.681356328125000346e+02,-8.839470471716724376e+01
4.681359257812500232e+02,-8.553174132819194142e+01
4.681362187500000118e+02,-8.483405818051870995e+01
4.681365117187500005e+02,-8.943111740390779119e+01
4.681368046874999891e+02,-8.025271780739643646e+01
4.681370976562500346e+02,-8.024963649503099816e+01
4.681373906250000232e+02,-8.992362601094832542e+01
4.681376835937500118e+02,-8.695529787020669232e+01
4.681379765625000005e+02,-8.208017430544518334e+01
4.681382695312499891e+02,-8.544399720793137476e+01
4.681385625000000346e+02,-9.008567507511975236e+01
4.681388554687500232e+02,-9.168987476368300804e+01
4.681391484375000118e+02,-8.539366089999236920e+01
4.681394414062500005e+02,-8.312467405321200431e+01
4.681397343749999891e+02,-8.605202535963927346e+01
4.681400273437500346e+02,-8.913289947345063524e+01
4.681403203125000232e+02,-8.181851644465089635e+01
4.681406132812500118e+02,-8.089350819118160985e+01
4.681409062500000005e+02,-8.061653784431422309e+01
4.681411992187499891e+02,-8.434504760120063338e+01
4.681414921875000346e+02,-8.563275988704549491e+01
4.681417851562500232e+02,-8.100881521251069728e+01
4.681420781250000118e+02,-8.672565682178753832e+01
4.681423710937500005e+02,-8.866610401982018175e+01
4.681426640624999891e+02,-8.704864180293510856e+01
4.681429570312500346e+02,-8.787482945275138491e+01
4.681432500000000232e+02,-9.792483850023513980e+01
4.681435429687500118e+02,-8.620360625677740529e+01
4.681438359375000005e+02,-8.344482276326093029e+01
4.681441289062499891e+02,-9.778795574298023041e+01
4.681444218750000346e+02,-9.247010929499933241e+01
4.681447148437500232e+02,-9.242056017816197766e+01
4.681450078125000118e+02,-9.692870103278751515e+01
4.681453007812500005e+02,-8.759216337244001238e+01
4.681455937499999891e+02,-8.902515044191950722e+01
4.681458867187500346e+02,-8.212912063789744366e+01
4.681461796875000232e+02,-8.149883598040202060e+01
4.681464726562500118e+02,-8.192863360122839822e+01
4.681467656250000005e+02,-8.353978809285420937e+01
4.681470585937499891e+02,-8.862677001196550464e+01
4.681473515625000346e+02,-8.627069781949090554e+01
4.681476445312500232e+02,-8.511815128149393672e+01
4.681479375000000118e+02,-8.052020373741024173e+01
4.681482304687500005e+02,-7.974797899944987023e+01
4.681485234374999891e+02,-8.790054883734603663e+01
4.681488164062500346e+02,-8.764772949235315025e+01
4.681491093750000232e+02,-8.111557860966007638e+01
4.681494023437500118e+02,-8.492801453923215149e+01
4.681496953125000005e+02,-9.139735043772648737e+01
4.681499882812499891e+02,-8.870377245666459487e+01
4.681502812500000346e+02,-7.987645839745567855e+01
4.681505742187500232e+02,-7.507531834568270313e+01
4.681508671875000118e+02,-7.606567740184915749e+01
4.681511601562500005e+02,-8.031751993549606539e+01
4.681514531249999891e+02,-7.882532954552294768e+01
4.681517460937500346e+02,-8.537772516579003934e+01
4.681520390625000232e+02,-8.579662375800820939e+01
4.681523320312500118e+02,-8.172981738559228404e+01
4.681526250000000005e+02,-9.153512212950418814e+01
4.681529179687499891e+02,-8.366114567904543264e+01
4.681532109375000346e+02,-8.155297057777126213e+01
4.681535039062500232e+02,-8.621539825714830840e+01
4.681537968750000118e+02,-8.253794126822856470e+01
4.681540898437500005e+02,-7.885765057758445096e+01
4.681543828124999891e+02,-8.729395974607287201e+01
4.681546757812500346e+02,-8.997616291194051996e+01
4.681549687500000232e+02,-8.300834825152389840e+01
4.681552617187500118e+02,-8.104690857514461300e+01
4.681555546875000005e+02,-7.587115801014897443e+01
4.681558476562499891e+02,-7.954307755841914229e+01
4.681561406250000346e+02,-8.739637130412273791e+01
4.681564335937500232e+02,-8.321312682977332997e+01
4.681567265625000118e+02,-8.305931713309647080e+01
4.681570195312500005e+02,-8.266442175927055303e+01
4.681573124999999891e+02,-8.297479498468069892e+01
4.681576054687500346e+02,-7.470699286478784984e+01
4.681578984375000232e+02,-7.495232864217558699e+01
4.681581914062500118e+02,-8.787246002205252182e+01
4.681584843750000005e+02,-8.188701171750956576e+01
4.681587773437499891e+02,-8.170272667389197352e+01
4.681590703125000346e+02,-8.350677413296648410e+01
4.681593632812500232e+02,-8.198016805718758349e+01
4.681596562500000118e+02,-8.588191757308834440e+01
4.681599492187500005e+02,-8.270951560073427800e+01
4.681602421874999891e+02,-8.324780270543570282e+01
4.681605351562500346e+02,-8.634185994255476260e+01
4.681608281250000232e+02,-9.062445158240248588e+01
4.681611210937500118e+02,-9.178702433939029959e+01
4.681614140625000005e+02,-9.009989556778877784e+01
4.681617070312499891e+02,-9.361518951699503077e+01
4.681620000000000346e+02,-8.447121582790806826e+01
4.681622929687500232e+02,-8.212755136362449093e+01
4.681625859375000118e+02,-8.456716729280725531e+01
4.681628789062500005e+02,-8.794498924000366458e+01
4.681631718749999891e+02,-8.222628081188632621e+01
4.681634648437500346e+02,-8.454739769081074030e+01
4.681637578125000232e+02,-9.170041085087298427e+01
4.681640507812500118e+02,-8.722540238157704096e+01
4.681643437500000005e+02,-7.845427656730025490e+01
4.681646367187499891e+02,-8.241552558785076599e+01
4.681649296875000346e+02,-9.214483426441981351e+01
4.681652226562500232e+02,-1.088956538139663479e+02
4.681655156250000118e+02,-8.018598812073622639e+01
4.681658085937500005e+02,-8.419800285957120423e+01
4.681661015624999891e+02,-8.460955614898749388e+01
4.681663945312500346e+02,-8.392286869610948941e+01
4.681666875000000232e+02,-7.908794836005833417e+01
4.681669804687500118e+02,-8.088846296398408242e+01
4.681672734375000005e+02,-7.963955081306633588e+01
4.681675664062499891e+02,-8.350310590425790735e+01
4.681678593750000346e+02,-9.556154628968496922e+01
4.681681523437500232e+02,-8.405167252703958525e+01
4.681684453125000118e+02,-8.366607103243426025e+01
4.681687382812500005e+02,-8.583664457168963224e+01
4.681690312499999891e+02,-8.298091482236621630e+01
4.681693242187500346e+02,-8.136729175961687588e+01
4.681696171875000232e+02,-7.771748652032614757e+01
4.681699101562500118e+02,-7.625799385260651775e+01
4.681702031250000005e+02,-7.570865207797481844e+01
4.681704960937499891e+02,-7.763479118647052246e+01
4.681707890625000346e+02,-8.327935655871470999e+01
4.681710820312500232e+02,-8.332802239314202097e+01
4.681713750000000118e+02,-8.188976730482411881e+01
4.681716679687500005e+02,-8.142051727148296436e+01
4.681719609374999891e+02,-9.015624200675405575e+01
4.681722539062500346e+02,-8.273528853798772786e+01
4.681725468750000232e+02,-9.447095255281537618e+01
4.681728398437500118e+02,-9.003705594738427465e+01
4.681731328125000005e+02,-8.269367490299427459e+01
4.681734257812499891e+02,-8.442928996018316923e+01
4.681737187500000346e+02,-9.290260751876823520e+01
4.681740117187500232e+02,-9.160827988072306027e+01
4.681743046875000118e+02,-8.484606638547882085e+01
4.681745976562500005e+02,-8.020229812375532674e+01
4.681748906249999891e+02,-8.569109166166229841e+01
4.681751835937500346e+02,-8.639071235062077392e+01
4.681754765625000232e+02,-7.970036393765661842e+01
4.681757695312500118e+02,-8.364350131039276448e+01
4.681760625000000005e+02,-7.898091299153945499e+01
4.681763554687499891e+02,-8.249247282170175311e+01
4.681766484375000346e+02,-9.470317874161995064e+01
4.681769414062500232e+02,-8.477582167967457849e+01
4.681772343750000118e+02,-8.567717336032451669e+01
4.681775273437500005e+02,-8.344841627152958097e+01
4.681778203124999891e+02,-8.172491043195803684e+01
4.681781132812500346e+02,-9.221965130196295490e+01
4.681784062500000232e+02,-7.787914118839938737e+01
4.681786992187500118e+02,-7.753047273501843506e+01
4.681789921875000005e+02,-8.425624118197754342e+01
4.681792851562499891e+02,-8.233424041210595590e+01
4.681795781250000346e+02,-9.576818182368830890e+01
4.681798710937500232e+02,-8.699818863347204001e+01
4.681801640625000118e+02,-8.374537861727580434e+01
4.681804570312500005e+02,-8.480035957234301236e+01
4.681807499999999891e+02,-8.043326757350303069e+01
4.681810429687500346e+02,-8.205216309771721228e+01
4.681813359375000232e+02,-8.450985422416950144e+01
4.681816289062500118e+02,-8.051582565754492293e+01
4.681819218750000005e+02,-7.906828038963729455e+01
4.681822148437499891e+02,-7.822551082034101455e+01
4.681825078125000346e+02,-8.359162796101105641e+01
4.681828007812500232e+02,-8.881197174172299924e+01
4.681830937500000118e+02,-9.236131084439422523e+01
4.681833867187500005e+02,-8.386287490212359330e+01
4.681836796874999891e+02,-8.204039010311436186e+01
4.681839726562500346e+02,-8.478097262769743736e+01
4.681842656250000232e+02,-8.333508467281794196e+01
4.681845585937500118e+02,-7.844600767226000926e+01
4.681848515625000005e+02,-8.080368523071987852e+01
4.681851445312499891e+02,-8.624289721245159512e+01
4.681854375000000346e+02,-8.065023816995555705e+01
4.681857304687500232e+02,-8.311993830882241241e+01
4.681860234375000118e+02,-9.061277147068392424e+01
4.681863164062500005e+02,-8.658381927570030712e+01
4.681866093749999891e+02,-8.593978323623306892e+01
4.681869023437500346e+02,-8.936295510376677953e+01
4.681871953125000232e+02,-9.042707803949127765e+01
4.681874882812500118e+02,-8.406847235065791324e+01
4.681877812500000005e+02,-8.086606585004591352e+01
4.681880742187499891e+02,-8.679277092639932789e+01
4.681883671875000346e+02,-8.620114466743635262e+01
4.681886601562500232e+02,-8.372992245453387739e+01
4.681889531250000118e+02,-8.298174749467102629e+01
4.681892460937500005e+02,-7.771575511048541784e+01
4.681895390624999891e+02,-7.661004329103920441e+01
4.681898320312500346e+02,-7.905170275434632288e+01
4.681901250000000232e+02,-8.764097060724267862e+01
4.681904179687500118e+02,-8.950541805886877000e+01
4.681907109375000005e+02,-8.467177152561333742e+01
4.681910039062499891e+02,-9.245062395428587365e+01
4.681912968750000346e+02,-9.439504585876827036e+01
4.681915898437500232e+02,-8.982288405032807077e+01
4.681918828125000118e+02,-8.992599910065723634e+01
4.681921757812500005e+02,-8.614998093198664719e+01
4.681924687499999891e+02,-8.603774320175622847e+01
4.681927617187500346e+02,-8.326991128590323399e+01
4.681930546875000232e+02,-8.286195714843358928e+01
4.681933476562500118e+02,-7.808475330887583254e+01
4.681936406250000005e+02,-7.525742734651790045e+01
4.681939335937499891e+02,-8.014478546421986493e+01
4.681942265625000346e+02,-8.802751965662400835e+01
4.681945195312500232e+02,-8.706650086325878135e+01
4.681948125000000118e+02,-7.671847270644741457e+01
4.681951054687500005e+02,-7.316661398565952368e+01
4.681953984374999891e+02,-7.951333049518456164e+01
4.681956914062500346e+02,-8.587452231056326468e+01
4.681959843750000232e+02,-9.233076071308133237e+01
4.681962773437500118e+02,-8.519932707363857105e+01
4.681965703125000005e+02,-8.642216220091799528e+01
4.681968632812499891e+02,-8.290286137989370729e+01
4.681971562500000346e+02,-8.192335542790385716e+01
4.681974492187500232e+02,-8.402597369977841879e+01
4.681977421875000118e+02,-9.105842843149341093e+01
4.681980351562500005e+02,-8.328711369507954032e+01
4.681983281249999891e+02,-8.814180287167903316e+01
4.681986210937500346e+02,-8.643751808200376274e+01
4.681989140625000232e+02,-9.608069752531010010e+01
4.681992070312500118e+02,-8.097416069592675569e+01
4.681995000000000005e+02,-7.448784241971911513e+01
4.681997929687499891e+02,-7.849139373882510995e+01
4.682000859375000346e+02,-1.106354188500989864e+02
4.682003789062500232e+02,-7.949644251523521632e+01
4.682006718750000118e+02,-8.092781771475748087e+01
4.682009648437500005e+02,-1.014162589478890055e+02
4.682012578124999891e+02,-9.377629109211086700e+01
4.682015507812500346e+02,-8.347957215331200587e+01
4.682018437500000232e+02,-8.019111040323231521e+01
4.682021367187500118e+02,-8.319531096429133754e+01
4.682024296875000005e+02,-8.815702987831448922e+01
4.682027226562499891e+02,-9.937081158446160600e+01
4.682030156250000346e+02,-9.062367940999629923e+01
4.682033085937500232e+02,-8.195609189060567701e+01
4.682036015625000118e+02,-8.921262679578418897e+01
4.682038945312500005e+02,-8.640854775028554968e+01
4.682041874999999891e+02,-8.105483409637068348e+01
4.682044804687500346e+02,-8.514502797145651414e+01
4.682047734375000232e+02,-9.095602340647519668e+01
4.682050664062500118e+02,-9.044609460676133494e+01
4.682053593750000005e+02,-8.141360993220190778e+01
4.682056523437499891e+02,-8.289344624006508866e+01
4.682059453125000346e+02,-8.699070971951141473e+01
4.682062382812500232e+02,-8.291425050670912356e+01
4.682065312500000118e+02,-8.859877912001563516e+01
4.682068242187500005e+02,-7.806799382240629370e+01
4.682071171874999891e+02,-7.828644052479354798e+01
4.682074101562500346e+02,-8.778356158063488124e+01
4.682077031250000232e+02,-8.974138044856260876e+01
4.682079960937500118e+02,-8.480824617608290339e+01
4.682082890625000005e+02,-8.569327769124997474e+01
4.682085820312499891e+02,-8.271571824570722242e+01
4.682088750000000346e+02,-8.713675843822960587e+01
4.682091679687500232e+02,-8.596056711116297322e+01
4.682094609375000118e+02,-9.006559339717135515e+01
4.682097539062500005e+02,-9.107662861982919367e+01
4.682100468749999891e+02,-9.875191900606823481e+01
4.682103398437500346e+02,-8.612928959837978482e+01
4.682106328125000232e+02,-9.572374722030784255e+01
4.682109257812500118e+02,-8.527612129093073179e+01
4.682112187500000005e+02,-8.144146759035228911e+01
4.682115117187499891e+02,-8.418165389034552959e+01
4.682118046875000346e+02,-8.480443430458576870e+01
4.682120976562500232e+02,-8.395728864760749843e+01
4.682123906250000118e+02,-7.687385025935803640e+01
4.682126835937500005e+02,-7.388182780019650409e+01
4.682129765624999891e+02,-7.598395440482991603e+01
4.682132695312500346e+02,-8.126435885412561788e+01
4.682135625000000232e+02,-8.145852278106401911e+01
4.682138554687500118e+02,-8.247865062244729017e+01
4.682141484375000005e+02,-8.278558108791966674e+01
4.682144414062499891e+02,-9.070111100961115369e+01
4.682147343750000346e+02,-8.383712696238660556e+01
4.682150273437500232e+02,-8.594666424937818761e+01
4.682153203125000118e+02,-8.337923694567712118e+01
4.682156132812500005e+02,-8.326094213105959341e+01
4.682159062499999891e+02,-8.211811470683537095e+01
4.682161992187500346e+02,-8.255103093328173713e+01
4.682164921875000232e+02,-8.443968706053377105e+01
4.682167851562500118e+02,-9.091139346324646908e+01
4.682170781250000005e+02,-8.642907946707033773e+01
4.682173710937499891e+02,-7.772482810759170491e+01
4.682176640625000346e+02,-7.739467268515829801e+01
4.682179570312500232e+02,-8.627534459862182814e+01
4.682182500000000118e+02,-9.167457996557001820e+01
4.682185429687500005e+02,-8.242615959089479816e+01
4.682188359374999891e+02,-7.601822520968153185e+01
4.682191289062500346e+02,-7.798944318659440000e+01
4.682194218750000232e+02,-8.063562647254855165e+01
4.682197148437500118e+02,-9.056409409359505958e+01
4.682200078125000005e+02,-9.639424753394145284e+01
4.682203007812499891e+02,-8.254357109809654958e+01
4.682205937500000346e+02,-8.148596640301113325e+01
4.682208867187500232e+02,-8.322405723722242499e+01
4.682211796875000118e+02,-8.360264884363610349e+01
4.682214726562500005e+02,-8.905250418615923991e+01
4.682217656249999891e+02,-8.083300588753699856e+01
4.682220585937500346e+02,-8.030299325355150586e+01
4.682223515625000232e+02,-8.201031300771899168e+01
4.682226445312500118e+02,-8.944343554731727863e+01
4.682229375000000005e+02,-8.983327424347898216e+01
4.682232304687499891e+02,-8.473984853394127015e+01
4.682235234375000346e+02,-8.268554397826082436e+01
4.682238164062500232e+02,-8.749272264551130718e+01
4.682241093750000118e+02,-7.840885986163630150e+01
4.682244023437500005e+02,-8.219981514446794790e+01
4.682246953124999891e+02,-7.802559610592716410e+01
4.682249882812500346e+02,-7.736147366719060869e+01
4.682252812500000232e+02,-8.126600937874908936e+01
4.682255742187500118e+02,-8.372956540668396030e+01
4.682258671875000005e+02,-8.093500188628280512e+01
4.682261601562499891e+02,-8.408933020328284158e+01
4.682264531250000346e+02,-8.959591052098565456e+01
4.682267460937500232e+02,-8.331854907586799186e+01
4.682270390625000118e+02,-8.170496971305178135e+01
4.682273320312500005e+02,-8.338422686203585954e+01
4.682276249999999891e+02,-8.075962368090009136e+01
4.682279179687500346e+02,-9.353705871020963514e+01
4.682282109375000232e+02,-8.615527656188218941e+01
4.682285039062500118e+02,-9.217824393523224558e+01
4.682287968750000005e+02,-9.250920217058960304e+01
4.682290898437499891e+02,-8.388393494295999631e+01
4.682293828125000346e+02,-8.515753563709674268e+01
4.682296757812500232e+02,-1.023970648406366877e+02
4.682299687500000118e+02,-8.818877093436432801e+01
4.682302617187500005e+02,-8.111721471464846900e+01
4.682305546874999891e+02,-8.677726394443369884e+01
4.682308476562500346e+02,-9.166292846644100223e+01
4.682311406250000232e+02,-8.756609054165863881e+01
4.682314335937500118e+02,-8.166737512295300405e+01
4.682317265625000005e+02,-7.765602608689509623e+01
4.682320195312499891e+02,-8.106088785493631121e+01
4.682323125000000346e+02,-8.379311550916096962e+01
4.682326054687500232e+02,-8.285640370715466929e+01
4.682328984375000118e+02,-8.437014391546021841e+01
4.682331914062500005e+02,-9.045604382089912576e+01
4.682334843749999891e+02,-7.781422853727639222e+01
4.682337773437500346e+02,-7.712739704919407302e+01
4.682340703125000232e+02,-8.113190711663877153e+01
4.682343632812500118e+02,-8.001906191729382556e+01
4.682346562500000005e+02,-8.031251651363086808e+01
4.682349492187499891e+02,-8.428781692808094306e+01
4.682352421875000346e+02,-8.637521410631889296e+01
4.682355351562500232e+02,-8.266021931063797012e+01
4.682358281250000118e+02,-8.390791175754897324e+01
4.682361210937500005e+02,-8.329434446007959991e+01
4.682364140624999891e+02,-8.085035301083679826e+01
4.682367070312500346e+02,-7.676148098982460510e+01
4.682370000000000232e+02,-8.070113756628222745e+01
4.682372929687500118e+02,-8.414434598010437583e+01
4.682375859375000005e+02,-8.710228862839036879e+01
4.682378789062499891e+02,-7.899751429985876428e+01
4.682381718750000346e+02,-7.907825441576029846e+01
4.682384648437500232e+02,-7.970717868981532206e+01
4.682387578125000118e+02,-8.325547709943948860e+01
4.682390507812500005e+02,-8.409440649107472154e+01
4.682393437499999891e+02,-8.888965615145932020e+01
4.682396367187500346e+02,-8.658831430642351279e+01
4.682399296875000232e+02,-9.245100056055370885e+01
4.682402226562500118e+02,-8.933823486591856522e+01
4.682405156250000005e+02,-8.499291743508435104e+01
4.682408085937499891e+02,-8.265652058693682136e+01
4.682411015625000346e+02,-9.752591909943950554e+01
4.682413945312500232e+02,-8.980911738230572894e+01
4.682416875000000118e+02,-8.696217807779176212e+01
4.682419804687500005e+02,-8.105029375892387122e+01
4.682422734374999891e+02,-7.718620049700174945e+01
4.682425664062500346e+02,-7.917243916056659714e+01
4.682428593750000232e+02,-9.029917455554782180e+01
4.682431523437500118e+02,-8.561208380815129715e+01
4.682434453125000005e+02,-8.687570115894689593e+01
4.682437382812499891e+02,-8.107401545792546926e+01
4.682440312500000346e+02,-7.841712348815329392e+01
4.682443242187500232e+02,-8.170940705665564963e+01
4.682446171875000118e+02,-9.219737710716692902e+01
4.682449101562500005e+02,-8.336267794857965896e+01
4.682452031249999891e+02,-9.477720293563592691e+01
4.682454960937500346e+02,-8.491999662597842757e+01
4.682457890625000232e+02,-9.732785393920408978e+01
4.682460820312500118e+02,-8.168384843815182705e+01
4.682463750000000005e+02,-8.392215301451768994e+01
4.682466679687499891e+02,-8.490250456903200416e+01
4.682469609375000346e+02,-8.183832681531647779e+01
4.682472539062500232e+02,-8.629255029045090453e+01
4.682475468750000118e+02,-9.260241381485002421e+01
4.682478398437500005e+02,-8.791170904117883822e+01
4.682481328124999891e+02,-8.174263662885051929e+01
4.682484257812500346e+02,-8.323932695532622006e+01
4.682487187500000232e+02,-9.305415651343352579e+01
4.682490117187500118e+02,-9.087789303979539568e+01
4.682493046875000005e+02,-8.312045141187221020e+01
4.682495976562499891e+02,-8.380001333024283383e+01
4.682498906250000346e+02,-8.742021759627559163e+01
4.682501835937500232e+02,-8.226969282102470515e+01
4.682504765625000118e+02,-8.228180177587151434e+01
4.682507695312500005e+02,-9.010399741031746146e+01
4.682510624999999891e+02,-8.382572213562900743e+01
4.682513554687500346e+02,-8.563726581296235452e+01
4.682516484375000232e+02,-8.885121322765607488e+01
4.682519414062500118e+02,-8.942341448575274399e+01
4.682522343750000005e+02,-8.958496882677410156e+01
4.682525273437499891e+02,-8.173060958365385886e+01
4.682528203125000346e+02,-7.919275289954421737e+01
4.682531132812500232e+02,-8.387620504570205071e+01
4.682534062500000118e+02,-1.002095633873626213e+02
4.682536992187500005e+02,-8.598556807945193725e+01
4.682539921874999891e+02,-7.949767078849890822e+01
4.682542851562500346e+02,-8.341179197834620140e+01
4.682545781250000232e+02,-8.431036952230743964e+01
4.682548710937500118e+02,-8.792113075848648407e+01
4.682551640625000005e+02,-8.286861305811046918e+01
4.682554570312499891e+02,-8.212660750071698601e+01
4.682557500000000346e+02,-7.886444195021748271e+01
4.682560429687500232e+02,-8.353099808218713918e+01
4.682563359375000118e+02,-7.898305061585718079e+01
4.682566289062500005e+02,-8.060366033291160193e+01
4.682569218749999891e+02,-8.266559185475341565e+01
4.682572148437500346e+02,-8.571283183846615827e+01
4.682575078125000232e+02,-8.572109712858301123e+01
4.682578007812500118e+02,-9.075254173043094852e+01
4.682580937500000005e+02,-8.296055948920741230e+01
4.682583867187499891e+02,-8.280441175353189465e+01
4.682586796875000346e+02,-8.647835684995916949e+01
4.682589726562500232e+02,-8.403150122803219801e+01
4.682592656250000118e+02,-8.278938870162683372e+01
4.682595585937500005e+02,-9.094066705552066310e+01
4.682598515624999891e+02,-1.043845061424674583e+02
4.682601445312500346e+02,-8.840708983904924878e+01
4.682604375000000232e+02,-1.022308945258669013e+02
4.682607304687500118e+02,-8.283357257442878563e+01
4.682610234375000005e+02,-1.009215161334318793e+02
4.682613164062499891e+02,-8.443794790355377700e+01
4.682616093750000346e+02,-8.360036309503998098e+01
4.682619023437500232e+02,-8.961412597545259473e+01
4.682621953125000118e+02,-8.180627820630148506e+01
4.682624882812500005e+02,-8.629890726858133121e+01
4.682627812499999891e+02,-8.159339542187773020e+01
4.682630742187500346e+02,-8.055599837271608976e+01
4.682633671875000232e+02,-9.015232874609637292e+01
4.682636601562500118e+02,-9.516254054751581748e+01
4.682639531250000005e+02,-8.632843199899286901e+01
4.682642460937499891e+02,-8.054661954996976192e+01
4.682645390625000346e+02,-8.144982154721041923e+01
4.682648320312500232e+02,-8.366671738789308677e+01
4.682651250000000118e+02,-8.302253558206987805e+01
4.682654179687500005e+02,-9.499458682000174292e+01
4.682657109374999891e+02,-8.236721872398425148e+01
4.682660039062500346e+02,-8.210256498278916126e+01
4.682662968750000232e+02,-8.309727726881806120e+01
4.682665898437500118e+02,-9.017811925976906196e+01
4.682668828125000005e+02,-8.457118068221133456e+01
4.682671757812499891e+02,-8.339460853103093996e+01
4.682674687500000346e+02,-8.097871894250680214e+01
4.682677617187500232e+02,-9.243638097941136778e+01
4.682680546875000118e+02,-8.394517265483122515e+01
4.682683476562500005e+02,-8.034933633029896782e+01
4.682686406249999891e+02,-7.998703786535054405e+01
4.682689335937500346e+02,-8.238833808302808848e+01
4.682692265625000232e+02,-7.874329461032421307e+01
4.682695195312500118e+02,-7.929882199348439542e+01
4.682698125000000005e+02,-8.132208546824769257e+01
4.682701054687499891e+02,-8.236107791263845002e+01
4.682703984375000346e+02,-8.348128674787004400e+01
4.682706914062500232e+02,-9.153337893490311217e+01
4.682709843750000118e+02,-9.012252224062237360e+01
4.682712773437500005e+02,-9.423938687351885335e+01
4.682715703124999891e+02,-9.045263696968740419e+01
4.682718632812500346e+02,-9.381733818019682758e+01
4.682721562500000232e+02,-8.904887869384167232e+01
4.682724492187500118e+02,-8.384696864916976722e+01
4.682727421875000005e+02,-8.433004629879474123e+01
4.682730351562499891e+02,-8.981576286167356216e+01
4.682733281250000346e+02,-9.346816824857205575e+01
4.682736210937500232e+02,-8.917522718708617901e+01
4.682739140625000118e+02,-9.298208476087056340e+01
4.682742070312500005e+02,-9.126670284615363471e+01
4.682744999999999891e+02,-7.961584882647066763e+01
4.682747929687500346e+02,-7.723459775704276353e+01
4.682750859375000232e+02,-7.968478509596994286e+01
4.682753789062500118e+02,-8.052906138139073278e+01
4.682756718750000005e+02,-7.888907048814192535e+01
4.682759648437499891e+02,-8.795016161119959008e+01
4.682762578125000346e+02,-8.164395801678796261e+01
4.682765507812500232e+02,-8.072661840162852798e+01
4.682768437500000118e+02,-8.048694460518933624e+01
4.682771367187500005e+02,-8.001420403627002997e+01
4.682774296874999891e+02,-8.575954728174164643e+01
4.682777226562500346e+02,-8.526264468623691073e+01
4.682780156250000232e+02,-9.373838862569945718e+01
4.682783085937500118e+02,-7.964499606428397271e+01
4.682786015625000005e+02,-8.806366505905783981e+01
4.682788945312499891e+02,-8.843529253668805268e+01
4.682791875000000346e+02,-8.497979401276793965e+01
4.682794804687500232e+02,-8.041223058670114199e+01
4.682797734375000118e+02,-8.093528730864738918e+01
4.682800664062500005e+02,-8.435417347961553958e+01
4.682803593749999891e+02,-9.196481689946961069e+01
4.682806523437500346e+02,-9.676642072811631579e+01
4.682809453125000232e+02,-1.069867792546936869e+02
4.682812382812500118e+02,-8.645842869482194715e+01
4.682815312500000005e+02,-7.984884734181162003e+01
4.682818242187499891e+02,-8.427893656773130715e+01
4.682821171875000346e+02,-9.962956979793801793e+01
4.682824101562500232e+02,-8.596896838272208186e+01
4.682827031250000118e+02,-7.987360395169886829e+01
4.682829960937500005e+02,-7.904506490858869938e+01
4.682832890624999891e+02,-8.401048636853411722e+01
4.682835820312500346e+02,-9.745445158237389194e+01
4.682838750000000232e+02,-9.540420155312989436e+01
4.682841679687500118e+02,-9.058351524424993784e+01
4.682844609375000005e+02,-8.857392276994970359e+01
4.682847539062499891e+02,-9.495142631657786580e+01
4.682850468750000346e+02,-8.435022260478085343e+01
4.682853398437500232e+02,-8.663874646666417334e+01
4.682856328125000118e+02,-8.111276051427707046e+01
4.682859257812500005e+02,-8.245395059405097982e+01
4.682862187499999891e+02,-8.690135305559722667e+01
4.682865117187500346e+02,-8.531126362166946819e+01
4.682868046875000232e+02,-8.408317737106600021e+01
4.682870976562500118e+02,-8.437006928297749653e+01
4.682873906250000005e+02,-9.676094374664045006e+01
4.682876835937499891e+02,-8.275939107427986130e+01
4.682879765625000346e+02,-8.657696061504942975e+01
4.682882695312500232e+02,-9.364785545859928106e+01
4.682885625000000118e+02,-9.126523871778148589e+01
4.682888554687500005e+02,-8.344762880304857333e+01
4.682891484374999891e+02,-7.924698488885503878e+01
4.682894414062500346e+02,-9.004609530075214252e+01
4.682897343750000232e+02,-9.035891442667281126e+01
4.682900273437500118e+02,-8.240476073052299455e+01
4.682903203125000005e+02,-8.288397919163763561e+01
4.682906132812499891e+02,-1.002891796780195648e+02
4.682909062500000346e+02,-8.397401808533413714e+01
4.682911992187500232e+02,-8.506604408238737847e+01
4.682914921875000118e+02,-8.835838337724186431e+01
4.682917851562500005e+02,-1.012083397419733757e+02
4.682920781249999891e+02,-8.785153762546212874e+01
4.682923710937500346e+02,-9.122825262589137196e+01
4.682926640625000232e+02,-8.640177395318298181e+01
4.682929570312500118e+02,-7.987893581881031935e+01
4.682932500000000005e+02,-8.073232477877434121e+01
4.682935429687499891e+02,-8.507674988923220383e+01
4.682938359375000346e+02,-8.190186929589029319e+01
4.682941289062500232e+02,-7.879731590081362924e+01
4.682944218750000118e+02,-7.980545501522942686e+01
4.682947148437500005e+02,-7.732731971272768590e+01
4.682950078124999891e+02,-8.384448435707498959e+01
4.682953007812500346e+02,-8.985923754439923528e+01
4.682955937500000232e+02,-9.191995671070708340e+01
4.682958867187500118e+02,-8.030967591739101863e+01
4.682961796875000005e+02,-8.101420512892715919e+01
4.682964726562499891e+02,-8.834312813811008880e+01
4.682967656250000346e+02,-8.060592849788244507e+01
4.682970585937500232e+02,-8.362341252644789336e+01
4.682973515625000118e+02,-8.666838253060498687e+01
4.682976445312500005e+02,-9.340267265497286076e+01
4.682979374999999891e+02,-9.168798479267907453e+01
4.682982304687500346e+02,-9.593043733773809834e+01
4.682985234375000232e+02,-9.094876535642879389e+01
4.682988164062500118e+02,-8.799635788386076740e+01
4.682991093750000005e+02,-8.400233398717443833e+01
4.682994023437499891e+02,-9.202175637433580846e+01
4.682996953125000346e+02,-1.032685856559727426e+02
4.682999882812500232e+02,-9.671573996566338849e+01
4.683002812500000118e+02,-8.405532478771661431e+01
4.683005742187500005e+02,-8.041762196578693533e+01
4.683008671874999891e+02,-7.777847804573355006e+01
4.683011601562500346e+02,-8.243153239249238595e+01
4.683014531250000232e+02,-9.705227562897185578e+01
4.683017460937500118e+02,-8.398232379600375452e+01
4.683020390625000005e+02,-7.802371313316710655e+01
4.683023320312499891e+02,-8.626820490235351713e+01
4.683026250000000346e+02,-9.532957136190103142e+01
4.683029179687500232e+02,-8.305161671231368814e+01
4.683032109375000118e+02,-7.913186700989305677e+01
4.683035039062500005e+02,-8.048999740412460824e+01
4.683037968749999891e+02,-8.575387560911354967e+01
4.683040898437500346e+02,-8.340709234769818181e+01
4.683043828125000232e+02,-1.091453956890285610e+02
4.683046757812500118e+02,-8.866427065664223051e+01
4.683049687500000005e+02,-8.964084567868944475e+01
4.683052617187499891e+02,-8.973390342208701043e+01
4.683055546875000346e+02,-8.791936322799521975e+01
4.683058476562500232e+02,-8.750540974079933676e+01
4.683061406250000118e+02,-8.340801699309537298e+01
4.683064335937500005e+02,-8.445714555463199247e+01
4.683067265624999891e+02,-8.375915300320551182e+01
4.683070195312500346e+02,-8.287266293844055554e+01
4.683073125000000232e+02,-8.215179729099313022e+01
4.683076054687500118e+02,-8.707392737924664061e+01
4.683078984375000005e+02,-9.153951753091975263e+01
4.683081914062499891e+02,-9.713041294219846122e+01
4.683084843750000346e+02,-8.466145748012698391e+01
4.683087773437500232e+02,-8.594260704372155146e+01
4.683090703125000118e+02,-8.815107927721614089e+01
4.683093632812500005e+02,-8.554482966661771570e+01
4.683096562499999891e+02,-8.558537723499537719e+01
4.683099492187500346e+02,-7.760394266912271632e+01
4.683102421875000232e+02,-7.673726345239583679e+01
4.683105351562500118e+02,-8.212845703307549172e+01
4.683108281250000005e+02,-8.883434476683669345e+01
4.683111210937499891e+02,-8.223052310578199808e+01
4.683114140625000346e+02,-9.420067974902289620e+01
4.683117070312500232e+02,-9.257119337277902105e+01
4.683120000000000118e+02,-8.236692236993616234e+01
4.683122929687500005e+02,-8.113893870931704555e+01
4.683125859374999891e+02,-8.538225923056498345e+01
4.683128789062500346e+02,-8.792430174088863737e+01
4.683131718750000232e+02,-8.620872818117690883e+01
4.683134648437500118e+02,-9.377886548198526384e+01
4.683137578125000005e+02,-8.329539206899795545e+01
4.683140507812499891e+02,-8.857738449042611251e+01
4.683143437500000346e+02,-8.815604425083793672e+01
4.683146367187500232e+02,-8.934432426864597687e+01
4.683149296875000118e+02,-8.546059782260454085e+01
4.683152226562500005e+02,-8.202784879148980224e+01
4.683155156249999891e+02,-8.879763652320758638e+01
4.683158085937500346e+02,-9.097791920935888754e+01
4.683161015625000232e+02,-8.731932520768361883e+01
4.683163945312500118e+02,-9.139424365136022743e+01
4.683166875000000005e+02,-8.410464148238249038e+01
4.683169804687499891e+02,-8.361073986880009556e+01
4.683172734375000346e+02,-8.461801016618156268e+01
4.683175664062500232e+02,-8.246611229777178664e+01
4.683178593750000118e+02,-9.763036171168472777e+01
4.683181523437500005e+02,-8.571211490035010172e+01
4.683184453124999891e+02,-8.339223997359242446e+01
4.683187382812500346e+02,-8.205945824245375775e+01
4.683190312500000232e+02,-8.758215343195396940e+01
4.683193242187500118e+02,-8.867357633618883028e+01
4.683196171875000005e+02,-9.608982323789093982e+01
4.683199101562499891e+02,-8.504802842048246703e+01
4.683202031250000346e+02,-8.402060864818663788e+01
4.683204960937500232e+02,-8.346056862541382770e+01
4.683207890625000118e+02,-9.335935609494556786e+01
4.683210820312500005e+02,-9.780491627489574569e+01
4.683213749999999891e+02,-8.825648452970659719e+01
4.683216679687500346e+02,-8.407670910032960876e+01
4.683219609375000232e+02,-8.772472648261178563e+01
4.683222539062500118e+02,-1.068824762347533976e+02
4.683225468750000005e+02,-9.073152832976708737e+01
4.683228398437499891e+02,-8.579729994679649963e+01
4.683231328125000346e+02,-9.678750046542008079e+01
4.683234257812500232e+02,-8.956881147979559898e+01
4.683237187500000118e+02,-8.426589247195521182e+01
4.683240117187500005e+02,-9.021602860380001232e+01
4.683243046874999891e+02,-8.357953871057254958e+01
4.683245976562500346e+02,-8.865197803962473699e+01
4.683248906250000232e+02,-9.598722428969966813e+01
4.683251835937500118e+02,-9.530834030793320721e+01
4.683254765625000005e+02,-8.296999535472336618e+01
4.683257695312499891e+02,-7.842795193863355507e+01
4.683260625000000346e+02,-7.687000893294398907e+01
4.683263554687500232e+02,-7.902781535586071016e+01
4.683266484375000118e+02,-9.971991941777714885e+01
4.683269414062500005e+02,-9.997137009757467752e+01
4.683272343749999891e+02,-8.696066493048567736e+01
4.683275273437500346e+02,-8.623107332648501711e+01
4.683278203125000232e+02,-8.697971768004990167e+01
4.683281132812500118e+02,-8.038541614057234597e+01
4.683284062500000005e+02,-8.207913207043063153e+01
4.683286992187499891e+02,-8.306680124762324624e+01
4.683289921875000346e+02,-8.719564103032257663e+01
4.683292851562500232e+02,-8.443980697841129768e+01
4.683295781250000118e+02,-8.535923076285419597e+01
4.683298710937500005e+02,-9.035296761051677095e+01
4.683301640624999891e+02,-9.394369898783554618e+01
4.683304570312500346e+02,-9.309393675891894304e+01
4.683307500000000232e+02,-8.524463388998078983e+01
4.683310429687500118e+02,-8.269078883991355156e+01
4.683313359375000005e+02,-8.924109614983410665e+01
4.683316289062499891e+02,-8.201903935030449588e+01
4.683319218750000346e+02,-7.827205564821922223e+01
4.683322148437500232e+02,-7.915044092202242609e+01
4.683325078125000118e+02,-8.795768444189944546e+01
4.683328007812500005e+02,-8.129448966073469762e+01
4.683330937499999891e+02,-8.520970762190374614e+01
4.683333867187500346e+02,-9.097080799602146328e+01
4.683336796875000232e+02,-9.099937407554597257e+01
4.683339726562500118e+02,-9.467015547388919572e+01
4.683342656250000005e+02,-8.673087049107121516e+01
4.683345585937499891e+02,-9.031050518463702304e+01
4.683348515625000346e+02,-7.900222902754133258e+01
4.683351445312500232e+02,-8.365047861233527726e+01
4.683354375000000118e+02,-8.872474316007347284e+01
4.683357304687500005e+02,-8.113736836218262738e+01
4.683360234374999891e+02,-8.334745336293906348e+01
4.683363164062500346e+02,-8.081612797015493754e+01
4.683366093750000232e+02,-7.933577920708616205e+01
4.683369023437500118e+02,-8.393314199322306024e+01
4.683371953125000005e+02,-8.240105218262827691e+01
4.683374882812499891e+02,-7.828526717124506717e+01
4.683377812500000346e+02,-8.017349998305037673e+01
4.683380742187500232e+02,-8.440097195242331907e+01
4.683383671875000118e+02,-8.332368913031849900e+01
4.683386601562500005e+02,-8.883990245412603315e+01
4.683389531249999891e+02,-8.552846002524169933e+01
4.683392460937500346e+02,-8.837057176033957262e+01
4.683395390625000232e+02,-9.015789501206788259e+01
4.683398320312500118e+02,-8.836188141154947573e+01
4.683401250000000005e+02,-8.401279445715778138e+01
4.683404179687499891e+02,-8.149029296922458343e+01
4.683407109375000346e+02,-7.830063821590951534e+01
4.683410039062500232e+02,-7.938575538048061730e+01
4.683412968750000118e+02,-9.071579893495579938e+01
4.683415898437500005e+02,-8.340047618861845535e+01
4.683418828124999891e+02,-8.523058457194828463e+01
4.683421757812500346e+02,-8.642366353424048953e+01
4.683424687500000232e+02,-8.214303862377644805e+01
4.683427617187500118e+02,-8.056435009049188523e+01
4.683430546875000005e+02,-8.502469804577111745e+01
4.683433476562499891e+02,-8.529338266836838045e+01
4.683436406250000346e+02,-8.148372432394910447e+01
4.683439335937500232e+02,-8.379487240804321857e+01
4.683442265625000118e+02,-8.119379461826244437e+01
4.683445195312500005e+02,-9.838197476478242720e+01
4.683448124999999891e+02,-8.062989631933322698e+01
4.683451054687500346e+02,-8.443640169336249812e+01
4.683453984375000232e+02,-8.162480658172334813e+01
4.683456914062500118e+02,-7.745518577775602864e+01
4.683459843750000005e+02,-8.158666429332336634e+01
4.683462773437499891e+02,-8.780975573475296869e+01
4.683465703125000346e+02,-9.922813643630789215e+01
4.683468632812500232e+02,-1.133191429643882344e+02
4.683471562500000118e+02,-8.644569966935924299e+01
4.683474492187500005e+02,-8.587319336912040058e+01
4.683477421874999891e+02,-8.900021873805846440e+01
4.683480351562500346e+02,-8.584494020277254833e+01
4.683483281250000232e+02,-7.991868027976499889e+01
4.683486210937500118e+02,-8.346023137440704431e+01
4.683489140625000005e+02,-8.568872138468827870e+01
4.683492070312499891e+02,-8.818437336906427504e+01
4.683495000000000346e+02,-8.678230332254580048e+01
4.683497929687500232e+02,-8.043858915796695896e+01
4.683500859375000118e+02,-7.965735274403658650e+01
4.683503789062500005e+02,-8.775480758868798148e+01
4.683506718749999891e+02,-9.161935145581722395e+01
4.683509648437500346e+02,-8.693671439498274367e+01
4.683512578125000232e+02,-8.360066433745743097e+01
4.683515507812500118e+02,-1.012005641537781031e+02
4.683518437500000005e+02,-8.255778691664150415e+01
4.683521367187499891e+02,-8.973574855564802988e+01
4.683524296875000346e+02,-8.364202787573660203e+01
4.683527226562500232e+02,-7.967346352828231204e+01
4.683530156250000118e+02,-8.423038548707951634e+01
4.683533085937500005e+02,-8.401504210255365024e+01
4.683536015624999891e+02,-9.587533400584632659e+01
4.683538945312500346e+02,-9.374058800443074801e+01
4.683541875000000232e+02,-9.524790928744093321e+01
4.683544804687500118e+02,-9.012403549927485358e+01
4.683547734375000005e+02,-8.558024060169323377e+01
4.683550664062499891e+02,-8.460383258591976130e+01
4.683553593750000346e+02,-8.174506809858647216e+01
4.683556523437500232e+02,-8.523488792751228971e+01
4.683559453125000118e+02,-1.046239653138425751e+02
4.683562382812500005e+02,-8.172927832451696872e+01
4.683565312499999891e+02,-8.107887383822756533e+01
4.683568242187500346e+02,-8.374887351775755917e+01
4.683571171875000232e+02,-8.637283516192299260e+01
4.683574101562500118e+02,-8.783059090193455631e+01
4.683577031250000005e+02,-8.742729229001257352e+01
4.683579960937499891e+02,-8.455218153449027341e+01
4.683582890625000346e+02,-8.209080105657372428e+01
4.683585820312500232e+02,-8.748938390410597776e+01
4.683588750000000118e+02,-9.155324577546466003e+01
4.683591679687500005e+02,-1.039690004910999477e+02
4.683594609374999891e+02,-9.682055200119954463e+01
4.683597539062500346e+02,-9.357265628932506729e+01
4.683600468750000232e+02,-9.961579426760836498e+01
4.683603398437500118e+02,-8.713521683874084545e+01
4.683606328125000005e+02,-8.355606335406352514e+01
4.683609257812499891e+02,-8.772975388319805745e+01
4.683612187500000346e+02,-8.479041775362833278e+01
4.683615117187500232e+02,-1.096605300684753246e+02
4.683618046875000118e+02,-9.338864958779080894e+01
4.683620976562500005e+02,-8.898539260316169930e+01
4.683623906249999891e+02,-9.120443946866186025e+01
4.683626835937500346e+02,-8.526237611872572586e+01
4.683629765625000232e+02,-8.341734986867139412e+01
4.683632695312500118e+02,-8.724847826847572207e+01
4.683635625000000005e+02,-9.500620018451947146e+01
4.683638554687499891e+02,-8.159200210827380317e+01
4.683641484375000346e+02,-8.170227495203130275e+01
4.683644414062500232e+02,-8.807438173772040102e+01
4.683647343750000118e+02,-8.449782390249845321e+01
4.683650273437500005e+02,-9.106700551496317075e+01
4.683653203124999891e+02,-1.108652718609103545e+02
4.683656132812500346e+02,-9.859685998552495789e+01
4.683659062500000232e+02,-8.703971595998497435e+01
4.683661992187500118e+02,-8.256103530439803251e+01
4.683664921875000005e+02,-9.221481465219110873e+01
4.683667851562499891e+02,-1.048826476271987218e+02
4.683670781250000346e+02,-9.235116633245695539e+01
4.683673710937500232e+02,-8.266828273211933720e+01
4.683676640625000118e+02,-8.473699051294838114e+01
4.683679570312500005e+02,-9.085591288554238076e+01
4.683682499999999891e+02,-8.504114718675901941e+01
4.683685429687500346e+02,-8.401057749712721545e+01
4.683688359375000232e+02,-8.154910539409983983e+01
4.683691289062500118e+02,-8.135996045379093289e+01
4.683694218750000005e+02,-8.674148529404777719e+01
4.683697148437499891e+02,-8.977464635562597550e+01
4.683700078125000346e+02,-8.353429321673955599e+01
4.683703007812500232e+02,-8.154641582841580316e+01
4.683705937500000118e+02,-8.526267158768042975e+01
4.683708867187500005e+02,-9.551232768588015176e+01
4.683711796874999891e+02,-8.912933148388154336e+01
4.683714726562500346e+02,-8.634739156083355738e+01
4.683717656250000232e+02,-8.367981186585323883e+01
4.683720585937500118e+02,-8.265820192143353040e+01
4.683723515625000005e+02,-8.535138643377584344e+01
4.683726445312499891e+02,-9.386985435171744996e+01
4.683729375000000346e+02,-8.578397446333825371e+01
4.683732304687500232e+02,-8.630911613710676988e+01
4.683735234375000118e+02,-8.512147949834242411e+01
4.683738164062500005e+02,-8.078145251041270569e+01
4.683741093749999891e+02,-8.531260606469318475e+01
4.683744023437500346e+02,-8.318034517580994702e+01
4.683746953125000232e+02,-8.279745965785900808e+01
4.683749882812500118e+02,-9.333900389911025286e+01
4.683752812500000005e+02,-8.426941819673230327e+01
4.683755742187499891e+02,-8.234186798206231117e+01
4.683758671875000346e+02,-8.675912093179820772e+01
4.683761601562500232e+02,-9.019351227089182998e+01
4.683764531250000118e+02,-8.548227023376996669e+01
4.683767460937500005e+02,-1.037923805257805157e+02
4.683770390624999891e+02,-8.336016687417097160e+01
4.683773320312500346e+02,-8.821192702322736068e+01
4.683776250000000232e+02,-8.061915231218291922e+01
4.683779179687500118e+02,-8.549529875470037155e+01
4.683782109375000005e+02,-8.673885202640308023e+01
4.683785039062499891e+02,-8.222123416562844511e+01
4.683787968750000346e+02,-8.301015682808193219e+01
4.683790898437500232e+02,-9.169628867533019445e+01
4.683793828125000118e+02,-8.810900769319262338e+01
4.683796757812500005e+02,-9.148840342838646222e+01
4.683799687499999891e+02,-9.460775180252126404e+01
4.683802617187500346e+02,-8.558434131615662466e+01
4.683805546875000232e+02,-9.209055293789349150e+01
4.683808476562500118e+02,-8.469009502845737813e+01
4.683811406250000005e+02,-7.880458042058148749e+01
4.683814335937499891e+02,-8.008973380495127969e+01
4.683817265625000346e+02,-8.637669028139762872e+01
4.683820195312500232e+02,-8.041624212486006229e+01
4.683823125000000118e+02,-7.994189584093210499e+01
4.683826054687500005e+02,-8.521492766777831207e+01
4.683828984374999891e+02,-1.071783266564366386e+02
4.683831914062500346e+02,-9.055814542388634436e+01
4.683834843750000232e+02,-8.054789763854100215e+01
4.683837773437500118e+02,-8.218557708988961963e+01
4.683840703125000005e+02,-8.904321746557025108e+01
4.683843632812499891e+02,-8.997196654996700715e+01
4.683846562500000346e+02,-9.676694799193901986e+01
4.683849492187500232e+02,-9.285994118019621624e+01
4.683852421875000118e+02,-9.100282580842092273e+01
4.683855351562500005e+02,-8.598364513500710871e+01
4.683858281249999891e+02,-8.747046481118145778e+01
4.683861210937500346e+02,-9.666373112147320512e+01
4.683864140625000232e+02,-9.410221860321934173e+01
4.683867070312500118e+02,-8.872769272162696552e+01
4.683870000000000005e+02,-8.325930474582457919e+01
4.683872929687499891e+02,-8.799887688809228337e+01
4.683875859375000346e+02,-9.188229261976283624e+01
4.683878789062500232e+02,-9.457343735708022336e+01
4.683881718750000118e+02,-7.819256322696958250e+01
4.683884648437500005e+02,-7.704989481769446513e+01
4.683887578124999891e+02,-8.236704047887378977e+01
4.683890507812500346e+02,-9.249308778617532312e+01
4.683893437500000232e+02,-8.479356816432311916e+01
4.683896367187500118e+02,-8.553577169685802062e+01
4.683899296875000005e+02,-8.349531109400631124e+01
4.683902226562499891e+02,-8.693158987175760899e+01
4.683905156250000346e+02,-8.726595306885924686e+01
4.683908085937500232e+02,-1.032712028871503520e+02
4.683911015625000118e+02,-8.681693981526657922e+01
4.683913945312500005e+02,-8.399757011217576519e+01
4.683916874999999891e+02,-8.246190263626986905e+01
4.683919804687500346e+02,-8.867105895579079800e+01
4.683922734375000232e+02,-8.367148688902098286e+01
4.683925664062500118e+02,-9.090797195070821601e+01
4.683928593750000005e+02,-8.584467267962408243e+01
4.683931523437499891e+02,-8.780075133589127745e+01
4.683934453125000346e+02,-8.981844809518649697e+01
4.683937382812500232e+02,-8.590590389906728319e+01
4.683940312500000118e+02,-8.434658241331428030e+01
4.683943242187500005e+02,-9.282304548644296460e+01
4.683946171874999891e+02,-8.128005112878014415e+01
4.683949101562500346e+02,-8.357590199794665864e+01
4.683952031250000232e+02,-9.206783479200062459e+01
4.683954960937500118e+02,-1.014418203855062615e+02
4.683957890625000005e+02,-9.492062383760176658e+01
4.683960820312499891e+02,-1.079872587699183271e+02
4.683963750000000346e+02,-9.365048362465572040e+01
4.683966679687500232e+02,-8.637252847276891998e+01
4.683969609375000118e+02,-8.711177848688528513e+01
4.683972539062500005e+02,-8.537350788943396651e+01
4.683975468749999891e+02,-8.115364483773180382e+01
4.683978398437500346e+02,-7.870753335891296842e+01
4.683981328125000232e+02,-8.029118840257265788e+01
4.683984257812500118e+02,-8.310866818409949985e+01
4.683987187500000005e+02,-1.061742588314012039e+02
4.683990117187499891e+02,-8.463196581304190147e+01
4.683993046875000346e+02,-8.784046479812958808e+01
4.683995976562500232e+02,-8.964649949940663021e+01
4.683998906250000118e+02,-8.809653193086910505e+01
4.684001835937500005e+02,-9.131405994412807559e+01
4.684004765624999891e+02,-8.626140592154555975e+01
4.684007695312500346e+02,-8.729849382214347031e+01
4.684010625000000232e+02,-8.844198983022656080e+01
4.684013554687500118e+02,-8.803442362716141645e+01
4.684016484375000005e+02,-1.098350781558198861e+02
4.684019414062499891e+02,-8.529408094316991651e+01
4.684022343750000346e+02,-9.009854769406871355e+01
4.684025273437500232e+02,-8.710618145555697822e+01
4.684028203125000118e+02,-9.135301628873577329e+01
4.684031132812500005e+02,-8.886137040864498715e+01
4.684034062499999891e+02,-9.698974595448279956e+01
4.684036992187500346e+02,-8.809747087076235061e+01
4.684039921875000232e+02,-8.463185867197336165e+01
4.684042851562500118e+02,-8.430023685076835704e+01
4.684045781250000005e+02,-8.879851426565336681e+01
4.684048710937499891e+02,-8.521877668838313014e+01
4.684051640625000346e+02,-8.030714883676024840e+01
4.684054570312500232e+02,-8.337636010812317977e+01
4.684057500000000118e+02,-8.454073895415945117e+01
4.684060429687500005e+02,-8.247212051934388910e+01
4.684063359374999891e+02,-8.735626866260348322e+01
4.684066289062500346e+02,-8.081610598881212582e+01
4.684069218750000232e+02,-7.867682358060184811e+01
4.684072148437500118e+02,-8.741840964133805869e+01
4.684075078125000005e+02,-8.604703102631810907e+01
4.684078007812499891e+02,-8.470661574382630477e+01
4.684080937500000346e+02,-9.081358874267797887e+01
4.684083867187500232e+02,-8.521134062306678914e+01
4.684086796875000118e+02,-7.875290522693917694e+01
4.684089726562500005e+02,-8.036750583019893668e+01
4.684092656249999891e+02,-8.225013616651403936e+01
4.684095585937500346e+02,-8.629576675326653401e+01
4.684098515625000232e+02,-9.267215795581500970e+01
4.684101445312500118e+02,-8.638075192905813537e+01
4.684104375000000005e+02,-8.181625677984767719e+01
4.684107304687499891e+02,-9.448561357383573522e+01
4.684110234375000346e+02,-8.903016025650543952e+01
4.684113164062500232e+02,-9.619633262820597963e+01
4.684116093750000118e+02,-9.019033167192313272e+01
4.684119023437500005e+02,-8.826511662016528703e+01
4.684121953124999891e+02,-8.962332152669011975e+01
4.684124882812500346e+02,-8.475638732508633666e+01
4.684127812500000232e+02,-8.285314542917541303e+01
4.684130742187500118e+02,-8.615132838359555478e+01
4.684133671875000005e+02,-9.286774638883814248e+01
4.684136601562499891e+02,-9.392639005061555224e+01
4.684139531250000346e+02,-8.564001553166392000e+01
4.684142460937500232e+02,-9.413025320333281343e+01
4.684145390625000118e+02,-8.906153847509980892e+01
4.684148320312500005e+02,-8.381829226554904722e+01
4.684151249999999891e+02,-8.744550346927574935e+01
4.684154179687500346e+02,-1.007503599389079909e+02
4.684157109375000232e+02,-9.057355656145463740e+01
4.684160039062500118e+02,-9.025298744436518916e+01
4.684162968750000005e+02,-8.504640863382185501e+01
4.684165898437499891e+02,-8.222525457408875127e+01
4.684168828125000346e+02,-1.026194801140819663e+02
4.684171757812500232e+02,-8.208228923725653203e+01
4.684174687500000118e+02,-8.757928088296993963e+01
4.684177617187500005e+02,-8.664796242009512639e+01
4.684180546874999891e+02,-8.852211020856316281e+01
4.684183476562500346e+02,-1.050317905224344486e+02
4.684186406250000232e+02,-9.604571148851006512e+01
4.684189335937500118e+02,-8.652562043228074629e+01
4.684192265625000005e+02,-8.545906780104381539e+01
4.684195195312499891e+02,-9.159279199688201345e+01
4.684198125000000346e+02,-8.747847055635571678e+01
4.684201054687500232e+02,-8.436055093399723148e+01
4.684203984375000118e+02,-8.965858201657850657e+01
4.684206914062500005e+02,-9.243567786511361817e+01
4.684209843749999891e+02,-9.010344541801629248e+01
4.684212773437500346e+02,-8.953822121883797536e+01
4.684215703125000232e+02,-8.765727935635167967e+01
4.684218632812500118e+02,-8.410449839999998289e+01
4.684221562500000005e+02,-8.058740729026554561e+01
4.684224492187499891e+02,-8.302728460591333715e+01
4.684227421875000346e+02,-8.749985524214268651e+01
4.684230351562500232e+02,-8.394938859381332463e+01
4.684233281250000118e+02,-8.272019643040979986e+01
4.684236210937500005e+02,-9.317685524614118719e+01
4.684239140624999891e+02,-1.106805802249888586e+02
4.684242070312500346e+02,-9.479008538867476830e+01
4.684245000000000232e+02,-9.350478724088614513e+01
4.684247929687500118e+02,-8.285016191816275466e+01
4.684250859375000005e+02,-7.852918127604911547e+01
4.684253789062499891e+02,-8.060214677790614246e+01
4.684256718750000346e+02,-8.167495125671466383e+01
4.684259648437500232e+02,-8.788280738163098249e+01
4.684262578125000118e+02,-9.862603032272603798e+01
4.684265507812500005e+02,-9.256181836599749602e+01
4.684268437499999891e+02,-8.921344141670844863e+01
4.684271367187500346e+02,-9.396715814296254621e+01
4.684274296875000232e+02,-9.850642577999619220e+01
4.684277226562500118e+02,-8.632423814200193135e+01
4.684280156250000005e+02,-8.716082319398863376e+01
4.684283085937499891e+02,-8.625506747376576300e+01
4.684286015625000346e+02,-9.389252023613983056e+01
4.684288945312500232e+02,-8.511477967909273445e+01
4.684291875000000118e+02,-8.168677176413041252e+01
4.684294804687500005e+02,-8.637801641025765775e+01
4.684297734374999891e+02,-9.384791189800327516e+01
4.684300664062500346e+02,-8.743354160081290161e+01
4.684303593750000232e+02,-8.767636844068304924e+01
4.684306523437500118e+02,-1.019174094525474317e+02
4.684309453125000005e+02,-9.145831279271823178e+01
4.684312382812499891e+02,-8.511595968393783096e+01
4.684315312500000346e+02,-8.084067195039102671e+01
4.684318242187500232e+02,-8.235269988340192526e+01
4.684321171875000118e+02,-8.568430882189144882e+01
4.684324101562500005e+02,-8.808776615063786153e+01
4.684327031249999891e+02,-8.358395470282297879e+01
4.684329960937500346e+02,-8.891541296899640656e+01
4.684332890625000232e+02,-8.643359432348046312e+01
4.684335820312500118e+02,-8.912297562323779232e+01
4.684338750000000005e+02,-9.289438741037270120e+01
4.684341679687499891e+02,-9.597819779580265731e+01
4.684344609375000346e+02,-8.569409027135327506e+01
4.684347539062500232e+02,-8.319490526780171535e+01
4.684350468750000118e+02,-8.090764481715601164e+01
4.684353398437500005e+02,-8.380756604802918730e+01
4.684356328124999891e+02,-8.308435314092577073e+01
4.684359257812500346e+02,-8.423016674845713680e+01
4.684362187500000232e+02,-8.761779357650650013e+01
4.684365117187500118e+02,-8.722287845812533646e+01
4.684368046875000005e+02,-8.961687736746269195e+01
4.684370976562499891e+02,-7.998917989391561889e+01
4.684373906250000346e+02,-8.204453134224137045e+01
4.684376835937500232e+02,-9.875265898731382208e+01
4.684379765625000118e+02,-8.988900986100246371e+01
4.684382695312500005e+02,-8.324510932822303744e+01
4.684385624999999891e+02,-8.579304685988178392e+01
4.684388554687500346e+02,-8.918182700835642152e+01
4.684391484375000232e+02,-8.526056018439555828e+01
4.684394414062500118e+02,-1.091729630776408868e+02
4.684397343750000005e+02,-8.445223743594365828e+01
4.684400273437499891e+02,-8.241789530307202938e+01
4.684403203125000346e+02,-8.504721224840986338e+01
4.684406132812500232e+02,-8.929661680346742969e+01
4.684409062500000118e+02,-8.707380646805013669e+01
4.684411992187500005e+02,-9.075741494904599449e+01
4.684414921874999891e+02,-9.253272231193560060e+01
4.684417851562500346e+02,-8.973614467413608509e+01
4.684420781250000232e+02,-8.688568380041175487e+01
4.684423710937500118e+02,-8.268344943862476271e+01
4.684426640625000005e+02,-8.176098731559457633e+01
4.684429570312499891e+02,-8.446017845914275313e+01
4.684432500000000346e+02,-8.876978785353293233e+01
4.684435429687500232e+02,-9.117559850092899865e+01
4.684438359375000118e+02,-9.639967617522529508e+01
4.684441289062500005e+02,-8.356716141652613317e+01
4.684444218749999891e+02,-8.283513716652467451e+01
4.684447148437500346e+02,-8.096677427561704121e+01
4.684450078125000232e+02,-8.395565514182888478e+01
4.684453007812500118e+02,-8.731571780519701065e+01
4.684455937500000005e+02,-8.065109749268010830e+01
4.684458867187499891e+02,-9.754556269796805168e+01
4.684461796875000346e+02,-9.170674383343981617e+01
4.684464726562500232e+02,-9.211997408462531212e+01
4.684467656250000118e+02,-8.639790518582573497e+01
4.684470585937500005e+02,-8.393560627163735433e+01
4.684473515624999891e+02,-8.210224849607817532e+01
4.684476445312500346e+02,-8.583565313183201795e+01
4.684479375000000232e+02,-8.771686358665414218e+01
4.684482304687500118e+02,-8.319160138764821966e+01
4.684485234375000005e+02,-8.594957933904218805e+01
4.684488164062499891e+02,-9.296808410391570021e+01
4.684491093750000346e+02,-9.877287057863674136e+01
4.684494023437500232e+02,-8.772286980740744866e+01
4.684496953125000118e+02,-8.674116579662472759e+01
4.684499882812500005e+02,-9.343080955621161365e+01
4.684502812499999891e+02,-8.406461503236269550e+01
4.684505742187500346e+02,-7.987014609507740204e+01
4.684508671875000232e+02,-8.012252642505484346e+01
4.684511601562500118e+02,-9.089752324267826111e+01
4.684514531250000005e+02,-8.315317159146836445e+01
4.684517460937499891e+02,-8.505295176069014929e+01
4.684520390625000346e+02,-8.618180075472723445e+01
4.684523320312500232e+02,-9.998828982787067332e+01
4.684526250000000118e+02,-8.668277734248393074e+01
4.684529179687500005e+02,-9.222144275787938739e+01
4.684532109374999891e+02,-8.653371157850952500e+01
4.684535039062500346e+02,-8.553450183271338858e+01
4.684537968750000232e+02,-9.219015971988642377e+01
4.684540898437500118e+02,-8.482243354581004269e+01
4.684543828125000005e+02,-7.978142795697313261e+01
4.684546757812499891e+02,-8.118633064069912564e+01
4.684549687500000346e+02,-9.277332303456161355e+01
4.684552617187500232e+02,-8.420905506880771441e+01
4.684555546875000118e+02,-8.728665731152943863e+01
4.684558476562500005e+02,-1.046688154987463548e+02
4.684561406249999891e+02,-8.961941831836904271e+01
4.684564335937500346e+02,-8.155803369517326473e+01
4.684567265625000232e+02,-8.065724017634840948e+01
4.684570195312500118e+02,-8.332348301779965993e+01
4.684573125000000005e+02,-9.462042779982203911e+01
4.684576054687499891e+02,-8.915051769723298491e+01
4.684578984375000346e+02,-8.586579681163851774e+01
4.684581914062500232e+02,-8.736813310650317987e+01
4.684584843750000118e+02,-9.187232877630319194e+01
4.684587773437500005e+02,-9.861508501530516924e+01
4.684590703124999891e+02,-8.626701757514135238e+01
4.684593632812500346e+02,-8.170770884163857772e+01
4.684596562500000232e+02,-8.536821719573896416e+01
4.684599492187500118e+02,-8.369402197853372627e+01
4.684602421875000005e+02,-8.843714205365654379e+01
4.684605351562499891e+02,-8.702980295808197297e+01
4.684608281250000346e+02,-8.541028192679499398e+01
4.684611210937500232e+02,-8.753478031171471230e+01
4.684614140625000118e+02,-9.377496507695553873e+01
4.684617070312500005e+02,-8.809143584923157277e+01
4.684619999999999891e+02,-9.587348480273089990e+01
4.684622929687500346e+02,-9.269646898747980401e+01
4.684625859375000232e+02,-8.885219206459099439e+01
4.684628789062500118e+02,-9.058519664253626047e+01
4.684631718750000005e+02,-9.130684186018979176e+01
4.684634648437499891e+02,-9.036752514734423869e+01
4.684637578125000346e+02,-9.027093530831530188e+01
4.684640507812500232e+02,-8.785050625204655717e+01
4.684643437500000118e+02,-9.037445617774685047e+01
4.684646367187500005e+02,-8.550645324995421959e+01
4.684649296874999891e+02,-8.452036605916914880e+01
4.684652226562500346e+02,-8.491772696719806390e+01
4.684655156250000232e+02,-9.158139734580622360e+01
4.684658085937500118e+02,-8.432226284685145856e+01
4.684661015625000005e+02,-8.541478573208226521e+01
4.684663945312499891e+02,-9.066610240410710730e+01
4.684666875000000346e+02,-8.830220238434216640e+01
4.684669804687500232e+02,-7.915578380754166687e+01
4.684672734375000118e+02,-7.953911496889151067e+01
4.684675664062500005e+02,-8.625408430218260492e+01
4.684678593749999891e+02,-1.039760167443890140e+02
4.684681523437500346e+02,-9.258236605986233769e+01
4.684684453125000232e+02,-8.609408803658480736e+01
4.684687382812500118e+02,-8.468153065008181102e+01
4.684690312500000005e+02,-8.630197322379058278e+01
4.684693242187499891e+02,-8.706647182329001566e+01
4.684696171875000346e+02,-8.240252235879630405e+01
4.684699101562500232e+02,-9.634098332584849800e+01
4.684702031250000118e+02,-9.582232200358595264e+01
4.684704960937500005e+02,-9.003717524263382188e+01
4.684707890624999891e+02,-8.848323166401171136e+01
4.684710820312500346e+02,-8.440899409065080761e+01
4.684713750000000232e+02,-8.423842920474805851e+01
4.684716679687500118e+02,-8.073441380720139193e+01
4.684719609375000005e+02,-8.141131011765480707e+01
4.684722539062499891e+02,-8.671922319798427736e+01
4.684725468750000346e+02,-9.920315534575297534e+01
4.684728398437500232e+02,-8.747596602570712321e+01
4.684731328125000118e+02,-8.695204062162147807e+01
4.684734257812500005e+02,-8.714587834530156840e+01
4.684737187499999891e+02,-8.585317689913900097e+01
4.684740117187500346e+02,-9.360300438728671679e+01
4.684743046875000232e+02,-1.045677419999884563e+02
4.684745976562500118e+02,-8.888524677470681468e+01
4.684748906250000005e+02,-8.484603329856315668e+01
4.684751835937499891e+02,-8.568825928755545362e+01
4.684754765625000346e+02,-9.148854825952747660e+01
4.684757695312500232e+02,-8.965411707896561211e+01
4.684760625000000118e+02,-8.311341494691440346e+01
4.684763554687500005e+02,-8.209516781617053027e+01
4.684766484374999891e+02,-8.797825767052432866e+01
4.684769414062500346e+02,-8.255735387448916640e+01
4.684772343750000232e+02,-8.724243445319743273e+01
4.684775273437500118e+02,-8.247108151300692214e+01
4.684778203125000005e+02,-7.743796498465704303e+01
4.684781132812499891e+02,-8.029681293618804716e+01
4.684784062500000346e+02,-8.828576985616666661e+01
4.684786992187500232e+02,-8.318138377987582999e+01
4.684789921875000118e+02,-8.258229594156647124e+01
4.684792851562500005e+02,-8.682984053175303529e+01
4.684795781249999891e+02,-9.128412447148959075e+01
4.684798710937500346e+02,-9.097158955693541316e+01
4.684801640625000232e+02,-9.074804738164934292e+01
4.684804570312500118e+02,-9.212371390447016495e+01
4.684807500000000005e+02,-9.091965323574137869e+01
4.684810429687499891e+02,-8.504534948333633793e+01
4.684813359375000346e+02,-8.230168146630029469e+01
4.684816289062500232e+02,-9.308198729432319851e+01
4.684819218750000118e+02,-9.373976818453435556e+01
4.684822148437500005e+02,-9.289871499965147450e+01
4.684825078124999891e+02,-8.588911533993309888e+01
4.684828007812500346e+02,-8.608914706898619329e+01
4.684830937500000232e+02,-7.933965922579892549e+01
4.684833867187500118e+02,-8.308827845942579415e+01
4.684836796875000005e+02,-8.266691087876175459e+01
4.684839726562499891e+02,-8.761204473868731668e+01
4.684842656250000346e+02,-9.054690855971784913e+01
4.684845585937500232e+02,-8.872141710720501351e+01
4.684848515625000118e+02,-8.389456193515826499e+01
4.684851445312500005e+02,-8.538260927800847355e+01
4.684854374999999891e+02,-8.137404193059339264e+01
4.684857304687500346e+02,-7.929534602685799882e+01
4.684860234375000232e+02,-8.073684615312924961e+01
4.684863164062500118e+02,-8.522487414385190618e+01
4.684866093750000005e+02,-9.195845831998981623e+01
4.684869023437499891e+02,-9.100046481582901947e+01
4.684871953125000346e+02,-9.422555614583279748e+01
4.684874882812500232e+02,-8.647978637910449606e+01
4.684877812500000118e+02,-8.796894884556449767e+01
4.684880742187500005e+02,-8.911072091255451255e+01
4.684883671874999891e+02,-8.832265950757968653e+01
4.684886601562500346e+02,-8.678651345669371153e+01
4.684889531250000232e+02,-8.770812026903790581e+01
4.684892460937500118e+02,-8.775089399249097255e+01
4.684895390625000005e+02,-8.167705644615226390e+01
4.684898320312499891e+02,-9.408357349508801803e+01
4.684901250000000346e+02,-9.917752472402590058e+01
4.684904179687500232e+02,-9.889626033288136853e+01
4.684907109375000118e+02,-9.159073435646810424e+01
4.684910039062500005e+02,-9.587626015072544305e+01
4.684912968749999891e+02,-9.014592563802976599e+01
4.684915898437500346e+02,-8.422006072329403992e+01
4.684918828125000232e+02,-8.984814552228326079e+01
4.684921757812500118e+02,-9.630976458032884580e+01
4.684924687500000005e+02,-8.434837049447601487e+01
4.684927617187499891e+02,-8.543584355924140539e+01
4.684930546875000346e+02,-9.230073253284287205e+01
4.684933476562500232e+02,-8.308564307266348692e+01
4.684936406250000118e+02,-8.013998687848720692e+01
4.684939335937500005e+02,-8.327070659024892052e+01
4.684942265624999891e+02,-9.045305495773953908e+01
4.684945195312500346e+02,-8.512801936598660291e+01
4.684948125000000232e+02,-8.509300923673856687e+01
4.684951054687500118e+02,-8.411231939097810084e+01
4.684953984375000005e+02,-8.785463358659592359e+01
4.684956914062499891e+02,-8.499057060107189443e+01
4.684959843750000346e+02,-8.217624766766810751e+01
4.684962773437500232e+02,-8.596998017316289520e+01
4.684965703125000118e+02,-8.495668126772257267e+01
4.684968632812500005e+02,-8.786232965917413651e+01
4.684971562499999891e+02,-9.358218602154921939e+01
4.684974492187500346e+02,-8.874566921723142343e+01
4.684977421875000232e+02,-8.783330619203869105e+01
4.684980351562500118e+02,-8.812944101079818893e+01
4.684983281250000005e+02,-8.828293731388453125e+01
4.684986210937499891e+02,-8.524743511310913391e+01
4.684989140625000346e+02,-8.746461648952497114e+01
4.684992070312500232e+02,-8.600719451566573071e+01
4.684995000000000118e+02,-8.660076613464642037e+01
4.684997929687500005e+02,-8.486977618439138382e+01
4.685000859374999891e+02,-8.555884993569924291e+01
4.685003789062500346e+02,-8.887551482122327684e+01
4.685006718750000232e+02,-8.924123686722157345e+01
4.685009648437500118e+02,-9.250183706750573265e+01
4.685012578125000005e+02,-1.029570221278956126e+02
4.685015507812499891e+02,-9.571985417759080406e+01
4.685018437500000346e+02,-9.526156803788606453e+01
4.685021367187500232e+02,-8.212725010991627528e+01
4.685024296875000118e+02,-8.362233274563098462e+01
4.685027226562500005e+02,-9.093608997474009925e+01
4.685030156249999891e+02,-8.456221466174555701e+01
4.685033085937500346e+02,-8.505637459472765727e+01
4.685036015625000232e+02,-8.329688018810847439e+01
4.685038945312500118e+02,-9.400152557219293215e+01
4.685041875000000005e+02,-8.661163114259773010e+01
4.685044804687499891e+02,-8.423695341133382897e+01
4.685047734375000346e+02,-8.600149152898970328e+01
4.685050664062500232e+02,-8.579208036581455588e+01
4.685053593750000118e+02,-8.906465810520323600e+01
4.685056523437500005e+02,-1.095772170375934706e+02
4.685059453124999891e+02,-8.766415506476118935e+01
4.685062382812500346e+02,-8.680016370914367485e+01
4.685065312500000232e+02,-8.601688759427054265e+01
4.685068242187500118e+02,-8.813735694969366818e+01
4.685071171875000005e+02,-9.978941075773985858e+01
4.685074101562499891e+02,-8.895850309798956346e+01
4.685077031250000346e+02,-9.651994929655535316e+01
4.685079960937500232e+02,-1.030000405864565209e+02
4.685082890625000118e+02,-8.684547063138964518e+01
4.685085820312500005e+02,-8.374176184799232203e+01
4.685088749999999891e+02,-8.502955668715239312e+01
4.685091679687500346e+02,-8.196144935511212282e+01
4.685094609375000232e+02,-8.866952536853587219e+01
4.685097539062500118e+02,-8.470178377238886469e+01
4.685100468750000005e+02,-8.601058792823300791e+01
4.685103398437499891e+02,-8.335031247577316549e+01
4.685106328125000346e+02,-8.063361552882689409e+01
4.685109257812500232e+02,-8.257300616361327172e+01
4.685112187500000118e+02,-8.483048025102975487e+01
4.685115117187500005e+02,-8.444173258755542122e+01
4.685118046874999891e+02,-8.447955901287542702e+01
4.685120976562500346e+02,-8.521135797703352921e+01
4.685123906250000232e+02,-8.417327728087707328e+01
4.685126835937500118e+02,-8.454677889993639894e+01
4.685129765625000005e+02,-8.229137194446126102e+01
4.685132695312499891e+02,-9.892474337023247699e+01
4.685135625000000346e+02,-8.414801811066419646e+01
4.685138554687500232e+02,-8.490036570620412704e+01
4.685141484375000118e+02,-9.327195396551854856e+01
4.685144414062500005e+02,-8.499818582378014753e+01
4.685147343749999891e+02,-8.366650767984918957e+01
4.685150273437500346e+02,-8.178307518890470362e+01
4.685153203125000232e+02,-8.529221068874835510e+01
4.685156132812500118e+02,-9.935864490890139678e+01
4.685159062500000005e+02,-8.901614641465482691e+01
4.685161992187499891e+02,-9.129403400526884127e+01
4.685164921875000346e+02,-9.915545208552650536e+01
4.685167851562500232e+02,-8.980295219590271927e+01
4.685170781250000118e+02,-8.658401985702684556e+01
4.685173710937500005e+02,-8.919212943887444567e+01
4.685176640624999891e+02,-9.358381140411374588e+01
4.685179570312500346e+02,-9.538049691454767753e+01
4.685182500000000232e+02,-9.270596529102621730e+01
4.685185429687500118e+02,-8.926507572606887209e+01
4.685188359375000005e+02,-9.689943044918778980e+01
4.685191289062499891e+02,-8.767558805196152605e+01
4.685194218750000346e+02,-8.963966104057055873e+01
4.685197148437500232e+02,-9.543954177863989230e+01
4.685200078125000118e+02,-1.001258778660105264e+02
4.685203007812500005e+02,-8.521397593060513032e+01
4.685205937499999891e+02,-8.062225488791426642e+01
4.685208867187500346e+02,-8.534351772253364743e+01
4.685211796875000232e+02,-8.907123649102430818e+01
4.685214726562500118e+02,-1.060236799862587702e+02
4.685217656250000005e+02,-8.902128124278382870e+01
4.685220585937499891e+02,-8.963179620323303709e+01
4.685223515625000346e+02,-9.083351332547842105e+01
4.685226445312500232e+02,-9.087413170014363573e+01
4.685229375000000118e+02,-8.659955285980758788e+01
4.685232304687500005e+02,-9.621934916205825061e+01
4.685235234374999891e+02,-9.920072484400006374e+01
4.685238164062500346e+02,-8.867907149398348565e+01
4.685241093750000232e+02,-9.452905378843539097e+01
4.685244023437500118e+02,-9.616726525734320319e+01
4.685246953125000005e+02,-9.357815474832381142e+01
4.685249882812499891e+02,-9.215666139270381052e+01
4.685252812500000346e+02,-9.351948139943507954e+01
4.685255742187500232e+02,-8.350551430726058300e+01
4.685258671875000118e+02,-9.613467883433956729e+01
4.685261601562500005e+02,-8.988065326706893643e+01
4.685264531249999891e+02,-8.743192626214501217e+01
4.685267460937500346e+02,-8.705929934674753667e+01
4.685270390625000232e+02,-8.829125642733005463e+01
4.685273320312500118e+02,-8.357294516230200543e+01
4.685276250000000005e+02,-8.365765470518000768e+01
4.685279179687499891e+02,-8.793456655560069635e+01
4.685282109375000346e+02,-9.252704410303955740e+01
4.685285039062500232e+02,-9.040209881088367183e+01
4.685287968750000118e+02,-8.803936052626639253e+01
4.685290898437500005e+02,-8.691635933220248944e+01
4.685293828124999891e+02,-8.913633440237683203e+01
4.685296757812500346e+02,-8.794385434804641477e+01
4.685299687500000232e+02,-8.651321387402133212e+01
4.685302617187500118e+02,-8.662107354366881395e+01
4.685305546875000005e+02,-8.713263884298648065e+01
4.685308476562499891e+02,-8.943851560284429070e+01
4.685311406250000346e+02,-9.480488326565654233e+01
4.685314335937500232e+02,-8.791139457656846901e+01
4.685317265625000118e+02,-8.564914386390832135e+01
4.685320195312500005e+02,-1.005123521818569259e+02
4.685323124999999891e+02,-8.478922188982784292e+01
4.685326054687500346e+02,-8.527091163739642354e+01
4.685328984375000232e+02,-8.455796466303343095e+01
4.685331914062500118e+02,-9.437115958320289621e+01
4.685334843750000005e+02,-9.017327352584415223e+01
4.685337773437499891e+02,-8.581913132135370859e+01
4.685340703125000346e+02,-8.397194538357982196e+01
4.685343632812500232e+02,-8.321803682163128713e+01
4.685346562500000118e+02,-9.347349945577110475e+01
4.685349492187500005e+02,-8.685158661522368106e+01
4.685352421874999891e+02,-8.481281423958884602e+01
4.685355351562500346e+02,-8.685285845008226602e+01
4.685358281250000232e+02,-8.735442775901282175e+01
4.685361210937500118e+02,-8.613882573030009837e+01
4.685364140625000005e+02,-9.225351779106020444e+01
4.685367070312499891e+02,-9.132168762960156982e+01
4.685370000000000346e+02,-9.392947439347457816e+01
4.685372929687500232e+02,-8.934448619878278919e+01
4.685375859375000118e+02,-9.698141454397881489e+01
4.685378789062500005e+02,-9.585164748988074734e+01
4.685381718749999891e+02,-8.188418666843341498e+01
4.685384648437500346e+02,-7.938102038140874583e+01
4.685387578125000232e+02,-8.375047020691110333e+01
4.685390507812500118e+02,-8.779676301877074707e+01
4.685393437500000005e+02,-9.055860113636433084e+01
4.685396367187499891e+02,-8.884815214292574126e+01
4.685399296875000346e+02,-8.568204292754478502e+01
4.685402226562500232e+02,-8.793374387816152193e+01
4.685405156250000118e+02,-8.794458730246653033e+01
4.685408085937500005e+02,-8.390555633105067557e+01
4.685411015624999891e+02,-8.655580027020640443e+01
4.685413945312500346e+02,-8.760162901444763861e+01
4.685416875000000232e+02,-8.827422482875743981e+01
4.685419804687500118e+02,-1.129820282974977204e+02
4.685422734375000005e+02,-9.373743070081732753e+01
4.685425664062499891e+02,-8.347109185259606079e+01
4.685428593750000346e+02,-8.518074890183504522e+01
4.685431523437500232e+02,-9.301109670189916301e+01
4.685434453125000118e+02,-8.956334980045451744e+01
4.685437382812500005e+02,-8.794105197052138578e+01
4.685440312499999891e+02,-8.377893486438222226e+01
4.685443242187500346e+02,-8.477716334706776991e+01
4.685446171875000232e+02,-8.639278755456507497e+01
4.685449101562500118e+02,-8.869039039343712716e+01
4.685452031250000005e+02,-8.629529748569596848e+01
4.685454960937499891e+02,-8.143050489191733732e+01
4.685457890625000346e+02,-8.345309712044452510e+01
4.685460820312500232e+02,-8.778357324122879390e+01
4.685463750000000118e+02,-9.496111843560044008e+01
4.685466679687500005e+02,-8.585100151171329230e+01
4.685469609374999891e+02,-8.269065310768674237e+01
4.685472539062500346e+02,-8.767148608441617341e+01
4.685475468750000232e+02,-9.542130202514927362e+01
4.685478398437500118e+02,-8.463174523976192631e+01
4.685481328125000005e+02,-8.633542538515979459e+01
4.685484257812499891e+02,-9.124509231540839949e+01
4.685487187500000346e+02,-8.253396909278265525e+01
4.685490117187500232e+02,-8.308579903525034638e+01
4.685493046875000118e+02,-8.369837606913074524e+01
4.685495976562500005e+02,-8.543074973748217360e+01
4.685498906249999891e+02,-8.575447038256875487e+01
4.685501835937500346e+02,-8.898552868741711563e+01
4.685504765625000232e+02,-8.409076494402876278e+01
4.685507695312500118e+02,-8.589310507834177599e+01
4.685510625000000005e+02,-8.995467319618191482e+01
4.685513554687499891e+02,-8.125910949827220975e+01
4.685516484375000346e+02,-8.304381555474486731e+01
4.685519414062500232e+02,-8.215234714092093782e+01
4.685522343750000118e+02,-8.516485578158962255e+01
4.685525273437500005e+02,-9.474185099295176826e+01
4.685528203124999891e+02,-8.662384598429591165e+01
4.685531132812500346e+02,-8.547262770824656286e+01
4.685534062500000232e+02,-9.747456465065184261e+01
4.685536992187500118e+02,-8.585656297593423858e+01
4.685539921875000005e+02,-8.201323244707839422e+01
4.685542851562499891e+02,-8.661178949181780240e+01
4.685545781250000346e+02,-8.220244819668980085e+01
4.685548710937500232e+02,-8.771034297933100277e+01
4.685551640625000118e+02,-8.508643316800961998e+01
4.685554570312500005e+02,-8.544096707877042718e+01
4.685557499999999891e+02,-8.747559320405186156e+01
4.685560429687500346e+02,-9.407895976860439191e+01
4.685563359375000232e+02,-8.726864633242684022e+01
4.685566289062500118e+02,-8.372196250653860261e+01
4.685569218750000005e+02,-9.479677488481658543e+01
4.685572148437499891e+02,-8.740715305321262463e+01
4.685575078125000346e+02,-9.132750307280687707e+01
4.685578007812500232e+02,-9.423206980298316182e+01
4.685580937500000118e+02,-8.680400366442542293e+01
4.685583867187500005e+02,-9.154885470123036839e+01
4.685586796874999891e+02,-9.242597474662920831e+01
4.685589726562500346e+02,-8.303307974034959216e+01
4.685592656250000232e+02,-8.229978942233563544e+01
4.685595585937500118e+02,-8.832549019253170286e+01
4.685598515625000005e+02,-1.438291506494772136e+02
4.685601445312499891e+02,-9.357503778363781066e+01
4.685604375000000346e+02,-8.700587149024306655e+01
4.685607304687500232e+02,-9.345973591383867074e+01
4.685610234375000118e+02,-1.035137378968611586e+02
4.685613164062500005e+02,-8.412920507172654538e+01
4.685616093749999891e+02,-8.166378288039365430e+01
4.685619023437500346e+02,-8.746544471660888576e+01
4.685621953125000232e+02,-9.769799085594458177e+01
4.685624882812500118e+02,-9.391952434509748571e+01
4.685627812500000005e+02,-8.843537530440434580e+01
4.685630742187499891e+02,-8.776078765074707633e+01
4.685633671875000346e+02,-8.849821523112625243e+01
4.685636601562500232e+02,-1.107299514507427887e+02
4.685639531250000118e+02,-8.409365603285122859e+01
4.685642460937500005e+02,-8.874629792631290570e+01
4.685645390624999891e+02,-9.843598363554450259e+01
4.685648320312500346e+02,-1.016302140154339071e+02
4.685651250000000232e+02,-1.012740578253108481e+02
4.685654179687500118e+02,-9.400403586952728574e+01
4.685657109375000005e+02,-9.958266845683324675e+01
4.685660039062499891e+02,-8.984830954792153079e+01
4.685662968750000346e+02,-9.807381212823260341e+01
4.685665898437500232e+02,-8.514903039372254057e+01
4.685668828125000118e+02,-8.151510203534087395e+01
4.685671757812500005e+02,-8.131105590213277878e+01
4.685674687499999891e+02,-8.034240616977899663e+01
4.685677617187500346e+02,-8.298575234201372552e+01
4.685680546875000232e+02,-1.000809930191290960e+02
4.685683476562500118e+02,-8.937880838301308017e+01
4.685686406250000005e+02,-8.896984496679208121e+01
4.685689335937499891e+02,-8.788145547688088755e+01
4.685692265625000346e+02,-1.069978335638364797e+02
4.685695195312500232e+02,-8.346881177203340485e+01
4.685698125000000118e+02,-8.449823336994491285e+01
4.685701054687500005e+02,-8.483692474766372982e+01
4.685703984374999891e+02,-9.071961342781223436e+01
4.685706914062500346e+02,-9.057167400754522646e+01
4.685709843750000232e+02,-8.723232069055936222e+01
4.685712773437500118e+02,-8.281773592650573335e+01
4.685715703125000005e+02,-9.295461545561610706e+01
4.685718632812499891e+02,-8.698856537489787399e+01
4.685721562500000346e+02,-8.649091899523533300e+01
4.685724492187500232e+02,-8.628024882945473450e+01
4.685727421875000118e+02,-9.659494385809517780e+01
4.685730351562500005e+02,-1.002285302491326604e+02
4.685733281249999891e+02,-9.401439362988631387e+01
4.685736210937500346e+02,-8.726778011045993821e+01
4.685739140625000232e+02,-8.955088726838185664e+01
4.685742070312500118e+02,-9.529724187766490218e+01
4.685745000000000005e+02,-8.892700326746478368e+01
4.685747929687499891e+02,-9.196607858752582842e+01
4.685750859375000346e+02,-9.302172411534675689e+01
4.685753789062500232e+02,-8.888566373641569385e+01
4.685756718750000118e+02,-8.233769338080327316e+01
4.685759648437500005e+02,-8.660619650581224960e+01
4.685762578124999891e+02,-9.064796037588379818e+01
4.685765507812500346e+02,-1.026102778662922077e+02
4.685768437500000232e+02,-8.600601526020044219e+01
4.685771367187500118e+02,-8.624151128983187675e+01
4.685774296875000005e+02,-8.786542019789465030e+01
4.685777226562499891e+02,-8.732068020376419781e+01
4.685780156250000346e+02,-9.784817167574612995e+01
4.685783085937500232e+02,-8.668058782985073663e+01
4.685786015625000118e+02,-8.713691980165884843e+01
4.685788945312500005e+02,-9.005359366771159557e+01
4.685791874999999891e+02,-9.480985046252547477e+01
4.685794804687500346e+02,-8.542433896220984479e+01
4.685797734375000232e+02,-9.083730378486761481e+01
4.685800664062500118e+02,-9.413796520558966563e+01
4.685803593750000005e+02,-8.755310584073876612e+01
4.685806523437499891e+02,-8.628777162252313815e+01
4.685809453125000346e+02,-8.656605639410982178e+01
4.685812382812500232e+02,-8.532428458200080001e+01
4.685815312500000118e+02,-8.672767701376326954e+01
4.685818242187500005e+02,-9.530735994953261070e+01
4.685821171874999891e+02,-8.465540661299800718e+01
4.685824101562500346e+02,-9.102080826811800307e+01
4.685827031250000232e+02,-1.005478253373073017e+02
4.685829960937500118e+02,-1.001071106322570188e+02
4.685832890625000005e+02,-8.556022188492300984e+01
4.685835820312499891e+02,-8.021306492638615282e+01
4.685838750000000346e+02,-8.135659677444641602e+01
4.685841679687500232e+02,-9.284139191994911755e+01
4.685844609375000118e+02,-9.108742659016135690e+01
4.685847539062500005e+02,-8.954528810572058717e+01
4.685850468749999891e+02,-8.231012474872622420e+01
4.685853398437500346e+02,-7.996881430371807653e+01
4.685856328125000232e+02,-8.390857148018329781e+01
4.685859257812500118e+02,-8.739326537689950669e+01
4.685862187500000005e+02,-9.407843768120270056e+01
4.685865117187499891e+02,-8.856408097458783857e+01
4.685868046875000346e+02,-9.096979300184915473e+01
4.685870976562500232e+02,-8.941426809544906007e+01
4.685873906250000118e+02,-9.270420047028503063e+01
4.685876835937500005e+02,-8.888701037897777724e+01
4.685879765624999891e+02,-8.475217571052075982e+01
4.685882695312500346e+02,-8.381424749733571389e+01
4.685885625000000232e+02,-8.712016696485400757e+01
4.685888554687500118e+02,-8.119464823804736398e+01
4.685891484375000005e+02,-8.492328694780432841e+01
4.685894414062499891e+02,-8.396701999970467512e+01
4.685897343750000346e+02,-8.095391716293676154e+01
4.685900273437500232e+02,-8.481715156168247916e+01
4.685903203125000118e+02,-8.937261219867127693e+01
4.685906132812500005e+02,-8.823449827526778222e+01
4.685909062499999891e+02,-9.413574777088581413e+01
4.685911992187500346e+02,-8.848324524345829900e+01
4.685914921875000232e+02,-8.391370459636914347e+01
4.685917851562500118e+02,-9.672156821603229560e+01
4.685920781250000005e+02,-9.654585255643597463e+01
4.685923710937499891e+02,-9.086112888825348932e+01
4.685926640625000346e+02,-8.902643126244507243e+01
4.685929570312500232e+02,-9.311220887895827047e+01
4.685932500000000118e+02,-9.080646412718292027e+01
4.685935429687500005e+02,-8.615514222992162274e+01
4.685938359374999891e+02,-8.799887559048683272e+01
4.685941289062500346e+02,-1.050480071889946174e+02
4.685944218750000232e+02,-9.082967226800076332e+01
4.685947148437500118e+02,-8.936064787818997956e+01
4.685950078125000005e+02,-8.931903951615882420e+01
4.685953007812499891e+02,-1.024084778995725600e+02
4.685955937500000346e+02,-8.513840617068447614e+01
4.685958867187500232e+02,-7.908329397817163908e+01
4.685961796875000118e+02,-7.880756378312186428e+01
4.685964726562500005e+02,-8.345916628265270276e+01
4.685967656249999891e+02,-8.551579228559090495e+01
4.685970585937500346e+02,-8.718483424865439702e+01
4.685973515625000232e+02,-8.286725391732221624e+01
4.685976445312500118e+02,-9.624318268141452393e+01
4.685979375000000005e+02,-8.333873493163109458e+01
4.685982304687499891e+02,-8.575892707432275586e+01
4.685985234375000346e+02,-8.960688038864851990e+01
4.685988164062500232e+02,-9.144299185875837566e+01
4.685991093750000118e+02,-8.370505089040122471e+01
4.685994023437500005e+02,-8.481967529285755347e+01
4.685996953124999891e+02,-8.758358091646960020e+01
4.685999882812500346e+02,-8.783111644551340191e+01
4.686002812500000232e+02,-8.884965152564811319e+01
4.686005742187500118e+02,-8.940942202552754736e+01
4.686008671875000005e+02,-8.919587738814699662e+01
4.686011601562499891e+02,-9.073037763444082771e+01
4.686014531250000346e+02,-9.906804934610383384e+01
4.686017460937500232e+02,-8.383642268103633910e+01
4.686020390625000118e+02,-8.282344470849552920e+01
4.686023320312500005e+02,-8.348991930157413321e+01
4.686026249999999891e+02,-8.214811736934296960e+01
4.686029179687500346e+02,-8.609511066116489530e+01
4.686032109375000232e+02,-9.537952511789114851e+01
4.686035039062500118e+02,-9.090039223641909416e+01
4.686037968750000005e+02,-9.236464489886026286e+01
4.686040898437499891e+02,-9.225014805815618502e+01
4.686043828125000346e+02,-8.892069399181286826e+01
4.686046757812500232e+02,-9.042870856185291473e+01
4.686049687500000118e+02,-8.836981590930784591e+01
4.686052617187500005e+02,-8.644258794314039562e+01
4.686055546874999891e+02,-8.605913337955591658e+01
4.686058476562500346e+02,-8.977852193168530448e+01
4.686061406250000232e+02,-9.004808749915129340e+01
4.686064335937500118e+02,-1.055660532785884982e+02
4.686067265625000005e+02,-9.420193787476486591e+01
4.686070195312499891e+02,-9.290430561511327312e+01
4.686073125000000346e+02,-1.037908304754429167e+02
4.686076054687500232e+02,-8.839704453441861176e+01
4.686078984375000118e+02,-9.228572031503566109e+01
4.686081914062500005e+02,-8.856258322195117216e+01
4.686084843749999891e+02,-8.421730864368828406e+01
4.686087773437500346e+02,-8.502007974887889930e+01
4.686090703125000232e+02,-8.378124409900217984e+01
4.686093632812500118e+02,-8.703059967579653744e+01
4.686096562500000005e+02,-9.458910604633464914e+01
4.686099492187499891e+02,-8.409760460100650903e+01
4.686102421875000346e+02,-8.098326774713632403e+01
4.686105351562500232e+02,-8.427582435260093519e+01
4.686108281250000118e+02,-8.846972645777753996e+01
4.686111210937500005e+02,-8.966716381489612786e+01
4.686114140624999891e+02,-8.842091883105381100e+01
4.686117070312500346e+02,-8.720658732077430386e+01
4.686120000000000232e+02,-8.578375319662077914e+01
4.686122929687500118e+02,-9.863760269075372378e+01
4.686125859375000005e+02,-9.570450841593476810e+01
4.686128789062499891e+02,-9.559584607863654071e+01
4.686131718750000346e+02,-9.112141139858003669e+01
4.686134648437500232e+02,-9.711115463931048453e+01
4.686137578125000118e+02,-9.648393852014527283e+01
4.686140507812500005e+02,-9.104847248450911934e+01
4.686143437499999891e+02,-9.175120923325300737e+01
4.686146367187500346e+02,-8.733429381151906057e+01
4.686149296875000232e+02,-8.192850670519440826e+01
4.686152226562500118e+02,-8.369189459629734529e+01
4.686155156250000005e+02,-8.712916051906373127e+01
4.686158085937499891e+02,-8.501422681617304988e+01
4.686161015625000346e+02,-8.931947070735458283e+01
4.686163945312500232e+02,-9.548210532798493944e+01
4.686166875000000118e+02,-8.685157993567443668e+01
4.686169804687500005e+02,-8.829861465775269380e+01
4.686172734374999891e+02,-8.678987119680257933e+01
4.686175664062500346e+02,-9.953606606636736842e+01
4.686178593750000232e+02,-9.261269879553593398e+01
4.686181523437500118e+02,-8.244335093219550004e+01
4.686184453125000005e+02,-8.081735139508629118e+01
4.686187382812499891e+02,-9.021909796372183621e+01
4.686190312500000346e+02,-8.602420699795131043e+01
4.686193242187500232e+02,-9.075505315976769793e+01
4.686196171875000118e+02,-1.004323791395283649e+02
4.686199101562500005e+02,-9.152083835072731688e+01
4.686202031249999891e+02,-8.313167862172151956e+01
4.686204960937500346e+02,-8.397589678553873682e+01
4.686207890625000232e+02,-9.414012501326125459e+01
4.686210820312500118e+02,-9.413507870020397661e+01
4.686213750000000005e+02,-8.357756126494999194e+01
4.686216679687499891e+02,-7.999563867151677243e+01
4.686219609375000346e+02,-8.243589352479881427e+01
4.686222539062500232e+02,-8.997426947678255260e+01
4.686225468750000118e+02,-9.268957564099365243e+01
4.686228398437500005e+02,-8.815675863582202965e+01
4.686231328124999891e+02,-9.023548268182062770e+01
4.686234257812500346e+02,-8.760944713372546744e+01
4.686237187500000232e+02,-9.326075255124217733e+01
4.686240117187500118e+02,-8.969667194443111669e+01
4.686243046875000005e+02,-9.648811582908828655e+01
4.686245976562499891e+02,-8.572362301407706298e+01
4.686248906250000346e+02,-8.564132295359101477e+01
4.686251835937500232e+02,-8.935111245141028746e+01
4.686254765625000118e+02,-8.883281704682993052e+01
4.686257695312500005e+02,-9.134524265705854873e+01
4.686260624999999891e+02,-9.261037884946301801e+01
4.686263554687500346e+02,-8.240587114764198873e+01
4.686266484375000232e+02,-8.142352215471410659e+01
4.686269414062500118e+02,-9.511371115375754925e+01
4.686272343750000005e+02,-9.050598833757339889e+01
4.686275273437499891e+02,-8.809167158675330711e+01
4.686278203125000346e+02,-8.670704906601535811e+01
4.686281132812500232e+02,-8.998589797258136969e+01
4.686284062500000118e+02,-8.733892934601527713e+01
4.686286992187500005e+02,-9.980096678745483985e+01
4.686289921874999891e+02,-8.711931172925250166e+01
4.686292851562500346e+02,-9.525568103116610530e+01
4.686295781250000232e+02,-8.303991835573876301e+01
4.686298710937500118e+02,-8.016782435398499729e+01
4.686301640625000005e+02,-8.204213714549570113e+01
4.686304570312499891e+02,-8.592002978454030426e+01
4.686307500000000346e+02,-8.707958339986566898e+01
4.686310429687500232e+02,-9.416820481639322793e+01
4.686313359375000118e+02,-9.164364942116310431e+01
4.686316289062500005e+02,-8.627007859237647835e+01
4.686319218749999891e+02,-8.832340632437565375e+01
4.686322148437500346e+02,-9.908977414585031340e+01
4.686325078125000232e+02,-9.375750604087068041e+01
4.686328007812500118e+02,-8.861172546843130249e+01
4.686330937500000005e+02,-8.647930806168859874e+01
4.686333867187499891e+02,-8.575324727486703580e+01
4.686336796875000346e+02,-9.186802414674147599e+01
4.686339726562500232e+02,-9.120063751802067031e+01
4.686342656250000118e+02,-8.957688623653061200e+01
4.686345585937500005e+02,-9.128917663036565955e+01
4.686348515624999891e+02,-9.405505739022714806e+01
4.686351445312500346e+02,-1.082153180583662788e+02
4.686354375000000232e+02,-8.384977673632727146e+01
4.686357304687500118e+02,-8.959185737943670347e+01
4.686360234375000005e+02,-9.023035469383707152e+01
4.686363164062499891e+02,-9.378453352171851520e+01
4.686366093750000346e+02,-9.130091944900648571e+01
4.686369023437500232e+02,-8.637814519908998534e+01
4.686371953125000118e+02,-8.702862800044685798e+01
4.686374882812500005e+02,-8.914446602123004482e+01
4.686377812499999891e+02,-9.116208253456852617e+01
4.686380742187500346e+02,-9.492065693189303488e+01
4.686383671875000232e+02,-9.362935962258222844e+01
4.686386601562500118e+02,-8.700189694245020178e+01
4.686389531250000005e+02,-8.262513105301665917e+01
4.686392460937499891e+02,-8.504550775210803693e+01
4.686395390625000346e+02,-8.604994356297807201e+01
4.686398320312500232e+02,-8.355634339445465741e+01
4.686401250000000118e+02,-8.453916958777148238e+01
4.686404179687500005e+02,-8.519051673976184702e+01
4.686407109374999891e+02,-8.987303672310420666e+01
4.686410039062500346e+02,-9.373296647334440479e+01
4.686412968750000232e+02,-8.949778909506906643e+01
4.686415898437500118e+02,-9.134703308408919042e+01
4.686418828125000005e+02,-8.451362220210980070e+01
4.686421757812499891e+02,-8.540198069578025297e+01
4.686424687500000346e+02,-8.661718828990926511e+01
4.686427617187500232e+02,-8.762155954008161984e+01
4.686430546875000118e+02,-8.807732183832297324e+01
4.686433476562500005e+02,-8.926504954350994581e+01
4.686436406249999891e+02,-8.996540250634029690e+01
4.686439335937500346e+02,-9.253730938107821657e+01
4.686442265625000232e+02,-8.939073175916584546e+01
4.686445195312500118e+02,-9.629176202116484262e+01
4.686448125000000005e+02,-1.053384764661230406e+02
4.686451054687499891e+02,-9.182558603738164038e+01
4.686453984375000346e+02,-8.494751209632175915e+01
4.686456914062500232e+02,-8.364611990310618239e+01
4.686459843750000118e+02,-8.258467418296255858e+01
4.686462773437500005e+02,-8.685170474503485138e+01
4.686465703124999891e+02,-8.913297694954596295e+01
4.686468632812500346e+02,-8.687789827288384004e+01
4.686471562500000232e+02,-8.744169052404839704e+01
4.686474492187500118e+02,-9.490211381059268092e+01
4.686477421875000005e+02,-9.559250376842743435e+01
4.686480351562499891e+02,-8.945217717105248312e+01
4.686483281250000346e+02,-8.550462018339273129e+01
4.686486210937500232e+02,-8.654293529582193401e+01
4.686489140625000118e+02,-8.815151686829145206e+01
4.686492070312500005e+02,-8.500967539489411706e+01
4.686494999999999891e+02,-8.641920801828624121e+01
4.686497929687500346e+02,-9.382059443241409724e+01
4.686500859375000232e+02,-9.010355420014880679e+01
4.686503789062500118e+02,-8.623115233055740703e+01
4.686506718750000005e+02,-8.663572919050410803e+01
4.686509648437499891e+02,-9.447241341971007955e+01
4.686512578125000346e+02,-8.481819844653026053e+01
4.686515507812500232e+02,-8.465312011209881859e+01
4.686518437500000118e+02,-8.255767725405063118e+01
4.686521367187500005e+02,-8.335205751553642983e+01
4.686524296874999891e+02,-9.452779199309355818e+01
4.686527226562500346e+02,-9.365895438551874008e+01
4.686530156250000232e+02,-8.421597004433978384e+01
4.686533085937500118e+02,-8.623899910278532843e+01
4.686536015625000005e+02,-9.317209366617012734e+01
4.686538945312499891e+02,-8.667315416698002650e+01
4.686541875000000346e+02,-8.292978800340227963e+01
4.686544804687500232e+02,-8.246725169768257047e+01
4.686547734375000118e+02,-8.184154220515388545e+01
4.686550664062500005e+02,-8.489170348621378537e+01
4.686553593749999891e+02,-8.383438390025051490e+01
4.686556523437500346e+02,-8.447686091423969401e+01
4.686559453125000232e+02,-9.063990236619530094e+01
4.686562382812500118e+02,-8.947931575650373759e+01
4.686565312500000005e+02,-9.779410156434974510e+01
4.686568242187499891e+02,-9.343858689520259020e+01
4.686571171875000346e+02,-8.865983045708817656e+01
4.686574101562500232e+02,-8.541598113848367291e+01
4.686577031250000118e+02,-8.299861127247612558e+01
4.686579960937500005e+02,-8.587866383292903549e+01
4.686582890624999891e+02,-8.362239018206325625e+01
4.686585820312500346e+02,-8.333277404038476277e+01
4.686588750000000232e+02,-8.945017639826224354e+01
4.686591679687500118e+02,-9.731629296522542916e+01
4.686594609375000005e+02,-9.631508422785316270e+01
4.686597539062499891e+02,-9.388216651477030439e+01
4.686600468750000346e+02,-9.038377632841105935e+01
4.686603398437500232e+02,-9.264007400408712556e+01
4.686606328125000118e+02,-9.072348252705879190e+01
4.686609257812500005e+02,-8.917921682371100189e+01
4.686612187499999891e+02,-8.956857587243818841e+01
4.686615117187500346e+02,-8.980650384133613784e+01
4.686618046875000232e+02,-8.344330946897770218e+01
4.686620976562500118e+02,-8.691124692825761144e+01
4.686623906250000005e+02,-1.116815696061470788e+02
4.686626835937499891e+02,-9.059763037753080539e+01
4.686629765625000346e+02,-9.050857615930908651e+01
4.686632695312500232e+02,-8.963241878976539567e+01
4.686635625000000118e+02,-9.103643664861377260e+01
4.686638554687500005e+02,-8.646756265117534213e+01
4.686641484374999891e+02,-9.511568176527966045e+01
4.686644414062500346e+02,-8.636257794643661612e+01
4.686647343750000232e+02,-8.161276957664298948e+01
4.686650273437500118e+02,-8.266990619030613630e+01
4.686653203125000005e+02,-8.695243449683985659e+01
4.686656132812499891e+02,-8.720678302338357923e+01
4.686659062500000346e+02,-9.725696283115900087e+01
4.686661992187500232e+02,-1.057483720804386707e+02
4.686664921875000118e+02,-8.704067909018520766e+01
4.686667851562500005e+02,-8.800079852195301555e+01
4.686670781249999891e+02,-9.654042921284073486e+01
4.686673710937500346e+02,-9.407302439028345020e+01
4.686676640625000232e+02,-8.788336183492867804e+01
4.686679570312500118e+02,-9.055750626618588228e+01
4.686682500000000005e+02,-9.322858447354616374e+01
4.686685429687499891e+02,-8.936229951249458736e+01
4.686688359375000346e+02,-9.093077398487510266e+01
4.686691289062500232e+02,-9.284148672565665095e+01
4.686694218750000118e+02,-9.255063826865571741e+01
4.686697148437500005e+02,-1.064453128935262782e+02
4.686700078124999891e+02,-9.856762812485311542e+01
4.686703007812500346e+02,-8.960139433512269136e+01
4.686705937500000232e+02,-8.768074733570522028e+01
4.686708867187500118e+02,-8.474464648510094378e+01
4.686711796875000005e+02,-8.818121347088145967e+01
4.686714726562499891e+02,-8.487251137554059710e+01
4.686717656250000346e+02,-8.465388557777687595e+01
4.686720585937500232e+02,-8.709241070459393086e+01
4.686723515625000118e+02,-9.452958648915722506e+01
4.686726445312500005e+02,-8.879650153109722055e+01
4.686729374999999891e+02,-8.921109039426460185e+01
4.686732304687500346e+02,-9.205591327717201011e+01
4.686735234375000232e+02,-8.861695454915127357e+01
4.686738164062500118e+02,-9.517122261280255202e+01
4.686741093750000005e+02,-9.866739017864800587e+01
4.686744023437499891e+02,-9.158240928277774628e+01
4.686746953125000346e+02,-9.537320975800922440e+01
4.686749882812500232e+02,-9.804314964833830004e+01
4.686752812500000118e+02,-9.183841506068941385e+01
4.686755742187500005e+02,-8.753804319450276239e+01
4.686758671874999891e+02,-9.437797767278992467e+01
4.686761601562500346e+02,-9.898510671913714987e+01
4.686764531250000232e+02,-9.948371082446865898e+01
4.686767460937500118e+02,-9.181620293436125735e+01
4.686770390625000005e+02,-8.432541691169586784e+01
4.686773320312499891e+02,-9.048935947084069653e+01
4.686776250000000346e+02,-9.439432669844676127e+01
4.686779179687500232e+02,-9.023672755138902346e+01
4.686782109375000118e+02,-8.533230105691076517e+01
4.686785039062500005e+02,-8.753075406141431358e+01
4.686787968749999891e+02,-8.883666827994888138e+01
4.686790898437500346e+02,-8.935982051903079082e+01
4.686793828125000232e+02,-9.414741267804906499e+01
4.686796757812500118e+02,-1.010751426406972797e+02
4.686799687500000005e+02,-9.952975670699950683e+01
4.686802617187499891e+02,-9.649941136851597889e+01
4.686805546875000346e+02,-1.244841592714784753e+02
4.686808476562500232e+02,-9.568846403885154928e+01
4.686811406250000118e+02,-9.215909911320784431e+01
4.686814335937500005e+02,-9.300844646844659280e+01
4.686817265624999891e+02,-8.987246175199926768e+01
4.686820195312500346e+02,-9.358937778635103655e+01
4.686823125000000232e+02,-9.412694803896425810e+01
4.686826054687500118e+02,-8.621928144010331607e+01
4.686828984375000005e+02,-8.564765663486338099e+01
4.686831914062499891e+02,-9.115701238278180085e+01
4.686834843750000346e+02,-8.872742653748913710e+01
4.686837773437500232e+02,-8.788439194351843753e+01
4.686840703125000118e+02,-8.654015929842317689e+01
4.686843632812500005e+02,-8.997055649621280793e+01
4.686846562499999891e+02,-8.839518140468321405e+01
4.686849492187500346e+02,-8.810747002353375024e+01
4.686852421875000232e+02,-1.007480286216527645e+02
4.686855351562500118e+02,-8.897772676717349327e+01
4.686858281250000005e+02,-8.662066969741366051e+01
4.686861210937499891e+02,-8.511561316384450038e+01
4.686864140625000346e+02,-8.983451117611178915e+01
4.686867070312500232e+02,-9.676949024368575181e+01
4.686870000000000118e+02,-9.323799339451596779e+01
4.686872929687500005e+02,-9.026242594772854488e+01
4.686875859374999891e+02,-9.257069287049390027e+01
4.686878789062500346e+02,-9.432396110440562609e+01
4.686881718750000232e+02,-1.021287730777435740e+02
4.686884648437500118e+02,-8.563946383785717842e+01
4.686887578125000005e+02,-8.248743006214034779e+01
4.686890507812499891e+02,-8.546964792990353033e+01
4.686893437500000346e+02,-9.022816139391957790e+01
4.686896367187500232e+02,-8.960093747098872541e+01
4.686899296875000118e+02,-8.587521879683401949e+01
4.686902226562500005e+02,-8.366870831546160048e+01
4.686905156249999891e+02,-8.981786557517614256e+01
4.686908085937500346e+02,-9.873741058280927518e+01
4.686911015625000232e+02,-8.727371056720002684e+01
4.686913945312500118e+02,-8.980988171098812245e+01
4.686916875000000005e+02,-8.900981008298333563e+01
4.686919804687499891e+02,-8.615498244263937977e+01
4.686922734375000346e+02,-8.515650673033805163e+01
4.686925664062500232e+02,-8.475314817318576388e+01
4.686928593750000118e+02,-9.056495867692099466e+01
4.686931523437500005e+02,-9.619250513154153737e+01
4.686934453124999891e+02,-8.773014695434653731e+01
4.686937382812500346e+02,-8.856003258397095124e+01
4.686940312500000232e+02,-8.647039954690305308e+01
4.686943242187500118e+02,-9.257856590503405414e+01
4.686946171875000005e+02,-8.960543106398341706e+01
4.686949101562499891e+02,-8.897612748039452413e+01
4.686952031250000346e+02,-8.923093234316442590e+01
4.686954960937500232e+02,-8.798013371837194541e+01
4.686957890625000118e+02,-8.772904614047465088e+01
4.686960820312500005e+02,-8.649721963890434040e+01
4.686963749999999891e+02,-9.200269064976674827e+01
4.686966679687500346e+02,-8.976006388999978469e+01
4.686969609375000232e+02,-8.715856969758883110e+01
4.686972539062500118e+02,-8.273211002983020990e+01
4.686975468750000005e+02,-8.476886877587915592e+01
4.686978398437499891e+02,-8.915916945102196678e+01
4.686981328125000346e+02,-8.234741775048289014e+01
4.686984257812500232e+02,-8.354676349027819526e+01
4.686987187500000118e+02,-8.319962221972112104e+01
4.686990117187500005e+02,-8.346811122088647039e+01
4.686993046874999891e+02,-8.866854017426211954e+01
4.686995976562500346e+02,-8.876299032695419555e+01
4.686998906250000232e+02,-8.366114671605423325e+01
4.687001835937500118e+02,-8.329865737225787825e+01
4.687004765625000005e+02,-9.276106652995791535e+01
4.687007695312499891e+02,-9.527287660513275114e+01
4.687010625000000346e+02,-9.481296087678926199e+01
4.687013554687500232e+02,-8.438480362141690705e+01
4.687016484375000118e+02,-8.426494354367649464e+01
4.687019414062500005e+02,-8.662167490833294892e+01
4.687022343749999891e+02,-8.820644744161795359e+01
4.687025273437500346e+02,-9.011323899522922432e+01
4.687028203125000232e+02,-8.795399781352740831e+01
4.687031132812500118e+02,-9.320780085350241961e+01
4.687034062500000005e+02,-9.596683112797286697e+01
4.687036992187499891e+02,-9.153209675389057054e+01
4.687039921875000346e+02,-9.383575286119109649e+01
4.687042851562500232e+02,-8.678766734136982564e+01
4.687045781250000118e+02,-8.218731456179656902e+01
4.687048710937500005e+02,-8.079481934154526357e+01
4.687051640624999891e+02,-8.716908507306220599e+01
4.687054570312500346e+02,-9.441136006591344199e+01
4.687057500000000232e+02,-9.388250466882139733e+01
4.687060429687500118e+02,-8.621909770413411422e+01
4.687063359375000005e+02,-9.037632749537851851e+01
4.687066289062499891e+02,-8.794746518225663579e+01
4.687069218750000346e+02,-8.549285288827095997e+01
4.687072148437500232e+02,-8.503273486022358441e+01
4.687075078125000118e+02,-8.903224084767944646e+01
4.687078007812500005e+02,-8.789768839127937383e+01
4.687080937499999891e+02,-8.936992808932805588e+01
4.687083867187500346e+02,-9.063641330908978944e+01
4.687086796875000232e+02,-8.888785828521949384e+01
4.687089726562500118e+02,-1.058644997037211368e+02
4.687092656250000005e+02,-9.432328161679869538e+01
4.687095585937499891e+02,-9.368746289412965211e+01
4.687098515625000346e+02,-8.880727319682419818e+01
4.687101445312500232e+02,-8.486644262189919630e+01
4.687104375000000118e+02,-8.408884603353392606e+01
4.687107304687500005e+02,-8.995864006065161789e+01
4.687110234374999891e+02,-9.178949628547977113e+01
4.687113164062500346e+02,-9.026355096235499786e+01
4.687116093750000232e+02,-8.629341907160595326e+01
4.687119023437500118e+02,-8.385264515573351218e+01
4.687121953125000005e+02,-8.926781018173124949e+01
4.687124882812499891e+02,-1.008533027982904571e+02
4.687127812500000346e+02,-9.387983551509651647e+01
4.687130742187500232e+02,-9.613674761582609563e+01
4.687133671875000118e+02,-1.009164941933522925e+02
4.687136601562500005e+02,-8.867794791097912821e+01
4.687139531249999891e+02,-9.357147313997595006e+01
4.687142460937500346e+02,-8.757556480837342860e+01
4.687145390625000232e+02,-9.211150122502637316e+01
4.687148320312500118e+02,-8.964339252161884986e+01
4.687151250000000005e+02,-9.194603092347703921e+01
4.687154179687499891e+02,-1.023399116350406928e+02
4.687157109375000346e+02,-9.190594935094628681e+01
4.687160039062500232e+02,-9.205920393923469192e+01
4.687162968750000118e+02,-9.517562002483870742e+01
4.687165898437500005e+02,-9.338148780633993340e+01
4.687168828124999891e+02,-9.669665824087462624e+01
4.687171757812500346e+02,-8.406721471297896642e+01
4.687174687500000232e+02,-8.682439548418895470e+01
4.687177617187500118e+02,-8.296818353980395955e+01
4.687180546875000005e+02,-8.268788078898924709e+01
4.687183476562499891e+02,-8.423054418533030230e+01
4.687186406250000346e+02,-9.142113643006527468e+01
4.687189335937500232e+02,-9.993113444792926714e+01
4.687192265625000118e+02,-8.482665239507244337e+01
4.687195195312500005e+02,-9.315973223677818282e+01
4.687198124999999891e+02,-9.028611603123506768e+01
4.687201054687500346e+02,-8.870407620545562111e+01
4.687203984375000232e+02,-8.527778395838738845e+01
4.687206914062500118e+02,-8.797366060917055108e+01
4.687209843750000005e+02,-8.365486980016265761e+01
4.687212773437499891e+02,-8.506084812111551230e+01
4.687215703125000346e+02,-8.496729466822422694e+01
4.687218632812500232e+02,-8.722477170107515576e+01
4.687221562500000118e+02,-8.787469296947618602e+01
4.687224492187500005e+02,-9.448128480914823513e+01
4.687227421874999891e+02,-8.663629829036040064e+01
4.687230351562500346e+02,-8.597509661486988364e+01
4.687233281250000232e+02,-8.988371611134550676e+01
4.687236210937500118e+02,-9.070473533401195709e+01
4.687239140625000005e+02,-8.726190935510287261e+01
4.687242070312499891e+02,-8.978188111999881471e+01
4.687245000000000346e+02,-9.746437299035285662e+01
4.687247929687500232e+02,-9.754131347002387997e+01
4.687250859375000118e+02,-1.027170759352064664e+02
4.687253789062500005e+02,-8.594605113865320334e+01
4.687256718749999891e+02,-8.408899241509729450e+01
4.687259648437500346e+02,-8.838383074620118407e+01
4.687262578125000232e+02,-8.824533418794078443e+01
4.687265507812500118e+02,-9.727204845400039801e+01
4.687268437500000005e+02,-1.007385731673639668e+02
4.687271367187499891e+02,-9.733242915822748387e+01
4.687274296875000346e+02,-8.951587515433229214e+01
4.687277226562500232e+02,-9.463880823545846965e+01
4.687280156250000118e+02,-9.127300632233010447e+01
4.687283085937500005e+02,-8.692322280302104787e+01
4.687286015624999891e+02,-9.724888426355644810e+01
4.687288945312500346e+02,-9.536472179515152447e+01
4.687291875000000232e+02,-9.458166806769662571e+01
4.687294804687500118e+02,-8.953113982578443597e+01
4.687297734375000005e+02,-8.767510029568127550e+01
4.687300664062499891e+02,-9.480204763688838909e+01
4.687303593750000346e+02,-9.013283098943912819e+01
4.687306523437500232e+02,-9.182451452960394533e+01
4.687309453125000118e+02,-9.261006893262502615e+01
4.687312382812500005e+02,-9.671256132121317250e+01
4.687315312499999891e+02,-9.369478836699371982e+01
4.687318242187500346e+02,-9.184706482622289059e+01
4.687321171875000232e+02,-1.026293515251127815e+02
4.687324101562500118e+02,-8.806442952486996489e+01
4.687327031250000005e+02,-9.314279901270084849e+01
4.687329960937499891e+02,-8.644925195833359055e+01
4.687332890625000346e+02,-8.783189323724940323e+01
4.687335820312500232e+02,-9.014956519218914366e+01
4.687338750000000118e+02,-9.663269407419731749e+01
4.687341679687500005e+02,-8.728304207755009259e+01
4.687344609374999891e+02,-8.315168250161383412e+01
4.687347539062500346e+02,-8.321008243665120574e+01
4.687350468750000232e+02,-8.903210257120903748e+01
4.687353398437500118e+02,-9.916809797941624538e+01
4.687356328125000005e+02,-9.065922352654388305e+01
4.687359257812499891e+02,-9.611817545185829204e+01
4.687362187500000346e+02,-8.932935944286975882e+01
4.687365117187500232e+02,-8.859997280824352117e+01
4.687368046875000118e+02,-8.774293516018461503e+01
4.687370976562500005e+02,-1.013296391783138404e+02
4.687373906249999891e+02,-9.248781238790647308e+01
4.687376835937500346e+02,-8.876041963258882106e+01
4.687379765625000232e+02,-8.989315949354261193e+01
4.687382695312500118e+02,-9.075765648138165886e+01
4.687385625000000005e+02,-1.068916313002887222e+02
4.687388554687499891e+02,-9.898627346637843516e+01
4.687391484375000346e+02,-9.517940084013557112e+01
4.687394414062500232e+02,-9.349171705624871720e+01
4.687397343750000118e+02,-1.002500052524175231e+02
4.687400273437500005e+02,-9.094021557085960694e+01
4.687403203124999891e+02,-9.996344826677710671e+01
4.687406132812500346e+02,-1.033969281959819000e+02
4.687409062500000232e+02,-9.481114909019596837e+01
4.687411992187500118e+02,-8.792985440353255910e+01
4.687414921875000005e+02,-8.474414795904982611e+01
4.687417851562499891e+02,-8.308822272741117843e+01
4.687420781250000346e+02,-8.361686214818865892e+01
4.687423710937500232e+02,-8.740243464325502032e+01
4.687426640625000118e+02,-8.602673959566764950e+01
4.687429570312500005e+02,-8.790354240385272533e+01
4.687432499999999891e+02,-9.115259038558835414e+01
4.687435429687500346e+02,-8.610349287028358845e+01
4.687438359375000232e+02,-9.463136096816357679e+01
4.687441289062500118e+02,-9.646756600795113457e+01
4.687444218750000005e+02,-9.470664352654242180e+01
4.687447148437499891e+02,-1.005069263792219658e+02
4.687450078125000346e+02,-9.774178495438565051e+01
4.687453007812500232e+02,-9.836219713877504489e+01
4.687455937500000118e+02,-8.917912666909992936e+01
4.687458867187500005e+02,-8.613198730898004385e+01
4.687461796874999891e+02,-8.627100816645889836e+01
4.687464726562500346e+02,-8.649478061248517236e+01
4.687467656250000232e+02,-8.937950419456169016e+01
4.687470585937500118e+02,-9.364907655388591934e+01
4.687473515625000005e+02,-9.711153684126605867e+01
4.687476445312499891e+02,-9.223879344865738972e+01
4.687479375000000346e+02,-9.407229414129170664e+01
4.687482304687500232e+02,-8.311876973400893576e+01
4.687485234375000118e+02,-8.864906796485288965e+01
4.687488164062500005e+02,-9.471233407286510442e+01
4.687491093749999891e+02,-9.505307377518627732e+01
4.687494023437500346e+02,-9.941146382608992838e+01
4.687496953125000232e+02,-8.766829369883744505e+01
4.687499882812500118e+02,-8.279010294478892718e+01
4.687502812500000005e+02,-9.221517599890069050e+01
4.687505742187499891e+02,-8.786295947308195764e+01
4.687508671875000346e+02,-1.015209280180338993e+02
4.687511601562500232e+02,-8.904312228046347855e+01
4.687514531250000118e+02,-8.877062555526231336e+01
4.687517460937500005e+02,-9.169369738531409553e+01
4.687520390624999891e+02,-1.147200681821621231e+02
4.687523320312500346e+02,-1.014633489577916521e+02
4.687526250000000232e+02,-9.461094185716194715e+01
4.687529179687500118e+02,-8.694636928508074902e+01
4.687532109375000005e+02,-8.595633376035880246e+01
4.687535039062499891e+02,-9.110641419357548898e+01
4.687537968750000346e+02,-8.348931239276225824e+01
4.687540898437500232e+02,-9.311638313688118274e+01
4.687543828125000118e+02,-9.215200035240192733e+01
4.687546757812500005e+02,-8.562772999170368848e+01
4.687549687499999891e+02,-9.031564154067072536e+01
4.687552617187500346e+02,-9.423175907953500996e+01
4.687555546875000232e+02,-1.000079029342643366e+02
4.687558476562500118e+02,-9.291479199034489511e+01
4.687561406250000005e+02,-9.297862325659217220e+01
4.687564335937499891e+02,-8.816601005649219758e+01
4.687567265625000346e+02,-8.639437291479484315e+01
4.687570195312500232e+02,-8.695855925614823434e+01
4.687573125000000118e+02,-8.884947827412850074e+01
4.687576054687500005e+02,-8.982227253631347708e+01
4.687578984374999891e+02,-8.677618889936952939e+01
4.687581914062500346e+02,-9.600563059779327091e+01
4.687584843750000232e+02,-8.821798864096145110e+01
4.687587773437500118e+02,-8.522014466321635950e+01
4.687590703125000005e+02,-8.700377942928284369e+01
4.687593632812499891e+02,-8.729458432761559550e+01
4.687596562500000346e+02,-1.053537294627920886e+02
4.687599492187500232e+02,-9.951739662104506579e+01
4.687602421875000118e+02,-9.162080846413331869e+01
4.687605351562500005e+02,-8.627709822418387375e+01
4.687608281249999891e+02,-8.458539142656221088e+01
4.687611210937500346e+02,-8.731296645321117467e+01
4.687614140625000232e+02,-9.718408076119224859e+01
4.687617070312500118e+02,-8.737851451239122014e+01
