Frequency_MHz,Power_dBHz
4.663620000000000232e+02,-9.115280872177774540e+01
4.663622929687500118e+02,-9.290368557695180129e+01
4.663625859375000005e+02,-9.643870616048323541e+01
4.663628789062499891e+02,-8.902564601783146259e+01
4.663631718750000346e+02,-8.828239288709167454e+01
4.663634648437500232e+02,-9.480066958218745299e+01
4.663637578125000118e+02,-9.474703790822781002e+01
4.663640507812500005e+02,-9.193502501913803826e+01
4.663643437499999891e+02,-9.193865744472500978e+01
4.663646367187500346e+02,-8.939356742887112262e+01
4.663649296875000232e+02,-1.002302227751090555e+02
4.663652226562500118e+02,-9.965222929137128460e+01
4.663655156250000005e+02,-8.834373105059917464e+01
4.663658085937499891e+02,-8.582518586610612488e+01
4.663661015625000346e+02,-9.559989904660413629e+01
4.663663945312500232e+02,-9.096065556746876268e+01
4.663666875000000118e+02,-8.958487453341659545e+01
4.663669804687500005e+02,-9.015617266760143877e+01
4.663672734374999891e+02,-8.994901139714535532e+01
4.663675664062500346e+02,-1.021137181331234274e+02
4.663678593750000232e+02,-9.953067798836259783e+01
4.663681523437500118e+02,-8.943413303879076182e+01
4.663684453125000005e+02,-8.941599191429604332e+01
4.663687382812499891e+02,-1.028972442612959810e+02
4.663690312500000346e+02,-9.039129344366168084e+01
4.663693242187500232e+02,-8.885325503490564358e+01
4.663696171875000118e+02,-8.737200270136575853e+01
4.663699101562500005e+02,-9.203506138713078144e+01
4.663702031249999891e+02,-1.085946657652536942e+02
4.663704960937500346e+02,-9.857286215144591779e+01
4.663707890625000232e+02,-9.194099875797193988e+01
4.663710820312500118e+02,-9.738791764366284553e+01
4.663713750000000005e+02,-9.953446533326236079e+01
4.663716679687499891e+02,-9.096801201090852373e+01
4.663719609375000346e+02,-8.969709101241322458e+01
4.663722539062500232e+02,-8.980619153672860477e+01
4.663725468750000118e+02,-9.742746179077465740e+01
4.663728398437500005e+02,-1.051448031998296528e+02
4.663731328124999891e+02,-1.031763341758315278e+02
4.663734257812500346e+02,-1.025184920398141912e+02
4.663737187500000232e+02,-9.543849827491905558e+01
4.663740117187500118e+02,-9.921318006209787654e+01
4.663743046875000005e+02,-9.810646873281214653e+01
4.663745976562499891e+02,-9.871500427506985886e+01
4.663748906250000346e+02,-9.406676747739658140e+01
4.663751835937500232e+02,-1.011975855700259643e+02
4.663754765625000118e+02,-9.756953514202506028e+01
4.663757695312500005e+02,-9.988093310815656878e+01
4.663760624999999891e+02,-9.343320994810227376e+01
4.663763554687500346e+02,-9.088795719715045607e+01
4.663766484375000232e+02,-1.027427820692930283e+02
4.663769414062500118e+02,-1.028471496107628269e+02
4.663772343750000005e+02,-9.593633018649219935e+01
4.663775273437499891e+02,-9.186533041629940044e+01
4.663778203125000346e+02,-9.445951166475880711e+01
4.663781132812500232e+02,-1.101160176430127819e+02
4.663784062500000118e+02,-9.507767085020628883e+01
4.663786992187500005e+02,-8.965824410721410231e+01
4.663789921874999891e+02,-9.201147275002554693e+01
4.663792851562500346e+02,-9.742030343086818789e+01
4.663795781250000232e+02,-9.961335362275436012e+01
4.663798710937500118e+02,-9.054116481251188020e+01
4.663801640625000005e+02,-8.898708550822449581e+01
4.663804570312499891e+02,-9.276074617296305291e+01
4.663807500000000346e+02,-1.003798506914298230e+02
4.663810429687500232e+02,-9.405780448431812601e+01
4.663813359375000118e+02,-9.250240617104920204e+01
4.663816289062500005e+02,-1.039799871566783196e+02
4.663819218749999891e+02,-9.356054160774999673e+01
4.663822148437500346e+02,-1.036202452287225384e+02
4.663825078125000232e+02,-9.734256749178024393e+01
4.663828007812500118e+02,-9.266515934007232147e+01
4.663830937500000005e+02,-9.042920220825055821e+01
4.663833867187499891e+02,-9.090119627936050506e+01
4.663836796875000346e+02,-9.097641472807382002e+01
4.663839726562500232e+02,-9.376287919601250564e+01
4.663842656250000118e+02,-1.033119795294234962e+02
4.663845585937500005e+02,-1.036117215786001964e+02
4.663848515624999891e+02,-1.015522901287452981e+02
4.663851445312500346e+02,-9.747219473103166365e+01
4.663854375000000232e+02,-9.355522908834693396e+01
4.663857304687500118e+02,-8.796877378479265985e+01
4.663860234375000005e+02,-8.899941584428250962e+01
4.663863164062499891e+02,-9.289023293751105825e+01
4.663866093750000346e+02,-9.346599992993097317e+01
4.663869023437500232e+02,-9.496364637530803066e+01
4.663871953125000118e+02,-1.062989112882510909e+02
4.663874882812500005e+02,-9.762462532496904544e+01
4.663877812499999891e+02,-1.027048248339974776e+02
4.663880742187500346e+02,-9.168725706046801349e+01
4.663883671875000232e+02,-8.829162131598403107e+01
4.663886601562500118e+02,-8.924262201444877007e+01
4.663889531250000005e+02,-9.012410975061979457e+01
4.663892460937499891e+02,-8.946583429068860482e+01
4.663895390625000346e+02,-9.628921762653213534e+01
4.663898320312500232e+02,-1.014141571869608924e+02
4.663901250000000118e+02,-9.573360323061585575e+01
4.663904179687500005e+02,-9.716147535950609893e+01
4.663907109374999891e+02,-9.209661285146039233e+01
4.663910039062500346e+02,-9.247774853047570787e+01
4.663912968750000232e+02,-1.056167828416313768e+02
4.663915898437500118e+02,-9.174266665702242562e+01
4.663918828125000005e+02,-9.583116344752662030e+01
4.663921757812499891e+02,-9.876698061255957839e+01
4.663924687500000346e+02,-9.501209289062119012e+01
4.663927617187500232e+02,-9.015045215373930887e+01
4.663930546875000118e+02,-9.341613432157247132e+01
4.663933476562500005e+02,-9.265492701135649156e+01
4.663936406249999891e+02,-9.699412950139974043e+01
4.663939335937500346e+02,-1.025059789634636047e+02
4.663942265625000232e+02,-9.680599529732540987e+01
4.663945195312500118e+02,-1.024817191620651613e+02
4.663948125000000005e+02,-9.285044448456680755e+01
4.663951054687499891e+02,-8.985188174088180801e+01
4.663953984375000346e+02,-9.083644552162921570e+01
4.663956914062500232e+02,-9.754637710075428458e+01
4.663959843750000118e+02,-9.353491512945737441e+01
4.663962773437500005e+02,-9.043407745848817569e+01
4.663965703124999891e+02,-9.525736338495475763e+01
4.663968632812500346e+02,-9.684090942583426909e+01
4.663971562500000232e+02,-1.031140831933020507e+02
4.663974492187500118e+02,-8.736909933607137191e+01
4.663977421875000005e+02,-8.642959920582343614e+01
4.663980351562499891e+02,-8.892451213415652944e+01
4.663983281250000346e+02,-9.847730682972004956e+01
4.663986210937500232e+02,-9.348826682906619112e+01
4.663989140625000118e+02,-8.860983655496201550e+01
4.663992070312500005e+02,-9.517664274047453432e+01
4.663994999999999891e+02,-9.780036583296464414e+01
4.663997929687500346e+02,-9.361995750288726015e+01
4.664000859375000232e+02,-8.643691203868590378e+01
4.664003789062500118e+02,-8.882776931339651583e+01
4.664006718750000005e+02,-9.253076628688184257e+01
4.664009648437499891e+02,-9.833202597303839809e+01
4.664012578125000346e+02,-9.060588922989752803e+01
4.664015507812500232e+02,-8.819263404827536590e+01
4.664018437500000118e+02,-9.924839505046251986e+01
4.664021367187500005e+02,-9.600671507041178643e+01
4.664024296874999891e+02,-9.503957917163106117e+01
4.664027226562500346e+02,-9.170847578498620578e+01
4.664030156250000232e+02,-9.431483761059158155e+01
4.664033085937500118e+02,-9.443905414769699291e+01
4.664036015625000005e+02,-9.758623843903906447e+01
4.664038945312499891e+02,-1.011621457805044599e+02
4.664041875000000346e+02,-9.462841388171636936e+01
4.664044804687500232e+02,-9.786894820437666453e+01
4.664047734375000118e+02,-1.022568795340305030e+02
4.664050664062500005e+02,-9.750916350225979556e+01
4.664053593749999891e+02,-9.942848722082393920e+01
4.664056523437500346e+02,-9.291059880557298811e+01
4.664059453125000232e+02,-9.145318794592348866e+01
4.664062382812500118e+02,-9.392151852967897696e+01
4.664065312500000005e+02,-1.019498523106894652e+02
4.664068242187499891e+02,-8.864935920216746013e+01
4.664071171875000346e+02,-9.044052311159795465e+01
4.664074101562500232e+02,-9.536790590260211786e+01
4.664077031250000118e+02,-9.869941815398854601e+01
4.664079960937500005e+02,-9.315713993007484817e+01
4.664082890624999891e+02,-9.257289515254586831e+01
4.664085820312500346e+02,-9.365373080683085050e+01
4.664088750000000232e+02,-1.048723324241033339e+02
4.664091679687500118e+02,-9.494446407670085364e+01
4.664094609375000005e+02,-8.720976703294900290e+01
4.664097539062499891e+02,-9.192533418217072949e+01
4.664100468750000346e+02,-9.914494380692781306e+01
4.664103398437500232e+02,-9.035732214822508013e+01
4.664106328125000118e+02,-9.051493176453953993e+01
4.664109257812500005e+02,-9.325632234905036455e+01
4.664112187499999891e+02,-9.589943954402302495e+01
4.664115117187500346e+02,-1.010274668989602560e+02
4.664118046875000232e+02,-9.011933853499533598e+01
4.664120976562500118e+02,-8.670281396043087341e+01
4.664123906250000005e+02,-9.067562843857260191e+01
4.664126835937499891e+02,-9.649633278066987430e+01
4.664129765625000346e+02,-8.796693283771175231e+01
4.664132695312500232e+02,-9.125690962816622687e+01
4.664135625000000118e+02,-9.341282502979596813e+01
4.664138554687500005e+02,-1.006039903304939997e+02
4.664141484374999891e+02,-9.971608345925741901e+01
4.664144414062500346e+02,-9.124153717224574223e+01
4.664147343750000232e+02,-8.789279142585905902e+01
4.664150273437500118e+02,-9.086624553086083722e+01
4.664153203125000005e+02,-9.314795988673942873e+01
4.664156132812499891e+02,-9.158526623235502484e+01
4.664159062500000346e+02,-9.587193891553937419e+01
4.664161992187500232e+02,-9.264803212062818716e+01
4.664164921875000118e+02,-9.743896283835317718e+01
4.664167851562500005e+02,-1.014965580426859617e+02
4.664170781249999891e+02,-9.725965953031976596e+01
4.664173710937500346e+02,-8.981300049911133954e+01
4.664176640625000232e+02,-9.085339583887102322e+01
4.664179570312500118e+02,-9.605646807176698587e+01
4.664182500000000005e+02,-1.018601855113363683e+02
4.664185429687499891e+02,-9.693140344674884545e+01
4.664188359375000346e+02,-9.335882572362534404e+01
4.664191289062500232e+02,-9.830339164557413767e+01
4.664194218750000118e+02,-1.069430139666748971e+02
4.664197148437500005e+02,-9.648784035672497339e+01
4.664200078124999891e+02,-9.270030566771328040e+01
4.664203007812500346e+02,-9.437396791298897369e+01
4.664205937500000232e+02,-1.038560955188621335e+02
4.664208867187500118e+02,-9.882507411226174554e+01
4.664211796875000005e+02,-9.344829848516597792e+01
4.664214726562499891e+02,-9.227176434698174035e+01
4.664217656250000346e+02,-9.471692198615917846e+01
4.664220585937500232e+02,-1.104821604638813568e+02
4.664223515625000118e+02,-9.693646116144861935e+01
4.664226445312500005e+02,-9.231910566858168465e+01
4.664229374999999891e+02,-9.566064224298999363e+01
4.664232304687500346e+02,-9.716662962523633951e+01
4.664235234375000232e+02,-1.021591156396413282e+02
4.664238164062500118e+02,-9.463817986245247482e+01
4.664241093750000005e+02,-9.121831867761261492e+01
4.664244023437499891e+02,-9.510258227161341438e+01
4.664246953125000346e+02,-9.779141108718876296e+01
4.664249882812500232e+02,-1.007414459989176976e+02
4.664252812500000118e+02,-9.767223566662158873e+01
4.664255742187500005e+02,-1.002911392737402707e+02
4.664258671874999891e+02,-9.087219344289482592e+01
4.664261601562500346e+02,-9.614045435406967499e+01
4.664264531250000232e+02,-9.759520509743785510e+01
4.664267460937500118e+02,-9.220498652753565239e+01
4.664270390625000005e+02,-9.499198189547666971e+01
4.664273320312499891e+02,-1.054024891290616495e+02
4.664276250000000346e+02,-1.208011100555878414e+02
4.664279179687500232e+02,-1.095089548802725119e+02
4.664282109375000118e+02,-9.629097130598695742e+01
4.664285039062500005e+02,-9.145834109974236981e+01
4.664287968749999891e+02,-1.037277743606764346e+02
4.664290898437500346e+02,-9.229821621358200900e+01
4.664293828125000232e+02,-9.007509456415851901e+01
4.664296757812500118e+02,-9.320797195745481645e+01
4.664299687500000005e+02,-9.982100371610601997e+01
4.664302617187499891e+02,-1.026659395841984121e+02
4.664305546875000346e+02,-1.062839760077788469e+02
4.664308476562500232e+02,-9.994183854915721099e+01
4.664311406250000118e+02,-9.740302171392906416e+01
4.664314335937500005e+02,-9.720701320048468119e+01
4.664317265624999891e+02,-9.401077387513920769e+01
4.664320195312500346e+02,-9.262528035459972386e+01
4.664323125000000232e+02,-9.060554334143533595e+01
4.664326054687500118e+02,-9.666343332363328500e+01
4.664328984375000005e+02,-9.745344383204725602e+01
4.664331914062499891e+02,-9.606712240446421447e+01
4.664334843750000346e+02,-9.974978270847608997e+01
4.664337773437500232e+02,-9.509358342719494317e+01
4.664340703125000118e+02,-9.698652285606208068e+01
4.664343632812500005e+02,-9.850577679861265779e+01
4.664346562499999891e+02,-1.048838616019476433e+02
4.664349492187500346e+02,-9.551295884662872027e+01
4.664352421875000232e+02,-1.034663270527686763e+02
4.664355351562500118e+02,-9.985129211842942709e+01
4.664358281250000005e+02,-9.703055266502276766e+01
4.664361210937499891e+02,-9.306082347692962742e+01
4.664364140625000346e+02,-9.074985557982769535e+01
4.664367070312500232e+02,-9.539764585606873482e+01
4.664370000000000118e+02,-1.002541442504906399e+02
4.664372929687500005e+02,-1.019556415300906593e+02
4.664375859374999891e+02,-1.003660288849703193e+02
4.664378789062500346e+02,-1.051939187970273508e+02
4.664381718750000232e+02,-9.661030433263579198e+01
4.664384648437500118e+02,-9.715575162920315222e+01
4.664387578125000005e+02,-9.280769744940236876e+01
4.664390507812499891e+02,-9.320360460729581575e+01
4.664393437500000346e+02,-1.031313954085972853e+02
4.664396367187500232e+02,-9.570077529894433610e+01
4.664399296875000118e+02,-1.045011342860491368e+02
4.664402226562500005e+02,-1.025448468252121046e+02
4.664405156249999891e+02,-9.968205694134337591e+01
4.664408085937500346e+02,-1.019544023619694144e+02
4.664411015625000232e+02,-9.240044752027426966e+01
4.664413945312500118e+02,-9.368534182999482596e+01
4.664416875000000005e+02,-1.060757473924650185e+02
4.664419804687499891e+02,-9.145395706590920781e+01
4.664422734375000346e+02,-9.097139152998751399e+01
4.664425664062500232e+02,-9.271480825175703444e+01
4.664428593750000118e+02,-9.054468316363617930e+01
4.664431523437500005e+02,-9.243971530493361399e+01
4.664434453124999891e+02,-9.723508663786213901e+01
4.664437382812500346e+02,-9.139971606739433696e+01
4.664440312500000232e+02,-9.566054247528762744e+01
4.664443242187500118e+02,-8.944757385673082695e+01
4.664446171875000005e+02,-8.771077444418368430e+01
4.664449101562499891e+02,-9.258583153309498925e+01
4.664452031250000346e+02,-9.080015350137611563e+01
4.664454960937500232e+02,-8.870009998282168340e+01
4.664457890625000118e+02,-9.256845166438274930e+01
4.664460820312500005e+02,-9.606517282560702142e+01
4.664463749999999891e+02,-9.387836419936986943e+01
4.664466679687500346e+02,-9.249517256770602103e+01
4.664469609375000232e+02,-8.875244590082519380e+01
4.664472539062500118e+02,-9.152848787044007395e+01
4.664475468750000005e+02,-9.789047407641086807e+01
4.664478398437499891e+02,-9.658652404799204305e+01
4.664481328125000346e+02,-9.155636279383193710e+01
4.664484257812500232e+02,-9.417360108885770842e+01
4.664487187500000118e+02,-9.959350897285648330e+01
4.664490117187500005e+02,-9.074592331609380835e+01
4.664493046874999891e+02,-8.940967915879662087e+01
4.664495976562500346e+02,-9.047687895404378366e+01
4.664498906250000232e+02,-1.000626271914909893e+02
4.664501835937500118e+02,-1.062013433173155761e+02
4.664504765625000005e+02,-1.000908442014761590e+02
4.664507695312499891e+02,-9.728284207346163726e+01
4.664510625000000346e+02,-9.742109052745432507e+01
4.664513554687500232e+02,-1.086264886111158319e+02
4.664516484375000118e+02,-9.248510618184209875e+01
4.664519414062500005e+02,-9.375988810542266094e+01
4.664522343749999891e+02,-9.975478994234580910e+01
4.664525273437500346e+02,-9.718790299407010025e+01
4.664528203125000232e+02,-9.577264958155559782e+01
4.664531132812500118e+02,-9.417014008185878993e+01
4.664534062500000005e+02,-9.511094890651192202e+01
4.664536992187499891e+02,-9.204129195890331516e+01
4.664539921875000346e+02,-9.993748781832734096e+01
4.664542851562500232e+02,-9.403844781858188639e+01
4.664545781250000118e+02,-1.019978784550681894e+02
4.664548710937500005e+02,-9.729041753921542579e+01
4.664551640624999891e+02,-9.677523959668062048e+01
4.664554570312500346e+02,-9.508876824781323478e+01
4.664557500000000232e+02,-8.784446580756051048e+01
4.664560429687500118e+02,-9.076089433616056112e+01
4.664563359375000005e+02,-9.467490762970706442e+01
4.664566289062499891e+02,-9.846117781150509529e+01
4.664569218750000346e+02,-9.263862151029840675e+01
4.664572148437500232e+02,-9.099171641862631077e+01
4.664575078125000118e+02,-9.273836905768403938e+01
4.664578007812500005e+02,-9.715704966605559889e+01
4.664580937499999891e+02,-9.520879242035718448e+01
4.664583867187500346e+02,-8.814693867342576539e+01
4.664586796875000232e+02,-8.958833240345032323e+01
4.664589726562500118e+02,-9.752260821903362853e+01
4.664592656250000005e+02,-9.287517258221646443e+01
4.664595585937499891e+02,-9.109403151004811150e+01
4.664598515625000346e+02,-9.453288524485009248e+01
4.664601445312500232e+02,-1.072885778339127683e+02
4.664604375000000118e+02,-1.005553509377876651e+02
4.664607304687500005e+02,-9.192108137080086294e+01
4.664610234374999891e+02,-9.037316282783473298e+01
4.664613164062500346e+02,-9.234413140616481996e+01
4.664616093750000232e+02,-1.016141995327438252e+02
4.664619023437500118e+02,-8.945353376028121772e+01
4.664621953125000005e+02,-9.184629316763948736e+01
4.664624882812499891e+02,-9.829093124554491112e+01
4.664627812500000346e+02,-1.152596773905277985e+02
4.664630742187500232e+02,-1.030217125392443620e+02
4.664633671875000118e+02,-9.814793131905378232e+01
4.664636601562500005e+02,-9.324411127137753397e+01
4.664639531249999891e+02,-9.142085445278097211e+01
4.664642460937500346e+02,-9.270109545953891939e+01
4.664645390625000232e+02,-9.018186922715770493e+01
4.664648320312500118e+02,-9.746837162341003591e+01
4.664651250000000005e+02,-9.942388658759725217e+01
4.664654179687499891e+02,-1.038979894212509123e+02
4.664657109375000346e+02,-1.014795510314741165e+02
4.664660039062500232e+02,-9.561447626455159821e+01
4.664662968750000118e+02,-9.390357621684947276e+01
4.664665898437500005e+02,-9.219730161124991241e+01
4.664668828124999891e+02,-9.286563388035636990e+01
4.664671757812500346e+02,-1.084664028869370753e+02
4.664674687500000232e+02,-9.238230253629566846e+01
4.664677617187500118e+02,-9.626475443933966858e+01
4.664680546875000005e+02,-1.026511347514107655e+02
4.664683476562499891e+02,-1.017797836044826170e+02
4.664686406250000346e+02,-9.646617547457171327e+01
4.664689335937500232e+02,-9.335406419408202794e+01
4.664692265625000118e+02,-1.026620599113159642e+02
4.664695195312500005e+02,-1.033884756391331052e+02
4.664698124999999891e+02,-9.328033403074596208e+01
4.664701054687500346e+02,-8.989641402091245936e+01
4.664703984375000232e+02,-1.032999186687408439e+02
4.664706914062500118e+02,-9.344566526836702280e+01
4.664709843750000005e+02,-9.529958586205469828e+01
4.664712773437499891e+02,-9.335515851748013461e+01
4.664715703125000346e+02,-9.166834385198609425e+01
4.664718632812500232e+02,-1.198859083661708667e+02
4.664721562500000118e+02,-1.050318392518980914e+02
4.664724492187500005e+02,-8.931345052003212004e+01
4.664727421874999891e+02,-9.531367811520964040e+01
4.664730351562500346e+02,-9.569746505798619296e+01
4.664733281250000232e+02,-9.101553828545536362e+01
4.664736210937500118e+02,-9.396243753168150192e+01
4.664739140625000005e+02,-9.421977789350958687e+01
4.664742070312499891e+02,-9.129947170609088403e+01
4.664745000000000346e+02,-9.909577111299751095e+01
4.664747929687500232e+02,-9.591971427390312499e+01
4.664750859375000118e+02,-8.969014469501314579e+01
4.664753789062500005e+02,-8.983295107155723258e+01
4.664756718749999891e+02,-8.896784035978373595e+01
4.664759648437500346e+02,-9.160714508738841744e+01
4.664762578125000232e+02,-9.537680636633764664e+01
4.664765507812500118e+02,-9.403031269847184603e+01
4.664768437500000005e+02,-9.247932359721595219e+01
4.664771367187499891e+02,-1.054621958732863334e+02
4.664774296875000346e+02,-9.376910557970026616e+01
4.664777226562500232e+02,-8.777510976654576780e+01
4.664780156250000118e+02,-8.727035386136365958e+01
4.664783085937500005e+02,-8.827077989972742955e+01
4.664786015624999891e+02,-9.315411394918396581e+01
4.664788945312500346e+02,-9.437571864831812718e+01
4.664791875000000232e+02,-9.248115934720992470e+01
4.664794804687500118e+02,-9.248211432140402621e+01
4.664797734375000005e+02,-9.702752468284734277e+01
4.664800664062499891e+02,-8.892955706217635736e+01
4.664803593750000346e+02,-8.471535966928202299e+01
4.664806523437500232e+02,-8.642004164355313378e+01
4.664809453125000118e+02,-9.041815700879624274e+01
4.664812382812500005e+02,-9.964500038900010281e+01
4.664815312499999891e+02,-9.341186845745241385e+01
4.664818242187500346e+02,-9.327131247072756537e+01
4.664821171875000232e+02,-9.469911897429496150e+01
4.664824101562500118e+02,-1.018545146457465336e+02
4.664827031250000005e+02,-9.609922747564276335e+01
4.664829960937499891e+02,-9.074165038818236440e+01
4.664832890625000346e+02,-9.509163813876651261e+01
4.664835820312500232e+02,-9.709959191067810025e+01
4.664838750000000118e+02,-9.231672742147017630e+01
4.664841679687500005e+02,-8.979259820228405431e+01
4.664844609374999891e+02,-9.387549998152401542e+01
4.664847539062500346e+02,-9.419329504066766390e+01
4.664850468750000232e+02,-9.509290037443801680e+01
4.664853398437500118e+02,-9.476632424462496829e+01
4.664856328125000005e+02,-9.334627905372953194e+01
4.664859257812499891e+02,-9.613522817114673558e+01
4.664862187500000346e+02,-9.911234532234159644e+01
4.664865117187500232e+02,-9.368259774502396908e+01
4.664868046875000118e+02,-9.377882468410663819e+01
4.664870976562500005e+02,-9.839245485893374621e+01
4.664873906249999891e+02,-1.025490412777552649e+02
4.664876835937500346e+02,-9.434808497957280338e+01
4.664879765625000232e+02,-1.025493516051531913e+02
4.664882695312500118e+02,-1.013469214957844002e+02
4.664885625000000005e+02,-9.321544457369557790e+01
4.664888554687499891e+02,-9.617368342590005170e+01
4.664891484375000346e+02,-1.016025021150985594e+02
4.664894414062500232e+02,-9.648260250276955219e+01
4.664897343750000118e+02,-9.750802939323267537e+01
4.664900273437500005e+02,-9.439892786250030099e+01
4.664903203124999891e+02,-8.938081212177181101e+01
4.664906132812500346e+02,-9.244953530584103873e+01
4.664909062500000232e+02,-9.235760085251115470e+01
4.664911992187500118e+02,-9.355465049155490931e+01
4.664914921875000005e+02,-9.638085664199286384e+01
4.664917851562499891e+02,-9.850698263124965592e+01
4.664920781250000346e+02,-9.491697161554382944e+01
4.664923710937500232e+02,-8.981696682500961515e+01
4.664926640625000118e+02,-8.809409677366033975e+01
4.664929570312500005e+02,-8.671500440404186349e+01
4.664932499999999891e+02,-9.162938503838680049e+01
4.664935429687500346e+02,-9.819324746300713969e+01
4.664938359375000232e+02,-1.107877835130500443e+02
4.664941289062500118e+02,-9.558985369748938865e+01
4.664944218750000005e+02,-9.648285856162371488e+01
4.664947148437499891e+02,-9.851722040528235880e+01
4.664950078125000346e+02,-8.881515561246484936e+01
4.664953007812500232e+02,-9.041752897317678617e+01
4.664955937500000118e+02,-8.709999141911154652e+01
4.664958867187500005e+02,-9.436941472175035983e+01
4.664961796874999891e+02,-1.040269411995806337e+02
4.664964726562500346e+02,-1.078469850621712567e+02
4.664967656250000232e+02,-9.283231404502311079e+01
4.664970585937500118e+02,-9.404068513167322863e+01
4.664973515625000005e+02,-9.789994860589979453e+01
4.664976445312499891e+02,-9.134854104080098125e+01
4.664979375000000346e+02,-9.992066341870965118e+01
4.664982304687500232e+02,-8.923700213282043592e+01
4.664985234375000118e+02,-9.887875396311801524e+01
4.664988164062500005e+02,-9.723449398026561141e+01
4.664991093749999891e+02,-1.034531532867524248e+02
4.664994023437500346e+02,-9.321799099807670075e+01
4.664996953125000232e+02,-9.232810966816819587e+01
4.664999882812500118e+02,-1.099282499234956703e+02
4.665002812500000005e+02,-9.220495434236858046e+01
4.665005742187499891e+02,-9.555857888802428590e+01
4.665008671875000346e+02,-9.581247696616551934e+01
4.665011601562500232e+02,-9.448985155228933763e+01
4.665014531250000118e+02,-9.805200551675903853e+01
4.665017460937500005e+02,-1.051500463058283827e+02
4.665020390624999891e+02,-9.292538449410210433e+01
4.665023320312500346e+02,-8.868398868232867471e+01
4.665026250000000232e+02,-9.891146654087708612e+01
4.665029179687500118e+02,-1.030383385422487663e+02
4.665032109375000005e+02,-9.823520445390710165e+01
4.665035039062499891e+02,-9.796752860179735478e+01
4.665037968750000346e+02,-9.325140527770918197e+01
4.665040898437500232e+02,-9.510481852596078056e+01
4.665043828125000118e+02,-1.024102667458124358e+02
4.665046757812500005e+02,-9.195200557948220421e+01
4.665049687499999891e+02,-8.665094400397840957e+01
4.665052617187500346e+02,-9.104879331739736870e+01
4.665055546875000232e+02,-9.382622455232782954e+01
4.665058476562500118e+02,-9.718486334546219041e+01
4.665061406250000005e+02,-1.105729685156032502e+02
4.665064335937499891e+02,-1.054323215963400031e+02
4.665067265625000346e+02,-1.008902687573722119e+02
4.665070195312500232e+02,-9.831481393779191080e+01
4.665073125000000118e+02,-8.733319418368346021e+01
4.665076054687500005e+02,-8.759825458845060098e+01
4.665078984374999891e+02,-9.253864610621434394e+01
4.665081914062500346e+02,-9.222643739031977361e+01
4.665084843750000232e+02,-9.445910853111641359e+01
4.665087773437500118e+02,-1.067893661113325408e+02
4.665090703125000005e+02,-9.271647547267095035e+01
4.665093632812499891e+02,-9.221569624991735736e+01
4.665096562500000346e+02,-1.031737828758804056e+02
4.665099492187500232e+02,-9.127914190585033793e+01
4.665102421875000118e+02,-9.345265832708713560e+01
4.665105351562500005e+02,-9.519068370962331471e+01
4.665108281249999891e+02,-9.122275875869630113e+01
4.665111210937500346e+02,-9.286652902423963951e+01
4.665114140625000232e+02,-9.689705402987783600e+01
4.665117070312500118e+02,-8.786024890160277323e+01
4.665120000000000005e+02,-8.978762933712690142e+01
4.665122929687499891e+02,-9.618056960162104474e+01
4.665125859375000346e+02,-1.009138885931370169e+02
4.665128789062500232e+02,-1.175634312548067442e+02
4.665131718750000118e+02,-9.673936007661680492e+01
4.665134648437500005e+02,-9.296507164796189215e+01
4.665137578124999891e+02,-9.582888610719751910e+01
4.665140507812500346e+02,-9.032078376511745432e+01
4.665143437500000232e+02,-8.658696626550165831e+01
4.665146367187500118e+02,-9.020190532191763566e+01
4.665149296875000005e+02,-9.227808609842622900e+01
4.665152226562499891e+02,-9.405454753210106844e+01
4.665155156250000346e+02,-9.468431215578917204e+01
4.665158085937500232e+02,-1.131060690596631702e+02
4.665161015625000118e+02,-9.240137772925561421e+01
4.665163945312500005e+02,-9.359994478717149491e+01
4.665166874999999891e+02,-9.391111575172058679e+01
4.665169804687500346e+02,-9.061223226277570575e+01
4.665172734375000232e+02,-8.974857205614327427e+01
4.665175664062500118e+02,-9.002469081109123294e+01
4.665178593750000005e+02,-8.717124220656771172e+01
4.665181523437499891e+02,-8.939398402210338190e+01
4.665184453125000346e+02,-1.047165421853646023e+02
4.665187382812500232e+02,-9.278110321468082589e+01
4.665190312500000118e+02,-9.425745362483357326e+01
4.665193242187500005e+02,-1.023939067867127335e+02
4.665196171874999891e+02,-1.023199650191903061e+02
4.665199101562500346e+02,-9.283381686622689699e+01
4.665202031250000232e+02,-8.894351120050542647e+01
4.665204960937500118e+02,-8.654109866964377318e+01
4.665207890625000005e+02,-8.878053125545356750e+01
4.665210820312499891e+02,-9.554717126863326371e+01
4.665213750000000346e+02,-9.619574913771563729e+01
4.665216679687500232e+02,-9.286895098229372536e+01
4.665219609375000118e+02,-9.278556244776355300e+01
4.665222539062500005e+02,-9.043571966685132679e+01
4.665225468749999891e+02,-9.426092070260837374e+01
4.665228398437500346e+02,-9.244144216940699721e+01
4.665231328125000232e+02,-9.053459812033577236e+01
4.665234257812500118e+02,-9.235967836539101938e+01
4.665237187500000005e+02,-9.223837927774177103e+01
4.665240117187499891e+02,-9.391511726426716677e+01
4.665243046875000346e+02,-8.758821339284610019e+01
4.665245976562500232e+02,-8.548237250753845728e+01
4.665248906250000118e+02,-8.771408580502141206e+01
4.665251835937500005e+02,-9.349798484751494243e+01
4.665254765624999891e+02,-9.464092739199826099e+01
4.665257695312500346e+02,-9.355407766248580970e+01
4.665260625000000232e+02,-9.403033220993214059e+01
4.665263554687500118e+02,-9.608336576995770884e+01
4.665266484375000005e+02,-9.908125696919930192e+01
4.665269414062499891e+02,-8.671411295077435000e+01
4.665272343750000346e+02,-8.512008672955518307e+01
4.665275273437500232e+02,-8.758532598932836777e+01
4.665278203125000118e+02,-1.093581290491110565e+02
4.665281132812500005e+02,-1.011094645475315303e+02
4.665284062499999891e+02,-9.680267544658335055e+01
4.665286992187500346e+02,-9.998441681656485969e+01
4.665289921875000232e+02,-9.304857890309742174e+01
4.665292851562500118e+02,-8.793966141275487303e+01
4.665295781250000005e+02,-8.546765191052412547e+01
4.665298710937499891e+02,-8.755470273071995280e+01
4.665301640625000346e+02,-9.257612901874773570e+01
4.665304570312500232e+02,-1.023790473834228578e+02
4.665307500000000118e+02,-1.004182566414327624e+02
4.665310429687500005e+02,-9.874300010748434886e+01
4.665313359374999891e+02,-9.342139143517118782e+01
4.665316289062500346e+02,-8.929726895912321538e+01
4.665319218750000232e+02,-8.955534194647458435e+01
4.665322148437500118e+02,-9.004993161011296365e+01
4.665325078125000005e+02,-9.260659067944617107e+01
4.665328007812499891e+02,-9.662469481126538540e+01
4.665330937500000346e+02,-1.061163291790149543e+02
4.665333867187500232e+02,-1.049696625760658151e+02
4.665336796875000118e+02,-9.650567085891452734e+01
4.665339726562500005e+02,-9.229470999907209716e+01
4.665342656249999891e+02,-9.090070084503696535e+01
4.665345585937500346e+02,-9.191200430362825102e+01
4.665348515625000232e+02,-9.917951780522271577e+01
4.665351445312500118e+02,-1.009524835444766353e+02
4.665354375000000005e+02,-9.660041642739236067e+01
4.665357304687499891e+02,-9.413088509253798009e+01
4.665360234375000346e+02,-9.347902951137396599e+01
4.665363164062500232e+02,-8.948871015957082875e+01
4.665366093750000118e+02,-8.785774608966740118e+01
4.665369023437500005e+02,-9.526719765939590445e+01
4.665371953124999891e+02,-9.781514711246913407e+01
4.665374882812500346e+02,-9.516359013711499415e+01
4.665377812500000232e+02,-9.357649402627410495e+01
4.665380742187500118e+02,-9.063240224032050207e+01
4.665383671875000005e+02,-8.824594145239754539e+01
4.665386601562499891e+02,-9.396456813185210422e+01
4.665389531250000346e+02,-9.057170125595848731e+01
4.665392460937500232e+02,-8.929100713290615943e+01
4.665395390625000118e+02,-9.671170381190583498e+01
4.665398320312500005e+02,-9.457715431480005464e+01
4.665401249999999891e+02,-1.031765601586316450e+02
4.665404179687500346e+02,-9.640809401362028552e+01
4.665407109375000232e+02,-9.236987482676184413e+01
4.665410039062500118e+02,-8.937102332337317989e+01
4.665412968750000005e+02,-1.001397609730923790e+02
4.665415898437499891e+02,-8.720708168085023715e+01
4.665418828125000346e+02,-8.870115235922428099e+01
4.665421757812500232e+02,-9.391188696414101855e+01
4.665424687500000118e+02,-9.428953650545651044e+01
4.665427617187500005e+02,-9.534118354797455197e+01
4.665430546874999891e+02,-9.382136681931329747e+01
4.665433476562500346e+02,-9.196268657932300528e+01
4.665436406250000232e+02,-1.041000676976557884e+02
4.665439335937500118e+02,-9.625453899873976127e+01
4.665442265625000005e+02,-8.945096184179467969e+01
4.665445195312499891e+02,-9.028123624980963768e+01
4.665448125000000346e+02,-8.972978728771917645e+01
4.665451054687500232e+02,-9.106974354821522866e+01
4.665453984375000118e+02,-1.067322126278399992e+02
4.665456914062500005e+02,-1.086070937037902553e+02
4.665459843749999891e+02,-8.800374099775390846e+01
4.665462773437500346e+02,-1.006388088625575676e+02
4.665465703125000232e+02,-9.299780752697924413e+01
4.665468632812500118e+02,-9.629756284975928793e+01
4.665471562500000005e+02,-1.000233759689998436e+02
4.665474492187499891e+02,-8.908830182337597137e+01
4.665477421875000346e+02,-9.597692282134742925e+01
4.665480351562500232e+02,-9.624091521272075056e+01
4.665483281250000118e+02,-9.500148726484654560e+01
4.665486210937500005e+02,-8.963481530735018055e+01
4.665489140624999891e+02,-1.050070918934828796e+02
4.665492070312500346e+02,-9.278708121122534180e+01
4.665495000000000232e+02,-8.991632209028674083e+01
4.665497929687500118e+02,-9.227653205384912383e+01
4.665500859375000005e+02,-9.211522418102759957e+01
4.665503789062499891e+02,-1.097048896169797843e+02
4.665506718750000346e+02,-9.154194309888984549e+01
4.665509648437500232e+02,-8.850115078165826787e+01
4.665512578125000118e+02,-9.732827109452217940e+01
4.665515507812500005e+02,-9.409781805901286589e+01
4.665518437499999891e+02,-8.807196589593067415e+01
4.665521367187500346e+02,-8.587494000050088516e+01
4.665524296875000232e+02,-8.761052618384104562e+01
4.665527226562500118e+02,-9.245947633172255564e+01
4.665530156250000005e+02,-9.501808804699206235e+01
4.665533085937499891e+02,-8.660857363431922806e+01
4.665536015625000346e+02,-8.950653833422441608e+01
4.665538945312500232e+02,-1.022971403030804254e+02
4.665541875000000118e+02,-9.711967123289106496e+01
4.665544804687500005e+02,-8.995248166660789479e+01
4.665547734374999891e+02,-8.798435997071194947e+01
4.665550664062500346e+02,-9.448407489241388646e+01
4.665553593750000232e+02,-9.280321463141454785e+01
4.665556523437500118e+02,-8.838358837360539155e+01
4.665559453125000005e+02,-8.700259993430634609e+01
4.665562382812499891e+02,-1.006266942002513645e+02
4.665565312500000346e+02,-8.717236938089021692e+01
4.665568242187500232e+02,-9.138626146108967419e+01
4.665571171875000118e+02,-9.103664558401531792e+01
4.665574101562500005e+02,-9.026856073928541946e+01
4.665577031249999891e+02,-8.982762932535416667e+01
4.665579960937500346e+02,-8.866233760002016595e+01
4.665582890625000232e+02,-8.846165927137094798e+01
4.665585820312500118e+02,-8.812491845188270645e+01
4.665588750000000005e+02,-1.011689236297288517e+02
4.665591679687499891e+02,-8.778655078959467062e+01
4.665594609375000346e+02,-9.715292553121466312e+01
4.665597539062500232e+02,-9.808615660909454448e+01
4.665600468750000118e+02,-9.286831592556707449e+01
4.665603398437500005e+02,-9.140936255888823325e+01
4.665606328124999891e+02,-8.790623441853961140e+01
4.665609257812500346e+02,-8.970422273279858416e+01
4.665612187500000232e+02,-9.264759893971603333e+01
4.665615117187500118e+02,-9.888653515067008470e+01
4.665618046875000005e+02,-9.128771108250526822e+01
4.665620976562499891e+02,-9.656808115554936478e+01
4.665623906250000346e+02,-9.085712420429453573e+01
4.665626835937500232e+02,-9.299116158625956530e+01
4.665629765625000118e+02,-9.370968748330120945e+01
4.665632695312500005e+02,-9.521279134290297463e+01
4.665635624999999891e+02,-9.492428936308469645e+01
4.665638554687500346e+02,-9.265326592548487383e+01
4.665641484375000232e+02,-1.065385626270963826e+02
4.665644414062500118e+02,-9.826669877761504779e+01
4.665647343750000005e+02,-9.386052528761518943e+01
4.665650273437499891e+02,-9.605568324263754221e+01
4.665653203125000346e+02,-9.369981434318788160e+01
4.665656132812500232e+02,-8.826483812954518271e+01
4.665659062500000118e+02,-9.164846575441848131e+01
4.665661992187500005e+02,-9.029507950539664307e+01
4.665664921874999891e+02,-8.838291806137837625e+01
4.665667851562500346e+02,-8.906318660625208850e+01
4.665670781250000232e+02,-9.219655841865673551e+01
4.665673710937500118e+02,-9.069858463416566963e+01
4.665676640625000005e+02,-9.251264809080352336e+01
4.665679570312499891e+02,-8.982421384422974597e+01
4.665682500000000346e+02,-8.630143076975070926e+01
4.665685429687500232e+02,-8.970769359377678143e+01
4.665688359375000118e+02,-8.831141501421485884e+01
4.665691289062500005e+02,-8.918383926837202580e+01
4.665694218749999891e+02,-8.830385389904708404e+01
4.665697148437500346e+02,-8.893949670266684393e+01
4.665700078125000232e+02,-8.815395472210229855e+01
4.665703007812500118e+02,-8.734431408152276788e+01
4.665705937500000005e+02,-8.531910432543941170e+01
4.665708867187499891e+02,-8.600003480733849415e+01
4.665711796875000346e+02,-9.027474261272726608e+01
4.665714726562500232e+02,-9.363506895877750935e+01
4.665717656250000118e+02,-8.789302000450638275e+01
4.665720585937500005e+02,-8.790117858500411785e+01
4.665723515624999891e+02,-8.859971787076162286e+01
4.665726445312500346e+02,-8.858307227960690966e+01
4.665729375000000232e+02,-8.852765792405753587e+01
4.665732304687500118e+02,-8.624420200276288995e+01
4.665735234375000005e+02,-8.551270899414232929e+01
4.665738164062499891e+02,-8.649733981958009110e+01
4.665741093750000346e+02,-9.249854784994253976e+01
4.665744023437500232e+02,-1.026839059555738629e+02
4.665746953125000118e+02,-9.958240217900909386e+01
4.665749882812500005e+02,-9.251171481879339353e+01
4.665752812499999891e+02,-9.077996976404379836e+01
4.665755742187500346e+02,-9.523860205228133680e+01
4.665758671875000232e+02,-8.752784908930203756e+01
4.665761601562500118e+02,-8.602338162781029496e+01
4.665764531250000005e+02,-8.579286378909138477e+01
4.665767460937499891e+02,-8.724097141781942355e+01
4.665770390625000346e+02,-9.161473523034027266e+01
4.665773320312500232e+02,-9.776447501697884945e+01
4.665776250000000118e+02,-9.315130933306409133e+01
4.665779179687500005e+02,-8.829061342615609931e+01
4.665782109374999891e+02,-9.390691339820619987e+01
4.665785039062500346e+02,-9.021763462845743220e+01
4.665787968750000232e+02,-8.626096648088280006e+01
4.665790898437500118e+02,-8.616497436550424993e+01
4.665793828125000005e+02,-8.813421746191033890e+01
4.665796757812499891e+02,-9.028748580924472833e+01
4.665799687500000346e+02,-9.635874499854216424e+01
4.665802617187500232e+02,-9.192330161767485208e+01
4.665805546875000118e+02,-8.445393620025814130e+01
4.665808476562500005e+02,-8.936669174182452480e+01
4.665811406249999891e+02,-8.779809950015257414e+01
4.665814335937500346e+02,-8.856574271550752542e+01
4.665817265625000232e+02,-8.955217783318400393e+01
4.665820195312500118e+02,-8.959213018719756860e+01
4.665823125000000005e+02,-9.263454632733660787e+01
4.665826054687499891e+02,-9.198003627580659725e+01
4.665828984375000346e+02,-8.959267183151574443e+01
4.665831914062500232e+02,-8.339872688441188586e+01
4.665834843750000118e+02,-8.630825418951944528e+01
4.665837773437500005e+02,-8.602895889947392050e+01
4.665840703124999891e+02,-8.979502998149411042e+01
4.665843632812500346e+02,-9.316077873562564093e+01
4.665846562500000232e+02,-9.598052406026599215e+01
4.665849492187500118e+02,-9.681590772265909095e+01
4.665852421875000005e+02,-9.269240929527198602e+01
4.665855351562499891e+02,-9.570231984592652452e+01
4.665858281250000346e+02,-8.804253183630622459e+01
4.665861210937500232e+02,-9.161441870618240557e+01
4.665864140625000118e+02,-8.982418843087343419e+01
4.665867070312500005e+02,-1.005003455327320836e+02
4.665869999999999891e+02,-9.033070337195150046e+01
4.665872929687500346e+02,-8.609100195320154114e+01
4.665875859375000232e+02,-8.734388865115924716e+01
4.665878789062500118e+02,-8.791599715522394831e+01
4.665881718750000005e+02,-9.148520580327313212e+01
4.665884648437499891e+02,-9.320867870026165747e+01
4.665887578125000346e+02,-9.029250644114483748e+01
4.665890507812500232e+02,-9.305298069170831354e+01
4.665893437500000118e+02,-9.306130609458656977e+01
4.665896367187500005e+02,-8.786365615266643658e+01
4.665899296874999891e+02,-8.491750677904025224e+01
4.665902226562500346e+02,-9.022692271822494092e+01
4.665905156250000232e+02,-8.967125869264012294e+01
4.665908085937500118e+02,-8.422317887516170742e+01
4.665911015625000005e+02,-8.526698168604939099e+01
4.665913945312499891e+02,-8.707095265900670711e+01
4.665916875000000346e+02,-9.425880655791897311e+01
4.665919804687500232e+02,-9.445566200256567413e+01
4.665922734375000118e+02,-8.832049823889768447e+01
4.665925664062500005e+02,-8.560349451058098680e+01
4.665928593749999891e+02,-9.683473482497275597e+01
4.665931523437500346e+02,-8.642021576935846383e+01
4.665934453125000232e+02,-8.232921010603664058e+01
4.665937382812500118e+02,-8.577921015265312121e+01
4.665940312500000005e+02,-9.135691177255091588e+01
4.665943242187499891e+02,-1.003106404250576134e+02
4.665946171875000346e+02,-9.963220249278462859e+01
4.665949101562500232e+02,-9.413456513078493515e+01
4.665952031250000118e+02,-9.474588237099881383e+01
4.665954960937500005e+02,-1.020542494664962305e+02
4.665957890624999891e+02,-8.702457583096051508e+01
4.665960820312500346e+02,-8.368006213376685309e+01
4.665963750000000232e+02,-8.940266732480193923e+01
4.665966679687500118e+02,-9.446503395259396996e+01
4.665969609375000005e+02,-9.654891686662199390e+01
4.665972539062499891e+02,-1.132376216799990374e+02
4.665975468750000346e+02,-1.042868380954097631e+02
4.665978398437500232e+02,-9.589558023035586132e+01
4.665981328125000118e+02,-9.155595797146888515e+01
4.665984257812500005e+02,-9.274498559234041295e+01
4.665987187499999891e+02,-9.358437555667021002e+01
4.665990117187500346e+02,-9.240011660843229890e+01
4.665993046875000232e+02,-9.423787491229126090e+01
4.665995976562500118e+02,-1.009353416940290913e+02
4.665998906250000005e+02,-9.728930653265518913e+01
4.666001835937499891e+02,-8.834492960811593321e+01
4.666004765625000346e+02,-8.319464288048733636e+01
4.666007695312500232e+02,-8.599153063556430254e+01
4.666010625000000118e+02,-9.133068889172679405e+01
4.666013554687500005e+02,-9.982175610297792900e+01
4.666016484374999891e+02,-9.587598938785555447e+01
4.666019414062500346e+02,-9.645268457167506426e+01
4.666022343750000232e+02,-9.105093169021210997e+01
4.666025273437500118e+02,-8.691157246223988864e+01
4.666028203125000005e+02,-8.978738625770128579e+01
4.666031132812499891e+02,-8.571882423861458733e+01
4.666034062500000346e+02,-8.826067872404817649e+01
4.666036992187500232e+02,-8.861994606842793587e+01
4.666039921875000118e+02,-9.585678495202498084e+01
4.666042851562500005e+02,-9.718976428020233982e+01
4.666045781249999891e+02,-9.582392099705367627e+01
4.666048710937500346e+02,-9.361391832473826469e+01
4.666051640625000232e+02,-8.872302560383396042e+01
4.666054570312500118e+02,-8.936456878507122781e+01
4.666057500000000005e+02,-8.420401466474135077e+01
4.666060429687499891e+02,-8.923339533129031054e+01
4.666063359375000346e+02,-9.664213737780013957e+01
4.666066289062500232e+02,-9.314795500150142971e+01
4.666069218750000118e+02,-9.163682179144332451e+01
4.666072148437500005e+02,-9.135052994515703517e+01
4.666075078124999891e+02,-8.968300885353514218e+01
4.666078007812500346e+02,-8.767643564201085837e+01
4.666080937500000232e+02,-1.010671178936509875e+02
4.666083867187500118e+02,-9.152893688011687345e+01
4.666086796875000005e+02,-9.241404183109898440e+01
4.666089726562499891e+02,-8.723693945858501309e+01
4.666092656250000346e+02,-8.438526857343340737e+01
4.666095585937500232e+02,-8.795512206148220002e+01
4.666098515625000118e+02,-9.745692450856918754e+01
4.666101445312500005e+02,-1.037098604840086580e+02
4.666104374999999891e+02,-9.314791522310657967e+01
4.666107304687500346e+02,-9.272452910159019268e+01
4.666110234375000232e+02,-1.042854432249393284e+02
4.666113164062500118e+02,-8.754300473184127895e+01
4.666116093750000005e+02,-8.164743976055278551e+01
4.666119023437499891e+02,-8.134963566333428275e+01
4.666121953125000346e+02,-8.930088407380780779e+01
4.666124882812500232e+02,-9.939130902687281832e+01
4.666127812500000118e+02,-9.269831837218605131e+01
4.666130742187500005e+02,-9.462251893575869133e+01
4.666133671874999891e+02,-9.279529668413113086e+01
4.666136601562500346e+02,-9.917768028647662959e+01
4.666139531250000232e+02,-8.527795711042293192e+01
4.666142460937500118e+02,-8.289202240826466550e+01
4.666145390625000005e+02,-8.379513117630614261e+01
4.666148320312499891e+02,-8.890501215839569227e+01
4.666151250000000346e+02,-8.897359037330372189e+01
4.666154179687500232e+02,-8.788764157315563352e+01
4.666157109375000118e+02,-1.085117505664815241e+02
4.666160039062500005e+02,-9.983501323479256939e+01
4.666162968749999891e+02,-8.701694411325247813e+01
4.666165898437500346e+02,-8.454475359851420535e+01
4.666168828125000232e+02,-9.040769794666589121e+01
4.666171757812500118e+02,-8.575332454034962382e+01
4.666174687500000005e+02,-8.688402129700448029e+01
4.666177617187499891e+02,-8.797125353363314559e+01
4.666180546875000346e+02,-8.362902343945867756e+01
4.666183476562500232e+02,-8.796191667814480297e+01
4.666186406250000118e+02,-9.921722396596548776e+01
4.666189335937500005e+02,-8.765739205807518886e+01
4.666192265624999891e+02,-9.945348213612953714e+01
4.666195195312500346e+02,-8.784249607356393597e+01
4.666198125000000232e+02,-8.490680517480882372e+01
4.666201054687500118e+02,-8.758978093164293455e+01
4.666203984375000005e+02,-8.883195010880481846e+01
4.666206914062499891e+02,-8.284380096811864291e+01
4.666209843750000346e+02,-8.610395874508391501e+01
4.666212773437500232e+02,-9.498699495219013045e+01
4.666215703125000118e+02,-9.753155772195808026e+01
4.666218632812500005e+02,-8.790398457889992301e+01
4.666221562499999891e+02,-8.414465790805748213e+01
4.666224492187500346e+02,-8.401306457759037016e+01
4.666227421875000232e+02,-8.520191252320792330e+01
4.666230351562500118e+02,-9.219784565339637084e+01
4.666233281250000005e+02,-8.949582498938262631e+01
4.666236210937499891e+02,-8.783039941417214891e+01
4.666239140625000346e+02,-9.244941112468380595e+01
4.666242070312500232e+02,-1.066622055927035007e+02
4.666245000000000118e+02,-8.552707025279744357e+01
4.666247929687500005e+02,-8.568523959116490119e+01
4.666250859374999891e+02,-8.728520815915499043e+01
4.666253789062500346e+02,-8.541148501611243660e+01
4.666256718750000232e+02,-9.201152876222194266e+01
4.666259648437500118e+02,-9.246057330807039421e+01
4.666262578125000005e+02,-9.039677305868346480e+01
4.666265507812499891e+02,-9.886881018151449041e+01
4.666268437500000346e+02,-9.166655771145980225e+01
4.666271367187500232e+02,-8.558439555878139515e+01
4.666274296875000118e+02,-8.965086133780945943e+01
4.666277226562500005e+02,-9.056084200364155379e+01
4.666280156249999891e+02,-8.716350154193312960e+01
4.666283085937500346e+02,-8.976352987770182779e+01
4.666286015625000232e+02,-9.623052257215022109e+01
4.666288945312500118e+02,-9.764634843254319208e+01
4.666291875000000005e+02,-9.678100831859488551e+01
4.666294804687499891e+02,-9.850676207651673622e+01
4.666297734375000346e+02,-1.026942526276550751e+02
4.666300664062500232e+02,-9.612422315584436205e+01
4.666303593750000118e+02,-9.154784171354030775e+01
4.666306523437500005e+02,-8.944944296581981291e+01
4.666309453124999891e+02,-9.198295707250848352e+01
4.666312382812500346e+02,-9.950406649809870885e+01
4.666315312500000232e+02,-9.402704269380598134e+01
4.666318242187500118e+02,-9.193069650195157294e+01
4.666321171875000005e+02,-9.193725746037115698e+01
4.666324101562499891e+02,-1.119817533347875269e+02
4.666327031250000346e+02,-9.715884246120754142e+01
4.666329960937500232e+02,-9.063281379411182570e+01
4.666332890625000118e+02,-8.999965642790303377e+01
4.666335820312500005e+02,-9.598942765179189962e+01
4.666338749999999891e+02,-9.922420599959852439e+01
4.666341679687500346e+02,-9.620494800774227429e+01
4.666344609375000232e+02,-8.879146264743718575e+01
4.666347539062500118e+02,-9.079084496136475479e+01
4.666350468750000005e+02,-9.594185342970871488e+01
4.666353398437499891e+02,-9.850919091846824927e+01
4.666356328125000346e+02,-9.469417544299037104e+01
4.666359257812500232e+02,-9.153689214344070990e+01
4.666362187500000118e+02,-8.979382721012055413e+01
4.666365117187500005e+02,-8.974077951718420820e+01
4.666368046874999891e+02,-9.170462922216634638e+01
4.666370976562500346e+02,-8.491796694182360739e+01
4.666373906250000232e+02,-8.878581716782333899e+01
4.666376835937500118e+02,-8.881411468956696353e+01
4.666379765625000005e+02,-8.899683452058930300e+01
4.666382695312499891e+02,-9.473630494099643329e+01
4.666385625000000346e+02,-9.016633751752007697e+01
4.666388554687500232e+02,-8.616951199163557362e+01
4.666391484375000118e+02,-9.336683138185188113e+01
4.666394414062500005e+02,-9.802523543177420606e+01
4.666397343749999891e+02,-8.873388155937348643e+01
4.666400273437500346e+02,-8.544314303537574062e+01
4.666403203125000232e+02,-8.519467124684479131e+01
4.666406132812500118e+02,-8.691347581909936082e+01
4.666409062500000005e+02,-9.937878697448631726e+01
4.666411992187499891e+02,-8.869029442785661388e+01
4.666414921875000346e+02,-8.499707998582920254e+01
4.666417851562500232e+02,-9.068001255753071632e+01
4.666420781250000118e+02,-9.220750884249486035e+01
4.666423710937500005e+02,-9.014339811602310704e+01
4.666426640624999891e+02,-8.441441181633885549e+01
4.666429570312500346e+02,-8.361973343366115330e+01
4.666432500000000232e+02,-8.777768252227717483e+01
4.666435429687500118e+02,-9.875910222097159874e+01
4.666438359375000005e+02,-8.807336960973417206e+01
4.666441289062499891e+02,-8.881551835790293126e+01
4.666444218750000346e+02,-9.095290220089839295e+01
4.666447148437500232e+02,-9.464863300359044729e+01
4.666450078125000118e+02,-9.097093103055547658e+01
4.666453007812500005e+02,-9.064936466191116438e+01
4.666455937499999891e+02,-8.712220992552006749e+01
4.666458867187500346e+02,-8.888692882794606476e+01
4.666461796875000232e+02,-9.237965710891396043e+01
4.666464726562500118e+02,-9.351588158337008849e+01
4.666467656250000005e+02,-9.374230592309210408e+01
4.666470585937499891e+02,-9.207334760539346519e+01
4.666473515625000346e+02,-8.646808460613544867e+01
4.666476445312500232e+02,-8.915025829615267128e+01
4.666479375000000118e+02,-9.736014712346874944e+01
4.666482304687500005e+02,-9.875923698916781746e+01
4.666485234374999891e+02,-9.366687876111789990e+01
4.666488164062500346e+02,-9.240573505456522696e+01
4.666491093750000232e+02,-8.914649137066678009e+01
4.666494023437500118e+02,-8.938112023934277772e+01
4.666496953125000005e+02,-9.259699543854777914e+01
4.666499882812499891e+02,-8.634436933234923117e+01
4.666502812500000346e+02,-9.976477569178273086e+01
4.666505742187500232e+02,-8.789431096402873322e+01
4.666508671875000118e+02,-1.017042845983389441e+02
4.666511601562500005e+02,-8.900449573651484059e+01
4.666514531249999891e+02,-8.632241374227609754e+01
4.666517460937500346e+02,-8.578446065023385358e+01
4.666520390625000232e+02,-8.640725962470240518e+01
4.666523320312500118e+02,-8.750930400884905680e+01
4.666526250000000005e+02,-9.008805450828430139e+01
4.666529179687499891e+02,-8.969244731718049479e+01
4.666532109375000346e+02,-8.561116125020843981e+01
4.666535039062500232e+02,-9.115355467199037776e+01
4.666537968750000118e+02,-8.984554466763739811e+01
4.666540898437500005e+02,-8.775768274152953552e+01
4.666543828124999891e+02,-8.799619299713575060e+01
4.666546757812500346e+02,-9.213584005046234893e+01
4.666549687500000232e+02,-9.538148397806958201e+01
4.666552617187500118e+02,-1.053896377678644285e+02
4.666555546875000005e+02,-8.927847329185203762e+01
4.666558476562499891e+02,-8.866696363186167673e+01
4.666561406250000346e+02,-1.014256029270904236e+02
4.666564335937500232e+02,-9.502431792209785044e+01
4.666567265625000118e+02,-9.311075179640801025e+01
4.666570195312500005e+02,-9.514892786843731187e+01
4.666573124999999891e+02,-8.802057954544146412e+01
4.666576054687500346e+02,-8.857477556798028218e+01
4.666578984375000232e+02,-8.778727675468377356e+01
4.666581914062500118e+02,-8.761839264287294782e+01
4.666584843750000005e+02,-8.465246791847397390e+01
4.666587773437499891e+02,-9.438630582022597082e+01
4.666590703125000346e+02,-1.142826488334270749e+02
4.666593632812500232e+02,-8.786371700545672070e+01
4.666596562500000118e+02,-9.241751920280165677e+01
4.666599492187500005e+02,-9.350390884015411075e+01
4.666602421874999891e+02,-8.734692884364692134e+01
4.666605351562500346e+02,-8.683522793796895201e+01
4.666608281250000232e+02,-8.207040129921743699e+01
4.666611210937500118e+02,-8.224401331687145955e+01
4.666614140625000005e+02,-9.313498001934220838e+01
4.666617070312499891e+02,-9.131392323228530472e+01
4.666620000000000346e+02,-8.909251564215350072e+01
4.666622929687500232e+02,-9.483176958793551137e+01
4.666625859375000118e+02,-9.206937837465360985e+01
4.666628789062500005e+02,-8.838639274232335197e+01
4.666631718749999891e+02,-9.030604420336115368e+01
4.666634648437500346e+02,-8.564493309915683028e+01
4.666637578125000232e+02,-8.578559479725910819e+01
4.666640507812500118e+02,-8.938287042272025928e+01
4.666643437500000005e+02,-8.857790277610943974e+01
4.666646367187499891e+02,-1.060492232485007662e+02
4.666649296875000346e+02,-9.444243009703937730e+01
4.666652226562500232e+02,-9.332762852050217361e+01
4.666655156250000118e+02,-9.892295658784428269e+01
4.666658085937500005e+02,-9.284201568675163685e+01
4.666661015624999891e+02,-8.617247106562651027e+01
4.666663945312500346e+02,-8.684779574541050806e+01
4.666666875000000232e+02,-8.541541455721414877e+01
4.666669804687500118e+02,-8.670497091601929185e+01
4.666672734375000005e+02,-8.720403989042515036e+01
4.666675664062499891e+02,-8.787534858313327391e+01
4.666678593750000346e+02,-9.326772530197102640e+01
4.666681523437500232e+02,-9.877234238114155573e+01
4.666684453125000118e+02,-8.870690484057702463e+01
4.666687382812500005e+02,-8.746561254552401010e+01
4.666690312499999891e+02,-8.854599931269700619e+01
4.666693242187500346e+02,-8.573088488088232850e+01
4.666696171875000232e+02,-8.408197438536687685e+01
4.666699101562500118e+02,-8.500634940126735728e+01
4.666702031250000005e+02,-9.082362216860808246e+01
4.666704960937499891e+02,-8.932920289753823795e+01
4.666707890625000346e+02,-8.682060291595146850e+01
4.666710820312500232e+02,-8.341693472834244005e+01
4.666713750000000118e+02,-8.642445240022541952e+01
4.666716679687500005e+02,-9.255960682360493763e+01
4.666719609374999891e+02,-8.684253388289720021e+01
4.666722539062500346e+02,-8.343926147084300737e+01
4.666725468750000232e+02,-8.463589264600415163e+01
4.666728398437500118e+02,-8.936093344900757529e+01
4.666731328125000005e+02,-8.783274708744943382e+01
4.666734257812499891e+02,-8.468274870467971027e+01
4.666737187500000346e+02,-8.140353891867967207e+01
4.666740117187500232e+02,-8.554682417215751400e+01
4.666743046875000118e+02,-9.097343068636888574e+01
4.666745976562500005e+02,-8.648467190100829782e+01
4.666748906249999891e+02,-8.864931572032801910e+01
4.666751835937500346e+02,-9.009584901912155885e+01
4.666754765625000232e+02,-9.100323124563558963e+01
4.666757695312500118e+02,-9.289930425063681696e+01
4.666760625000000005e+02,-8.425335574263435490e+01
4.666763554687499891e+02,-8.129330752181593311e+01
4.666766484375000346e+02,-8.597909819920224095e+01
4.666769414062500232e+02,-9.665038529866626504e+01
4.666772343750000118e+02,-9.327104346210218466e+01
4.666775273437500005e+02,-9.921203237244722573e+01
4.666778203124999891e+02,-8.543352614061227257e+01
4.666781132812500346e+02,-8.371370231256881311e+01
4.666784062500000232e+02,-8.905746536727669138e+01
4.666786992187500118e+02,-8.691601971929458159e+01
4.666789921875000005e+02,-8.528736028325504037e+01
4.666792851562499891e+02,-8.923321836329006373e+01
4.666795781250000346e+02,-1.027941983466414229e+02
4.666798710937500232e+02,-1.002051832044381996e+02
4.666801640625000118e+02,-9.633370837761779626e+01
4.666804570312500005e+02,-8.847009076575946551e+01
4.666807499999999891e+02,-8.697873048590842870e+01
4.666810429687500346e+02,-9.087069472246483315e+01
4.666813359375000232e+02,-8.569119229532304871e+01
4.666816289062500118e+02,-8.360576988832644929e+01
4.666819218750000005e+02,-8.816703677732388655e+01
4.666822148437499891e+02,-9.526751073636421552e+01
4.666825078125000346e+02,-9.198734156139977358e+01
4.666828007812500232e+02,-9.319198181663708169e+01
4.666830937500000118e+02,-8.472913838760575800e+01
4.666833867187500005e+02,-8.403633750157777627e+01
4.666836796874999891e+02,-9.127501768400635740e+01
4.666839726562500346e+02,-8.522745991393172460e+01
4.666842656250000232e+02,-8.606144465416763012e+01
4.666845585937500118e+02,-8.917122336182883657e+01
4.666848515625000005e+02,-9.405742861521019904e+01
4.666851445312499891e+02,-9.708740750650028417e+01
4.666854375000000346e+02,-9.906846183374086934e+01
4.666857304687500232e+02,-8.836687906978772844e+01
4.666860234375000118e+02,-8.892207165272056102e+01
4.666863164062500005e+02,-9.538373462301595396e+01
4.666866093749999891e+02,-9.131916480522720292e+01
4.666869023437500346e+02,-9.457145498840350228e+01
4.666871953125000232e+02,-9.381821493141413271e+01
4.666874882812500118e+02,-1.039015217310746806e+02
4.666877812500000005e+02,-9.378696800557585789e+01
4.666880742187499891e+02,-9.303824107773456831e+01
4.666883671875000346e+02,-1.055135223811387846e+02
4.666886601562500232e+02,-9.021775281890789699e+01
4.666889531250000118e+02,-9.179168894680682911e+01
4.666892460937500005e+02,-9.664704835273190042e+01
4.666895390624999891e+02,-8.811269721861651760e+01
4.666898320312500346e+02,-8.943410361057030400e+01
4.666901250000000232e+02,-1.016567249960112349e+02
4.666904179687500118e+02,-8.793640570796893030e+01
4.666907109375000005e+02,-8.902502508652575841e+01
4.666910039062499891e+02,-8.968737046268110191e+01
4.666912968750000346e+02,-8.145772645211860663e+01
4.666915898437500232e+02,-8.422617560916704349e+01
4.666918828125000118e+02,-8.912618893755305294e+01
4.666921757812500005e+02,-8.695784653930054731e+01
4.666924687499999891e+02,-8.967039398245013615e+01
4.666927617187500346e+02,-9.085661341475658048e+01
4.666930546875000232e+02,-8.766910346876241533e+01
4.666933476562500118e+02,-8.982659299922467255e+01
4.666936406250000005e+02,-8.947962320675384262e+01
4.666939335937499891e+02,-8.207831953264738445e+01
4.666942265625000346e+02,-8.458639007288485345e+01
4.666945195312500232e+02,-8.804646627934609171e+01
4.666948125000000118e+02,-9.031073848024375650e+01
4.666951054687500005e+02,-8.903088859121379528e+01
4.666953984374999891e+02,-9.033884756386495951e+01
4.666956914062500346e+02,-9.116738331411838203e+01
4.666959843750000232e+02,-9.352082584298702272e+01
4.666962773437500118e+02,-9.272435076456665115e+01
4.666965703125000005e+02,-8.537953889302937682e+01
4.666968632812499891e+02,-8.660179653152960100e+01
4.666971562500000346e+02,-9.253729242196868654e+01
4.666974492187500232e+02,-9.313350025437728164e+01
4.666977421875000118e+02,-9.696737748705272963e+01
4.666980351562500005e+02,-9.390326350589387516e+01
4.666983281249999891e+02,-9.051925422279508382e+01
4.666986210937500346e+02,-9.031226082946758993e+01
4.666989140625000232e+02,-9.467648047049516435e+01
4.666992070312500118e+02,-8.936445461851587879e+01
4.666995000000000005e+02,-8.840785066780568968e+01
4.666997929687499891e+02,-9.552954135732804275e+01
4.667000859375000346e+02,-9.673808168630222326e+01
4.667003789062500232e+02,-8.777992082168481147e+01
4.667006718750000118e+02,-8.868794847727613728e+01
4.667009648437500005e+02,-8.822399938444866052e+01
4.667012578124999891e+02,-9.660993008987112773e+01
4.667015507812500346e+02,-9.292233901005548091e+01
4.667018437500000232e+02,-8.514099994136303451e+01
4.667021367187500118e+02,-8.434723365696316932e+01
4.667024296875000005e+02,-8.988121871807243224e+01
4.667027226562499891e+02,-9.481253285431395739e+01
4.667030156250000346e+02,-8.556576382753195276e+01
4.667033085937500232e+02,-9.308199025316295661e+01
4.667036015625000118e+02,-8.713573940283835384e+01
4.667038945312500005e+02,-8.821927039351848521e+01
4.667041874999999891e+02,-9.436135557274765517e+01
4.667044804687500346e+02,-8.807863872496446334e+01
4.667047734375000232e+02,-8.548670753161380276e+01
4.667050664062500118e+02,-8.813692886653250014e+01
4.667053593750000005e+02,-1.195229094471584119e+02
4.667056523437499891e+02,-9.005302322249849567e+01
4.667059453125000346e+02,-9.268887541582995482e+01
4.667062382812500232e+02,-8.561649099459701517e+01
4.667065312500000118e+02,-8.771238671441182078e+01
4.667068242187500005e+02,-9.401660960020188895e+01
4.667071171874999891e+02,-9.240597287828933304e+01
4.667074101562500346e+02,-9.669993481309747096e+01
4.667077031250000232e+02,-9.476977196883481724e+01
4.667079960937500118e+02,-1.015885797598739657e+02
4.667082890625000005e+02,-9.294235436486827950e+01
4.667085820312499891e+02,-8.817609889378125843e+01
4.667088750000000346e+02,-8.716027112435300239e+01
4.667091679687500232e+02,-8.439571637151917116e+01
4.667094609375000118e+02,-8.561757975439049062e+01
4.667097539062500005e+02,-8.538144615992707998e+01
4.667100468749999891e+02,-8.719298479876563590e+01
4.667103398437500346e+02,-8.908291044815601367e+01
4.667106328125000232e+02,-1.049621258147458605e+02
4.667109257812500118e+02,-8.979022551615493342e+01
4.667112187500000005e+02,-8.812078133002138713e+01
4.667115117187499891e+02,-8.368843392137264914e+01
4.667118046875000346e+02,-8.241350913829380431e+01
4.667120976562500232e+02,-8.440254449007360904e+01
4.667123906250000118e+02,-8.261489303785801042e+01
4.667126835937500005e+02,-8.403911578907134583e+01
4.667129765624999891e+02,-8.863332008058968370e+01
4.667132695312500346e+02,-9.408898610303047860e+01
4.667135625000000232e+02,-8.907007729472466906e+01
4.667138554687500118e+02,-9.491004763853126747e+01
4.667141484375000005e+02,-8.678924318576173391e+01
4.667144414062499891e+02,-8.394622189875741469e+01
4.667147343750000346e+02,-8.167341309162614493e+01
4.667150273437500232e+02,-8.160736893574861028e+01
4.667153203125000118e+02,-8.441399249787041015e+01
4.667156132812500005e+02,-8.769707100993576887e+01
4.667159062499999891e+02,-9.019884569670360008e+01
4.667161992187500346e+02,-1.001648866737168362e+02
4.667164921875000232e+02,-9.027181346208766399e+01
4.667167851562500118e+02,-9.052980752491450289e+01
4.667170781250000005e+02,-9.171820108468365618e+01
4.667173710937499891e+02,-8.285824637933967551e+01
4.667176640625000346e+02,-8.101212518026878229e+01
4.667179570312500232e+02,-8.293680825247434996e+01
4.667182500000000118e+02,-8.721083951649808341e+01
4.667185429687500005e+02,-9.185068722787121942e+01
4.667188359374999891e+02,-8.533246209502934221e+01
4.667191289062500346e+02,-8.748421856034910604e+01
4.667194218750000232e+02,-1.091179021121448613e+02
4.667197148437500118e+02,-1.061896575521839594e+02
4.667200078125000005e+02,-8.756286608219761547e+01
4.667203007812499891e+02,-8.481928759844917920e+01
4.667205937500000346e+02,-8.844103546077204214e+01
4.667208867187500232e+02,-9.533586634724392184e+01
4.667211796875000118e+02,-1.006406901450040152e+02
4.667214726562500005e+02,-8.767052856111345704e+01
4.667217656249999891e+02,-9.032755617482081334e+01
4.667220585937500346e+02,-9.014619016157220699e+01
4.667223515625000232e+02,-8.634885026451699730e+01
4.667226445312500118e+02,-9.318448224822603265e+01
4.667229375000000005e+02,-9.137356238704954592e+01
4.667232304687499891e+02,-8.930270959689264032e+01
4.667235234375000346e+02,-8.951113663903842621e+01
4.667238164062500232e+02,-8.870337984673761866e+01
4.667241093750000118e+02,-8.393655153942751213e+01
4.667244023437500005e+02,-9.522912810665656025e+01
4.667246953124999891e+02,-8.418819760005028741e+01
4.667249882812500346e+02,-8.525342671285477536e+01
4.667252812500000232e+02,-9.713915441751214530e+01
4.667255742187500118e+02,-9.070774472917378262e+01
4.667258671875000005e+02,-9.000409491330985645e+01
4.667261601562499891e+02,-9.266337486126766976e+01
4.667264531250000346e+02,-9.376721278974545726e+01
4.667267460937500232e+02,-8.690512418341910461e+01
4.667270390625000118e+02,-8.614432001749457868e+01
4.667273320312500005e+02,-8.516838271344327893e+01
4.667276249999999891e+02,-8.380346599792761708e+01
4.667279179687500346e+02,-9.133974558215973616e+01
4.667282109375000232e+02,-9.565243252134209229e+01
4.667285039062500118e+02,-8.839713427049824190e+01
4.667287968750000005e+02,-1.047957900331783208e+02
4.667290898437499891e+02,-8.854782536827497097e+01
4.667293828125000346e+02,-8.509745420135692484e+01
4.667296757812500232e+02,-8.499200165712203159e+01
4.667299687500000118e+02,-8.759993074752598829e+01
4.667302617187500005e+02,-8.584375447614763743e+01
4.667305546874999891e+02,-1.012878536584731535e+02
4.667308476562500346e+02,-9.329410543087549001e+01
4.667311406250000232e+02,-8.798200252478528682e+01
4.667314335937500118e+02,-8.816265643942811892e+01
4.667317265625000005e+02,-8.271523556100767394e+01
4.667320195312499891e+02,-8.269255452368307147e+01
4.667323125000000346e+02,-8.381032832517382758e+01
4.667326054687500232e+02,-8.359553463318066235e+01
4.667328984375000118e+02,-8.342177276375039696e+01
4.667331914062500005e+02,-8.975804813288924322e+01
4.667334843749999891e+02,-9.278664592000259859e+01
4.667337773437500346e+02,-8.568005066516326451e+01
4.667340703125000232e+02,-8.659889197473631839e+01
4.667343632812500118e+02,-8.365273901237428333e+01
4.667346562500000005e+02,-8.763386161531022367e+01
4.667349492187499891e+02,-9.963514602044713797e+01
4.667352421875000346e+02,-9.057234656767178649e+01
4.667355351562500232e+02,-8.635686606046533598e+01
4.667358281250000118e+02,-9.105921172289178855e+01
4.667361210937500005e+02,-9.115709085712545345e+01
4.667364140624999891e+02,-8.630802382076052481e+01
4.667367070312500346e+02,-8.599548846736237806e+01
4.667370000000000232e+02,-8.516766235714131028e+01
4.667372929687500118e+02,-9.060008144706442579e+01
4.667375859375000005e+02,-9.127948810051542239e+01
4.667378789062499891e+02,-9.073939603160125955e+01
4.667381718750000346e+02,-8.828261387470962518e+01
4.667384648437500232e+02,-9.589138219697260013e+01
4.667387578125000118e+02,-8.975482372828265909e+01
4.667390507812500005e+02,-8.818086934814571975e+01
4.667393437499999891e+02,-9.034209709882608763e+01
4.667396367187500346e+02,-8.860977558337972937e+01
4.667399296875000232e+02,-8.829090844482627176e+01
4.667402226562500118e+02,-8.809263265040229385e+01
4.667405156250000005e+02,-9.105995943862239983e+01
4.667408085937499891e+02,-9.382331858408164749e+01
4.667411015625000346e+02,-1.018528694820277565e+02
4.667413945312500232e+02,-8.710194763164307119e+01
4.667416875000000118e+02,-9.135006779335694205e+01
4.667419804687500005e+02,-8.825509716625907686e+01
4.667422734374999891e+02,-8.667640477515351449e+01
4.667425664062500346e+02,-9.011758361320528365e+01
4.667428593750000232e+02,-8.440502234956366578e+01
4.667431523437500118e+02,-9.536255061769631425e+01
4.667434453125000005e+02,-9.489050252583675160e+01
4.667437382812499891e+02,-9.545538214704912150e+01
4.667440312500000346e+02,-9.176862410587361296e+01
4.667443242187500232e+02,-8.969553890081022018e+01
4.667446171875000118e+02,-8.412862196438652518e+01
4.667449101562500005e+02,-8.581799680812966358e+01
4.667452031249999891e+02,-1.135629092917101133e+02
4.667454960937500346e+02,-9.035918082443195942e+01
4.667457890625000232e+02,-9.655680350940316714e+01
4.667460820312500118e+02,-9.280874014605487332e+01
4.667463750000000005e+02,-9.157169258602627337e+01
4.667466679687499891e+02,-8.564166511817043670e+01
4.667469609375000346e+02,-9.135177972657105272e+01
4.667472539062500232e+02,-8.802854136825742160e+01
4.667475468750000118e+02,-8.710948212675639013e+01
4.667478398437500005e+02,-9.751326794798089281e+01
4.667481328124999891e+02,-9.410645000599032528e+01
4.667484257812500346e+02,-8.835251887638582957e+01
4.667487187500000232e+02,-8.604213603631691853e+01
4.667490117187500118e+02,-1.017519450374393557e+02
4.667493046875000005e+02,-8.653618011520509867e+01
4.667495976562499891e+02,-9.673072963853883266e+01
4.667498906250000346e+02,-8.913475140137211383e+01
4.667501835937500232e+02,-8.907307743340575712e+01
4.667504765625000118e+02,-8.823234426802665098e+01
4.667507695312500005e+02,-9.585339694385815790e+01
4.667510624999999891e+02,-9.027833872353770062e+01
4.667513554687500346e+02,-9.462678339616660139e+01
4.667516484375000232e+02,-1.024396535820305587e+02
4.667519414062500118e+02,-9.554008834594172583e+01
4.667522343750000005e+02,-9.698434565680257435e+01
4.667525273437499891e+02,-9.730233616262907503e+01
4.667528203125000346e+02,-9.176553933437310207e+01
4.667531132812500232e+02,-8.769374520248247507e+01
4.667534062500000118e+02,-9.648640598290226933e+01
4.667536992187500005e+02,-8.898752061641374667e+01
4.667539921874999891e+02,-8.932486786023039826e+01
4.667542851562500346e+02,-8.780019548068743518e+01
4.667545781250000232e+02,-1.034430177074931692e+02
4.667548710937500118e+02,-9.515997233234840280e+01
4.667551640625000005e+02,-9.472297988848839623e+01
4.667554570312499891e+02,-8.508253209873964806e+01
4.667557500000000346e+02,-9.236343153363611691e+01
4.667560429687500232e+02,-8.439883000020500958e+01
4.667563359375000118e+02,-8.505914062938470011e+01
4.667566289062500005e+02,-8.904732418650476689e+01
4.667569218749999891e+02,-8.574887558286327760e+01
4.667572148437500346e+02,-9.355473436195730130e+01
4.667575078125000232e+02,-9.641177580461003060e+01
4.667578007812500118e+02,-8.653328466187117840e+01
4.667580937500000005e+02,-8.265005113952048532e+01
4.667583867187499891e+02,-8.768723325538451263e+01
4.667586796875000346e+02,-8.195237679954206556e+01
4.667589726562500232e+02,-8.699100770233739865e+01
4.667592656250000118e+02,-8.479044486300595906e+01
4.667595585937500005e+02,-8.312875220952454924e+01
4.667598515624999891e+02,-8.981753438241244680e+01
4.667601445312500346e+02,-9.275160034367631567e+01
4.667604375000000232e+02,-8.511509414274520680e+01
4.667607304687500118e+02,-8.320560886076719953e+01
4.667610234375000005e+02,-8.199349399228265156e+01
4.667613164062499891e+02,-8.064082475205550793e+01
4.667616093750000346e+02,-8.700776963481773407e+01
4.667619023437500232e+02,-8.299425692663058385e+01
4.667621953125000118e+02,-8.277096795573136490e+01
4.667624882812500005e+02,-9.376881968213385221e+01
4.667627812499999891e+02,-9.359194903589774128e+01
4.667630742187500346e+02,-9.020545960088709592e+01
4.667633671875000232e+02,-8.698342663697259525e+01
4.667636601562500118e+02,-8.173686168750495540e+01
4.667639531250000005e+02,-8.135467730242970674e+01
4.667642460937499891e+02,-8.492652308107047077e+01
4.667645390625000346e+02,-8.419145486325334105e+01
4.667648320312500232e+02,-8.479056124556159091e+01
4.667651250000000118e+02,-9.737224314690421068e+01
4.667654179687500005e+02,-9.354460843385425051e+01
4.667657109374999891e+02,-9.532871323396527430e+01
4.667660039062500346e+02,-9.091930866226653052e+01
4.667662968750000232e+02,-8.546895732256464839e+01
4.667665898437500118e+02,-8.444201559252371680e+01
4.667668828125000005e+02,-8.621061869574396042e+01
4.667671757812499891e+02,-8.871500846562173592e+01
4.667674687500000346e+02,-8.786266913579919446e+01
4.667677617187500232e+02,-9.129616447616528774e+01
4.667680546875000118e+02,-8.605529179653360927e+01
4.667683476562500005e+02,-9.612493435380943652e+01
4.667686406249999891e+02,-9.345303959843471375e+01
4.667689335937500346e+02,-9.676715962497793555e+01
4.667692265625000232e+02,-9.336407346293256637e+01
4.667695195312500118e+02,-8.376870454094819252e+01
4.667698125000000005e+02,-8.690404087389052279e+01
4.667701054687499891e+02,-9.751345640501861567e+01
4.667703984375000346e+02,-1.000582374244118284e+02
4.667706914062500232e+02,-8.920812095072663794e+01
4.667709843750000118e+02,-8.911390637386789138e+01
4.667712773437500005e+02,-8.589471661439230843e+01
4.667715703124999891e+02,-8.678977632810124021e+01
4.667718632812500346e+02,-9.708997271380737004e+01
4.667721562500000232e+02,-8.587105283884419293e+01
4.667724492187500118e+02,-8.960115555839065848e+01
4.667727421875000005e+02,-9.443081867009857433e+01
4.667730351562499891e+02,-9.169519851140152866e+01
4.667733281250000346e+02,-9.167193135000130155e+01
4.667736210937500232e+02,-8.614169798650726761e+01
4.667739140625000118e+02,-8.224177093351187295e+01
4.667742070312500005e+02,-8.466379995834944339e+01
4.667744999999999891e+02,-9.755822183828979632e+01
4.667747929687500346e+02,-9.498435620552567116e+01
4.667750859375000232e+02,-8.906457670699137452e+01
4.667753789062500118e+02,-9.034664238512846168e+01
4.667756718750000005e+02,-8.604783072965219048e+01
4.667759648437499891e+02,-8.892744352551690667e+01
4.667762578125000346e+02,-8.782609563148164966e+01
4.667765507812500232e+02,-8.366868191743172645e+01
4.667768437500000118e+02,-8.505722224852490854e+01
4.667771367187500005e+02,-9.057813258013811719e+01
4.667774296874999891e+02,-1.008652443203569931e+02
4.667777226562500346e+02,-9.708157957766644586e+01
4.667780156250000232e+02,-8.589859164937416836e+01
4.667783085937500118e+02,-8.507855264617180069e+01
4.667786015625000005e+02,-8.927435137591666603e+01
4.667788945312499891e+02,-8.951667923142579752e+01
4.667791875000000346e+02,-8.127045323715242375e+01
4.667794804687500232e+02,-8.421470964030609707e+01
4.667797734375000118e+02,-8.643720225806326596e+01
4.667800664062500005e+02,-8.871527358216255266e+01
4.667803593749999891e+02,-8.925513178359466337e+01
4.667806523437500346e+02,-8.631488808234472287e+01
4.667809453125000232e+02,-8.555291128527554179e+01
4.667812382812500118e+02,-9.070415745799823526e+01
4.667815312500000005e+02,-9.534857172126021396e+01
4.667818242187499891e+02,-8.333855234864230965e+01
4.667821171875000346e+02,-8.575940476712210625e+01
4.667824101562500232e+02,-9.164680156811601819e+01
4.667827031250000118e+02,-8.830147134002707787e+01
4.667829960937500005e+02,-8.724005130890927262e+01
4.667832890624999891e+02,-8.617894999185577376e+01
4.667835820312500346e+02,-8.893172866132097454e+01
4.667838750000000232e+02,-9.220816448555531508e+01
4.667841679687500118e+02,-8.463992340339351017e+01
4.667844609375000005e+02,-8.168851074507983867e+01
4.667847539062499891e+02,-8.555621538766168044e+01
4.667850468750000346e+02,-1.032719283882364891e+02
4.667853398437500232e+02,-8.844879775672913524e+01
4.667856328125000118e+02,-9.027407086525710156e+01
4.667859257812500005e+02,-9.341485809198488255e+01
4.667862187499999891e+02,-9.565807186587147726e+01
4.667865117187500346e+02,-8.970366540517842679e+01
4.667868046875000232e+02,-9.035177570592736629e+01
4.667870976562500118e+02,-8.935818076890539885e+01
4.667873906250000005e+02,-8.480550006807234809e+01
4.667876835937499891e+02,-8.718652156943582554e+01
4.667879765625000346e+02,-8.920151943652989246e+01
4.667882695312500232e+02,-8.563293887907057922e+01
4.667885625000000118e+02,-8.842108701075916599e+01
4.667888554687500005e+02,-8.825848463063286431e+01
4.667891484374999891e+02,-8.688972678592466536e+01
4.667894414062500346e+02,-9.433225795120172563e+01
4.667897343750000232e+02,-8.685998583427475239e+01
4.667900273437500118e+02,-8.616619367743351177e+01
4.667903203125000005e+02,-9.228312579798773641e+01
4.667906132812499891e+02,-8.290218800368688790e+01
4.667909062500000346e+02,-8.527802376899779802e+01
4.667911992187500232e+02,-1.045981327587065977e+02
4.667914921875000118e+02,-8.438350977132779462e+01
4.667917851562500005e+02,-8.599695328350249213e+01
4.667920781249999891e+02,-9.617240766799015717e+01
4.667923710937500346e+02,-9.114355788289302041e+01
4.667926640625000232e+02,-8.993013230743582653e+01
4.667929570312500118e+02,-8.838462589991620177e+01
4.667932500000000005e+02,-8.655394359434279750e+01
4.667935429687499891e+02,-8.822707544646327449e+01
4.667938359375000346e+02,-8.733723481230668995e+01
4.667941289062500232e+02,-8.511656530295357470e+01
4.667944218750000118e+02,-9.328460147362559951e+01
4.667947148437500005e+02,-9.193355142407241942e+01
4.667950078124999891e+02,-9.429783813176028673e+01
4.667953007812500346e+02,-9.421474718842034690e+01
4.667955937500000232e+02,-8.898451731016314170e+01
4.667958867187500118e+02,-1.023653650770306598e+02
4.667961796875000005e+02,-9.337184621862104450e+01
4.667964726562499891e+02,-8.594870708420162941e+01
4.667967656250000346e+02,-8.561672377280181934e+01
4.667970585937500232e+02,-9.902375378492430968e+01
4.667973515625000118e+02,-9.153798866121853450e+01
4.667976445312500005e+02,-8.748328942139707465e+01
4.667979374999999891e+02,-9.388262730978581772e+01
4.667982304687500346e+02,-9.011908476408336810e+01
4.667985234375000232e+02,-9.114747962950092131e+01
4.667988164062500118e+02,-9.763455628476684467e+01
4.667991093750000005e+02,-8.678564403372256209e+01
4.667994023437499891e+02,-8.729546346090900499e+01
4.667996953125000346e+02,-9.574196087491705498e+01
4.667999882812500232e+02,-8.687534952790417719e+01
4.668002812500000118e+02,-8.472634430709402409e+01
4.668005742187500005e+02,-1.045435798822708193e+02
4.668008671874999891e+02,-8.405750552852271085e+01
4.668011601562500346e+02,-8.710341850958135979e+01
4.668014531250000232e+02,-9.276877623249434635e+01
4.668017460937500118e+02,-8.897123889793668639e+01
4.668020390625000005e+02,-9.569155653657091420e+01
4.668023320312499891e+02,-1.007896909860779147e+02
4.668026250000000346e+02,-8.509074309826726790e+01
4.668029179687500232e+02,-8.724143481907125874e+01
4.668032109375000118e+02,-8.940578577083201139e+01
4.668035039062500005e+02,-8.412751321244030578e+01
4.668037968749999891e+02,-9.264129777639070085e+01
4.668040898437500346e+02,-9.601603103694546348e+01
4.668043828125000232e+02,-9.182911314196489627e+01
4.668046757812500118e+02,-8.869713845527064677e+01
4.668049687500000005e+02,-8.323650833341724820e+01
4.668052617187499891e+02,-8.081281225470084451e+01
4.668055546875000346e+02,-8.231487751174677214e+01
4.668058476562500232e+02,-8.351055798581798228e+01
4.668061406250000118e+02,-8.325192492477785322e+01
4.668064335937500005e+02,-9.328098474295124731e+01
4.668067265624999891e+02,-8.862394378472741607e+01
4.668070195312500346e+02,-8.602207084243929103e+01
4.668073125000000232e+02,-8.861513374218748140e+01
4.668076054687500118e+02,-8.469346580835490101e+01
4.668078984375000005e+02,-8.412689373418464811e+01
4.668081914062499891e+02,-8.299449351002812136e+01
4.668084843750000346e+02,-8.266482514902483558e+01
4.668087773437500232e+02,-8.431324527757573151e+01
4.668090703125000118e+02,-9.622258737370901827e+01
4.668093632812500005e+02,-8.560410569506446166e+01
4.668096562499999891e+02,-8.513751185521776677e+01
4.668099492187500346e+02,-8.429379233529635940e+01
4.668102421875000232e+02,-8.865871929960412956e+01
4.668105351562500118e+02,-9.020693227721261565e+01
4.668108281250000005e+02,-8.193773211251033217e+01
4.668111210937499891e+02,-8.285812294432831493e+01
4.668114140625000346e+02,-8.995287675036296093e+01
4.668117070312500232e+02,-1.000193065692432697e+02
4.668120000000000118e+02,-8.858900992938472996e+01
4.668122929687500005e+02,-8.492337779294018674e+01
4.668125859374999891e+02,-8.439447875510614949e+01
4.668128789062500346e+02,-9.214633579303651345e+01
4.668131718750000232e+02,-8.859908520299927659e+01
4.668134648437500118e+02,-8.871881374619812277e+01
4.668137578125000005e+02,-8.723842608084422068e+01
4.668140507812499891e+02,-9.347913017793386814e+01
4.668143437500000346e+02,-9.501352679824954350e+01
4.668146367187500232e+02,-8.940010678279631406e+01
4.668149296875000118e+02,-9.618160547469705079e+01
4.668152226562500005e+02,-9.288719306834843792e+01
4.668155156249999891e+02,-8.664422049601427034e+01
4.668158085937500346e+02,-8.676665783132655463e+01
4.668161015625000232e+02,-9.799352841228910904e+01
4.668163945312500118e+02,-8.982744233020406455e+01
4.668166875000000005e+02,-9.361558469564501195e+01
4.668169804687499891e+02,-9.726410588050049455e+01
4.668172734375000346e+02,-9.234482482659063862e+01
4.668175664062500232e+02,-9.092542666356992243e+01
4.668178593750000118e+02,-9.358605746258405134e+01
4.668181523437500005e+02,-8.450819347337889553e+01
4.668184453124999891e+02,-8.421541960631797963e+01
4.668187382812500346e+02,-8.782005179818099805e+01
4.668190312500000232e+02,-9.668267834899023683e+01
4.668193242187500118e+02,-9.402736946645975991e+01
4.668196171875000005e+02,-9.595970415323901648e+01
4.668199101562499891e+02,-8.426964845691833261e+01
4.668202031250000346e+02,-8.701538511997509318e+01
4.668204960937500232e+02,-8.856347175931234972e+01
4.668207890625000118e+02,-8.806572243286807122e+01
4.668210820312500005e+02,-8.735467224553013921e+01
4.668213749999999891e+02,-8.675133738582673004e+01
4.668216679687500346e+02,-9.262955287704386365e+01
4.668219609375000232e+02,-8.800757602020948411e+01
4.668222539062500118e+02,-8.552239042890616361e+01
4.668225468750000005e+02,-8.266347162227391721e+01
4.668228398437499891e+02,-8.679277173325306194e+01
4.668231328125000346e+02,-8.837919876646725470e+01
4.668234257812500232e+02,-9.567996968368774446e+01
4.668237187500000118e+02,-9.228181358290160574e+01
4.668240117187500005e+02,-8.751817863773787565e+01
4.668243046874999891e+02,-9.167805770003872112e+01
4.668245976562500346e+02,-8.517038685441744406e+01
4.668248906250000232e+02,-8.117995620464216699e+01
4.668251835937500118e+02,-8.125966311341989012e+01
4.668254765625000005e+02,-8.693363819634745937e+01
4.668257695312499891e+02,-8.851334394305726505e+01
4.668260625000000346e+02,-1.072175880611265768e+02
4.668263554687500232e+02,-9.389017116588564704e+01
4.668266484375000118e+02,-8.831415553722774803e+01
4.668269414062500005e+02,-9.245827213704153280e+01
4.668272343749999891e+02,-8.731552875671248160e+01
4.668275273437500346e+02,-8.317494201809337540e+01
4.668278203125000232e+02,-8.664879077354568437e+01
4.668281132812500118e+02,-9.044607514928630110e+01
4.668284062500000005e+02,-9.494972621304263782e+01
4.668286992187499891e+02,-8.818476195377897398e+01
4.668289921875000346e+02,-9.057438419406526009e+01
4.668292851562500232e+02,-8.786245347132725669e+01
4.668295781250000118e+02,-9.015351084430035655e+01
4.668298710937500005e+02,-8.431357494558073995e+01
4.668301640624999891e+02,-8.233101345912346858e+01
4.668304570312500346e+02,-8.704741097232100344e+01
4.668307500000000232e+02,-9.675256594214523886e+01
4.668310429687500118e+02,-8.832835918508405371e+01
4.668313359375000005e+02,-8.104274409604050788e+01
4.668316289062499891e+02,-8.296476680719800356e+01
4.668319218750000346e+02,-9.348223791825773787e+01
4.668322148437500232e+02,-8.847013148412293049e+01
4.668325078125000118e+02,-8.068786677870474477e+01
4.668328007812500005e+02,-8.141338709140187291e+01
4.668330937499999891e+02,-8.614256779722276747e+01
4.668333867187500346e+02,-1.019656090208621038e+02
4.668336796875000232e+02,-9.701588863363136284e+01
4.668339726562500118e+02,-9.182035316850459594e+01
4.668342656250000005e+02,-9.921736790737553235e+01
4.668345585937499891e+02,-9.088474268950120916e+01
4.668348515625000346e+02,-8.865272741644304233e+01
4.668351445312500232e+02,-8.727252602652828273e+01
4.668354375000000118e+02,-8.719901391498638077e+01
4.668357304687500005e+02,-8.516280771773543279e+01
4.668360234374999891e+02,-9.829158311878357779e+01
4.668363164062500346e+02,-9.281377624555261718e+01
4.668366093750000232e+02,-8.978172453231229611e+01
4.668369023437500118e+02,-1.012196539488119242e+02
4.668371953125000005e+02,-9.287470634495861077e+01
4.668374882812499891e+02,-9.970857612005409010e+01
4.668377812500000346e+02,-1.014458346652468492e+02
4.668380742187500232e+02,-8.412419027040726860e+01
4.668383671875000118e+02,-8.839285960345344506e+01
4.668386601562500005e+02,-1.220543966836616221e+02
4.668389531249999891e+02,-9.697223696501185941e+01
4.668392460937500346e+02,-8.522482707713392358e+01
4.668395390625000232e+02,-9.058660334196586916e+01
4.668398320312500118e+02,-9.559901526543426087e+01
4.668401250000000005e+02,-1.001524477350657776e+02
4.668404179687499891e+02,-8.601893880268276860e+01
4.668407109375000346e+02,-8.549539713226627669e+01
4.668410039062500232e+02,-9.489363582446284795e+01
4.668412968750000118e+02,-1.035308872912753770e+02
4.668415898437500005e+02,-9.735267882417662122e+01
4.668418828124999891e+02,-8.720574425498648452e+01
4.668421757812500346e+02,-8.904465440482071870e+01
4.668424687500000232e+02,-1.069047738446173810e+02
4.668427617187500118e+02,-9.039090481099599117e+01
4.668430546875000005e+02,-8.564878416161903374e+01
4.668433476562499891e+02,-9.383427904226677185e+01
4.668436406250000346e+02,-9.423532100401777711e+01
4.668439335937500232e+02,-9.920447045473500225e+01
4.668442265625000118e+02,-9.336667747261472527e+01
4.668445195312500005e+02,-8.476503729998599113e+01
4.668448124999999891e+02,-8.481289985101270190e+01
4.668451054687500346e+02,-9.354285319811461363e+01
4.668453984375000232e+02,-8.724980574642813735e+01
4.668456914062500118e+02,-8.932086450472942829e+01
4.668459843750000005e+02,-9.793076694808469540e+01
4.668462773437499891e+02,-9.719725302823357538e+01
4.668465703125000346e+02,-8.717982448279271068e+01
4.668468632812500232e+02,-8.677780296540370841e+01
4.668471562500000118e+02,-8.353001434490070665e+01
4.668474492187500005e+02,-8.368155363799913005e+01
4.668477421874999891e+02,-8.840433957275348575e+01
4.668480351562500346e+02,-8.477431070978673233e+01
4.668483281250000232e+02,-8.695834152639564252e+01
4.668486210937500118e+02,-9.373068083709810594e+01
4.668489140625000005e+02,-8.907402851045078762e+01
4.668492070312499891e+02,-8.426752808904772962e+01
4.668495000000000346e+02,-8.586592418263832371e+01
4.668497929687500232e+02,-8.159862710949792586e+01
4.668500859375000118e+02,-8.264479867685011527e+01
4.668503789062500005e+02,-1.030650283861637888e+02
4.668506718749999891e+02,-8.319052205086200047e+01
4.668509648437500346e+02,-8.456550684139392615e+01
4.668512578125000232e+02,-9.146163107617584842e+01
4.668515507812500118e+02,-9.268811494417468566e+01
4.668518437500000005e+02,-9.340325443823174112e+01
4.668521367187499891e+02,-9.174761462745131269e+01
4.668524296875000346e+02,-8.578036006383936751e+01
4.668527226562500232e+02,-9.006843088123873997e+01
4.668530156250000118e+02,-1.039900587606106939e+02
4.668533085937500005e+02,-8.481885544071765537e+01
4.668536015624999891e+02,-8.796571869367147656e+01
4.668538945312500346e+02,-9.274777781436078783e+01
4.668541875000000232e+02,-8.700073107619358836e+01
4.668544804687500118e+02,-9.313596342231804215e+01
4.668547734375000005e+02,-8.976856412368741189e+01
4.668550664062499891e+02,-8.487195318581791526e+01
4.668553593750000346e+02,-8.730083960992445213e+01
4.668556523437500232e+02,-9.016109839313756424e+01
4.668559453125000118e+02,-8.530923553969998352e+01
4.668562382812500005e+02,-9.035965350062002699e+01
4.668565312499999891e+02,-1.050233586831428880e+02
4.668568242187500346e+02,-8.949004946704761210e+01
4.668571171875000232e+02,-9.784267707190929286e+01
4.668574101562500118e+02,-1.002946646721727291e+02
4.668577031250000005e+02,-9.689637463353597013e+01
4.668579960937499891e+02,-8.886186662475083153e+01
4.668582890625000346e+02,-9.410186522894996131e+01
4.668585820312500232e+02,-8.669042551804437835e+01
4.668588750000000118e+02,-8.658591010401586630e+01
4.668591679687500005e+02,-9.000109581518015034e+01
4.668594609374999891e+02,-9.376864624908584744e+01
4.668597539062500346e+02,-9.114720343568458816e+01
4.668600468750000232e+02,-1.084660262920970126e+02
4.668603398437500118e+02,-9.756902584004396317e+01
4.668606328125000005e+02,-9.422889988451862564e+01
4.668609257812499891e+02,-9.924711567273189416e+01
4.668612187500000346e+02,-9.938822503363319072e+01
4.668615117187500232e+02,-9.446656838116422250e+01
4.668618046875000118e+02,-8.633888306408570656e+01
4.668620976562500005e+02,-9.113952079283484409e+01
4.668623906249999891e+02,-8.613826470480603348e+01
4.668626835937500346e+02,-8.975889865991655370e+01
4.668629765625000232e+02,-9.080580315838760441e+01
4.668632695312500118e+02,-9.649773613355020530e+01
4.668635625000000005e+02,-9.959493371213598323e+01
4.668638554687499891e+02,-8.588888042116435884e+01
4.668641484375000346e+02,-9.515715042163533610e+01
4.668644414062500232e+02,-9.067210169687021448e+01
4.668647343750000118e+02,-8.824422673220284707e+01
4.668650273437500005e+02,-8.856025499422359815e+01
4.668653203124999891e+02,-9.246992635555150741e+01
4.668656132812500346e+02,-9.270317304690301796e+01
4.668659062500000232e+02,-9.287278182259292691e+01
4.668661992187500118e+02,-8.788351932886175177e+01
4.668664921875000005e+02,-8.404473719770052753e+01
4.668667851562499891e+02,-9.954669840405787795e+01
4.668670781250000346e+02,-1.009047245204790784e+02
4.668673710937500232e+02,-8.674103449535815002e+01
4.668676640625000118e+02,-8.642657828798378716e+01
4.668679570312500005e+02,-9.324197573520447690e+01
4.668682499999999891e+02,-9.673669032606809992e+01
4.668685429687500346e+02,-9.631887828487882075e+01
4.668688359375000232e+02,-8.937295066289175338e+01
4.668691289062500118e+02,-8.598275583615014739e+01
4.668694218750000005e+02,-1.042461682684179749e+02
4.668697148437499891e+02,-9.479530961315896320e+01
4.668700078125000346e+02,-8.584310706905513655e+01
4.668703007812500232e+02,-8.554394566348400986e+01
4.668705937500000118e+02,-9.228452903372664196e+01
4.668708867187500005e+02,-9.788755876302360548e+01
4.668711796874999891e+02,-9.092310132019849789e+01
4.668714726562500346e+02,-9.345241390376124002e+01
4.668717656250000232e+02,-9.337865694162940144e+01
4.668720585937500118e+02,-1.090877092670115900e+02
4.668723515625000005e+02,-9.897671952199942780e+01
4.668726445312499891e+02,-8.724381720967124920e+01
4.668729375000000346e+02,-8.860680089143460236e+01
4.668732304687500232e+02,-9.092751224009040811e+01
4.668735234375000118e+02,-9.231125746244893548e+01
4.668738164062500005e+02,-9.059189229866682069e+01
4.668741093749999891e+02,-8.668913405141138639e+01
4.668744023437500346e+02,-8.747854103434795547e+01
4.668746953125000232e+02,-9.196572754195378252e+01
4.668749882812500118e+02,-9.267625684422419852e+01
4.668752812500000005e+02,-8.670490982102749911e+01
4.668755742187499891e+02,-9.258061920025461689e+01
4.668758671875000346e+02,-9.814287701309937972e+01
4.668761601562500232e+02,-9.810563587704535848e+01
4.668764531250000118e+02,-8.533079080867132404e+01
4.668767460937500005e+02,-8.542717172330347353e+01
4.668770390624999891e+02,-9.492024629357345589e+01
4.668773320312500346e+02,-1.058653134943093477e+02
4.668776250000000232e+02,-8.608026445189814524e+01
4.668779179687500118e+02,-8.614334779287354138e+01
4.668782109375000005e+02,-1.079927176997724558e+02
4.668785039062499891e+02,-8.589318637540763746e+01
4.668787968750000346e+02,-8.272886770924644395e+01
4.668790898437500232e+02,-8.191454642786641216e+01
4.668793828125000118e+02,-8.818473477179311715e+01
4.668796757812500005e+02,-8.865768872153985569e+01
4.668799687499999891e+02,-8.967801698841638824e+01
4.668802617187500346e+02,-8.804486204653316861e+01
4.668805546875000232e+02,-8.608855722013470313e+01
4.668808476562500118e+02,-8.669461236020325146e+01
4.668811406250000005e+02,-9.437413829067155291e+01
4.668814335937499891e+02,-9.746386405799263741e+01
4.668817265625000346e+02,-8.480780305566200639e+01
4.668820195312500232e+02,-8.863016367841795784e+01
4.668823125000000118e+02,-8.373680128103357845e+01
4.668826054687500005e+02,-8.687612572331900651e+01
4.668828984374999891e+02,-9.489662111773854747e+01
4.668831914062500346e+02,-9.174364652101203887e+01
4.668834843750000232e+02,-9.033274142561930375e+01
4.668837773437500118e+02,-9.382158861840808584e+01
4.668840703125000005e+02,-1.025377253812959850e+02
4.668843632812499891e+02,-9.059120662519100620e+01
4.668846562500000346e+02,-8.760197404437829505e+01
4.668849492187500232e+02,-8.243183029965803144e+01
4.668852421875000118e+02,-8.693136132843611108e+01
4.668855351562500005e+02,-9.549012410317021704e+01
4.668858281249999891e+02,-9.149607203765233976e+01
4.668861210937500346e+02,-8.956991923346564022e+01
4.668864140625000232e+02,-9.144289166818523995e+01
4.668867070312500118e+02,-8.692445039245004068e+01
4.668870000000000005e+02,-8.830391192849842241e+01
4.668872929687499891e+02,-8.561703190802268182e+01
4.668875859375000346e+02,-8.813123780262900198e+01
4.668878789062500232e+02,-8.937329761572752318e+01
4.668881718750000118e+02,-8.610941212472056350e+01
4.668884648437500005e+02,-8.700997491824455210e+01
4.668887578124999891e+02,-8.652379049491791818e+01
4.668890507812500346e+02,-8.803426135975098532e+01
4.668893437500000232e+02,-8.323226052446000267e+01
4.668896367187500118e+02,-8.114790626003768637e+01
4.668899296875000005e+02,-8.516215067503202363e+01
4.668902226562499891e+02,-8.965666878716392318e+01
4.668905156250000346e+02,-8.686941790024555132e+01
4.668908085937500232e+02,-8.646543298720906989e+01
4.668911015625000118e+02,-8.375362262984707229e+01
4.668913945312500005e+02,-9.247050316558687655e+01
4.668916874999999891e+02,-8.683742451089113956e+01
4.668919804687500346e+02,-8.369941329877210023e+01
4.668922734375000232e+02,-8.842367429892260589e+01
4.668925664062500118e+02,-8.920546640605323319e+01
4.668928593750000005e+02,-8.492051620997773398e+01
4.668931523437499891e+02,-8.504645264880478805e+01
4.668934453125000346e+02,-8.756379140678146200e+01
4.668937382812500232e+02,-8.875405527261902705e+01
4.668940312500000118e+02,-8.799836999315105857e+01
4.668943242187500005e+02,-8.528337319231221159e+01
4.668946171874999891e+02,-9.182187222375496560e+01
4.668949101562500346e+02,-8.948700227110850847e+01
4.668952031250000232e+02,-8.533042398787593186e+01
4.668954960937500118e+02,-9.308609570190014892e+01
4.668957890625000005e+02,-8.185817291677548724e+01
4.668960820312499891e+02,-9.008937747974469801e+01
4.668963750000000346e+02,-9.149329189775004068e+01
4.668966679687500232e+02,-9.686241683974071748e+01
4.668969609375000118e+02,-8.810417823378129754e+01
4.668972539062500005e+02,-8.774584715256446543e+01
4.668975468749999891e+02,-8.855843643507608931e+01
4.668978398437500346e+02,-8.398081036973843538e+01
4.668981328125000232e+02,-8.895409734158577919e+01
4.668984257812500118e+02,-8.163434148928871537e+01
4.668987187500000005e+02,-8.541147445831126106e+01
4.668990117187499891e+02,-8.953650713180751097e+01
4.668993046875000346e+02,-9.969039738317661659e+01
4.668995976562500232e+02,-9.489801322307415887e+01
4.668998906250000118e+02,-9.355851752661173748e+01
4.669001835937500005e+02,-8.388508709747458170e+01
4.669004765624999891e+02,-8.441982976669345362e+01
4.669007695312500346e+02,-9.044516984189880304e+01
4.669010625000000232e+02,-8.407496190368412670e+01
4.669013554687500118e+02,-8.389040774484817575e+01
4.669016484375000005e+02,-8.948348471389027736e+01
4.669019414062499891e+02,-1.056652049274552212e+02
4.669022343750000346e+02,-9.245846096636667255e+01
4.669025273437500232e+02,-8.668139899658240211e+01
4.669028203125000118e+02,-8.577746661798593664e+01
4.669031132812500005e+02,-1.061185078712103405e+02
4.669034062499999891e+02,-8.978799699561962200e+01
4.669036992187500346e+02,-8.341215032187777467e+01
4.669039921875000232e+02,-8.116280952554001260e+01
4.669042851562500118e+02,-8.773013699675728105e+01
4.669045781250000005e+02,-9.745483931647768827e+01
4.669048710937499891e+02,-8.845622173241665109e+01
4.669051640625000346e+02,-8.472931167538550312e+01
4.669054570312500232e+02,-8.622254706162250670e+01
4.669057500000000118e+02,-9.154232938381119311e+01
4.669060429687500005e+02,-9.200129075344497664e+01
4.669063359374999891e+02,-8.592264919020004754e+01
4.669066289062500346e+02,-8.415626396526688779e+01
4.669069218750000232e+02,-8.779546409193616796e+01
4.669072148437500118e+02,-9.017936817133389127e+01
4.669075078125000005e+02,-9.260892552529311672e+01
4.669078007812499891e+02,-8.502254791602938155e+01
4.669080937500000346e+02,-9.150942216799249707e+01
4.669083867187500232e+02,-8.601746554354740226e+01
4.669086796875000118e+02,-9.690952391534463572e+01
4.669089726562500005e+02,-8.332463867731547680e+01
4.669092656249999891e+02,-8.215423102186008464e+01
4.669095585937500346e+02,-8.422712841544262119e+01
4.669098515625000232e+02,-9.976545176296332329e+01
4.669101445312500118e+02,-9.309107931717900897e+01
4.669104375000000005e+02,-8.517307433536414862e+01
4.669107304687499891e+02,-8.780012339320091996e+01
4.669110234375000346e+02,-9.623523747684291152e+01
4.669113164062500232e+02,-9.432769086135522230e+01
4.669116093750000118e+02,-9.155244620663000887e+01
4.669119023437500005e+02,-8.844846696582979462e+01
4.669121953124999891e+02,-9.434889146958761330e+01
4.669124882812500346e+02,-1.010514402942582279e+02
4.669127812500000232e+02,-9.263773429473452836e+01
4.669130742187500118e+02,-9.623951511009302351e+01
4.669133671875000005e+02,-9.269933423942524087e+01
4.669136601562499891e+02,-9.079417662464567229e+01
4.669139531250000346e+02,-9.000228574269327453e+01
4.669142460937500232e+02,-8.733374253049794333e+01
4.669145390625000118e+02,-1.006038602207892154e+02
4.669148320312500005e+02,-9.105938350454815122e+01
4.669151249999999891e+02,-9.185302158187664645e+01
4.669154179687500346e+02,-9.138943126203400880e+01
4.669157109375000232e+02,-8.499719945255876041e+01
4.669160039062500118e+02,-8.894540436115347859e+01
4.669162968750000005e+02,-9.098270170064733975e+01
4.669165898437499891e+02,-8.778819439431100591e+01
4.669168828125000346e+02,-8.675545622323343764e+01
4.669171757812500232e+02,-8.371699041130391095e+01
4.669174687500000118e+02,-9.502332430860013801e+01
4.669177617187500005e+02,-9.002314325156946495e+01
4.669180546874999891e+02,-8.640024186109064885e+01
4.669183476562500346e+02,-8.396023655362490956e+01
4.669186406250000232e+02,-9.043916439218830305e+01
4.669189335937500118e+02,-8.405086727634027000e+01
4.669192265625000005e+02,-8.169348545589166122e+01
4.669195195312499891e+02,-9.662420840443844838e+01
4.669198125000000346e+02,-9.422637522292822609e+01
4.669201054687500232e+02,-1.040972191377312441e+02
4.669203984375000118e+02,-9.565671836184026233e+01
4.669206914062500005e+02,-8.884245246626858261e+01
4.669209843749999891e+02,-8.960115137330484458e+01
4.669212773437500346e+02,-8.718723641974243321e+01
4.669215703125000232e+02,-8.408648970912203424e+01
4.669218632812500118e+02,-8.799379008660800139e+01
4.669221562500000005e+02,-8.778119030944205292e+01
4.669224492187499891e+02,-8.378696398873489670e+01
4.669227421875000346e+02,-8.459236988741609764e+01
4.669230351562500232e+02,-8.875079529415805268e+01
4.669233281250000118e+02,-8.878524838733756042e+01
4.669236210937500005e+02,-8.846567781668780128e+01
4.669239140624999891e+02,-8.160484677915290774e+01
4.669242070312500346e+02,-8.027844581399239132e+01
4.669245000000000232e+02,-8.515524140561527133e+01
4.669247929687500118e+02,-9.570268755419246531e+01
4.669250859375000005e+02,-8.411230428135731074e+01
4.669253789062499891e+02,-8.472881868471098699e+01
4.669256718750000346e+02,-8.424749836720846474e+01
4.669259648437500232e+02,-8.660921068061912820e+01
4.669262578125000118e+02,-9.703628613890953147e+01
4.669265507812500005e+02,-9.657617736367554073e+01
4.669268437499999891e+02,-9.273665703830258167e+01
4.669271367187500346e+02,-9.612469548068604297e+01
4.669274296875000232e+02,-9.523806992679524797e+01
4.669277226562500118e+02,-8.723206267877884557e+01
4.669280156250000005e+02,-8.193807221782613226e+01
4.669283085937499891e+02,-9.124953732824064900e+01
4.669286015625000346e+02,-8.519930924712683407e+01
4.669288945312500232e+02,-8.517234533157120779e+01
4.669291875000000118e+02,-9.228136322489716292e+01
4.669294804687500005e+02,-9.656889303768288357e+01
4.669297734374999891e+02,-8.625432353841034683e+01
4.669300664062500346e+02,-8.490199569797627532e+01
4.669303593750000232e+02,-8.660509180537493990e+01
4.669306523437500118e+02,-8.945877255780872872e+01
4.669309453125000005e+02,-9.566454538118760809e+01
4.669312382812499891e+02,-9.900189117914172243e+01
4.669315312500000346e+02,-9.373674515387109807e+01
4.669318242187500232e+02,-9.176172089376058238e+01
4.669321171875000118e+02,-9.798710135795278120e+01
4.669324101562500005e+02,-9.215244846029230530e+01
4.669327031249999891e+02,-8.421971107794057332e+01
4.669329960937500346e+02,-8.838810002285973155e+01
4.669332890625000232e+02,-1.087327125394726295e+02
4.669335820312500118e+02,-8.853733341725069295e+01
4.669338750000000005e+02,-8.674691320472952327e+01
4.669341679687499891e+02,-1.024321380805564985e+02
4.669344609375000346e+02,-9.385236481242593243e+01
4.669347539062500232e+02,-9.133918900710844468e+01
4.669350468750000118e+02,-8.797425580215902130e+01
4.669353398437500005e+02,-8.556421395627191373e+01
4.669356328124999891e+02,-8.269751519829156905e+01
4.669359257812500346e+02,-8.402620683559928239e+01
4.669362187500000232e+02,-9.796206175460973498e+01
4.669365117187500118e+02,-8.603453648596151027e+01
4.669368046875000005e+02,-9.517234832220366059e+01
4.669370976562499891e+02,-8.933943250763675792e+01
4.669373906250000346e+02,-9.240704918399693213e+01
4.669376835937500232e+02,-8.789134401753010195e+01
4.669379765625000118e+02,-9.152001701652349652e+01
4.669382695312500005e+02,-8.304091942715798780e+01
4.669385624999999891e+02,-8.306040664351492353e+01
4.669388554687500346e+02,-9.397954334287601341e+01
4.669391484375000232e+02,-8.977629817907026677e+01
4.669394414062500118e+02,-8.635207402127336707e+01
4.669397343750000005e+02,-8.322015799125446733e+01
4.669400273437499891e+02,-8.985280323136396419e+01
4.669403203125000346e+02,-8.975721686232671459e+01
4.669406132812500232e+02,-1.026111399796817381e+02
4.669409062500000118e+02,-8.550609771767037159e+01
4.669411992187500005e+02,-8.987258882753194200e+01
4.669414921874999891e+02,-9.103530113231387588e+01
4.669417851562500346e+02,-9.493345958940949458e+01
4.669420781250000232e+02,-8.499185749864004435e+01
4.669423710937500118e+02,-8.150734329663544031e+01
4.669426640625000005e+02,-8.611653464585002382e+01
4.669429570312499891e+02,-9.015514786449176654e+01
4.669432500000000346e+02,-9.223003313653063628e+01
4.669435429687500232e+02,-9.060109886482229058e+01
4.669438359375000118e+02,-9.431817584495016149e+01
4.669441289062500005e+02,-9.024587644459886349e+01
4.669444218749999891e+02,-8.876652334499142682e+01
4.669447148437500346e+02,-8.531728508779274023e+01
4.669450078125000232e+02,-8.272970470059479453e+01
4.669453007812500118e+02,-8.699956701121081437e+01
4.669455937500000005e+02,-9.201201822746509151e+01
4.669458867187499891e+02,-9.194204231675450956e+01
4.669461796875000346e+02,-9.830687630243946273e+01
4.669464726562500232e+02,-9.902126950400840144e+01
4.669467656250000118e+02,-8.688614334152518381e+01
4.669470585937500005e+02,-8.547636374395469261e+01
4.669473515624999891e+02,-8.441120601084909936e+01
4.669476445312500346e+02,-8.168456799034777305e+01
4.669479375000000232e+02,-8.741734894395139577e+01
4.669482304687500118e+02,-9.482616437967121215e+01
4.669485234375000005e+02,-9.592171547045757052e+01
4.669488164062499891e+02,-8.482705794340566285e+01
4.669491093750000346e+02,-8.618157924533272762e+01
4.669494023437500232e+02,-8.406021990272357414e+01
4.669496953125000118e+02,-8.933929884314821379e+01
4.669499882812500005e+02,-8.332792011957245393e+01
4.669502812499999891e+02,-8.588568706654569951e+01
4.669505742187500346e+02,-8.970055205322026382e+01
4.669508671875000232e+02,-8.878300258729915129e+01
4.669511601562500118e+02,-9.064741447165685884e+01
4.669514531250000005e+02,-8.360014994253668874e+01
4.669517460937499891e+02,-8.290808773681030175e+01
4.669520390625000346e+02,-8.235482055674117419e+01
4.669523320312500232e+02,-9.012806872242693146e+01
4.669526250000000118e+02,-9.331091781995674239e+01
4.669529179687500005e+02,-9.452200333752688266e+01
4.669532109374999891e+02,-8.637855282325595851e+01
4.669535039062500346e+02,-8.433441234475048986e+01
4.669537968750000232e+02,-9.210766214064419444e+01
4.669540898437500118e+02,-9.382126202848658636e+01
4.669543828125000005e+02,-8.399668429497975808e+01
4.669546757812499891e+02,-9.356744559173741038e+01
4.669549687500000346e+02,-8.337295944743617326e+01
4.669552617187500232e+02,-8.727266280562666623e+01
4.669555546875000118e+02,-8.980915349156497030e+01
4.669558476562500005e+02,-8.725552471663191056e+01
4.669561406249999891e+02,-9.065498811286310854e+01
4.669564335937500346e+02,-9.730002997180540092e+01
4.669567265625000232e+02,-9.235771758595726055e+01
4.669570195312500118e+02,-8.552910504875667641e+01
4.669573125000000005e+02,-9.163055100607097359e+01
4.669576054687499891e+02,-8.553895794506802019e+01
4.669578984375000346e+02,-8.877719125396475874e+01
4.669581914062500232e+02,-8.703928667819198495e+01
4.669584843750000118e+02,-8.598705635010000492e+01
4.669587773437500005e+02,-9.358545467980178501e+01
4.669590703124999891e+02,-8.786439931502471268e+01
4.669593632812500346e+02,-8.927765463194653250e+01
4.669596562500000232e+02,-8.771709936597522983e+01
4.669599492187500118e+02,-8.519903019960800350e+01
4.669602421875000005e+02,-8.745319823842707763e+01
4.669605351562499891e+02,-9.648917954166660138e+01
4.669608281250000346e+02,-9.942850153900083399e+01
4.669611210937500232e+02,-8.998990133046304152e+01
4.669614140625000118e+02,-1.020372703470498266e+02
4.669617070312500005e+02,-8.635007652467136552e+01
4.669619999999999891e+02,-8.718196778571942218e+01
4.669622929687500346e+02,-9.463412614729493555e+01
4.669625859375000232e+02,-8.598422657597743068e+01
4.669628789062500118e+02,-9.430409894071593158e+01
4.669631718750000005e+02,-8.866932961832084459e+01
4.669634648437499891e+02,-9.170773215238688181e+01
4.669637578125000346e+02,-1.187505752462260347e+02
4.669640507812500232e+02,-9.154023635232847766e+01
4.669643437500000118e+02,-8.313121560107461505e+01
4.669646367187500005e+02,-8.841208384118837671e+01
4.669649296874999891e+02,-8.444692264970983331e+01
4.669652226562500346e+02,-8.312390695281203534e+01
4.669655156250000232e+02,-8.675327259727936280e+01
4.669658085937500118e+02,-8.378134050748464290e+01
4.669661015625000005e+02,-8.337702043790332596e+01
4.669663945312499891e+02,-8.412426263501295409e+01
4.669666875000000346e+02,-8.842223446847215484e+01
4.669669804687500232e+02,-9.463050420836526655e+01
4.669672734375000118e+02,-9.621300530153759212e+01
4.669675664062500005e+02,-9.786030966325100167e+01
4.669678593749999891e+02,-9.458433132273201238e+01
4.669681523437500346e+02,-8.710591698390007309e+01
4.669684453125000232e+02,-8.627612544344991363e+01
4.669687382812500118e+02,-8.915294937938084274e+01
4.669690312500000005e+02,-8.800968833440728645e+01
4.669693242187499891e+02,-8.614215278173577417e+01
4.669696171875000346e+02,-9.149959719749847409e+01
4.669699101562500232e+02,-9.140747315117226890e+01
4.669702031250000118e+02,-9.329502849131948494e+01
4.669704960937500005e+02,-9.791943906748767290e+01
4.669707890624999891e+02,-8.736965296163246819e+01
4.669710820312500346e+02,-9.817513254913600917e+01
4.669713750000000232e+02,-9.101868093687870953e+01
4.669716679687500118e+02,-8.632170121037874821e+01
4.669719609375000005e+02,-8.872375777823907583e+01
4.669722539062499891e+02,-8.674855613546296240e+01
4.669725468750000346e+02,-8.865895120858434097e+01
4.669728398437500232e+02,-8.254357530951369881e+01
4.669731328125000118e+02,-8.660951532462313196e+01
4.669734257812500005e+02,-8.961475024166760761e+01
4.669737187499999891e+02,-9.083001898461610324e+01
4.669740117187500346e+02,-8.644506665651492483e+01
4.669743046875000232e+02,-8.519033191568331631e+01
4.669745976562500118e+02,-9.168093960631256323e+01
4.669748906250000005e+02,-9.386380327655736266e+01
4.669751835937499891e+02,-9.104346792215687856e+01
4.669754765625000346e+02,-8.325809894568322989e+01
4.669757695312500232e+02,-9.056322967651725264e+01
4.669760625000000118e+02,-1.048116258691477043e+02
4.669763554687500005e+02,-9.146344791843694111e+01
4.669766484374999891e+02,-8.848879441251796152e+01
4.669769414062500346e+02,-8.489076936209218616e+01
4.669772343750000232e+02,-9.545855875063369922e+01
4.669775273437500118e+02,-1.114869922685306136e+02
4.669778203125000005e+02,-9.911590578770866955e+01
4.669781132812499891e+02,-9.019111750214952394e+01
4.669784062500000346e+02,-8.676563211280721077e+01
4.669786992187500232e+02,-9.484296415841686212e+01
4.669789921875000118e+02,-9.953549481042772129e+01
4.669792851562500005e+02,-8.764745815224043213e+01
4.669795781249999891e+02,-8.991602118225253548e+01
4.669798710937500346e+02,-9.013586322185132360e+01
4.669801640625000232e+02,-1.016121158299690705e+02
4.669804570312500118e+02,-9.627219096729493231e+01
4.669807500000000005e+02,-9.029295114506464870e+01
4.669810429687499891e+02,-9.672284819487336449e+01
4.669813359375000346e+02,-9.889871157227005938e+01
4.669816289062500232e+02,-8.927382529627941210e+01
4.669819218750000118e+02,-8.476949752729456122e+01
4.669822148437500005e+02,-9.347903065344877405e+01
4.669825078124999891e+02,-9.116550280613779478e+01
4.669828007812500346e+02,-8.218031368899927713e+01
4.669830937500000232e+02,-8.247639373794154949e+01
4.669833867187500118e+02,-8.585976065587763628e+01
4.669836796875000005e+02,-8.678920398705655259e+01
4.669839726562499891e+02,-8.869780994649048012e+01
4.669842656250000346e+02,-8.485124926012653646e+01
4.669845585937500232e+02,-8.794422642026745507e+01
4.669848515625000118e+02,-9.161863399833534061e+01
4.669851445312500005e+02,-8.932144084185482313e+01
4.669854374999999891e+02,-7.971297267238766437e+01
4.669857304687500346e+02,-7.942890543138526027e+01
4.669860234375000232e+02,-8.396044058588356052e+01
4.669863164062500118e+02,-8.276384181785994087e+01
4.669866093750000005e+02,-8.318911522468063424e+01
4.669869023437499891e+02,-9.305282330831479953e+01
4.669871953125000346e+02,-8.641351155146116980e+01
4.669874882812500232e+02,-8.345873125216242272e+01
4.669877812500000118e+02,-9.698223611406938005e+01
4.669880742187500005e+02,-8.225394352374563312e+01
4.669883671874999891e+02,-8.124373584922355462e+01
4.669886601562500346e+02,-8.352271900177751718e+01
4.669889531250000232e+02,-8.489478093727841213e+01
4.669892460937500118e+02,-8.405976539161662231e+01
4.669895390625000005e+02,-8.571473836358853760e+01
4.669898320312499891e+02,-9.239842308031012408e+01
4.669901250000000346e+02,-1.003726524772927178e+02
4.669904179687500232e+02,-9.323511105128690701e+01
4.669907109375000118e+02,-8.890747554498945249e+01
4.669910039062500005e+02,-8.898151767410688251e+01
4.669912968749999891e+02,-8.369900615182353931e+01
4.669915898437500346e+02,-8.046513156854265958e+01
4.669918828125000232e+02,-8.569780899435686194e+01
4.669921757812500118e+02,-8.386239031212603834e+01
4.669924687500000005e+02,-9.014247305265851651e+01
4.669927617187499891e+02,-9.079469289723890313e+01
4.669930546875000346e+02,-8.349725615919737720e+01
4.669933476562500232e+02,-8.269458802589456070e+01
4.669936406250000118e+02,-8.900743291561992976e+01
4.669939335937500005e+02,-8.421088652057888169e+01
4.669942265624999891e+02,-8.079103211492473235e+01
4.669945195312500346e+02,-8.509646082046258186e+01
4.669948125000000232e+02,-9.354316511893810571e+01
4.669951054687500118e+02,-9.204766288535365959e+01
4.669953984375000005e+02,-8.481351938155972903e+01
4.669956914062499891e+02,-8.068810831843080678e+01
4.669959843750000346e+02,-7.904645122638048349e+01
4.669962773437500232e+02,-8.499801147730664752e+01
4.669965703125000118e+02,-8.437060513663817574e+01
4.669968632812500005e+02,-9.160536226376660807e+01
4.669971562499999891e+02,-8.551360885620823638e+01
4.669974492187500346e+02,-8.311124047248347324e+01
4.669977421875000232e+02,-9.534593247505722502e+01
4.669980351562500118e+02,-8.293046539078494561e+01
4.669983281250000005e+02,-8.566035749348671402e+01
4.669986210937499891e+02,-8.702082211116298538e+01
4.669989140625000346e+02,-9.714395884055463171e+01
4.669992070312500232e+02,-8.079832323885247547e+01
4.669995000000000118e+02,-8.173671571670519143e+01
4.669997929687500005e+02,-8.753518399593367860e+01
4.670000859374999891e+02,-1.003252345264209850e+02
4.670003789062500346e+02,-8.292456828678948000e+01
4.670006718750000232e+02,-8.449377753587548057e+01
4.670009648437500118e+02,-9.450924590363780453e+01
4.670012578125000005e+02,-8.355930668496556279e+01
4.670015507812499891e+02,-8.270603834105543228e+01
4.670018437500000346e+02,-8.591763207159785054e+01
4.670021367187500232e+02,-8.965174330038061612e+01
4.670024296875000118e+02,-9.293484619974080374e+01
4.670027226562500005e+02,-9.217699233391569180e+01
4.670030156249999891e+02,-8.954439933615491043e+01
4.670033085937500346e+02,-9.421644521289395868e+01
4.670036015625000232e+02,-9.865819727144148032e+01
4.670038945312500118e+02,-9.382132890170213102e+01
4.670041875000000005e+02,-9.113371573900045064e+01
4.670044804687499891e+02,-8.647061204402108103e+01
4.670047734375000346e+02,-9.403215179696877613e+01
4.670050664062500232e+02,-1.060568939302137750e+02
4.670053593750000118e+02,-1.069302965084867054e+02
4.670056523437500005e+02,-8.701656986517173209e+01
4.670059453124999891e+02,-8.300934274421783243e+01
4.670062382812500346e+02,-8.692713538706506426e+01
4.670065312500000232e+02,-8.789421074344025442e+01
4.670068242187500118e+02,-8.171079234349335252e+01
4.670071171875000005e+02,-8.363767126014650444e+01
4.670074101562499891e+02,-8.770324822481528315e+01
4.670077031250000346e+02,-8.504674329845616398e+01
4.670079960937500232e+02,-8.634229186654053478e+01
4.670082890625000118e+02,-8.524999864477067035e+01
4.670085820312500005e+02,-8.573884792310578007e+01
4.670088749999999891e+02,-9.206143447369343846e+01
4.670091679687500346e+02,-8.380997931884107288e+01
4.670094609375000232e+02,-8.576664228801226386e+01
4.670097539062500118e+02,-9.380593271466409533e+01
4.670100468750000005e+02,-8.543447639350392819e+01
4.670103398437499891e+02,-8.230977086028117640e+01
4.670106328125000346e+02,-8.154080374174859003e+01
4.670109257812500232e+02,-8.040186429290493209e+01
4.670112187500000118e+02,-8.136490372336808719e+01
4.670115117187500005e+02,-8.770930705647006675e+01
4.670118046874999891e+02,-8.201811182242443010e+01
4.670120976562500346e+02,-8.494199549788262971e+01
4.670123906250000232e+02,-8.815130546422098234e+01
4.670126835937500118e+02,-8.297216467743396606e+01
4.670129765625000005e+02,-8.461562360941437078e+01
4.670132695312499891e+02,-9.313789630168180622e+01
4.670135625000000346e+02,-8.504581632034103222e+01
4.670138554687500232e+02,-8.469374492479164473e+01
4.670141484375000118e+02,-1.029473359411109641e+02
4.670144414062500005e+02,-8.828659134801068831e+01
4.670147343749999891e+02,-9.164880162273787789e+01
4.670150273437500346e+02,-9.482569084687850136e+01
4.670153203125000232e+02,-8.653212840101302561e+01
4.670156132812500118e+02,-9.293119145624973498e+01
4.670159062500000005e+02,-8.704432593849026034e+01
4.670161992187499891e+02,-9.095971970782406402e+01
4.670164921875000346e+02,-8.891741555313254253e+01
4.670167851562500232e+02,-8.773426062969363670e+01
4.670170781250000118e+02,-9.952484273602111386e+01
4.670173710937500005e+02,-1.028004536166973395e+02
4.670176640624999891e+02,-9.528226602329351635e+01
4.670179570312500346e+02,-8.922927617064121364e+01
4.670182500000000232e+02,-8.758080829280287105e+01
4.670185429687500118e+02,-8.616040245586017932e+01
4.670188359375000005e+02,-1.101098277691931742e+02
4.670191289062499891e+02,-8.935737727617649284e+01
4.670194218750000346e+02,-8.277972343610559847e+01
4.670197148437500232e+02,-8.885434077063551683e+01
4.670200078125000118e+02,-9.366423459254485806e+01
4.670203007812500005e+02,-9.730805533351085046e+01
4.670205937499999891e+02,-9.518081267413791124e+01
4.670208867187500346e+02,-9.814710165419637633e+01
4.670211796875000232e+02,-8.864380548319729769e+01
4.670214726562500118e+02,-8.622149314742156889e+01
4.670217656250000005e+02,-9.594972485569223863e+01
4.670220585937499891e+02,-8.406481304225434315e+01
4.670223515625000346e+02,-9.478177583777602422e+01
4.670226445312500232e+02,-9.098180185354681271e+01
4.670229375000000118e+02,-9.933449818581580359e+01
4.670232304687500005e+02,-9.378864349034688530e+01
4.670235234374999891e+02,-8.994805921653637881e+01
4.670238164062500346e+02,-9.048069816226346518e+01
4.670241093750000232e+02,-8.966258125698736592e+01
4.670244023437500118e+02,-9.367009327018301690e+01
4.670246953125000005e+02,-8.714909554370126443e+01
4.670249882812499891e+02,-1.042469849343802792e+02
4.670252812500000346e+02,-9.419369226770449188e+01
4.670255742187500232e+02,-9.880489760796514531e+01
4.670258671875000118e+02,-8.943379036133444515e+01
4.670261601562500005e+02,-9.042328328379448976e+01
4.670264531249999891e+02,-9.486698903266406546e+01
4.670267460937500346e+02,-9.064558534641589915e+01
4.670270390625000232e+02,-8.954160506099535155e+01
4.670273320312500118e+02,-9.755467648743156417e+01
4.670276250000000005e+02,-9.314639246692593133e+01
4.670279179687499891e+02,-8.543182744975314336e+01
4.670282109375000346e+02,-9.490806999323076809e+01
4.670285039062500232e+02,-8.399199652406480254e+01
4.670287968750000118e+02,-8.613584978236539769e+01
4.670290898437500005e+02,-9.288974768442724894e+01
4.670293828124999891e+02,-9.577924963368485578e+01
4.670296757812500346e+02,-8.812688270082757924e+01
4.670299687500000232e+02,-8.898937364386401327e+01
4.670302617187500118e+02,-9.522059273321772821e+01
4.670305546875000005e+02,-9.570196992799388624e+01
4.670308476562499891e+02,-9.298808051654189910e+01
4.670311406250000346e+02,-9.369377897508343267e+01
4.670314335937500232e+02,-8.900891041074955012e+01
4.670317265625000118e+02,-8.341271616366498165e+01
4.670320195312500005e+02,-8.397541765564236016e+01
4.670323124999999891e+02,-8.534234823177540363e+01
4.670326054687500346e+02,-8.980626664304676865e+01
4.670328984375000232e+02,-8.900726614729812525e+01
4.670331914062500118e+02,-1.029195620904551731e+02
4.670334843750000005e+02,-9.002172048554666617e+01
4.670337773437499891e+02,-8.829396684195256739e+01
4.670340703125000346e+02,-8.905104180220148180e+01
4.670343632812500232e+02,-8.797409560943044937e+01
4.670346562500000118e+02,-8.554882015333518552e+01
4.670349492187500005e+02,-8.186807066232705665e+01
4.670352421874999891e+02,-9.207132087495682526e+01
4.670355351562500346e+02,-1.056231264782506116e+02
4.670358281250000232e+02,-9.019838977766769972e+01
4.670361210937500118e+02,-9.149006648366250261e+01
4.670364140625000005e+02,-8.684014166219435538e+01
4.670367070312499891e+02,-9.132459569648813158e+01
4.670370000000000346e+02,-9.677475971386280662e+01
4.670372929687500232e+02,-8.185764840455448166e+01
4.670375859375000118e+02,-8.071001918004283482e+01
4.670378789062500005e+02,-8.997484567433457414e+01
4.670381718749999891e+02,-8.486176471580421321e+01
4.670384648437500346e+02,-8.720713107985250190e+01
4.670387578125000232e+02,-9.304980546414600440e+01
4.670390507812500118e+02,-9.280034037561067350e+01
4.670393437500000005e+02,-8.842651563227293821e+01
4.670396367187499891e+02,-8.764774953228796051e+01
4.670399296875000346e+02,-8.106210027037673171e+01
4.670402226562500232e+02,-8.637231097728735563e+01
4.670405156250000118e+02,-8.552054686455208810e+01
4.670408085937500005e+02,-8.249769437340884792e+01
4.670411015624999891e+02,-8.728619173614450233e+01
4.670413945312500346e+02,-8.889793331022636380e+01
4.670416875000000232e+02,-9.417404472234031232e+01
4.670419804687500118e+02,-8.315326253778738419e+01
4.670422734375000005e+02,-8.233157642590681746e+01
4.670425664062499891e+02,-8.306488814065582460e+01
4.670428593750000346e+02,-8.832201557766228461e+01
4.670431523437500232e+02,-8.822212507781252100e+01
4.670434453125000118e+02,-9.199874075795564465e+01
4.670437382812500005e+02,-9.209190333744760437e+01
4.670440312499999891e+02,-8.585046713923040329e+01
4.670443242187500346e+02,-9.300116781914219644e+01
4.670446171875000232e+02,-8.491054107462716161e+01
4.670449101562500118e+02,-8.781414533820910151e+01
4.670452031250000005e+02,-9.650930096056411855e+01
4.670454960937499891e+02,-8.831331193753669595e+01
4.670457890625000346e+02,-8.954394183555828590e+01
4.670460820312500232e+02,-8.378082576561261874e+01
4.670463750000000118e+02,-8.584954362442054787e+01
4.670466679687500005e+02,-8.838746911526301631e+01
4.670469609374999891e+02,-8.244590347695650223e+01
4.670472539062500346e+02,-8.311451963474493709e+01
4.670475468750000232e+02,-8.316697621849904465e+01
4.670478398437500118e+02,-8.944242366266124122e+01
4.670481328125000005e+02,-8.506796228339892707e+01
4.670484257812499891e+02,-8.240977036010768586e+01
4.670487187500000346e+02,-8.168107821696884230e+01
4.670490117187500232e+02,-9.970360489708389196e+01
4.670493046875000118e+02,-9.013463299865043155e+01
4.670495976562500005e+02,-9.222917786333513845e+01
4.670498906249999891e+02,-8.849115485567821793e+01
4.670501835937500346e+02,-8.814120952020930133e+01
4.670504765625000232e+02,-9.796546223255269581e+01
4.670507695312500118e+02,-8.746593331016126172e+01
4.670510625000000005e+02,-8.501489463566133509e+01
4.670513554687499891e+02,-8.350766698476235206e+01
4.670516484375000346e+02,-9.539779255671425062e+01
4.670519414062500232e+02,-8.924256505089216773e+01
4.670522343750000118e+02,-8.998931325739175691e+01
4.670525273437500005e+02,-8.962234404404861721e+01
4.670528203124999891e+02,-8.785290064232989948e+01
4.670531132812500346e+02,-8.816826332292487223e+01
4.670534062500000232e+02,-9.013325875515627672e+01
4.670536992187500118e+02,-8.739079519875916446e+01
4.670539921875000005e+02,-9.678365357574395489e+01
4.670542851562499891e+02,-8.688092537644763524e+01
4.670545781250000346e+02,-8.588569309012780195e+01
4.670548710937500232e+02,-8.940580558366883679e+01
4.670551640625000118e+02,-8.386363102648472534e+01
4.670554570312500005e+02,-8.768138317280501326e+01
4.670557499999999891e+02,-8.957698832137339195e+01
4.670560429687500346e+02,-8.813469966360912622e+01
4.670563359375000232e+02,-9.053180081376224564e+01
4.670566289062500118e+02,-8.803442358093624875e+01
4.670569218750000005e+02,-9.466210632300290229e+01
4.670572148437499891e+02,-8.612708075777335637e+01
4.670575078125000346e+02,-8.548816658288956205e+01
4.670578007812500232e+02,-8.587924799503623774e+01
4.670580937500000118e+02,-9.626692737844963688e+01
4.670583867187500005e+02,-8.350556718042335547e+01
4.670586796874999891e+02,-8.908024500724410188e+01
4.670589726562500346e+02,-9.750926066210598719e+01
4.670592656250000232e+02,-9.479606126421532508e+01
4.670595585937500118e+02,-8.134260782032342263e+01
4.670598515625000005e+02,-7.977454508280636958e+01
4.670601445312499891e+02,-8.288812812904723160e+01
4.670604375000000346e+02,-8.287028856204786109e+01
4.670607304687500232e+02,-8.455514439815627270e+01
4.670610234375000118e+02,-9.669792667208513137e+01
4.670613164062500005e+02,-9.358770475396069344e+01
4.670616093749999891e+02,-9.012058214956542201e+01
4.670619023437500346e+02,-8.754793166163148044e+01
4.670621953125000232e+02,-8.399080359418377384e+01
4.670624882812500118e+02,-8.769714442716247049e+01
4.670627812500000005e+02,-8.824648503586665527e+01
4.670630742187499891e+02,-9.713688279502639489e+01
4.670633671875000346e+02,-1.035997924921719147e+02
4.670636601562500232e+02,-8.828304675016936187e+01
4.670639531250000118e+02,-8.287775097172173844e+01
4.670642460937500005e+02,-8.404031292837495926e+01
4.670645390624999891e+02,-8.580935484444266592e+01
4.670648320312500346e+02,-9.338661389790929945e+01
4.670651250000000232e+02,-9.223190316150883916e+01
4.670654179687500118e+02,-1.060587781355594359e+02
4.670657109375000005e+02,-9.787727000572442648e+01
4.670660039062499891e+02,-9.769645697997111711e+01
4.670662968750000346e+02,-9.099956240836331745e+01
4.670665898437500232e+02,-9.118174713764668127e+01
4.670668828125000118e+02,-9.025476026620242465e+01
4.670671757812500005e+02,-8.699633363159678368e+01
4.670674687499999891e+02,-8.970006249825146938e+01
4.670677617187500346e+02,-9.698522924798466249e+01
4.670680546875000232e+02,-9.114268131713532739e+01
4.670683476562500118e+02,-9.454981707286822257e+01
4.670686406250000005e+02,-9.345640146124358694e+01
4.670689335937499891e+02,-8.829256581517370250e+01
4.670692265625000346e+02,-8.560563035956219835e+01
4.670695195312500232e+02,-8.644789866945905032e+01
4.670698125000000118e+02,-8.405722829490784420e+01
4.670701054687500005e+02,-8.161798877242875960e+01
4.670703984374999891e+02,-8.611548751170360561e+01
4.670706914062500346e+02,-8.905481873929205960e+01
4.670709843750000232e+02,-9.084192224334171328e+01
4.670712773437500118e+02,-9.719418593234368586e+01
4.670715703125000005e+02,-9.614075653688033185e+01
4.670718632812499891e+02,-9.231189191420021700e+01
4.670721562500000346e+02,-9.202794702228004553e+01
4.670724492187500232e+02,-8.490243010371487742e+01
4.670727421875000118e+02,-8.222244674401680697e+01
4.670730351562500005e+02,-9.043785124453471269e+01
4.670733281249999891e+02,-8.804673446146814797e+01
4.670736210937500346e+02,-9.632125457937277702e+01
4.670739140625000232e+02,-8.990773345868885258e+01
4.670742070312500118e+02,-9.247887142813225125e+01
4.670745000000000005e+02,-9.340699504599983527e+01
4.670747929687499891e+02,-8.639234056852512822e+01
4.670750859375000346e+02,-8.342985835908703507e+01
4.670753789062500232e+02,-9.050244957113324062e+01
4.670756718750000118e+02,-8.910931986240478864e+01
4.670759648437500005e+02,-9.368207253917772448e+01
4.670762578124999891e+02,-9.941699565614037226e+01
4.670765507812500346e+02,-9.090288624987968547e+01
4.670768437500000232e+02,-8.921795311656693173e+01
4.670771367187500118e+02,-9.242663774537317067e+01
4.670774296875000005e+02,-8.880285447272760280e+01
4.670777226562499891e+02,-8.993451069208231274e+01
4.670780156250000346e+02,-9.064604012056540228e+01
4.670783085937500232e+02,-8.771056553279485968e+01
4.670786015625000118e+02,-1.054945326955503759e+02
4.670788945312500005e+02,-8.648745122065469104e+01
4.670791874999999891e+02,-8.939766038154374428e+01
4.670794804687500346e+02,-9.094878485634040999e+01
4.670797734375000232e+02,-9.492868433343566892e+01
4.670800664062500118e+02,-8.514184214532798478e+01
4.670803593750000005e+02,-8.843747301586904541e+01
4.670806523437499891e+02,-9.264267763972107161e+01
4.670809453125000346e+02,-8.363293742549996068e+01
4.670812382812500232e+02,-9.308757375801772582e+01
4.670815312500000118e+02,-9.130190731437588170e+01
4.670818242187500005e+02,-9.372504015269088029e+01
4.670821171874999891e+02,-9.013638056245747521e+01
4.670824101562500346e+02,-8.748244060112321563e+01
4.670827031250000232e+02,-8.374067048132633317e+01
4.670829960937500118e+02,-8.790714136548793078e+01
4.670832890625000005e+02,-8.414927579141073011e+01
4.670835820312499891e+02,-8.272231295957993780e+01
4.670838750000000346e+02,-8.231325904799174964e+01
4.670841679687500232e+02,-8.116019659234304129e+01
4.670844609375000118e+02,-9.163068054172889276e+01
4.670847539062500005e+02,-8.701470790592273374e+01
4.670850468749999891e+02,-9.833053396436652349e+01
4.670853398437500346e+02,-1.067469513069966354e+02
4.670856328125000232e+02,-9.395027123641705202e+01
4.670859257812500118e+02,-8.997699300464026351e+01
4.670862187500000005e+02,-9.282480460597327010e+01
4.670865117187499891e+02,-8.727325038179573369e+01
4.670868046875000346e+02,-8.674453953619544677e+01
4.670870976562500232e+02,-8.809600492045080955e+01
4.670873906250000118e+02,-8.761695253291414076e+01
4.670876835937500005e+02,-9.912259491521260202e+01
4.670879765624999891e+02,-9.024731489553732899e+01
4.670882695312500346e+02,-9.304391619805895175e+01
4.670885625000000232e+02,-9.158384917385987478e+01
4.670888554687500118e+02,-9.112012419075549019e+01
4.670891484375000005e+02,-8.882509567891489155e+01
4.670894414062499891e+02,-1.048240741147238282e+02
4.670897343750000346e+02,-8.606755921541471821e+01
4.670900273437500232e+02,-9.822695562306913075e+01
4.670903203125000118e+02,-8.467296281060724539e+01
4.670906132812500005e+02,-8.312446048390302167e+01
4.670909062499999891e+02,-8.438549321566156891e+01
4.670911992187500346e+02,-7.763490122073493183e+01
4.670914921875000232e+02,-8.330908294447802120e+01
4.670917851562500118e+02,-1.000112851560296292e+02
4.670920781250000005e+02,-8.858418429836540042e+01
4.670923710937499891e+02,-7.947020519928091176e+01
4.670926640625000346e+02,-8.075095105360136927e+01
4.670929570312500232e+02,-9.241529805435945377e+01
4.670932500000000118e+02,-8.830721311678290419e+01
4.670935429687500005e+02,-8.924771496427482020e+01
4.670938359374999891e+02,-8.066749857477239516e+01
4.670941289062500346e+02,-8.216075722329163966e+01
4.670944218750000232e+02,-1.137970173084604539e+02
4.670947148437500118e+02,-8.897887370413455699e+01
4.670950078125000005e+02,-8.101642604719162932e+01
4.670953007812499891e+02,-8.081729484638665895e+01
4.670955937500000346e+02,-8.523250736552111562e+01
4.670958867187500232e+02,-8.944054461412655144e+01
4.670961796875000118e+02,-9.042886688044995935e+01
4.670964726562500005e+02,-9.125147933225407826e+01
4.670967656249999891e+02,-9.954841496552653268e+01
4.670970585937500346e+02,-9.904394408108191783e+01
4.670973515625000232e+02,-9.815457530319000057e+01
4.670976445312500118e+02,-8.692165243693472121e+01
4.670979375000000005e+02,-8.880790389828680986e+01
4.670982304687499891e+02,-9.565705197995357878e+01
4.670985234375000346e+02,-9.131630887210454262e+01
4.670988164062500232e+02,-8.929833626954209080e+01
4.670991093750000118e+02,-1.035600496840645377e+02
4.670994023437500005e+02,-9.836659825126729118e+01
4.670996953124999891e+02,-8.875785509912795135e+01
4.670999882812500346e+02,-8.491959885265021057e+01
4.671002812500000232e+02,-8.446634605900568715e+01
4.671005742187500118e+02,-8.679728395755525128e+01
4.671008671875000005e+02,-8.927788741686045171e+01
4.671011601562499891e+02,-8.776920090195984869e+01
4.671014531250000346e+02,-8.367834441867010753e+01
4.671017460937500232e+02,-8.569590599063590730e+01
4.671020390625000118e+02,-9.186037684099974854e+01
4.671023320312500005e+02,-7.951838674080549652e+01
4.671026249999999891e+02,-8.084270408397129870e+01
4.671029179687500346e+02,-8.505997382819180075e+01
4.671032109375000232e+02,-8.441531631969233729e+01
4.671035039062500118e+02,-8.615881440463519425e+01
4.671037968750000005e+02,-9.039802929839351009e+01
4.671040898437499891e+02,-8.250527641975088500e+01
4.671043828125000346e+02,-8.208298532919981483e+01
4.671046757812500232e+02,-9.744823932931056731e+01
4.671049687500000118e+02,-7.908779082734490373e+01
4.671052617187500005e+02,-8.593747953109254922e+01
4.671055546874999891e+02,-8.750651414556060104e+01
4.671058476562500346e+02,-8.834183516914634993e+01
4.671061406250000232e+02,-9.014431595001408937e+01
4.671064335937500118e+02,-8.993119343442077707e+01
4.671067265625000005e+02,-9.193959486330656716e+01
4.671070195312499891e+02,-8.666390478301673284e+01
4.671073125000000346e+02,-8.247226395216702599e+01
4.671076054687500232e+02,-7.756574752496641167e+01
4.671078984375000118e+02,-8.312859325124424004e+01
4.671081914062500005e+02,-8.846046248423994030e+01
4.671084843749999891e+02,-9.217941741143617662e+01
4.671087773437500346e+02,-1.049704623806749453e+02
4.671090703125000232e+02,-8.922576249659209680e+01
4.671093632812500118e+02,-8.849191605421330564e+01
4.671096562500000005e+02,-9.515770896499893183e+01
4.671099492187499891e+02,-8.091772399248023362e+01
4.671102421875000346e+02,-8.267016504276958244e+01
4.671105351562500232e+02,-8.923455611681646360e+01
4.671108281250000118e+02,-8.916501647016220033e+01
4.671111210937500005e+02,-8.556175068085288160e+01
4.671114140624999891e+02,-8.668093303060892652e+01
4.671117070312500346e+02,-9.032744083366398513e+01
4.671120000000000232e+02,-8.221948610621666376e+01
4.671122929687500118e+02,-9.526437437928790075e+01
4.671125859375000005e+02,-8.479404936879936372e+01
4.671128789062499891e+02,-9.912486824042089495e+01
4.671131718750000346e+02,-9.275825089100129617e+01
4.671134648437500232e+02,-9.522422838827037594e+01
4.671137578125000118e+02,-9.071124007149066415e+01
4.671140507812500005e+02,-8.905222292243811921e+01
4.671143437499999891e+02,-9.643048862309269964e+01
4.671146367187500346e+02,-8.934930992126098204e+01
4.671149296875000232e+02,-8.749251503410485498e+01
4.671152226562500118e+02,-8.716025970650056820e+01
4.671155156250000005e+02,-9.721390131481946639e+01
4.671158085937499891e+02,-8.466774682094072091e+01
4.671161015625000346e+02,-1.028436822135375337e+02
4.671163945312500232e+02,-9.323575586781578295e+01
4.671166875000000118e+02,-9.035844884225114981e+01
4.671169804687500005e+02,-9.331116795107577389e+01
4.671172734374999891e+02,-9.794316141865017755e+01
4.671175664062500346e+02,-9.936320822999203983e+01
4.671178593750000232e+02,-8.569009484397170695e+01
4.671181523437500118e+02,-9.326093403506868640e+01
4.671184453125000005e+02,-8.408749934600302822e+01
4.671187382812499891e+02,-8.025545387287395727e+01
4.671190312500000346e+02,-8.211631946015035055e+01
4.671193242187500232e+02,-9.280654804081719078e+01
4.671196171875000118e+02,-9.085417829543723656e+01
4.671199101562500005e+02,-8.346730046471415676e+01
4.671202031249999891e+02,-8.742580835099785475e+01
4.671204960937500346e+02,-8.567773890518725466e+01
4.671207890625000232e+02,-8.179136417649162638e+01
4.671210820312500118e+02,-8.537151815318947001e+01
4.671213750000000005e+02,-8.462109745859861221e+01
4.671216679687499891e+02,-8.160348526498005128e+01
4.671219609375000346e+02,-8.017253085444453120e+01
4.671222539062500232e+02,-8.009038174358349238e+01
4.671225468750000118e+02,-8.964377605540764193e+01
4.671228398437500005e+02,-8.380105383308989531e+01
4.671231328124999891e+02,-9.110148270433859352e+01
4.671234257812500346e+02,-8.255342385419281470e+01
4.671237187500000232e+02,-9.355635056200475219e+01
4.671240117187500118e+02,-8.082588744139771109e+01
4.671243046875000005e+02,-8.438974728208174270e+01
4.671245976562499891e+02,-8.487936100284100860e+01
4.671248906250000346e+02,-8.033532152222451828e+01
4.671251835937500232e+02,-8.715987360817349838e+01
4.671254765625000118e+02,-8.825886055276802722e+01
4.671257695312500005e+02,-8.436089537479462308e+01
4.671260624999999891e+02,-8.213218048670864846e+01
4.671263554687500346e+02,-8.957759981164653595e+01
4.671266484375000232e+02,-9.090365816444283098e+01
4.671269414062500118e+02,-8.673515301301348757e+01
4.671272343750000005e+02,-8.672935942789719377e+01
4.671275273437499891e+02,-8.580418540438586206e+01
4.671278203125000346e+02,-8.888426536862874627e+01
4.671281132812500232e+02,-8.926971354712651419e+01
4.671284062500000118e+02,-9.620114262127364668e+01
4.671286992187500005e+02,-9.046841524282643832e+01
4.671289921874999891e+02,-8.614781160058799969e+01
4.671292851562500346e+02,-8.722193822304598143e+01
4.671295781250000232e+02,-8.890436505631221564e+01
4.671298710937500118e+02,-8.309715219938533437e+01
4.671301640625000005e+02,-8.207541835656363105e+01
4.671304570312499891e+02,-8.527804665756958968e+01
4.671307500000000346e+02,-9.129714301237848417e+01
4.671310429687500232e+02,-9.777930772741804333e+01
4.671313359375000118e+02,-8.658392440278184665e+01
4.671316289062500005e+02,-8.479783887641866613e+01
4.671319218749999891e+02,-8.113224009067535292e+01
4.671322148437500346e+02,-8.453494236494424285e+01
4.671325078125000232e+02,-9.348054968190749037e+01
4.671328007812500118e+02,-9.128943179358856241e+01
4.671330937500000005e+02,-8.473467553117004059e+01
4.671333867187499891e+02,-8.622553960938989803e+01
4.671336796875000346e+02,-8.638000280560777355e+01
4.671339726562500232e+02,-8.547167136691666656e+01
4.671342656250000118e+02,-7.960737038532181487e+01
4.671345585937500005e+02,-7.926508089347957764e+01
4.671348515624999891e+02,-8.345506309806624756e+01
4.671351445312500346e+02,-8.691821651875551424e+01
4.671354375000000232e+02,-8.604401457343003301e+01
4.671357304687500118e+02,-9.134250241832813799e+01
4.671360234375000005e+02,-9.046251248014597479e+01
4.671363164062499891e+02,-9.042479342643126472e+01
4.671366093750000346e+02,-8.970751036598899475e+01
4.671369023437500232e+02,-8.809019814509865398e+01
4.671371953125000118e+02,-8.344219812556059424e+01
4.671374882812500005e+02,-8.479130711869979109e+01
4.671377812499999891e+02,-8.637415084147289690e+01
4.671380742187500346e+02,-8.831256708489050311e+01
4.671383671875000232e+02,-8.704021406818098683e+01
4.671386601562500118e+02,-8.107227621012006580e+01
4.671389531250000005e+02,-8.221026760436701863e+01
4.671392460937499891e+02,-8.840394589591205943e+01
4.671395390625000346e+02,-9.161046111366010791e+01
4.671398320312500232e+02,-8.590561609167747292e+01
4.671401250000000118e+02,-9.866218213755041688e+01
4.671404179687500005e+02,-8.333095759376433875e+01
4.671407109374999891e+02,-8.812566748749623002e+01
4.671410039062500346e+02,-9.490826105551295200e+01
4.671412968750000232e+02,-1.033461245708694634e+02
4.671415898437500118e+02,-8.495657175304489783e+01
4.671418828125000005e+02,-8.390124905779634901e+01
4.671421757812499891e+02,-8.913041583418591074e+01
4.671424687500000346e+02,-9.698864579935809616e+01
4.671427617187500232e+02,-8.594544505678383928e+01
4.671430546875000118e+02,-8.670084112334548365e+01
4.671433476562500005e+02,-8.518571331596099583e+01
4.671436406249999891e+02,-8.877616011762884796e+01
4.671439335937500346e+02,-8.597836802031116576e+01
4.671442265625000232e+02,-8.495463324716820352e+01
4.671445195312500118e+02,-8.532653865016828831e+01
4.671448125000000005e+02,-8.620410955380779683e+01
4.671451054687499891e+02,-8.856875009826937628e+01
4.671453984375000346e+02,-1.000310129209087222e+02
4.671456914062500232e+02,-8.671502811340106120e+01
4.671459843750000118e+02,-8.544396998298701362e+01
4.671462773437500005e+02,-8.499455751599279552e+01
4.671465703124999891e+02,-8.820106197029531359e+01
4.671468632812500346e+02,-9.089319022399338621e+01
4.671471562500000232e+02,-8.707178242876500462e+01
4.671474492187500118e+02,-8.508689898735187285e+01
4.671477421875000005e+02,-9.377087188666436646e+01
4.671480351562499891e+02,-9.338812798868302423e+01
4.671483281250000346e+02,-8.436711208688252839e+01
4.671486210937500232e+02,-8.388912871964123497e+01
4.671489140625000118e+02,-8.977720571256435278e+01
4.671492070312500005e+02,-8.861074249505924172e+01
4.671494999999999891e+02,-8.507755206905882517e+01
4.671497929687500346e+02,-9.355614485529086721e+01
4.671500859375000232e+02,-9.199048941216221920e+01
4.671503789062500118e+02,-8.674900354707907013e+01
4.671506718750000005e+02,-8.593209085906757139e+01
4.671509648437499891e+02,-9.182144051523293626e+01
4.671512578125000346e+02,-9.636654895910186269e+01
4.671515507812500232e+02,-9.327832251612466052e+01
4.671518437500000118e+02,-9.308553783874955911e+01
4.671521367187500005e+02,-8.898884474063601147e+01
4.671524296874999891e+02,-9.781469648878605483e+01
4.671527226562500346e+02,-1.022730501108186019e+02
4.671530156250000232e+02,-8.826830441026503138e+01
4.671533085937500118e+02,-8.179851546084049119e+01
4.671536015625000005e+02,-7.990528460575313829e+01
4.671538945312499891e+02,-8.570433230284842807e+01
4.671541875000000346e+02,-8.210097345611204389e+01
4.671544804687500232e+02,-8.310860905309338875e+01
4.671547734375000118e+02,-8.339999755210320131e+01
4.671550664062500005e+02,-8.877941986548270847e+01
4.671553593749999891e+02,-8.714609759698434743e+01
4.671556523437500346e+02,-8.299003429442949198e+01
4.671559453125000232e+02,-7.852663725177350784e+01
4.671562382812500118e+02,-8.619173161512712511e+01
4.671565312500000005e+02,-8.485127478622226249e+01
4.671568242187499891e+02,-8.525738945577025163e+01
4.671571171875000346e+02,-8.973740120613319959e+01
4.671574101562500232e+02,-9.198552079557578054e+01
4.671577031250000118e+02,-8.604619567312987272e+01
4.671579960937500005e+02,-9.965622098769834736e+01
4.671582890624999891e+02,-9.215927500029876285e+01
4.671585820312500346e+02,-9.890076964558603834e+01
4.671588750000000232e+02,-8.396061053342555169e+01
4.671591679687500118e+02,-8.514880885873867555e+01
4.671594609375000005e+02,-8.771599357220539162e+01
4.671597539062499891e+02,-8.663021009086014601e+01
4.671600468750000346e+02,-8.256323998742189474e+01
4.671603398437500232e+02,-8.420550157565929794e+01
4.671606328125000118e+02,-8.682433840020581783e+01
4.671609257812500005e+02,-8.256171159789306557e+01
4.671612187499999891e+02,-8.294543576216027247e+01
4.671615117187500346e+02,-9.252500843608871151e+01
4.671618046875000232e+02,-8.594009942903076649e+01
4.671620976562500118e+02,-9.391268574116517698e+01
4.671623906250000005e+02,-1.022352541704225644e+02
4.671626835937499891e+02,-8.174058734536900772e+01
4.671629765625000346e+02,-8.038976544579212202e+01
4.671632695312500232e+02,-8.572034192735733882e+01
4.671635625000000118e+02,-8.291974038419310489e+01
4.671638554687500005e+02,-8.852484511957933933e+01
4.671641484374999891e+02,-8.526433939425908193e+01
4.671644414062500346e+02,-9.457795312162278378e+01
4.671647343750000232e+02,-8.750074366768188838e+01
4.671650273437500118e+02,-8.046153608512184974e+01
4.671653203125000005e+02,-7.798574846872949706e+01
4.671656132812499891e+02,-8.062657194012018635e+01
4.671659062500000346e+02,-8.223925988898818673e+01
4.671661992187500232e+02,-8.249733639243888206e+01
4.671664921875000118e+02,-8.098519017247581075e+01
4.671667851562500005e+02,-8.173722691430350551e+01
4.671670781249999891e+02,-9.113699789094580694e+01
4.671673710937500346e+02,-8.598185566472230335e+01
4.671676640625000232e+02,-8.250521450781252497e+01
4.671679570312500118e+02,-8.228714391818344609e+01
4.671682500000000005e+02,-8.935692940805236617e+01
4.671685429687499891e+02,-8.303631976438582285e+01
4.671688359375000346e+02,-8.377101235153091352e+01
4.671691289062500232e+02,-8.529273529231201678e+01
4.671694218750000118e+02,-9.079160886007670683e+01
4.671697148437500005e+02,-8.990028499960344277e+01
4.671700078124999891e+02,-8.728013228905123810e+01
4.671703007812500346e+02,-9.062206761933936150e+01
4.671705937500000232e+02,-8.397050231085384553e+01
4.671708867187500118e+02,-8.818194436969326944e+01
4.671711796875000005e+02,-8.321468452294507756e+01
4.671714726562499891e+02,-8.761533758141067096e+01
4.671717656250000346e+02,-8.525518394743255612e+01
4.671720585937500232e+02,-9.517457340154089707e+01
4.671723515625000118e+02,-9.751376965948665543e+01
4.671726445312500005e+02,-9.186974228506034024e+01
4.671729374999999891e+02,-9.158735062988324671e+01
4.671732304687500346e+02,-9.698783229127762695e+01
4.671735234375000232e+02,-9.049714147570458067e+01
4.671738164062500118e+02,-8.948921514880815664e+01
4.671741093750000005e+02,-9.831334247974515961e+01
4.671744023437499891e+02,-8.393893999425765173e+01
4.671746953125000346e+02,-9.196767980541608267e+01
4.671749882812500232e+02,-8.581135025472676148e+01
4.671752812500000118e+02,-8.808082133591439344e+01
4.671755742187500005e+02,-9.290450593277253688e+01
4.671758671874999891e+02,-9.687911851902276794e+01
4.671761601562500346e+02,-9.659102063516675685e+01
4.671764531250000232e+02,-8.982959378688121888e+01
4.671767460937500118e+02,-9.004661354900355263e+01
4.671770390625000005e+02,-8.346603482142228358e+01
4.671773320312499891e+02,-8.730084138813106165e+01
4.671776250000000346e+02,-8.844535072384987018e+01
4.671779179687500232e+02,-9.168052122707996432e+01
4.671782109375000118e+02,-8.723146850238711636e+01
4.671785039062500005e+02,-8.943104483960624407e+01
4.671787968749999891e+02,-8.365725372575717245e+01
4.671790898437500346e+02,-8.056475549755289478e+01
4.671793828125000232e+02,-8.167303724195531345e+01
4.671796757812500118e+02,-8.779966767142883555e+01
4.671799687500000005e+02,-9.112406056668686460e+01
4.671802617187499891e+02,-8.808708230011944806e+01
4.671805546875000346e+02,-9.029100975261513895e+01
4.671808476562500232e+02,-9.122676261726593339e+01
4.671811406250000118e+02,-9.052888063420451203e+01
4.671814335937500005e+02,-9.231274359936654150e+01
4.671817265624999891e+02,-8.261090133238339206e+01
4.671820195312500346e+02,-9.302423381503915323e+01
4.671823125000000232e+02,-8.306270324727451282e+01
4.671826054687500118e+02,-8.668998029078832701e+01
4.671828984375000005e+02,-8.302208297392384395e+01
4.671831914062499891e+02,-9.369902178837750739e+01
4.671834843750000346e+02,-8.565667950586451695e+01
4.671837773437500232e+02,-8.492201972282485656e+01
4.671840703125000118e+02,-8.720900979778687656e+01
4.671843632812500005e+02,-9.995122688887803974e+01
4.671846562499999891e+02,-8.765660472261006930e+01
4.671849492187500346e+02,-9.398537802055085422e+01
4.671852421875000232e+02,-9.496490594076311709e+01
4.671855351562500118e+02,-8.801354581215973383e+01
4.671858281250000005e+02,-8.763654691237591976e+01
4.671861210937499891e+02,-8.949778817839920464e+01
4.671864140625000346e+02,-8.630920463787083463e+01
4.671867070312500232e+02,-8.836104035150347613e+01
4.671870000000000118e+02,-9.530475570572829724e+01
4.671872929687500005e+02,-9.067083370570594525e+01
4.671875859374999891e+02,-9.633195773755434743e+01
4.671878789062500346e+02,-9.919924076625621012e+01
4.671881718750000232e+02,-1.017602526441496167e+02
4.671884648437500118e+02,-9.196405122203694305e+01
4.671887578125000005e+02,-9.786451044852333325e+01
4.671890507812499891e+02,-9.194836033977544787e+01
4.671893437500000346e+02,-1.106274636430544831e+02
4.671896367187500232e+02,-8.036013314149995779e+01
4.671899296875000118e+02,-8.039929386129395539e+01
4.671902226562500005e+02,-1.079799165307045712e+02
4.671905156249999891e+02,-9.724763674704063021e+01
4.671908085937500346e+02,-9.945089834117325722e+01
4.671911015625000232e+02,-9.576320833615685046e+01
4.671913945312500118e+02,-9.629829417006446590e+01
4.671916875000000005e+02,-8.821210966997084313e+01
4.671919804687499891e+02,-8.762277964259743612e+01
4.671922734375000346e+02,-8.126803123545545304e+01
4.671925664062500232e+02,-8.195839849545031086e+01
4.671928593750000118e+02,-9.331481668324795464e+01
4.671931523437500005e+02,-8.427386951157376416e+01
4.671934453124999891e+02,-8.059472141903533782e+01
4.671937382812500346e+02,-9.046385018090822427e+01
4.671940312500000232e+02,-9.200523515152809750e+01
4.671943242187500118e+02,-8.402532808950410015e+01
4.671946171875000005e+02,-8.597322680294462316e+01
4.671949101562499891e+02,-8.543686187361815598e+01
4.671952031250000346e+02,-1.020254319085172625e+02
4.671954960937500232e+02,-8.370096919651558665e+01
4.671957890625000118e+02,-8.233126925250002159e+01
4.671960820312500005e+02,-8.534886148867289535e+01
4.671963749999999891e+02,-8.687146113963012795e+01
4.671966679687500346e+02,-9.418985629135983118e+01
4.671969609375000232e+02,-8.927341936791960109e+01
4.671972539062500118e+02,-8.813563075625118870e+01
4.671975468750000005e+02,-9.004031082047625034e+01
4.671978398437499891e+02,-9.382514482336004846e+01
4.671981328125000346e+02,-8.605287676928027452e+01
4.671984257812500232e+02,-8.423476067668184442e+01
4.671987187500000118e+02,-9.059358462323545780e+01
4.671990117187500005e+02,-9.163287451898874281e+01
4.671993046874999891e+02,-8.646944457365034964e+01
4.671995976562500346e+02,-8.083776322930640390e+01
4.671998906250000232e+02,-8.665184617633691744e+01
4.672001835937500118e+02,-9.417078639103357318e+01
4.672004765625000005e+02,-9.630882481893975466e+01
4.672007695312499891e+02,-9.153355653470043762e+01
4.672010625000000346e+02,-9.300299254530087012e+01
4.672013554687500232e+02,-8.509621684537323461e+01
4.672016484375000118e+02,-8.355065586879631212e+01
4.672019414062500005e+02,-8.209497435812065191e+01
4.672022343749999891e+02,-8.481373756544856235e+01
4.672025273437500346e+02,-9.086691731465177213e+01
4.672028203125000232e+02,-8.321588545159245598e+01
4.672031132812500118e+02,-7.922195623600904923e+01
4.672034062500000005e+02,-8.051115964784571588e+01
4.672036992187499891e+02,-8.913094075727828169e+01
4.672039921875000346e+02,-8.719516170667235144e+01
4.672042851562500232e+02,-8.736859260506834346e+01
4.672045781250000118e+02,-9.738601442120788931e+01
4.672048710937500005e+02,-9.821405474006780878e+01
4.672051640624999891e+02,-8.369012196323744490e+01
4.672054570312500346e+02,-8.797449648815451440e+01
4.672057500000000232e+02,-9.729205436076597380e+01
4.672060429687500118e+02,-9.065032673939188612e+01
4.672063359375000005e+02,-9.023231576658984920e+01
4.672066289062499891e+02,-9.091332974414966372e+01
4.672069218750000346e+02,-9.355868315151745662e+01
4.672072148437500232e+02,-8.648353935408751170e+01
4.672075078125000118e+02,-8.541621105946032344e+01
4.672078007812500005e+02,-8.942303230745901033e+01
4.672080937499999891e+02,-9.459868480954881420e+01
4.672083867187500346e+02,-8.829774499055268677e+01
4.672086796875000232e+02,-8.905043242196026654e+01
4.672089726562500118e+02,-9.057658899335420699e+01
4.672092656250000005e+02,-8.772123864954507155e+01
4.672095585937499891e+02,-8.626462655816223446e+01
4.672098515625000346e+02,-9.396998119996220566e+01
4.672101445312500232e+02,-8.836571072420954920e+01
4.672104375000000118e+02,-7.945140614441999105e+01
4.672107304687500005e+02,-8.162036484197241748e+01
4.672110234374999891e+02,-9.522025168104185866e+01
4.672113164062500346e+02,-8.997931248693591044e+01
4.672116093750000232e+02,-8.871329440369945019e+01
4.672119023437500118e+02,-8.426238213742557548e+01
4.672121953125000005e+02,-9.042523444581739511e+01
4.672124882812499891e+02,-9.041389739172356599e+01
4.672127812500000346e+02,-8.244047957618792566e+01
4.672130742187500232e+02,-8.144100693164298832e+01
4.672133671875000118e+02,-9.828597283949332564e+01
4.672136601562500005e+02,-8.134772141232140541e+01
4.672139531249999891e+02,-8.011832613076160214e+01
4.672142460937500346e+02,-8.939486999808949008e+01
4.672145390625000232e+02,-8.604648222466644825e+01
4.672148320312500118e+02,-8.735405361890671827e+01
4.672151250000000005e+02,-8.760289922973379362e+01
4.672154179687499891e+02,-8.822018586500902870e+01
4.672157109375000346e+02,-8.871477354285599404e+01
4.672160039062500232e+02,-9.395929270058913119e+01
4.672162968750000118e+02,-8.296649461655206892e+01
4.672165898437500005e+02,-7.905588291223688202e+01
4.672168828124999891e+02,-8.518145594897615069e+01
4.672171757812500346e+02,-8.021005322488483102e+01
4.672174687500000232e+02,-8.210953724922600827e+01
4.672177617187500118e+02,-7.992680121252683989e+01
4.672180546875000005e+02,-7.842920660180510595e+01
4.672183476562499891e+02,-8.144910094240540843e+01
4.672186406250000346e+02,-8.208398950441535646e+01
4.672189335937500232e+02,-8.897764878245439490e+01
4.672192265625000118e+02,-8.642430153758587608e+01
4.672195195312500005e+02,-9.152918182669920100e+01
4.672198124999999891e+02,-8.290223536229150625e+01
4.672201054687500346e+02,-8.656996903973794133e+01
4.672203984375000232e+02,-8.940193226023089323e+01
4.672206914062500118e+02,-8.441302478611720517e+01
4.672209843750000005e+02,-7.853156180189131419e+01
4.672212773437499891e+02,-8.122073122015007129e+01
4.672215703125000346e+02,-8.563595567421793930e+01
4.672218632812500232e+02,-9.528166398782283864e+01
4.672221562500000118e+02,-8.134311122426601059e+01
4.672224492187500005e+02,-7.896803527589914040e+01
4.672227421874999891e+02,-8.483016189954314257e+01
4.672230351562500346e+02,-8.615817712596565059e+01
4.672233281250000232e+02,-8.470933111993520015e+01
4.672236210937500118e+02,-8.078912974495160881e+01
4.672239140625000005e+02,-8.145980512403887985e+01
4.672242070312499891e+02,-7.893887515271983091e+01
4.672245000000000346e+02,-8.336719326118713980e+01
4.672247929687500232e+02,-9.640235469438565019e+01
4.672250859375000118e+02,-8.434835438813144037e+01
4.672253789062500005e+02,-9.168356352459666425e+01
4.672256718749999891e+02,-8.093635919019661173e+01
4.672259648437500346e+02,-8.237423752387867637e+01
4.672262578125000232e+02,-8.096017849974494140e+01
4.672265507812500118e+02,-7.812045618096331623e+01
4.672268437500000005e+02,-9.288193856560039308e+01
4.672271367187499891e+02,-9.443876505292301715e+01
4.672274296875000346e+02,-8.232582159591395055e+01
4.672277226562500232e+02,-7.995633285063887286e+01
4.672280156250000118e+02,-8.410728312503243842e+01
4.672283085937500005e+02,-9.947580816874948084e+01
4.672286015624999891e+02,-8.755296142030471174e+01
4.672288945312500346e+02,-8.392129550486258438e+01
4.672291875000000232e+02,-8.016208127884885926e+01
4.672294804687500118e+02,-9.095679724471766292e+01
4.672297734375000005e+02,-9.039335586466970085e+01
4.672300664062499891e+02,-8.511175449690949790e+01
4.672303593750000346e+02,-8.482094761262315785e+01
4.672306523437500232e+02,-8.924334602122135607e+01
4.672309453125000118e+02,-8.690931271077857900e+01
4.672312382812500005e+02,-8.544772695856931932e+01
4.672315312499999891e+02,-8.642725911273470274e+01
4.672318242187500346e+02,-8.149283068100507421e+01
4.672321171875000232e+02,-9.259536715108086469e+01
4.672324101562500118e+02,-8.536355304891154105e+01
4.672327031250000005e+02,-8.671752099703763861e+01
4.672329960937499891e+02,-1.016213511880124258e+02
4.672332890625000346e+02,-9.257539542593693227e+01
4.672335820312500232e+02,-8.960613216888131660e+01
4.672338750000000118e+02,-8.301422691788134500e+01
4.672341679687500005e+02,-7.960507878480621002e+01
4.672344609374999891e+02,-8.368990157183415590e+01
4.672347539062500346e+02,-9.395761350232974962e+01
4.672350468750000232e+02,-8.443794044664227272e+01
4.672353398437500118e+02,-8.731786771562893534e+01
4.672356328125000005e+02,-1.046389092593627197e+02
4.672359257812499891e+02,-8.991556890865835783e+01
4.672362187500000346e+02,-8.210954580267463143e+01
4.672365117187500232e+02,-7.946012484538164244e+01
4.672368046875000118e+02,-8.594298358535098714e+01
4.672370976562500005e+02,-8.911411395582217665e+01
4.672373906249999891e+02,-8.077170761449747260e+01
4.672376835937500346e+02,-8.695796142504030968e+01
4.672379765625000232e+02,-8.510212599446566628e+01
4.672382695312500118e+02,-8.864289979661434415e+01
4.672385625000000005e+02,-9.517500642682907142e+01
4.672388554687499891e+02,-8.489017863840834366e+01
4.672391484375000346e+02,-8.540090222657333641e+01
4.672394414062500232e+02,-9.576506444862333467e+01
4.672397343750000118e+02,-8.865540131797324364e+01
4.672400273437500005e+02,-8.423443245822272729e+01
4.672403203124999891e+02,-9.669402607858943099e+01
4.672406132812500346e+02,-8.485372128647910017e+01
4.672409062500000232e+02,-1.107444509933493038e+02
4.672411992187500118e+02,-8.655247078843088104e+01
4.672414921875000005e+02,-8.156077902177578665e+01
4.672417851562499891e+02,-9.016957695174717458e+01
4.672420781250000346e+02,-9.428408363625430866e+01
4.672423710937500232e+02,-9.412408743593977078e+01
4.672426640625000118e+02,-8.484804395736242100e+01
4.672429570312500005e+02,-8.561719817932254273e+01
4.672432499999999891e+02,-8.386436031431711058e+01
4.672435429687500346e+02,-9.209089223756438969e+01
4.672438359375000232e+02,-8.713067465145766732e+01
4.672441289062500118e+02,-8.520483094478527164e+01
4.672444218750000005e+02,-8.923305870022238651e+01
4.672447148437499891e+02,-9.061793273725780296e+01
4.672450078125000346e+02,-8.132693888335501242e+01
4.672453007812500232e+02,-8.087200680646937201e+01
4.672455937500000118e+02,-8.836658090109894204e+01
4.672458867187500005e+02,-8.362126325004450678e+01
4.672461796874999891e+02,-8.261026541345910346e+01
4.672464726562500346e+02,-8.436285262416787134e+01
4.672467656250000232e+02,-8.349632877232032513e+01
4.672470585937500118e+02,-8.433910621409216901e+01
4.672473515625000005e+02,-9.026866004352108064e+01
4.672476445312499891e+02,-8.942388690584868982e+01
4.672479375000000346e+02,-8.755381551352516567e+01
4.672482304687500232e+02,-1.102318531842901308e+02
4.672485234375000118e+02,-8.766372199340409566e+01
4.672488164062500005e+02,-8.455937027498896441e+01
4.672491093749999891e+02,-8.733930785724872692e+01
4.672494023437500346e+02,-9.581283027573019240e+01
4.672496953125000232e+02,-8.707622465819409285e+01
4.672499882812500118e+02,-8.588935010996296171e+01
4.672502812500000005e+02,-1.060226450323686151e+02
4.672505742187499891e+02,-8.741541765689549948e+01
4.672508671875000346e+02,-1.036605910295595692e+02
4.672511601562500232e+02,-9.520190541459444944e+01
4.672514531250000118e+02,-9.709590643236279561e+01
4.672517460937500005e+02,-8.940378912518779941e+01
4.672520390624999891e+02,-8.035089662433711055e+01
4.672523320312500346e+02,-8.023029275651839498e+01
4.672526250000000232e+02,-8.764780791873951671e+01
4.672529179687500118e+02,-9.525086372659077938e+01
4.672532109375000005e+02,-9.227837051258771339e+01
4.672535039062499891e+02,-8.643629899225489055e+01
4.672537968750000346e+02,-8.577307540359609561e+01
4.672540898437500232e+02,-9.624786947184057340e+01
4.672543828125000118e+02,-8.596604044090878460e+01
4.672546757812500005e+02,-9.375948187019156421e+01
4.672549687499999891e+02,-8.190323171159107574e+01
4.672552617187500346e+02,-8.308042401348244255e+01
4.672555546875000232e+02,-8.820537407041643974e+01
4.672558476562500118e+02,-9.188782324941705326e+01
4.672561406250000005e+02,-9.608824154956876384e+01
4.672564335937499891e+02,-9.300259662826094598e+01
4.672567265625000346e+02,-8.718476650859599886e+01
4.672570195312500232e+02,-8.490002914553792834e+01
4.672573125000000118e+02,-8.604698826649483578e+01
4.672576054687500005e+02,-8.252267214392497863e+01
4.672578984374999891e+02,-8.301095643676779900e+01
4.672581914062500346e+02,-8.558597868778608131e+01
4.672584843750000232e+02,-1.051602743192861880e+02
4.672587773437500118e+02,-8.903975164460140945e+01
4.672590703125000005e+02,-8.858043513117118550e+01
4.672593632812499891e+02,-9.322081898431845559e+01
4.672596562500000346e+02,-8.261383666816476534e+01
4.672599492187500232e+02,-8.194952762805591817e+01
4.672602421875000118e+02,-8.646094079712993619e+01
4.672605351562500005e+02,-8.555943481059550493e+01
4.672608281249999891e+02,-8.614491740261621544e+01
4.672611210937500346e+02,-9.723802330867100352e+01
4.672614140625000232e+02,-8.675641623098742627e+01
4.672617070312500118e+02,-9.321245103662801057e+01
4.672620000000000005e+02,-8.737474843287769488e+01
4.672622929687499891e+02,-8.516798691462813053e+01
4.672625859375000346e+02,-8.183354500814451171e+01
4.672628789062500232e+02,-8.842419637408275435e+01
4.672631718750000118e+02,-9.256114758876974236e+01
4.672634648437500005e+02,-8.975681270584196625e+01
4.672637578124999891e+02,-8.553902885437329928e+01
4.672640507812500346e+02,-8.110582040761497069e+01
4.672643437500000232e+02,-8.872013614430119333e+01
4.672646367187500118e+02,-8.521521751394543287e+01
4.672649296875000005e+02,-8.167596268087079636e+01
4.672652226562499891e+02,-8.543029432462247996e+01
4.672655156250000346e+02,-9.853768708402301968e+01
4.672658085937500232e+02,-9.082397779986439446e+01
4.672661015625000118e+02,-8.731552280608370609e+01
4.672663945312500005e+02,-8.866094389204890547e+01
4.672666874999999891e+02,-8.945667017040437941e+01
4.672669804687500346e+02,-8.601605485823553465e+01
4.672672734375000232e+02,-8.026212434926073058e+01
4.672675664062500118e+02,-8.142819281763738104e+01
4.672678593750000005e+02,-8.648706492355323405e+01
4.672681523437499891e+02,-9.764397325284490137e+01
4.672684453125000346e+02,-8.786886260715948538e+01
4.672687382812500232e+02,-9.237749362608613524e+01
4.672690312500000118e+02,-8.593722041346511276e+01
4.672693242187500005e+02,-8.682991794952815212e+01
4.672696171874999891e+02,-1.002830846628268660e+02
4.672699101562500346e+02,-8.260394078934575646e+01
4.672702031250000232e+02,-8.202551665356989474e+01
4.672704960937500118e+02,-8.114286093367438468e+01
4.672707890625000005e+02,-8.227245978757024147e+01
4.672710820312499891e+02,-8.557951773165265763e+01
4.672713750000000346e+02,-8.168860327036964009e+01
4.672716679687500232e+02,-8.217045116200253574e+01
4.672719609375000118e+02,-8.087417210313196847e+01
4.672722539062500005e+02,-8.930277185746719226e+01
4.672725468749999891e+02,-9.461627286542812953e+01
4.672728398437500346e+02,-8.255264956167005153e+01
4.672731328125000232e+02,-8.879573485973047298e+01
4.672734257812500118e+02,-8.980555469228706045e+01
4.672737187500000005e+02,-8.786163042751002195e+01
4.672740117187499891e+02,-8.763142673623816847e+01
4.672743046875000346e+02,-8.113455889924023268e+01
4.672745976562500232e+02,-8.047194199529624825e+01
4.672748906250000118e+02,-8.517598348443259226e+01
4.672751835937500005e+02,-8.668255889086333354e+01
4.672754765624999891e+02,-8.377473342734107575e+01
4.672757695312500346e+02,-8.803168511128694718e+01
4.672760625000000232e+02,-8.112763358148752957e+01
4.672763554687500118e+02,-7.658062687219386078e+01
4.672766484375000005e+02,-7.936166292344543649e+01
4.672769414062499891e+02,-8.126988268168184959e+01
4.672772343750000346e+02,-8.271498146279324715e+01
4.672775273437500232e+02,-9.351891576088640079e+01
4.672778203125000118e+02,-9.695777885929365425e+01
4.672781132812500005e+02,-9.375613035207280177e+01
4.672784062499999891e+02,-7.851388417197858871e+01
4.672786992187500346e+02,-7.997048209534182206e+01
4.672789921875000232e+02,-8.076046374910856684e+01
4.672792851562500118e+02,-8.069899675367832970e+01
4.672795781250000005e+02,-8.773433835252907897e+01
4.672798710937499891e+02,-8.894220877254612390e+01
4.672801640625000346e+02,-8.452819189091171381e+01
4.672804570312500232e+02,-1.112104519284950470e+02
4.672807500000000118e+02,-8.156201168145885561e+01
4.672810429687500005e+02,-7.996722513940750332e+01
4.672813359374999891e+02,-8.092161018413797535e+01
4.672816289062500346e+02,-7.622668502312268402e+01
4.672819218750000232e+02,-8.310394468292754766e+01
4.672822148437500118e+02,-8.275066902361226084e+01
4.672825078125000005e+02,-8.124771523546910146e+01
4.672828007812499891e+02,-8.347485094066327349e+01
4.672830937500000346e+02,-9.496775321650702040e+01
4.672833867187500232e+02,-8.032713469877899115e+01
4.672836796875000118e+02,-8.294459193381874229e+01
4.672839726562500005e+02,-8.269150404949051847e+01
4.672842656249999891e+02,-7.988963346558878698e+01
4.672845585937500346e+02,-7.884908799776424360e+01
4.672848515625000232e+02,-8.728315076107645609e+01
4.672851445312500118e+02,-8.376681155844657667e+01
4.672854375000000005e+02,-8.154909748030517846e+01
4.672857304687499891e+02,-8.221707708857179853e+01
4.672860234375000346e+02,-9.079441514816629422e+01
4.672863164062500232e+02,-8.649897273563821898e+01
4.672866093750000118e+02,-7.843415151369954685e+01
4.672869023437500005e+02,-8.868224833760882575e+01
4.672871953124999891e+02,-8.907180286576675599e+01
4.672874882812500346e+02,-8.651269337668875892e+01
4.672877812500000232e+02,-1.009639685945499110e+02
4.672880742187500118e+02,-8.405926188930075682e+01
4.672883671875000005e+02,-8.553413706355557622e+01
4.672886601562499891e+02,-7.459170118208285771e+01
4.672889531250000346e+02,-7.650723633564469139e+01
4.672892460937500232e+02,-9.071235163787100930e+01
4.672895390625000118e+02,-8.707108564314779642e+01
4.672898320312500005e+02,-7.916719292376808426e+01
4.672901249999999891e+02,-8.532303608353247171e+01
4.672904179687500346e+02,-8.572985949999966238e+01
4.672907109375000232e+02,-8.327371077408722044e+01
4.672910039062500118e+02,-8.416598475452572359e+01
4.672912968750000005e+02,-8.169565432443536679e+01
4.672915898437499891e+02,-7.960942466310311261e+01
4.672918828125000346e+02,-8.202940567193385846e+01
4.672921757812500232e+02,-8.206149325450263632e+01
4.672924687500000118e+02,-8.689615702673066266e+01
4.672927617187500005e+02,-8.299366575923477285e+01
4.672930546874999891e+02,-8.072694438365525116e+01
4.672933476562500346e+02,-8.169007200911183020e+01
4.672936406250000232e+02,-8.125458939524769164e+01
4.672939335937500118e+02,-8.464117112421044453e+01
4.672942265625000005e+02,-8.117151901604957231e+01
4.672945195312499891e+02,-7.869403357831535573e+01
4.672948125000000346e+02,-8.282566428449938201e+01
4.672951054687500232e+02,-9.100539872917890705e+01
4.672953984375000118e+02,-9.056463049894068718e+01
4.672956914062500005e+02,-8.870159652425923014e+01
4.672959843749999891e+02,-8.986632388282060901e+01
4.672962773437500346e+02,-9.409719277759907641e+01
4.672965703125000232e+02,-8.883845101626994278e+01
4.672968632812500118e+02,-8.464659306663020288e+01
4.672971562500000005e+02,-8.379903246721181631e+01
4.672974492187499891e+02,-8.730940041102564919e+01
4.672977421875000346e+02,-8.578296233315791142e+01
4.672980351562500232e+02,-8.211518709603598154e+01
4.672983281250000118e+02,-8.404952072209451330e+01
4.672986210937500005e+02,-8.226816446643978509e+01
4.672989140624999891e+02,-9.335269232478458434e+01
4.672992070312500346e+02,-9.592129533309660872e+01
4.672995000000000232e+02,-8.500924429545376881e+01
4.672997929687500118e+02,-8.385571424880389202e+01
4.673000859375000005e+02,-8.135689155668437422e+01
4.673003789062499891e+02,-7.726416344621488008e+01
4.673006718750000346e+02,-7.808247516312172820e+01
4.673009648437500232e+02,-7.654112083802326083e+01
4.673012578125000118e+02,-7.802863371378228408e+01
4.673015507812500005e+02,-7.919194287306845581e+01
4.673018437499999891e+02,-8.116790115735926747e+01
4.673021367187500346e+02,-8.216425849353903743e+01
4.673024296875000232e+02,-8.329542811210119169e+01
4.673027226562500118e+02,-8.638783954041977609e+01
4.673030156250000005e+02,-8.614345006236197833e+01
4.673033085937499891e+02,-1.061675601132960054e+02
4.673036015625000346e+02,-8.631912801685726322e+01
4.673038945312500232e+02,-7.916682787828224832e+01
4.673041875000000118e+02,-7.979062515953120283e+01
4.673044804687500005e+02,-8.484430870579105033e+01
4.673047734374999891e+02,-8.361464477339289658e+01
4.673050664062500346e+02,-8.298315552522768712e+01
4.673053593750000232e+02,-8.866716504511985875e+01
4.673056523437500118e+02,-9.645707342882217006e+01
4.673059453125000005e+02,-9.070801425438618537e+01
4.673062382812499891e+02,-9.570998448642400547e+01
4.673065312500000346e+02,-8.291486318285134871e+01
4.673068242187500232e+02,-9.185497209637520655e+01
4.673071171875000118e+02,-9.418643762075431880e+01
4.673074101562500005e+02,-9.048990141607956161e+01
4.673077031249999891e+02,-8.669784405491286350e+01
4.673079960937500346e+02,-8.775785480470855759e+01
4.673082890625000232e+02,-8.081812440416572940e+01
4.673085820312500118e+02,-8.178629039893965569e+01
4.673088750000000005e+02,-9.547964740200070821e+01
4.673091679687499891e+02,-8.473942721127056643e+01
4.673094609375000346e+02,-8.420739125489598109e+01
4.673097539062500232e+02,-8.295707144308573788e+01
4.673100468750000118e+02,-8.361718265110484083e+01
4.673103398437500005e+02,-8.105793871446482513e+01
4.673106328124999891e+02,-8.622541092032773236e+01
4.673109257812500346e+02,-8.370505323152998756e+01
4.673112187500000232e+02,-8.103938635665203094e+01
4.673115117187500118e+02,-7.788190860127365056e+01
4.673118046875000005e+02,-7.998265257179721743e+01
4.673120976562499891e+02,-8.757325523032386627e+01
4.673123906250000346e+02,-9.642198162719662946e+01
4.673126835937500232e+02,-9.002449622591865364e+01
4.673129765625000118e+02,-8.317973581186272725e+01
4.673132695312500005e+02,-8.741267773294161714e+01
4.673135624999999891e+02,-1.021550912843521246e+02
4.673138554687500346e+02,-8.858643197035156902e+01
4.673141484375000232e+02,-8.200851701120511450e+01
4.673144414062500118e+02,-8.381453243051478808e+01
4.673147343750000005e+02,-8.629650729231974537e+01
4.673150273437499891e+02,-8.660447391525458727e+01
4.673153203125000346e+02,-8.488254027142997415e+01
4.673156132812500232e+02,-8.301839731478946760e+01
4.673159062500000118e+02,-8.039801903457920673e+01
4.673161992187500005e+02,-7.878563237155299248e+01
4.673164921874999891e+02,-8.703248916609042851e+01
4.673167851562500346e+02,-8.285531251577816647e+01
4.673170781250000232e+02,-7.992143174089559921e+01
4.673173710937500118e+02,-7.956428228844276873e+01
4.673176640625000005e+02,-1.013522737353039105e+02
4.673179570312499891e+02,-8.176751963036069526e+01
4.673182500000000346e+02,-8.070925975265691932e+01
4.673185429687500232e+02,-8.105302363177284519e+01
4.673188359375000118e+02,-8.205105117545920734e+01
4.673191289062500005e+02,-8.621306341655679262e+01
4.673194218749999891e+02,-8.978087346589097706e+01
4.673197148437500346e+02,-9.822343191446375954e+01
4.673200078125000232e+02,-8.254049041652837104e+01
4.673203007812500118e+02,-8.335369034491216667e+01
4.673205937500000005e+02,-9.089819706116956866e+01
4.673208867187499891e+02,-8.853579570113778630e+01
4.673211796875000346e+02,-8.260890603340611449e+01
4.673214726562500232e+02,-8.629136232381844707e+01
4.673217656250000118e+02,-8.306031902839097825e+01
4.673220585937500005e+02,-8.981992650179036275e+01
4.673223515624999891e+02,-8.751453510967168370e+01
4.673226445312500346e+02,-8.708463888836332956e+01
4.673229375000000232e+02,-8.371600020246928864e+01
4.673232304687500118e+02,-8.183324401058536068e+01
4.673235234375000005e+02,-9.364334519109787891e+01
4.673238164062499891e+02,-9.740871673218438787e+01
4.673241093750000346e+02,-9.317357093196304163e+01
4.673244023437500232e+02,-9.379296331340695758e+01
4.673246953125000118e+02,-9.387397548879090436e+01
4.673249882812500005e+02,-8.278491681908805333e+01
4.673252812499999891e+02,-9.850624771226512166e+01
4.673255742187500346e+02,-8.538098026003729046e+01
4.673258671875000232e+02,-7.979485801255984256e+01
4.673261601562500118e+02,-7.986145956918328181e+01
4.673264531250000005e+02,-8.366672735060458876e+01
4.673267460937499891e+02,-8.586584761401999799e+01
4.673270390625000346e+02,-8.845951564640877507e+01
4.673273320312500232e+02,-1.071033382068846151e+02
4.673276250000000118e+02,-8.195648321836260664e+01
4.673279179687500005e+02,-8.323421167675583376e+01
4.673282109374999891e+02,-8.939078660430295997e+01
4.673285039062500346e+02,-8.294651970932829954e+01
4.673287968750000232e+02,-8.088628017635015510e+01
4.673290898437500118e+02,-8.213997691614322605e+01
4.673293828125000005e+02,-8.390244358661195179e+01
4.673296757812499891e+02,-8.773191936865794105e+01
4.673299687500000346e+02,-9.150896842932029074e+01
4.673302617187500232e+02,-8.543715628360423864e+01
4.673305546875000118e+02,-9.414895039714510006e+01
4.673308476562500005e+02,-8.573099450382061093e+01
4.673311406249999891e+02,-8.048416504808783145e+01
4.673314335937500346e+02,-8.023444838227264597e+01
4.673317265625000232e+02,-8.323423395743402864e+01
4.673320195312500118e+02,-8.385765435235320808e+01
4.673323125000000005e+02,-8.774706911585212765e+01
4.673326054687499891e+02,-9.408671622104603216e+01
4.673328984375000346e+02,-8.922692590389139866e+01
4.673331914062500232e+02,-8.443604210492240725e+01
4.673334843750000118e+02,-9.333816714476854770e+01
4.673337773437500005e+02,-9.298981901158505536e+01
4.673340703124999891e+02,-8.769832361338313831e+01
4.673343632812500346e+02,-8.984355551596421208e+01
4.673346562500000232e+02,-8.459718943629725629e+01
4.673349492187500118e+02,-8.161067314957107044e+01
4.673352421875000005e+02,-9.513354882815646363e+01
4.673355351562499891e+02,-8.935193780012264142e+01
4.673358281250000346e+02,-8.883280967173584486e+01
4.673361210937500232e+02,-8.695626831686629998e+01
4.673364140625000118e+02,-9.632539971018020708e+01
4.673367070312500005e+02,-9.774673327656324773e+01
4.673369999999999891e+02,-9.048705196127826866e+01
4.673372929687500346e+02,-8.727401132663395344e+01
4.673375859375000232e+02,-9.276539632237725641e+01
4.673378789062500118e+02,-8.148231800290116666e+01
4.673381718750000005e+02,-8.143417705134176288e+01
4.673384648437499891e+02,-8.685988754290603708e+01
4.673387578125000346e+02,-9.228839797865748551e+01
4.673390507812500232e+02,-9.108708994308318552e+01
4.673393437500000118e+02,-8.633458038151324843e+01
4.673396367187500005e+02,-8.853052276921305008e+01
4.673399296874999891e+02,-6.979356709946721082e+01
4.673402226562500346e+02,-6.920401485985000534e+01
4.673405156250000232e+02,-7.445256183593379262e+01
4.673408085937500118e+02,-7.768882440391440980e+01
4.673411015625000005e+02,-8.497333315860711878e+01
4.673413945312499891e+02,-8.254611693439994724e+01
4.673416875000000346e+02,-7.554848532000238492e+01
4.673419804687500232e+02,-7.995580314006281242e+01
4.673422734375000118e+02,-8.831029703762422400e+01
4.673425664062500005e+02,-8.223405820802085486e+01
4.673428593749999891e+02,-8.519603921225288445e+01
4.673431523437500346e+02,-8.134278556355749856e+01
4.673434453125000232e+02,-8.282852231487845529e+01
4.673437382812500118e+02,-7.988669948587302372e+01
4.673440312500000005e+02,-8.078242735584993284e+01
4.673443242187499891e+02,-8.444482388868054556e+01
4.673446171875000346e+02,-9.687955084325081145e+01
4.673449101562500232e+02,-8.047485652036129977e+01
4.673452031250000118e+02,-9.329744901626780518e+01
4.673454960937500005e+02,-7.803676530022949009e+01
4.673457890624999891e+02,-8.363233127708738834e+01
4.673460820312500346e+02,-8.398590773017161837e+01
4.673463750000000232e+02,-8.071637754125644904e+01
4.673466679687500118e+02,-7.557165093037576753e+01
4.673469609375000005e+02,-7.775772377505531097e+01
4.673472539062499891e+02,-7.811136086607834272e+01
4.673475468750000346e+02,-7.909867760607613718e+01
4.673478398437500232e+02,-9.718441740685172192e+01
4.673481328125000118e+02,-9.842883672508318682e+01
4.673484257812500005e+02,-8.415446668032299726e+01
4.673487187499999891e+02,-8.089966441697511357e+01
4.673490117187500346e+02,-8.112021630950118833e+01
4.673493046875000232e+02,-8.140208745075324259e+01
4.673495976562500118e+02,-8.299116689303346561e+01
4.673498906250000005e+02,-7.942412362961513850e+01
4.673501835937499891e+02,-7.407891029255986837e+01
4.673504765625000346e+02,-7.663707080485183099e+01
4.673507695312500232e+02,-9.542520954657970833e+01
4.673510625000000118e+02,-7.899127987592186173e+01
4.673513554687500005e+02,-7.927614460791866691e+01
4.673516484374999891e+02,-8.235904421041831824e+01
4.673519414062500346e+02,-8.249347225739759892e+01
4.673522343750000232e+02,-1.065406210612934501e+02
4.673525273437500118e+02,-8.408469429355031366e+01
4.673528203125000005e+02,-7.662988080579623329e+01
4.673531132812499891e+02,-7.386708533263045240e+01
4.673534062500000346e+02,-8.020888883373223166e+01
4.673536992187500232e+02,-8.065244962017860075e+01
4.673539921875000118e+02,-7.518030164268674298e+01
4.673542851562500005e+02,-8.737874029120430919e+01
4.673545781249999891e+02,-8.316044002306399818e+01
4.673548710937500346e+02,-1.014718687051739465e+02
4.673551640625000232e+02,-8.245391849256552064e+01
4.673554570312500118e+02,-7.806559185747914853e+01
4.673557500000000005e+02,-9.341118068306676037e+01
4.673560429687499891e+02,-8.325803797945100371e+01
4.673563359375000346e+02,-8.671495909053055584e+01
4.673566289062500232e+02,-8.581070459628877245e+01
4.673569218750000118e+02,-7.524585433620104880e+01
4.673572148437500005e+02,-8.279471001278301401e+01
4.673575078124999891e+02,-8.961574670249532915e+01
4.673578007812500346e+02,-7.966817432517601105e+01
4.673580937500000232e+02,-8.215859016937417891e+01
4.673583867187500118e+02,-8.909410189526886370e+01
4.673586796875000005e+02,-8.581786553944488105e+01
4.673589726562499891e+02,-9.157623724281717159e+01
4.673592656250000346e+02,-8.643627238557621695e+01
4.673595585937500232e+02,-9.688368895052167318e+01
4.673598515625000118e+02,-9.416599490438633779e+01
4.673601445312500005e+02,-8.527530191130536252e+01
4.673604374999999891e+02,-8.124638630671162787e+01
4.673607304687500346e+02,-7.723133048890645114e+01
4.673610234375000232e+02,-7.921953806492497563e+01
4.673613164062500118e+02,-8.535373525933127326e+01
4.673616093750000005e+02,-8.726599712830903854e+01
4.673619023437499891e+02,-8.525296938474218678e+01
4.673621953125000346e+02,-8.709954663048485202e+01
4.673624882812500232e+02,-7.887094901861722462e+01
4.673627812500000118e+02,-7.870069398094560142e+01
4.673630742187500005e+02,-7.640004268180837244e+01
4.673633671874999891e+02,-7.618627465653055708e+01
4.673636601562500346e+02,-8.429137853534010105e+01
4.673639531250000232e+02,-8.279140614159248912e+01
4.673642460937500118e+02,-7.983521488401447641e+01
4.673645390625000005e+02,-8.123018658610854459e+01
4.673648320312499891e+02,-9.126784416708652259e+01
4.673651250000000346e+02,-7.878314013096820645e+01
4.673654179687500232e+02,-7.852503960926640048e+01
4.673657109375000118e+02,-8.962059408195075605e+01
4.673660039062500005e+02,-9.964925950677030642e+01
4.673662968749999891e+02,-9.106083751999946685e+01
4.673665898437500346e+02,-8.507458753912760585e+01
4.673668828125000232e+02,-7.994092212521847785e+01
4.673671757812500118e+02,-8.042674728531665096e+01
4.673674687500000005e+02,-8.409162875313589325e+01
4.673677617187499891e+02,-7.923206473420991358e+01
4.673680546875000346e+02,-8.582148202328014008e+01
4.673683476562500232e+02,-8.354204056520883626e+01
4.673686406250000118e+02,-8.357126695509286662e+01
4.673689335937500005e+02,-8.090630962366293488e+01
4.673692265624999891e+02,-7.958643223348335027e+01
4.673695195312500346e+02,-8.652556975796542815e+01
4.673698125000000232e+02,-8.604266696032581763e+01
4.673701054687500118e+02,-8.427962887529857028e+01
4.673703984375000005e+02,-8.182720774733409996e+01
4.673706914062499891e+02,-7.897206140246231598e+01
4.673709843750000346e+02,-8.291771363391495697e+01
4.673712773437500232e+02,-8.831047361200639045e+01
4.673715703125000118e+02,-8.602728147388476998e+01
4.673718632812500005e+02,-8.410852760137254336e+01
4.673721562499999891e+02,-8.577905114143128174e+01
4.673724492187500346e+02,-8.575451435861546656e+01
4.673727421875000232e+02,-8.173256582455452701e+01
4.673730351562500118e+02,-7.841473772474314785e+01
4.673733281250000005e+02,-7.794473059017333583e+01
4.673736210937499891e+02,-8.086376947636284740e+01
4.673739140625000346e+02,-8.255635037277671984e+01
4.673742070312500232e+02,-8.026283478470116961e+01
4.673745000000000118e+02,-8.032287747147277912e+01
4.673747929687500005e+02,-8.189939593471693513e+01
4.673750859374999891e+02,-8.111909067986344724e+01
4.673753789062500346e+02,-8.056627225711912388e+01
4.673756718750000232e+02,-7.864482731324662268e+01
4.673759648437500118e+02,-8.273920288225524189e+01
4.673762578125000005e+02,-8.311401545047499440e+01
4.673765507812499891e+02,-8.357817997617277683e+01
4.673768437500000346e+02,-7.975427135740774531e+01
4.673771367187500232e+02,-7.784276392389314481e+01
4.673774296875000118e+02,-8.467000521762960830e+01
4.673777226562500005e+02,-8.597938366079955586e+01
4.673780156249999891e+02,-8.259819326880842993e+01
4.673783085937500346e+02,-7.590817862933231197e+01
4.673786015625000232e+02,-7.899662324714920203e+01
4.673788945312500118e+02,-9.669441613469334129e+01
4.673791875000000005e+02,-8.025311124424231934e+01
4.673794804687499891e+02,-7.811361210838147429e+01
4.673797734375000346e+02,-7.940648044830651031e+01
4.673800664062500232e+02,-8.424349897133721754e+01
4.673803593750000118e+02,-8.353529170732636544e+01
4.673806523437500005e+02,-8.000235840810012178e+01
4.673809453124999891e+02,-8.041094876361233901e+01
4.673812382812500346e+02,-8.143608524373323121e+01
4.673815312500000232e+02,-8.618386137004740988e+01
4.673818242187500118e+02,-8.285360564208366441e+01
4.673821171875000005e+02,-7.990564382058420279e+01
4.673824101562499891e+02,-7.876607069691951324e+01
4.673827031250000346e+02,-8.710952754296654632e+01
4.673829960937500232e+02,-9.506229435196893007e+01
4.673832890625000118e+02,-8.739640846712013911e+01
4.673835820312500005e+02,-8.044195189999797435e+01
4.673838749999999891e+02,-8.022611893649951753e+01
4.673841679687500346e+02,-8.815616319267975598e+01
4.673844609375000232e+02,-8.447715123364423562e+01
4.673847539062500118e+02,-8.955088340500360289e+01
4.673850468750000005e+02,-8.793442958502843965e+01
4.673853398437499891e+02,-8.308559533664974595e+01
4.673856328125000346e+02,-8.967227124001354355e+01
4.673859257812500232e+02,-8.217743824654283458e+01
4.673862187500000118e+02,-7.933921463365956583e+01
4.673865117187500005e+02,-8.390739712343116707e+01
4.673868046874999891e+02,-9.043289239221151377e+01
4.673870976562500346e+02,-9.313939790148373277e+01
4.673873906250000232e+02,-8.528372696519863894e+01
4.673876835937500118e+02,-8.691051177348737156e+01
4.673879765625000005e+02,-8.216640556867133682e+01
4.673882695312499891e+02,-7.965201411282851041e+01
4.673885625000000346e+02,-8.343910967722817418e+01
4.673888554687500232e+02,-9.312183610683140955e+01
4.673891484375000118e+02,-8.430913614912769560e+01
4.673894414062500005e+02,-8.680737962712365174e+01
4.673897343749999891e+02,-8.612909151045553813e+01
4.673900273437500346e+02,-8.435759455999139789e+01
4.673903203125000232e+02,-9.935602512505782613e+01
4.673906132812500118e+02,-9.272716602947562592e+01
4.673909062500000005e+02,-8.674468163145633071e+01
4.673911992187499891e+02,-7.944367015135527765e+01
4.673914921875000346e+02,-8.006642868087681109e+01
4.673917851562500232e+02,-8.549758734074339372e+01
4.673920781250000118e+02,-8.047928595861290546e+01
4.673923710937500005e+02,-8.307696362460170292e+01
4.673926640624999891e+02,-8.236483270296150749e+01
4.673929570312500346e+02,-7.991209424462678612e+01
4.673932500000000232e+02,-8.611360748507746621e+01
4.673935429687500118e+02,-7.950979154174193297e+01
4.673938359375000005e+02,-7.849191757877434839e+01
4.673941289062499891e+02,-8.109070956915942929e+01
4.673944218750000346e+02,-8.573324463215099911e+01
4.673947148437500232e+02,-8.883445458118507077e+01
4.673950078125000118e+02,-7.840190392502120176e+01
4.673953007812500005e+02,-7.886584366254015777e+01
4.673955937499999891e+02,-7.816895162776683037e+01
4.673958867187500346e+02,-7.622118186538537543e+01
4.673961796875000232e+02,-8.190385756848458243e+01
4.673964726562500118e+02,-8.753918470176571986e+01
4.673967656250000005e+02,-1.091816451149551028e+02
4.673970585937499891e+02,-8.457305553746537896e+01
4.673973515625000346e+02,-8.412166438653137845e+01
4.673976445312500232e+02,-8.561618882416347276e+01
4.673979375000000118e+02,-8.952427710109174086e+01
4.673982304687500005e+02,-8.613680561108961342e+01
4.673985234374999891e+02,-9.608426832997893996e+01
4.673988164062500346e+02,-9.436075607606548488e+01
4.673991093750000232e+02,-8.933324080221731833e+01
4.673994023437500118e+02,-7.753201185664836714e+01
4.673996953125000005e+02,-7.825145136970782289e+01
4.673999882812499891e+02,-7.800299642722103499e+01
4.674002812500000346e+02,-7.445893476153705137e+01
4.674005742187500232e+02,-7.436333102407112960e+01
4.674008671875000118e+02,-7.728464676148821866e+01
4.674011601562500005e+02,-8.951454572094638706e+01
4.674014531249999891e+02,-8.631646354814931499e+01
4.674017460937500346e+02,-8.197650697229285299e+01
4.674020390625000232e+02,-7.991357669997501034e+01
4.674023320312500118e+02,-7.746976037468685661e+01
4.674026250000000005e+02,-8.522871634985781952e+01
4.674029179687499891e+02,-8.559404917009013047e+01
4.674032109375000346e+02,-7.727827035670014766e+01
4.674035039062500232e+02,-7.703754496789190398e+01
4.674037968750000118e+02,-9.102853643562481523e+01
4.674040898437500005e+02,-9.114915985211780480e+01
4.674043828124999891e+02,-8.376156896195658419e+01
4.674046757812500346e+02,-7.946537269435408746e+01
4.674049687500000232e+02,-8.537853997033448650e+01
4.674052617187500118e+02,-8.121659363737830972e+01
4.674055546875000005e+02,-7.394655469221221722e+01
4.674058476562499891e+02,-7.313566216415730992e+01
4.674061406250000346e+02,-7.725902742595518191e+01
4.674064335937500232e+02,-7.893530444185994099e+01
4.674067265625000118e+02,-7.732522335106327205e+01
4.674070195312500005e+02,-8.455441893016372035e+01
4.674073124999999891e+02,-7.868271598828287949e+01
4.674076054687500346e+02,-7.366892799456371677e+01
4.674078984375000232e+02,-8.032583676522551741e+01
4.674081914062500118e+02,-9.641852585598429926e+01
4.674084843750000005e+02,-8.655308379335912150e+01
4.674087773437499891e+02,-7.743952483095026196e+01
4.674090703125000346e+02,-7.800329463096315408e+01
4.674093632812500232e+02,-7.701982520069746840e+01
4.674096562500000118e+02,-7.568895502662874719e+01
4.674099492187500005e+02,-7.584998561733748090e+01
4.674102421874999891e+02,-7.788676830351144531e+01
4.674105351562500346e+02,-7.614759169341266443e+01
4.674108281250000232e+02,-9.250250806582531027e+01
4.674111210937500118e+02,-8.334159153440202772e+01
4.674114140625000005e+02,-8.149279972564062291e+01
4.674117070312499891e+02,-7.478337346954636189e+01
4.674120000000000346e+02,-7.783795194883066415e+01
4.674122929687500232e+02,-7.870956991390454505e+01
4.674125859375000118e+02,-9.034409558465941359e+01
4.674128789062500005e+02,-7.837467081497686650e+01
4.674131718749999891e+02,-8.274038697367669215e+01
4.674134648437500346e+02,-7.960002217817687153e+01
4.674137578125000232e+02,-7.455585633597539186e+01
4.674140507812500118e+02,-8.046762311446711635e+01
4.674143437500000005e+02,-7.595077672966608873e+01
4.674146367187499891e+02,-7.477728367728565217e+01
4.674149296875000346e+02,-7.525090950799244638e+01
4.674152226562500232e+02,-7.298568029626028419e+01
4.674155156250000118e+02,-7.518777910923719787e+01
4.674158085937500005e+02,-8.649570787423387230e+01
4.674161015624999891e+02,-7.714481194160086375e+01
4.674163945312500346e+02,-7.989201357037050855e+01
4.674166875000000232e+02,-7.831735835439918958e+01
4.674169804687500118e+02,-8.910077062517558488e+01
4.674172734375000005e+02,-8.450013748663982938e+01
4.674175664062499891e+02,-1.068517433722802537e+02
4.674178593750000346e+02,-7.650913211098651345e+01
4.674181523437500232e+02,-7.652815325765823218e+01
4.674184453125000118e+02,-8.399156863179695165e+01
4.674187382812500005e+02,-7.697540387248201910e+01
4.674190312499999891e+02,-6.583065527927774951e+01
4.674193242187500346e+02,-6.883619259665104551e+01
4.674196171875000232e+02,-8.306286500041238696e+01
4.674199101562500118e+02,-8.171285888953720189e+01
4.674202031250000005e+02,-7.971578244806174496e+01
4.674204960937499891e+02,-8.090331704337366148e+01
4.674207890625000346e+02,-8.342133285889921979e+01
4.674210820312500232e+02,-9.875479638358251577e+01
4.674213750000000118e+02,-8.223229942641341950e+01
4.674216679687500005e+02,-7.403634144282528950e+01
4.674219609374999891e+02,-7.283566685136072749e+01
4.674222539062500346e+02,-8.206179326929375861e+01
4.674225468750000232e+02,-7.514716393582598641e+01
4.674228398437500118e+02,-7.397061012499891319e+01
4.674231328125000005e+02,-7.968265254555214483e+01
4.674234257812499891e+02,-7.541984195588197792e+01
4.674237187500000346e+02,-7.815044880414197337e+01
4.674240117187500232e+02,-7.925983917259114264e+01
4.674243046875000118e+02,-8.048632566202213923e+01
4.674245976562500005e+02,-8.110647573874163641e+01
4.674248906249999891e+02,-7.692439983936287717e+01
4.674251835937500346e+02,-7.872450956193750926e+01
4.674254765625000232e+02,-8.734105644579337024e+01
4.674257695312500118e+02,-8.156040559478248042e+01
4.674260625000000005e+02,-7.498336808133815623e+01
4.674263554687499891e+02,-7.525317776835026962e+01
4.674266484375000346e+02,-7.448842139806916407e+01
4.674269414062500232e+02,-7.712971322688130726e+01
4.674272343750000118e+02,-8.524938151719143775e+01
4.674275273437500005e+02,-7.921242017553512937e+01
4.674278203124999891e+02,-7.972493004895765978e+01
4.674281132812500346e+02,-8.671260247460409687e+01
4.674284062500000232e+02,-7.715041234225957112e+01
4.674286992187500118e+02,-7.448351420963503244e+01
4.674289921875000005e+02,-7.907064124505579628e+01
4.674292851562499891e+02,-8.589612094172500179e+01
4.674295781250000346e+02,-9.182353778156158342e+01
4.674298710937500232e+02,-8.235911232385006997e+01
4.674301640625000118e+02,-7.628283092789274633e+01
4.674304570312500005e+02,-7.702628337373381839e+01
4.674307499999999891e+02,-8.236697251054435753e+01
4.674310429687500346e+02,-7.987178927579462595e+01
4.674313359375000232e+02,-8.380373893467930202e+01
4.674316289062500118e+02,-7.990917878734097712e+01
4.674319218750000005e+02,-8.018877663080962748e+01
4.674322148437499891e+02,-7.955049178896355500e+01
4.674325078125000346e+02,-8.136430462832443311e+01
4.674328007812500232e+02,-8.474332773335908087e+01
4.674330937500000118e+02,-7.738269117234864325e+01
4.674333867187500005e+02,-7.494333059605403946e+01
4.674336796874999891e+02,-7.316351311909109256e+01
4.674339726562500346e+02,-7.841482607324208232e+01
4.674342656250000232e+02,-8.112111617856017176e+01
4.674345585937500118e+02,-7.522555377539573840e+01
4.674348515625000005e+02,-7.357350461224676508e+01
4.674351445312499891e+02,-7.422953107936470474e+01
4.674354375000000346e+02,-7.710111850848620918e+01
4.674357304687500232e+02,-7.610326755221240091e+01
4.674360234375000118e+02,-7.483295950922143902e+01
4.674363164062500005e+02,-8.004380289419918881e+01
4.674366093749999891e+02,-7.973945700132662751e+01
4.674369023437500346e+02,-8.130556735942620605e+01
4.674371953125000232e+02,-8.198294277635940830e+01
4.674374882812500118e+02,-8.920380406506218662e+01
4.674377812500000005e+02,-8.537264331955199737e+01
4.674380742187499891e+02,-9.802723767551174205e+01
4.674383671875000346e+02,-9.594492313471067746e+01
4.674386601562500232e+02,-8.837886798712780489e+01
4.674389531250000118e+02,-7.942014753503366364e+01
4.674392460937500005e+02,-7.950111369913862802e+01
4.674395390624999891e+02,-8.322165298735562544e+01
4.674398320312500346e+02,-7.893273547800231427e+01
4.674401250000000232e+02,-8.391334852741820782e+01
4.674404179687500118e+02,-8.698708969252074041e+01
4.674407109375000005e+02,-8.160261067564138671e+01
4.674410039062499891e+02,-9.278230591996027954e+01
4.674412968750000346e+02,-9.094106861410401166e+01
4.674415898437500232e+02,-8.156628388243227334e+01
4.674418828125000118e+02,-7.882102188044386537e+01
4.674421757812500005e+02,-7.846004913028680505e+01
4.674424687499999891e+02,-8.289346986306490805e+01
4.674427617187500346e+02,-8.296787827500872936e+01
4.674430546875000232e+02,-8.065304046398563287e+01
4.674433476562500118e+02,-8.511493329229928406e+01
4.674436406250000005e+02,-8.448034116392648230e+01
4.674439335937499891e+02,-8.220499760492559460e+01
4.674442265625000346e+02,-8.427425568684182622e+01
4.674445195312500232e+02,-7.319045512053308755e+01
4.674448125000000118e+02,-7.313600432244841443e+01
4.674451054687500005e+02,-8.351454186939682245e+01
4.674453984374999891e+02,-9.116653520694814006e+01
4.674456914062500346e+02,-7.915931843244072752e+01
4.674459843750000232e+02,-7.537457328677800206e+01
4.674462773437500118e+02,-7.598220129477581963e+01
4.674465703125000005e+02,-7.903701442832220891e+01
4.674468632812499891e+02,-8.081420366018991785e+01
4.674471562500000346e+02,-8.239588155061395014e+01
4.674474492187500232e+02,-8.232265231585842002e+01
4.674477421875000118e+02,-8.130883985448102180e+01
4.674480351562500005e+02,-7.829024759771446895e+01
4.674483281249999891e+02,-8.658436695040919062e+01
4.674486210937500346e+02,-8.407278092046253448e+01
4.674489140625000232e+02,-8.059689037809005185e+01
4.674492070312500118e+02,-7.892992496171652306e+01
4.674495000000000005e+02,-8.793154974440352589e+01
4.674497929687499891e+02,-8.212777184003269326e+01
4.674500859375000346e+02,-7.770053399721834353e+01
4.674503789062500232e+02,-8.359999111961644758e+01
4.674506718750000118e+02,-8.045709868524129149e+01
4.674509648437500005e+02,-8.129494052058083753e+01
4.674512578124999891e+02,-7.914657160375641354e+01
4.674515507812500346e+02,-7.694209006217566582e+01
4.674518437500000232e+02,-8.242815735113411790e+01
4.674521367187500118e+02,-7.966777529054346019e+01
4.674524296875000005e+02,-8.080122705571289998e+01
4.674527226562499891e+02,-8.272433995538939655e+01
4.674530156250000346e+02,-8.522692276306224812e+01
4.674533085937500232e+02,-9.503605927755417326e+01
4.674536015625000118e+02,-7.910091580816435908e+01
4.674538945312500005e+02,-7.521680715438417053e+01
4.674541874999999891e+02,-7.781272823227608626e+01
4.674544804687500346e+02,-8.174034637196514552e+01
4.674547734375000232e+02,-8.576292683645645809e+01
4.674550664062500118e+02,-7.594165557766800134e+01
4.674553593750000005e+02,-7.498727541417071052e+01
4.674556523437499891e+02,-7.632328029626562227e+01
4.674559453125000346e+02,-7.587428756715235068e+01
4.674562382812500232e+02,-8.246756601286450916e+01
4.674565312500000118e+02,-8.447942787558039868e+01
4.674568242187500005e+02,-7.973320586183038472e+01
4.674571171874999891e+02,-8.150726713833385872e+01
4.674574101562500346e+02,-8.770408204758366821e+01
4.674577031250000232e+02,-8.573141507387813931e+01
4.674579960937500118e+02,-8.401276748830906627e+01
4.674582890625000005e+02,-7.865817120553361974e+01
4.674585820312499891e+02,-8.094029055762119640e+01
4.674588750000000346e+02,-8.995194648421949069e+01
4.674591679687500232e+02,-8.265900671770239683e+01
4.674594609375000118e+02,-8.714654957408117752e+01
4.674597539062500005e+02,-8.454320255025405118e+01
4.674600468749999891e+02,-7.695837952419934425e+01
4.674603398437500346e+02,-7.788623842882290660e+01
4.674606328125000232e+02,-7.989878219440149110e+01
4.674609257812500118e+02,-7.541561438913545601e+01
4.674612187500000005e+02,-7.521616660504727747e+01
4.674615117187499891e+02,-7.586863560342835910e+01
4.674618046875000346e+02,-7.466874759770152536e+01
4.674620976562500232e+02,-7.354391553175453566e+01
4.674623906250000118e+02,-7.647636884574353644e+01
4.674626835937500005e+02,-8.852570418598770630e+01
4.674629765624999891e+02,-8.708191100386356709e+01
4.674632695312500346e+02,-8.140480763855933333e+01
4.674635625000000232e+02,-7.894186487152171594e+01
4.674638554687500118e+02,-7.830431869251145827e+01
4.674641484375000005e+02,-8.746209135351342923e+01
4.674644414062499891e+02,-6.940581550062721305e+01
4.674647343750000346e+02,-7.321640395019029768e+01
4.674650273437500232e+02,-8.182902390739454290e+01
4.674653203125000118e+02,-8.355508272857788654e+01
4.674656132812500005e+02,-8.331986586607848722e+01
4.674659062499999891e+02,-7.415500576979530933e+01
4.674661992187500346e+02,-7.604962254732727445e+01
4.674664921875000232e+02,-8.058439694425152311e+01
4.674667851562500118e+02,-7.322511034855955359e+01
4.674670781250000005e+02,-7.221367236421734503e+01
4.674673710937499891e+02,-7.508396307444668594e+01
4.674676640625000346e+02,-8.166477987216403278e+01
4.674679570312500232e+02,-7.338404131654340290e+01
4.674682500000000118e+02,-7.633776456376261876e+01
4.674685429687500005e+02,-8.199241830845450352e+01
4.674688359374999891e+02,-8.349997910449785365e+01
4.674691289062500346e+02,-7.749543296861207864e+01
4.674694218750000232e+02,-8.285438033044415818e+01
4.674697148437500118e+02,-8.162849347074444495e+01
4.674700078125000005e+02,-7.874111732805691588e+01
4.674703007812499891e+02,-8.644835982652264761e+01
4.674705937500000346e+02,-8.116227477835718673e+01
4.674708867187500232e+02,-7.808285448847031773e+01
4.674711796875000118e+02,-8.466300068781087873e+01
4.674714726562500005e+02,-7.575141239908603552e+01
4.674717656249999891e+02,-7.510445234264409464e+01
4.674720585937500346e+02,-7.616237118510601078e+01
4.674723515625000232e+02,-7.338101220086359433e+01
4.674726445312500118e+02,-7.370874566606219958e+01
4.674729375000000005e+02,-6.915514168830073061e+01
4.674732304687499891e+02,-6.410599746349312511e+01
4.674735234375000346e+02,-6.838672154070989961e+01
4.674738164062500232e+02,-7.108570716341114348e+01
4.674741093750000118e+02,-7.881878016964149936e+01
4.674744023437500005e+02,-7.566642225834725366e+01
4.674746953124999891e+02,-8.100498914287628338e+01
4.674749882812500346e+02,-7.507145787255038272e+01
4.674752812500000232e+02,-7.990265521371293289e+01
4.674755742187500118e+02,-7.001722579118523981e+01
4.674758671875000005e+02,-6.527830247060140323e+01
4.674761601562499891e+02,-6.803225687839132263e+01
4.674764531250000346e+02,-6.931478203070935251e+01
4.674767460937500232e+02,-6.802801364898392933e+01
4.674770390625000118e+02,-6.874616761846202451e+01
4.674773320312500005e+02,-7.493121652210837169e+01
4.674776249999999891e+02,-7.321362427792070093e+01
4.674779179687500346e+02,-9.051510655865754984e+01
4.674782109375000232e+02,-7.749391658225212609e+01
4.674785039062500118e+02,-7.453685242703561187e+01
4.674787968750000005e+02,-7.310773519405640286e+01
4.674790898437499891e+02,-7.248159768259145608e+01
4.674793828125000346e+02,-7.402485093866359023e+01
4.674796757812500232e+02,-6.878466192837508686e+01
4.674799687500000118e+02,-7.370083527256223022e+01
4.674802617187500005e+02,-6.845590832967425854e+01
4.674805546874999891e+02,-7.663581817628897852e+01
4.674808476562500346e+02,-7.757028119809240252e+01
4.674811406250000232e+02,-5.828295197742829714e+01
4.674814335937500118e+02,-5.667433812661855086e+01
4.674817265625000005e+02,-7.213516285046770804e+01
4.674820195312499891e+02,-8.446798477949664630e+01
4.674823125000000346e+02,-7.737656521333791204e+01
4.674826054687500232e+02,-7.563122157435007864e+01
4.674828984375000118e+02,-6.954497554319436858e+01
4.674831914062500005e+02,-6.796628008715106262e+01
4.674834843749999891e+02,-8.992655370783657531e+01
4.674837773437500346e+02,-6.433539787023555334e+01
4.674840703125000232e+02,-6.161747200282653125e+01
4.674843632812500118e+02,-6.604104372226053954e+01
4.674846562500000005e+02,-8.276343780307557552e+01
4.674849492187499891e+02,-6.729223876957573225e+01
4.674852421875000346e+02,-6.584640809279761697e+01
4.674855351562500232e+02,-7.243570363599762629e+01
4.674858281250000118e+02,-7.101983041517847539e+01
4.674861210937500005e+02,-7.375422949601149014e+01
4.674864140624999891e+02,-7.424550150640641277e+01
4.674867070312500346e+02,-7.431790838732781879e+01
4.674870000000000232e+02,-7.509487377091994631e+01
4.674872929687500118e+02,-7.614937025110437219e+01
4.674875859375000005e+02,-7.357630979891185063e+01
4.674878789062499891e+02,-8.034437029289654220e+01
4.674881718750000346e+02,-7.960171560140662450e+01
4.674884648437500232e+02,-7.723154606053489601e+01
4.674887578125000118e+02,-7.474516636925002899e+01
4.674890507812500005e+02,-6.993428034895300982e+01
4.674893437499999891e+02,-8.079572181490455307e+01
4.674896367187500346e+02,-7.128596413937940213e+01
4.674899296875000232e+02,-7.168774114716529766e+01
4.674902226562500118e+02,-6.991100365653893789e+01
4.674905156250000005e+02,-7.052357941459698054e+01
4.674908085937499891e+02,-8.568207281640853523e+01
4.674911015625000346e+02,-7.223726853560437178e+01
4.674913945312500232e+02,-6.987565227467979412e+01
4.674916875000000118e+02,-7.185986983101939529e+01
4.674919804687500005e+02,-8.327372537098405303e+01
4.674922734374999891e+02,-7.593890373059907972e+01
4.674925664062500346e+02,-7.587520759138205051e+01
4.674928593750000232e+02,-8.035966714377984488e+01
4.674931523437500118e+02,-8.516565710849091886e+01
4.674934453125000005e+02,-8.695478744812396599e+01
4.674937382812499891e+02,-8.589200012095415104e+01
4.674940312500000346e+02,-7.596463391558350509e+01
4.674943242187500232e+02,-7.437452489717641413e+01
4.674946171875000118e+02,-7.598090268336132169e+01
4.674949101562500005e+02,-7.647587847146209583e+01
4.674952031249999891e+02,-8.006151941328647581e+01
4.674954960937500346e+02,-7.114047757523879056e+01
4.674957890625000232e+02,-7.035928849931276829e+01
4.674960820312500118e+02,-7.368673652265164264e+01
4.674963750000000005e+02,-7.635896660476805664e+01
4.674966679687499891e+02,-8.091305983939398061e+01
4.674969609375000346e+02,-8.062324677319523403e+01
4.674972539062500232e+02,-7.217533266110618229e+01
4.674975468750000118e+02,-7.326691949675380044e+01
4.674978398437500005e+02,-7.312657582150826840e+01
4.674981328124999891e+02,-7.495260866549288892e+01
4.674984257812500346e+02,-8.338740755176243624e+01
4.674987187500000232e+02,-7.646889232730141828e+01
4.674990117187500118e+02,-7.314938576637469225e+01
4.674993046875000005e+02,-7.926245118480251506e+01
4.674995976562499891e+02,-9.070084771796453538e+01
4.674998906250000346e+02,-8.384649450423218298e+01
4.675001835937500232e+02,-7.680666392595293246e+01
4.675004765625000118e+02,-7.083718903250583310e+01
4.675007695312500005e+02,-7.146303170085997181e+01
4.675010624999999891e+02,-7.351531814068253823e+01
4.675013554687500346e+02,-7.285476703035608637e+01
4.675016484375000232e+02,-7.438059922144093150e+01
4.675019414062500118e+02,-7.883400788170570195e+01
4.675022343750000005e+02,-7.890506137927827979e+01
4.675025273437499891e+02,-8.070838214316560766e+01
4.675028203125000346e+02,-7.878952657844484975e+01
4.675031132812500232e+02,-7.946573545094081226e+01
4.675034062500000118e+02,-7.815522894385105701e+01
4.675036992187500005e+02,-7.697080222605006838e+01
4.675039921874999891e+02,-7.679943036041368032e+01
4.675042851562500346e+02,-7.586674001181941662e+01
4.675045781250000232e+02,-7.370723510945448709e+01
4.675048710937500118e+02,-7.379564319827267127e+01
4.675051640625000005e+02,-7.178442565813331555e+01
4.675054570312499891e+02,-7.221797953792643909e+01
4.675057500000000346e+02,-7.711498829587979742e+01
4.675060429687500232e+02,-7.552362494822889971e+01
4.675063359375000118e+02,-7.363166933092654176e+01
4.675066289062500005e+02,-7.414730150162422717e+01
4.675069218749999891e+02,-8.544802683045605818e+01
4.675072148437500346e+02,-8.133521281006852632e+01
4.675075078125000232e+02,-7.417746776387255636e+01
4.675078007812500118e+02,-7.710418125259874955e+01
4.675080937500000005e+02,-8.653171216398099830e+01
4.675083867187499891e+02,-7.678515435584229465e+01
4.675086796875000346e+02,-7.950874746267840010e+01
4.675089726562500232e+02,-8.087808023395545831e+01
4.675092656250000118e+02,-7.598680683644366241e+01
4.675095585937500005e+02,-7.867300421799154719e+01
4.675098515624999891e+02,-8.039961174116065479e+01
4.675101445312500346e+02,-7.619997702053966293e+01
4.675104375000000232e+02,-8.033930042559789797e+01
4.675107304687500118e+02,-7.583362977142012085e+01
4.675110234375000005e+02,-7.452461382280502278e+01
4.675113164062499891e+02,-7.517516205047651567e+01
4.675116093750000346e+02,-7.693625724741127669e+01
4.675119023437500232e+02,-9.417132238593922011e+01
4.675121953125000118e+02,-8.400872450118136214e+01
4.675124882812500005e+02,-7.883990386940341466e+01
4.675127812499999891e+02,-8.407330962239529981e+01
4.675130742187500346e+02,-7.905736892983885866e+01
4.675133671875000232e+02,-8.015869352423726468e+01
4.675136601562500118e+02,-7.642581570769799271e+01
4.675139531250000005e+02,-7.326463006177887394e+01
4.675142460937499891e+02,-7.415503388646160943e+01
4.675145390625000346e+02,-7.860035017956593606e+01
4.675148320312500232e+02,-8.099498887575694539e+01
4.675151250000000118e+02,-8.233948139114063736e+01
4.675154179687500005e+02,-7.362737883102944636e+01
4.675157109374999891e+02,-7.424896045903382458e+01
4.675160039062500346e+02,-7.564886099795531038e+01
4.675162968750000232e+02,-7.512726265027961858e+01
4.675165898437500118e+02,-7.837155886572163865e+01
4.675168828125000005e+02,-7.370470044677863086e+01
4.675171757812499891e+02,-7.115293404782943298e+01
4.675174687500000346e+02,-7.584505119034650988e+01
4.675177617187500232e+02,-7.930649414078982318e+01
4.675180546875000118e+02,-7.603895104106844371e+01
4.675183476562500005e+02,-7.269760284196729572e+01
4.675186406249999891e+02,-7.320306610159343563e+01
4.675189335937500346e+02,-7.595086073724601761e+01
4.675192265625000232e+02,-8.005699085540788928e+01
4.675195195312500118e+02,-8.962081800643319696e+01
4.675198125000000005e+02,-9.396738599936986702e+01
4.675201054687499891e+02,-8.885533256736145802e+01
4.675203984375000346e+02,-8.756037468017495939e+01
4.675206914062500232e+02,-7.838002598865156756e+01
4.675209843750000118e+02,-7.407599772075261058e+01
4.675212773437500005e+02,-7.432229628398883392e+01
4.675215703124999891e+02,-7.334825879318577790e+01
4.675218632812500346e+02,-7.145604743776142698e+01
4.675221562500000232e+02,-7.285383737834827400e+01
4.675224492187500118e+02,-7.078764046078204331e+01
4.675227421875000005e+02,-6.626191462200995375e+01
4.675230351562499891e+02,-6.826222833812231272e+01
4.675233281250000346e+02,-7.223419486764821329e+01
4.675236210937500232e+02,-7.508706700317500804e+01
4.675239140625000118e+02,-7.752733664349614173e+01
4.675242070312500005e+02,-8.505720315869540116e+01
4.675244999999999891e+02,-8.544890046017705743e+01
4.675247929687500346e+02,-7.772265703617492250e+01
4.675250859375000232e+02,-8.196665451675235659e+01
4.675253789062500118e+02,-7.495386663542154793e+01
4.675256718750000005e+02,-7.348018035126295899e+01
4.675259648437499891e+02,-7.693161318798564707e+01
4.675262578125000346e+02,-6.640557104179070791e+01
4.675265507812500232e+02,-5.080861602899146590e+01
4.675268437500000118e+02,-5.147739994980582168e+01
4.675271367187500005e+02,-7.057318719285183306e+01
4.675274296874999891e+02,-8.199285530825244450e+01
4.675277226562500346e+02,-7.471310493031151623e+01
4.675280156250000232e+02,-7.358452394732529456e+01
4.675283085937500118e+02,-7.600388449954988346e+01
4.675286015625000005e+02,-7.405622412757695372e+01
4.675288945312499891e+02,-7.124394561763995171e+01
4.675291875000000346e+02,-6.767885723445233737e+01
4.675294804687500232e+02,-6.704751221444860221e+01
4.675297734375000118e+02,-7.119886640405673006e+01
4.675300664062500005e+02,-9.829045665003735621e+01
4.675303593749999891e+02,-7.041685810489165931e+01
4.675306523437500346e+02,-6.764010688634159862e+01
4.675309453125000232e+02,-6.673191971062142613e+01
4.675312382812500118e+02,-6.880909710013634140e+01
4.675315312500000005e+02,-7.713754506519829590e+01
4.675318242187499891e+02,-6.819394078052778241e+01
4.675321171875000346e+02,-6.238836056181688150e+01
4.675324101562500232e+02,-6.825792296040449969e+01
4.675327031250000118e+02,-7.321320865187925619e+01
4.675329960937500005e+02,-7.535137272636362127e+01
4.675332890624999891e+02,-7.468910421281313461e+01
4.675335820312500346e+02,-6.932219334105062103e+01
4.675338750000000232e+02,-7.204372057155242715e+01
4.675341679687500118e+02,-6.820934392961885351e+01
4.675344609375000005e+02,-7.169192624092926280e+01
4.675347539062499891e+02,-7.204214712537917364e+01
4.675350468750000346e+02,-6.819892413740284098e+01
4.675353398437500232e+02,-6.893065294518733310e+01
4.675356328125000118e+02,-7.066808103005219266e+01
4.675359257812500005e+02,-7.139692849926744600e+01
4.675362187499999891e+02,-7.468699963986034618e+01
4.675365117187500346e+02,-8.598170153071806965e+01
4.675368046875000232e+02,-6.943989927176383503e+01
4.675370976562500118e+02,-7.348201757770583242e+01
4.675373906250000005e+02,-8.308755961136982648e+01
4.675376835937499891e+02,-7.501308584773693156e+01
4.675379765625000346e+02,-7.710086786915043433e+01
4.675382695312500232e+02,-8.054006535625150320e+01
4.675385625000000118e+02,-7.372708227721113872e+01
4.675388554687500005e+02,-6.582942744788782363e+01
4.675391484374999891e+02,-7.460836468609572592e+01
4.675394414062500346e+02,-7.688220237789003875e+01
4.675397343750000232e+02,-8.006340103480509640e+01
4.675400273437500118e+02,-8.698854716683956667e+01
4.675403203125000005e+02,-7.606983883390395818e+01
4.675406132812499891e+02,-7.298765338286645488e+01
4.675409062500000346e+02,-7.264929544302340503e+01
4.675411992187500232e+02,-8.157906043229459669e+01
4.675414921875000118e+02,-8.508710513336275483e+01
4.675417851562500005e+02,-7.066488624077719294e+01
4.675420781249999891e+02,-7.307019214262322748e+01
4.675423710937500346e+02,-7.447579647157311911e+01
4.675426640625000232e+02,-7.124024804087883922e+01
4.675429570312500118e+02,-8.018825431852734198e+01
4.675432500000000005e+02,-7.235571608352540807e+01
4.675435429687499891e+02,-6.769733926569516314e+01
4.675438359375000346e+02,-7.564070166451472232e+01
4.675441289062500232e+02,-7.692785973467768201e+01
4.675444218750000118e+02,-7.625267696798567840e+01
4.675447148437500005e+02,-7.665569278295015465e+01
4.675450078124999891e+02,-8.158339612066129121e+01
4.675453007812500346e+02,-7.230338060026033986e+01
4.675455937500000232e+02,-7.850013972212464353e+01
4.675458867187500118e+02,-8.799856655372714442e+01
4.675461796875000005e+02,-8.027932214895245977e+01
4.675464726562499891e+02,-7.244635767644689395e+01
4.675467656250000346e+02,-6.927344912958113810e+01
4.675470585937500232e+02,-7.089303219142666990e+01
4.675473515625000118e+02,-6.715901406499837378e+01
4.675476445312500005e+02,-6.956899565334973090e+01
4.675479374999999891e+02,-7.301266144319087914e+01
4.675482304687500346e+02,-7.219026670836898063e+01
4.675485234375000232e+02,-7.644428299438769159e+01
4.675488164062500118e+02,-7.747847850498813216e+01
4.675491093750000005e+02,-7.238276497695389367e+01
4.675494023437499891e+02,-7.282316660782274198e+01
4.675496953125000346e+02,-7.179726635225959797e+01
4.675499882812500232e+02,-8.509607771320926872e+01
4.675502812500000118e+02,-8.657575478150654646e+01
4.675505742187500005e+02,-7.495156470862499987e+01
4.675508671874999891e+02,-6.774961735732107115e+01
4.675511601562500346e+02,-6.746392200644335446e+01
4.675514531250000232e+02,-6.787297155808316518e+01
4.675517460937500118e+02,-7.590206415428743014e+01
4.675520390625000005e+02,-6.676857270443541381e+01
4.675523320312499891e+02,-6.525697766070146599e+01
4.675526250000000346e+02,-6.504220398258121349e+01
4.675529179687500232e+02,-7.685473068085886439e+01
4.675532109375000118e+02,-8.639574115578440683e+01
4.675535039062500005e+02,-7.497722235917709099e+01
4.675537968749999891e+02,-6.953625782887905871e+01
4.675540898437500346e+02,-6.704262267674846498e+01
4.675543828125000232e+02,-6.764618317457856733e+01
4.675546757812500118e+02,-6.740792897675230222e+01
4.675549687500000005e+02,-6.499550986787978957e+01
4.675552617187499891e+02,-6.490930501808915665e+01
4.675555546875000346e+02,-6.839287379316286319e+01
4.675558476562500232e+02,-7.253330380348094764e+01
4.675561406250000118e+02,-6.642871880244173610e+01
4.675564335937500005e+02,-6.783143054053201126e+01
4.675567265624999891e+02,-8.602261911153489393e+01
4.675570195312500346e+02,-7.476103366130303129e+01
4.675573125000000232e+02,-7.330063695489610609e+01
4.675576054687500118e+02,-6.885973366919293426e+01
4.675578984375000005e+02,-8.305499000410284793e+01
4.675581914062499891e+02,-7.258438184218167066e+01
4.675584843750000346e+02,-6.761025238316338459e+01
4.675587773437500232e+02,-6.526674732354413777e+01
4.675590703125000118e+02,-6.659864388550001024e+01
4.675593632812500005e+02,-6.998489220791590526e+01
4.675596562499999891e+02,-8.198719606854356812e+01
4.675599492187500346e+02,-8.471489557330100695e+01
4.675602421875000232e+02,-7.789157772386732859e+01
4.675605351562500118e+02,-8.033452221437639196e+01
4.675608281250000005e+02,-7.091075002595044907e+01
4.675611210937499891e+02,-6.701267951567352554e+01
4.675614140625000346e+02,-6.376389703059084013e+01
4.675617070312500232e+02,-6.294591239626826962e+01
4.675620000000000118e+02,-7.064207390658833674e+01
4.675622929687500005e+02,-7.286447442621675918e+01
4.675625859374999891e+02,-6.522797678605569160e+01
4.675628789062500346e+02,-6.615646996549899939e+01
4.675631718750000232e+02,-6.648494183506811339e+01
4.675634648437500118e+02,-7.103950766761735736e+01
4.675637578125000005e+02,-7.149233593321190483e+01
4.675640507812499891e+02,-7.255969075820571845e+01
4.675643437500000346e+02,-7.257437604485826910e+01
4.675646367187500232e+02,-7.210055958355343364e+01
4.675649296875000118e+02,-7.267318448811101916e+01
4.675652226562500005e+02,-6.967562596263459795e+01
4.675655156249999891e+02,-7.473384267771804446e+01
4.675658085937500346e+02,-6.890378795771299281e+01
4.675661015625000232e+02,-7.444371901013799686e+01
4.675663945312500118e+02,-8.118315212195119557e+01
4.675666875000000005e+02,-8.426229371065940654e+01
4.675669804687499891e+02,-6.608046525765820434e+01
4.675672734375000346e+02,-6.359467140825177012e+01
4.675675664062500232e+02,-6.398773359121860693e+01
4.675678593750000118e+02,-6.466662822559582935e+01
4.675681523437500005e+02,-6.696953294849139127e+01
4.675684453124999891e+02,-6.726236078507649552e+01
4.675687382812500346e+02,-6.050502288298383036e+01
4.675690312500000232e+02,-6.048749019380003489e+01
4.675693242187500118e+02,-6.391992243288677145e+01
4.675696171875000005e+02,-6.447213795950436577e+01
4.675699101562499891e+02,-6.160936258615490146e+01
4.675702031250000346e+02,-6.439272800999606261e+01
4.675704960937500232e+02,-6.748776307318293277e+01
4.675707890625000118e+02,-7.502964877964291190e+01
4.675710820312500005e+02,-7.394503778197397992e+01
4.675713749999999891e+02,-6.565320982739207523e+01
4.675716679687500346e+02,-7.364543953294089818e+01
4.675719609375000232e+02,-6.946749769927467355e+01
4.675722539062500118e+02,-6.182946723229314756e+01
4.675725468750000005e+02,-5.960483126432375656e+01
4.675728398437499891e+02,-5.928943347649239115e+01
4.675731328125000346e+02,-5.875099901721239348e+01
4.675734257812500232e+02,-6.204077870203629175e+01
4.675737187500000118e+02,-6.570086729406757797e+01
4.675740117187500005e+02,-6.011620454683669834e+01
4.675743046874999891e+02,-5.534686611800086808e+01
4.675745976562500346e+02,-5.738977654271873519e+01
4.675748906250000232e+02,-6.994569452301108470e+01
4.675751835937500118e+02,-6.549049989018564588e+01
4.675754765625000005e+02,-5.975779394857629256e+01
4.675757695312499891e+02,-6.351160238003643599e+01
4.675760625000000346e+02,-6.730771725606902578e+01
4.675763554687500232e+02,-7.140266705705083439e+01
4.675766484375000118e+02,-6.850450722666045067e+01
4.675769414062500005e+02,-7.069315488564365069e+01
4.675772343749999891e+02,-6.243390638162136952e+01
4.675775273437500346e+02,-5.936801653652693034e+01
4.675778203125000232e+02,-6.041401720613166759e+01
4.675781132812500118e+02,-6.958978302692908358e+01
4.675784062500000005e+02,-6.199431278825028357e+01
4.675786992187499891e+02,-5.445598224536227150e+01
4.675789921875000346e+02,-5.420361942801289246e+01
4.675792851562500232e+02,-5.794070580420576277e+01
4.675795781250000118e+02,-7.068228564078486897e+01
4.675798710937500005e+02,-5.573530296522803695e+01
4.675801640624999891e+02,-5.520791261541624806e+01
4.675804570312500346e+02,-5.969299051333511130e+01
4.675807500000000232e+02,-6.031570340433684407e+01
4.675810429687500118e+02,-6.110776518206315444e+01
4.675813359375000005e+02,-5.886754413260945284e+01
4.675816289062499891e+02,-6.818643195716059324e+01
4.675819218750000346e+02,-6.448002142107247892e+01
4.675822148437500232e+02,-6.584793287083475377e+01
4.675825078125000118e+02,-6.970052237283677243e+01
4.675828007812500005e+02,-7.029715088571775539e+01
4.675830937499999891e+02,-6.078657412108506719e+01
4.675833867187500346e+02,-5.381752729550623116e+01
4.675836796875000232e+02,-5.611785924794946823e+01
4.675839726562500118e+02,-6.376596902119630528e+01
4.675842656250000005e+02,-5.853052749652115949e+01
4.675845585937499891e+02,-5.678244813203367869e+01
4.675848515625000346e+02,-5.298747764029822349e+01
4.675851445312500232e+02,-5.233948023144678530e+01
4.675854375000000118e+02,-6.024499398313785292e+01
4.675857304687500005e+02,-5.805823615190454490e+01
4.675860234374999891e+02,-5.089518704211422317e+01
4.675863164062500346e+02,-5.169216588510282406e+01
4.675866093750000232e+02,-5.816426645430291131e+01
4.675869023437500118e+02,-6.216821164434751523e+01
4.675871953125000005e+02,-5.840765950625134195e+01
4.675874882812499891e+02,-5.843636031874183345e+01
4.675877812500000346e+02,-6.153729684021751467e+01
4.675880742187500232e+02,-6.607660157980303950e+01
4.675883671875000118e+02,-6.043129354546678655e+01
4.675886601562500005e+02,-3.417745422001927125e+01
4.675889531249999891e+02,-2.995204845059287990e+01
4.675892460937500346e+02,-4.104343386250954495e+01
4.675895390625000232e+02,-7.204582206844710868e+01
4.675898320312500118e+02,-5.849339790595827537e+01
4.675901250000000005e+02,-5.554484590887660289e+01
4.675904179687499891e+02,-5.809490100542006985e+01
4.675907109375000346e+02,-6.467170725803445919e+01
4.675910039062500232e+02,-7.384205920243127252e+01
4.675912968750000118e+02,-5.641940028252963657e+01
4.675915898437500005e+02,-5.399420487033584948e+01
4.675918828124999891e+02,-5.588281034011679793e+01
4.675921757812500346e+02,-7.178838087817253211e+01
4.675924687500000232e+02,-5.597089727663166059e+01
4.675927617187500118e+02,-5.327719625413243421e+01
4.675930546875000005e+02,-5.555723744060386338e+01
4.675933476562499891e+02,-5.676979486259487118e+01
4.675936406250000346e+02,-5.766867892465914025e+01
4.675939335937500232e+02,-6.168423544990336183e+01
4.675942265625000118e+02,-5.329299903272666228e+01
4.675945195312500005e+02,-5.480806518685709960e+01
4.675948124999999891e+02,-6.867867345405046819e+01
4.675951054687500346e+02,-6.375840912480601474e+01
4.675953984375000232e+02,-6.323606306955082346e+01
4.675956914062500118e+02,-6.593384528201445960e+01
4.675959843750000005e+02,-6.690887077497481528e+01
4.675962773437499891e+02,-6.104316831674758959e+01
4.675965703125000346e+02,-5.692902349112500815e+01
4.675968632812500232e+02,-5.777873220602841542e+01
4.675971562500000118e+02,-5.791072375832019503e+01
4.675974492187500005e+02,-6.164844273290207610e+01
4.675977421874999891e+02,-5.669420080529636863e+01
4.675980351562500346e+02,-6.159757143009920810e+01
4.675983281250000232e+02,-6.368030271558442479e+01
4.675986210937500118e+02,-5.681407610316252743e+01
4.675989140625000005e+02,-5.711300476217373046e+01
4.675992070312499891e+02,-5.804095285557853856e+01
4.675995000000000346e+02,-7.063414417920951394e+01
4.675997929687500232e+02,-7.240394638474707278e+01
4.676000859375000118e+02,-6.065537285436906956e+01
4.676003789062500005e+02,-5.961808675842868865e+01
4.676006718749999891e+02,-6.342477771798161257e+01
4.676009648437500346e+02,-6.710137695376663203e+01
4.676012578125000232e+02,-6.301884616970846054e+01
4.676015507812500118e+02,-7.728177147625159193e+01
4.676018437500000005e+02,-6.592360270436255121e+01
4.676021367187499891e+02,-5.959000799407641580e+01
4.676024296875000346e+02,-6.053619183957670202e+01
4.676027226562500232e+02,-7.233902743441174721e+01
4.676030156250000118e+02,-6.360480944581723151e+01
4.676033085937500005e+02,-5.640392583556754857e+01
4.676036015624999891e+02,-5.825519018927060699e+01
4.676038945312500346e+02,-6.772904137076734798e+01
4.676041875000000232e+02,-6.447237517677864105e+01
4.676044804687500118e+02,-6.014806305851720225e+01
4.676047734375000005e+02,-6.201355906111878369e+01
4.676050664062499891e+02,-6.229728986411508629e+01
4.676053593750000346e+02,-6.119841331692413888e+01
4.676056523437500232e+02,-6.417979460691501004e+01
4.676059453125000118e+02,-7.240144911278328266e+01
4.676062382812500005e+02,-7.685951180694873131e+01
4.676065312499999891e+02,-7.115819985985811513e+01
4.676068242187500346e+02,-7.785845921004482761e+01
4.676071171875000232e+02,-6.539616886528740736e+01
4.676074101562500118e+02,-6.354404948057467806e+01
4.676077031250000005e+02,-6.111926384210229202e+01
4.676079960937499891e+02,-6.193129686961241731e+01
4.676082890625000346e+02,-6.530667817454900614e+01
4.676085820312500232e+02,-5.978406942375531230e+01
4.676088750000000118e+02,-5.883168186231304730e+01
4.676091679687500005e+02,-6.055725272903735146e+01
4.676094609374999891e+02,-6.580553148612308689e+01
4.676097539062500346e+02,-6.503711488206364777e+01
4.676100468750000232e+02,-6.324664901592705490e+01
4.676103398437500118e+02,-6.375893796555737225e+01
4.676106328125000005e+02,-6.539859764444729251e+01
4.676109257812499891e+02,-7.706645390297676101e+01
4.676112187500000346e+02,-7.583246757256088699e+01
4.676115117187500232e+02,-8.266572355558368201e+01
4.676118046875000118e+02,-7.433628073248269175e+01
4.676120976562500005e+02,-7.149586055076129298e+01
4.676123906249999891e+02,-7.370668596823806240e+01
4.676126835937500346e+02,-6.921907159927928888e+01
4.676129765625000232e+02,-7.049332848189567358e+01
4.676132695312500118e+02,-7.149365971584508372e+01
4.676135625000000005e+02,-6.788428059848324381e+01
4.676138554687499891e+02,-6.921247602310623392e+01
4.676141484375000346e+02,-6.872929588709233428e+01
4.676144414062500232e+02,-6.913421609078415031e+01
4.676147343750000118e+02,-7.201151957831396544e+01
4.676150273437500005e+02,-7.366096745973632665e+01
4.676153203124999891e+02,-7.068662264481613988e+01
4.676156132812500346e+02,-7.031589956649182227e+01
4.676159062500000232e+02,-6.682023673337523917e+01
4.676161992187500118e+02,-6.479682212877439440e+01
4.676164921875000005e+02,-6.962506448252591440e+01
4.676167851562499891e+02,-7.055575176834599915e+01
4.676170781250000346e+02,-6.945622238441784191e+01
4.676173710937500232e+02,-8.119200540920559206e+01
4.676176640625000118e+02,-8.578084054826469185e+01
4.676179570312500005e+02,-8.191553607257331748e+01
4.676182499999999891e+02,-7.395978099056675603e+01
4.676185429687500346e+02,-6.512207875204870788e+01
4.676188359375000232e+02,-6.509230264815019495e+01
4.676191289062500118e+02,-6.721170211195081379e+01
4.676194218750000005e+02,-7.413007130300894687e+01
4.676197148437499891e+02,-7.828924215132728648e+01
4.676200078125000346e+02,-6.685968302344144831e+01
4.676203007812500232e+02,-6.813489027285339716e+01
4.676205937500000118e+02,-7.998988415179466926e+01
4.676208867187500005e+02,-7.964727915280151649e+01
4.676211796874999891e+02,-7.743195770927086130e+01
4.676214726562500346e+02,-7.007267299817092976e+01
4.676217656250000232e+02,-7.318261289503384148e+01
4.676220585937500118e+02,-7.833782197002726377e+01
4.676223515625000005e+02,-7.034957617299225774e+01
4.676226445312499891e+02,-6.683392939035572056e+01
4.676229375000000346e+02,-6.908938137809067825e+01
4.676232304687500232e+02,-7.400837234327349279e+01
4.676235234375000118e+02,-7.198226635062187029e+01
4.676238164062500005e+02,-7.557122867988856285e+01
4.676241093749999891e+02,-8.262807753249023790e+01
4.676244023437500346e+02,-8.708943253687927211e+01
4.676246953125000232e+02,-7.785269796178675961e+01
4.676249882812500118e+02,-6.857317265903658665e+01
4.676252812500000005e+02,-6.552410966900998801e+01
4.676255742187499891e+02,-6.660910477257361606e+01
4.676258671875000346e+02,-7.333660430716237499e+01
4.676261601562500232e+02,-7.007042329130328540e+01
4.676264531250000118e+02,-6.920276516328988237e+01
4.676267460937500005e+02,-7.002358068576059225e+01
4.676270390624999891e+02,-6.967723802468371730e+01
4.676273320312500346e+02,-7.512917516796467510e+01
4.676276250000000232e+02,-8.424772154421683013e+01
4.676279179687500118e+02,-9.001957778681534705e+01
4.676282109375000005e+02,-7.929297144350852022e+01
4.676285039062499891e+02,-7.195897399721006593e+01
4.676287968750000346e+02,-7.547794634782658818e+01
4.676290898437500232e+02,-8.346605850098171686e+01
4.676293828125000118e+02,-8.972976272333788472e+01
4.676296757812500005e+02,-7.805025759698584409e+01
4.676299687499999891e+02,-8.057877455262570265e+01
4.676302617187500346e+02,-7.513925999764428809e+01
4.676305546875000232e+02,-7.886286555077747096e+01
4.676308476562500118e+02,-7.389399737170404592e+01
4.676311406250000005e+02,-6.835930372024927237e+01
4.676314335937499891e+02,-6.769797489578537864e+01
4.676317265625000346e+02,-7.089124230562339335e+01
4.676320195312500232e+02,-9.137305406903762162e+01
4.676323125000000118e+02,-8.381936719115181234e+01
4.676326054687500005e+02,-7.825169258442154785e+01
4.676328984374999891e+02,-8.022553719014183571e+01
4.676331914062500346e+02,-7.689963324562442892e+01
4.676334843750000232e+02,-7.571440432914586438e+01
4.676337773437500118e+02,-7.610060946047076413e+01
4.676340703125000005e+02,-8.690032327340618679e+01
4.676343632812499891e+02,-7.413437527832213902e+01
4.676346562500000346e+02,-7.258639744742863797e+01
4.676349492187500232e+02,-8.294643360074502425e+01
4.676352421875000118e+02,-8.464438050832703198e+01
4.676355351562500005e+02,-7.324599849309338140e+01
4.676358281249999891e+02,-8.239790508809421965e+01
4.676361210937500346e+02,-7.694753689853891387e+01
4.676364140625000232e+02,-6.616430013354484174e+01
4.676367070312500118e+02,-7.257893940367800667e+01
4.676370000000000005e+02,-7.280661846288474237e+01
4.676372929687499891e+02,-7.385627926306452196e+01
4.676375859375000346e+02,-7.899060448750758212e+01
4.676378789062500232e+02,-6.932860237572154460e+01
4.676381718750000118e+02,-7.296829484888650086e+01
4.676384648437500005e+02,-7.272098942394839582e+01
4.676387578124999891e+02,-7.330925482053527276e+01
4.676390507812500346e+02,-7.116065756156869782e+01
4.676393437500000232e+02,-8.325117208821893655e+01
4.676396367187500118e+02,-7.304586842532509650e+01
4.676399296875000005e+02,-7.617025274659800971e+01
4.676402226562499891e+02,-7.823897385913959113e+01
4.676405156250000346e+02,-7.539686788829581587e+01
4.676408085937500232e+02,-7.388654432863263821e+01
4.676411015625000118e+02,-7.409429865746650989e+01
4.676413945312500005e+02,-7.372577018776996738e+01
4.676416874999999891e+02,-7.520491223373932144e+01
4.676419804687500346e+02,-7.207574652836660789e+01
4.676422734375000232e+02,-7.244948489285731341e+01
4.676425664062500118e+02,-7.406407636962153163e+01
4.676428593750000005e+02,-7.323150947851330272e+01
4.676431523437499891e+02,-6.980962284484670022e+01
4.676434453125000346e+02,-6.810290738169805991e+01
4.676437382812500232e+02,-6.951550809017469135e+01
4.676440312500000118e+02,-7.164537175147970061e+01
4.676443242187500005e+02,-7.228174508295998635e+01
4.676446171874999891e+02,-8.345443597576630168e+01
4.676449101562500346e+02,-7.603460814505592680e+01
4.676452031250000232e+02,-7.457068388916610502e+01
4.676454960937500118e+02,-7.214150686223287323e+01
4.676457890625000005e+02,-7.422795153251858835e+01
4.676460820312499891e+02,-7.542812677485778750e+01
4.676463750000000346e+02,-7.683342269734528429e+01
4.676466679687500232e+02,-8.252160998343826748e+01
4.676469609375000118e+02,-8.040864045391442971e+01
4.676472539062500005e+02,-6.986738601657802405e+01
4.676475468749999891e+02,-7.055489571998649012e+01
4.676478398437500346e+02,-7.387746644104882421e+01
4.676481328125000232e+02,-7.679600929723089564e+01
4.676484257812500118e+02,-7.996987218822243904e+01
4.676487187500000005e+02,-7.362545207403711345e+01
4.676490117187499891e+02,-7.249325605418341922e+01
4.676493046875000346e+02,-8.662675556505227803e+01
4.676495976562500232e+02,-7.586746460254521196e+01
4.676498906250000118e+02,-7.135003811191454304e+01
4.676501835937500005e+02,-7.688223291561867256e+01
4.676504765624999891e+02,-8.482307957725487313e+01
4.676507695312500346e+02,-5.848116392934418428e+01
4.676510625000000232e+02,-4.924284825017329581e+01
4.676513554687500118e+02,-5.451754144150109482e+01
4.676516484375000005e+02,-7.667259890733424754e+01
4.676519414062499891e+02,-7.465603107163411778e+01
4.676522343750000346e+02,-6.831349810220743279e+01
4.676525273437500232e+02,-6.932106959242031508e+01
4.676528203125000118e+02,-7.222475663641731103e+01
4.676531132812500005e+02,-7.902059527454909471e+01
4.676534062499999891e+02,-7.438380707264931857e+01
4.676536992187500346e+02,-6.589889971998761098e+01
4.676539921875000232e+02,-6.543395503056103735e+01
4.676542851562500118e+02,-7.315215107068213740e+01
4.676545781250000005e+02,-7.583402769765163498e+01
4.676548710937499891e+02,-6.939113771874670533e+01
4.676551640625000346e+02,-7.321371823252630406e+01
4.676554570312500232e+02,-6.966931763945841283e+01
4.676557500000000118e+02,-7.142360136340177235e+01
4.676560429687500005e+02,-8.063839571188194100e+01
4.676563359374999891e+02,-6.689671190047317850e+01
4.676566289062500346e+02,-6.476844193849109388e+01
4.676569218750000232e+02,-7.579229164993888901e+01
4.676572148437500118e+02,-6.967130203778941677e+01
4.676575078125000005e+02,-7.136556139657048448e+01
4.676578007812499891e+02,-7.806240489463598919e+01
4.676580937500000346e+02,-7.352749355587566527e+01
4.676583867187500232e+02,-7.077508471991183114e+01
4.676586796875000118e+02,-6.824987306420466382e+01
4.676589726562500005e+02,-7.374813403536566625e+01
4.676592656249999891e+02,-8.232653951674043924e+01
4.676595585937500346e+02,-7.170804603754392303e+01
4.676598515625000232e+02,-6.816359791658554457e+01
4.676601445312500118e+02,-6.886923749107990034e+01
4.676604375000000005e+02,-6.589331068303151540e+01
4.676607304687499891e+02,-6.636170948474975262e+01
4.676610234375000346e+02,-6.998219390224176095e+01
4.676613164062500232e+02,-7.237326539546886295e+01
4.676616093750000118e+02,-8.412960334050411859e+01
4.676619023437500005e+02,-7.498152075890267554e+01
4.676621953124999891e+02,-7.447134788933844618e+01
4.676624882812500346e+02,-6.972217231214237643e+01
4.676627812500000232e+02,-7.151818911854650196e+01
4.676630742187500118e+02,-8.395723121649098175e+01
4.676633671875000005e+02,-7.267684582387694547e+01
4.676636601562499891e+02,-7.429728137029698587e+01
4.676639531250000346e+02,-7.497793786692196250e+01
4.676642460937500232e+02,-7.339660420945722308e+01
4.676645390625000118e+02,-8.000833034836297486e+01
4.676648320312500005e+02,-8.023086855763895642e+01
4.676651249999999891e+02,-7.588303247663738205e+01
4.676654179687500346e+02,-6.847648449693211603e+01
4.676657109375000232e+02,-6.790554130146276179e+01
4.676660039062500118e+02,-7.956875167193180687e+01
4.676662968750000005e+02,-7.738729242665743868e+01
4.676665898437499891e+02,-7.187008736715935697e+01
4.676668828125000346e+02,-6.961550228035241616e+01
4.676671757812500232e+02,-7.444332214604827413e+01
4.676674687500000118e+02,-7.774402463669729002e+01
4.676677617187500005e+02,-7.443714059329704469e+01
4.676680546874999891e+02,-7.372834745516024668e+01
4.676683476562500346e+02,-7.199309259133525529e+01
4.676686406250000232e+02,-8.120514113177675597e+01
4.676689335937500118e+02,-7.571841957126164857e+01
4.676692265625000005e+02,-8.349065045238660332e+01
4.676695195312499891e+02,-7.681153805290408343e+01
4.676698125000000346e+02,-7.570225357041324799e+01
4.676701054687500232e+02,-7.597430585761132704e+01
4.676703984375000118e+02,-1.007594532622976971e+02
4.676706914062500005e+02,-8.797572551400685370e+01
4.676709843749999891e+02,-7.846307941834280086e+01
4.676712773437500346e+02,-7.696670228960118720e+01
4.676715703125000232e+02,-7.431541433361067561e+01
4.676718632812500118e+02,-7.992129858550818255e+01
4.676721562500000005e+02,-7.689763658160741500e+01
4.676724492187499891e+02,-7.424572451355837188e+01
4.676727421875000346e+02,-7.412819536701844925e+01
4.676730351562500232e+02,-7.512694638736546437e+01
4.676733281250000118e+02,-7.750021734821257269e+01
4.676736210937500005e+02,-7.579798403579272303e+01
4.676739140624999891e+02,-7.424502546393513569e+01
4.676742070312500346e+02,-7.097320503449309115e+01
4.676745000000000232e+02,-7.116499278462386258e+01
4.676747929687500118e+02,-7.408049593345960204e+01
4.676750859375000005e+02,-7.510738193459127388e+01
4.676753789062499891e+02,-7.375045398794392781e+01
4.676756718750000346e+02,-7.365240189103680279e+01
4.676759648437500232e+02,-7.978003155499855836e+01
4.676762578125000118e+02,-8.361978029812355828e+01
4.676765507812500005e+02,-8.383560855131784706e+01
4.676768437499999891e+02,-8.148419261447679673e+01
4.676771367187500346e+02,-7.965013614120390173e+01
4.676774296875000232e+02,-7.833329534214425394e+01
4.676777226562500118e+02,-8.720109845816550376e+01
4.676780156250000005e+02,-8.193379355034777234e+01
4.676783085937499891e+02,-8.066746335594048389e+01
4.676786015625000346e+02,-8.899150399111249499e+01
4.676788945312500232e+02,-8.530365187657486103e+01
4.676791875000000118e+02,-8.569070639264197098e+01
4.676794804687500005e+02,-8.122700449403616574e+01
4.676797734374999891e+02,-7.868660215394996271e+01
4.676800664062500346e+02,-9.021938302156331702e+01
4.676803593750000232e+02,-7.568557791360164799e+01
4.676806523437500118e+02,-7.679453104977062594e+01
4.676809453125000005e+02,-8.244877902092582644e+01
4.676812382812499891e+02,-9.299927196086011350e+01
4.676815312500000346e+02,-7.558907541702050992e+01
4.676818242187500232e+02,-7.757876955624763582e+01
4.676821171875000118e+02,-9.743608872420969647e+01
4.676824101562500005e+02,-8.161105842866889759e+01
4.676827031249999891e+02,-8.734399676646467015e+01
4.676829960937500346e+02,-8.644189036272088345e+01
4.676832890625000232e+02,-8.093927832486781426e+01
4.676835820312500118e+02,-7.837292809366095980e+01
4.676838750000000005e+02,-8.604243601762570393e+01
4.676841679687499891e+02,-7.389987779454973804e+01
4.676844609375000346e+02,-7.219458247490307201e+01
4.676847539062500232e+02,-7.346172320159024594e+01
4.676850468750000118e+02,-8.488016721453563207e+01
4.676853398437500005e+02,-8.162206838411941590e+01
4.676856328124999891e+02,-7.642967810012181928e+01
4.676859257812500346e+02,-7.370842120810888787e+01
4.676862187500000232e+02,-7.796002771399814435e+01
4.676865117187500118e+02,-8.202311974838501385e+01
4.676868046875000005e+02,-8.036241515394551982e+01
4.676870976562499891e+02,-8.696893987744077492e+01
4.676873906250000346e+02,-7.803976285404368696e+01
4.676876835937500232e+02,-7.703374880088010457e+01
4.676879765625000118e+02,-7.886284237803775454e+01
4.676882695312500005e+02,-7.356314765755570306e+01
4.676885624999999891e+02,-7.531588390967881708e+01
4.676888554687500346e+02,-8.163913787587864590e+01
4.676891484375000232e+02,-7.455657642096865345e+01
4.676894414062500118e+02,-7.226086792956441229e+01
4.676897343750000005e+02,-7.347757638752410969e+01
4.676900273437499891e+02,-6.942630385798507575e+01
4.676903203125000346e+02,-6.754825881722631209e+01
4.676906132812500232e+02,-7.255970419631422885e+01
4.676909062500000118e+02,-7.567190006635019017e+01
4.676911992187500005e+02,-7.294686217641877590e+01
4.676914921874999891e+02,-7.259869647064820697e+01
4.676917851562500346e+02,-7.686087310923849714e+01
4.676920781250000232e+02,-8.239045535159023359e+01
4.676923710937500118e+02,-8.167641397688952054e+01
4.676926640625000005e+02,-7.498181754075892513e+01
4.676929570312499891e+02,-7.940122041798304053e+01
4.676932500000000346e+02,-7.387618840498166151e+01
4.676935429687500232e+02,-7.123316623276275550e+01
4.676938359375000118e+02,-6.907625256134751623e+01
4.676941289062500005e+02,-7.317083048922462751e+01
4.676944218749999891e+02,-7.570359251792473287e+01
4.676947148437500346e+02,-8.431197272113391250e+01
4.676950078125000232e+02,-9.226450492926345248e+01
4.676953007812500118e+02,-7.250122049120760437e+01
4.676955937500000005e+02,-7.156619900778416365e+01
4.676958867187499891e+02,-8.030008161251370780e+01
4.676961796875000346e+02,-8.023054990369462303e+01
4.676964726562500232e+02,-8.420555895112022426e+01
4.676967656250000118e+02,-8.887205342534878127e+01
4.676970585937500005e+02,-7.775881959621656847e+01
4.676973515624999891e+02,-7.723116372207820746e+01
4.676976445312500346e+02,-7.429999999251077725e+01
4.676979375000000232e+02,-7.950346717283392195e+01
4.676982304687500118e+02,-7.830295048359607790e+01
4.676985234375000005e+02,-7.702159751267527099e+01
4.676988164062499891e+02,-7.871702774370602640e+01
4.676991093750000346e+02,-7.878141130610639209e+01
4.676994023437500232e+02,-7.619386924372092551e+01
4.676996953125000118e+02,-8.014623209170835594e+01
4.676999882812500005e+02,-8.341548767546045440e+01
4.677002812499999891e+02,-9.146714126117660726e+01
4.677005742187500346e+02,-8.468620113262760185e+01
4.677008671875000232e+02,-7.849459578725310394e+01
4.677011601562500118e+02,-7.842713069503068368e+01
4.677014531250000005e+02,-8.770424045022863879e+01
4.677017460937499891e+02,-7.671952443195543481e+01
4.677020390625000346e+02,-7.870868181371544381e+01
4.677023320312500232e+02,-7.775095504899687171e+01
4.677026250000000118e+02,-7.365960288595572081e+01
4.677029179687500005e+02,-8.410966260731690625e+01
4.677032109374999891e+02,-8.525814317452740454e+01
4.677035039062500346e+02,-8.433989213707364740e+01
4.677037968750000232e+02,-8.219579413727699091e+01
4.677040898437500118e+02,-9.269315341790823481e+01
4.677043828125000005e+02,-7.862535026826728313e+01
4.677046757812499891e+02,-8.985097760466189243e+01
4.677049687500000346e+02,-7.936641232061984397e+01
4.677052617187500232e+02,-7.642566168285937067e+01
4.677055546875000118e+02,-8.313520550835295353e+01
4.677058476562500005e+02,-8.122994033891465904e+01
4.677061406249999891e+02,-8.188869874579530972e+01
4.677064335937500346e+02,-8.278783510034932647e+01
4.677067265625000232e+02,-7.309824051800868006e+01
4.677070195312500118e+02,-7.290364730726339815e+01
4.677073125000000005e+02,-7.916000610493250633e+01
4.677076054687499891e+02,-7.987608946537783083e+01
4.677078984375000346e+02,-7.439962635035332994e+01
4.677081914062500232e+02,-7.504982661746817030e+01
4.677084843750000118e+02,-7.881375114734019860e+01
4.677087773437500005e+02,-8.360631648914797154e+01
4.677090703124999891e+02,-7.725720389728755322e+01
4.677093632812500346e+02,-7.702928377485991973e+01
4.677096562500000232e+02,-7.717277625389611728e+01
4.677099492187500118e+02,-7.970746125298931872e+01
4.677102421875000005e+02,-8.200300863838597820e+01
4.677105351562499891e+02,-8.313046350220660941e+01
4.677108281250000346e+02,-8.945531274567133551e+01
4.677111210937500232e+02,-9.427783794422565222e+01
4.677114140625000118e+02,-7.807931083674036188e+01
4.677117070312500005e+02,-7.774841356213539711e+01
4.677119999999999891e+02,-8.151203728010882799e+01
4.677122929687500346e+02,-7.916240952728293223e+01
4.677125859375000232e+02,-9.934365351117946830e+01
4.677128789062500118e+02,-7.834999513462614118e+01
4.677131718750000005e+02,-6.568772767045744843e+01
4.677134648437499891e+02,-6.731834201504683790e+01
4.677137578125000346e+02,-9.895595660845168595e+01
4.677140507812500232e+02,-8.443697519278205732e+01
4.677143437500000118e+02,-8.853112470373915244e+01
4.677146367187500005e+02,-7.608693929740579165e+01
4.677149296874999891e+02,-7.454336989366464650e+01
4.677152226562500346e+02,-8.314949601617142605e+01
4.677155156250000232e+02,-9.580524021052751493e+01
4.677158085937500118e+02,-8.854973579138140849e+01
4.677161015625000005e+02,-7.325845523616300170e+01
4.677163945312499891e+02,-7.374928846905037005e+01
4.677166875000000346e+02,-8.641427343372254199e+01
4.677169804687500232e+02,-9.057435259403332850e+01
4.677172734375000118e+02,-8.817405754439094778e+01
4.677175664062500005e+02,-9.001475626745414615e+01
4.677178593749999891e+02,-8.185207439076762626e+01
4.677181523437500346e+02,-8.770271658926591840e+01
4.677184453125000232e+02,-7.832837142674529218e+01
4.677187382812500118e+02,-7.689766868656857923e+01
4.677190312500000005e+02,-7.941310704295955247e+01
4.677193242187499891e+02,-8.660277435762856157e+01
4.677196171875000346e+02,-8.610935462237586080e+01
4.677199101562500232e+02,-7.752570139498553203e+01
4.677202031250000118e+02,-7.480892499706796173e+01
4.677204960937500005e+02,-7.822683404101783822e+01
4.677207890624999891e+02,-8.015605462294334416e+01
4.677210820312500346e+02,-7.975612513518923663e+01
4.677213750000000232e+02,-8.504514215883824590e+01
4.677216679687500118e+02,-8.381645138971555298e+01
4.677219609375000005e+02,-7.733910719946935330e+01
4.677222539062499891e+02,-7.852043519505504321e+01
4.677225468750000346e+02,-7.740701567432532215e+01
4.677228398437500232e+02,-8.277312827137046725e+01
4.677231328125000118e+02,-8.425614248752482638e+01
4.677234257812500005e+02,-8.309511099588236505e+01
4.677237187499999891e+02,-7.961172381192795910e+01
4.677240117187500346e+02,-7.836490147720864741e+01
4.677243046875000232e+02,-7.548932007883780670e+01
4.677245976562500118e+02,-8.170486981167610452e+01
4.677248906250000005e+02,-8.643028324191895706e+01
4.677251835937499891e+02,-8.712476686473293341e+01
4.677254765625000346e+02,-8.721477262565056776e+01
4.677257695312500232e+02,-8.889582011343452450e+01
4.677260625000000118e+02,-8.717502105469529283e+01
4.677263554687500005e+02,-9.076252337275784043e+01
4.677266484374999891e+02,-8.421067461379472263e+01
4.677269414062500346e+02,-9.403084235732252694e+01
4.677272343750000232e+02,-8.123118838014315202e+01
4.677275273437500118e+02,-7.846401477317033368e+01
4.677278203125000005e+02,-7.799658350166005505e+01
4.677281132812499891e+02,-8.185146750277684191e+01
4.677284062500000346e+02,-7.836971461084112889e+01
4.677286992187500232e+02,-7.459102762472384995e+01
4.677289921875000118e+02,-7.941092896255943856e+01
4.677292851562500005e+02,-7.928724874100115017e+01
4.677295781249999891e+02,-7.436490210745648710e+01
4.677298710937500346e+02,-7.394024863075460985e+01
4.677301640625000232e+02,-7.632312084612804881e+01
4.677304570312500118e+02,-8.084647474262170874e+01
4.677307500000000005e+02,-7.866284684649237136e+01
4.677310429687499891e+02,-7.854586876758393998e+01
4.677313359375000346e+02,-7.981680655207993880e+01
4.677316289062500232e+02,-7.757983516952249659e+01
4.677319218750000118e+02,-7.400703696433951961e+01
4.677322148437500005e+02,-7.611971339162514028e+01
4.677325078124999891e+02,-7.924595974362085826e+01
4.677328007812500346e+02,-7.955475308656045286e+01
4.677330937500000232e+02,-7.976062999107774942e+01
4.677333867187500118e+02,-8.819997435735631086e+01
4.677336796875000005e+02,-8.767008789428034277e+01
4.677339726562499891e+02,-8.312801461534667169e+01
4.677342656250000346e+02,-8.439150930287968322e+01
4.677345585937500232e+02,-8.251524590388893898e+01
4.677348515625000118e+02,-7.831627637995642033e+01
4.677351445312500005e+02,-8.052023136683814641e+01
4.677354374999999891e+02,-8.758635507453676894e+01
4.677357304687500346e+02,-8.444268093531435682e+01
4.677360234375000232e+02,-7.907269859638789455e+01
4.677363164062500118e+02,-7.763500558432811260e+01
4.677366093750000005e+02,-8.306392257163020076e+01
4.677369023437499891e+02,-9.655712495008350515e+01
4.677371953125000346e+02,-9.202106940154259007e+01
4.677374882812500232e+02,-8.071500156162514372e+01
4.677377812500000118e+02,-8.367747542621238210e+01
4.677380742187500005e+02,-8.202581288260313386e+01
4.677383671874999891e+02,-7.995631286610311861e+01
4.677386601562500346e+02,-8.197230834197712568e+01
4.677389531250000232e+02,-8.167438089696568682e+01
4.677392460937500118e+02,-8.299218948797167172e+01
4.677395390625000005e+02,-8.553234216114766753e+01
4.677398320312499891e+02,-8.138301371093133696e+01
4.677401250000000346e+02,-8.167603442788249879e+01
4.677404179687500232e+02,-9.887608088054535926e+01
4.677407109375000118e+02,-8.571461103688220362e+01
4.677410039062500005e+02,-8.226710752176508379e+01
4.677412968749999891e+02,-7.878566927693094613e+01
4.677415898437500346e+02,-7.695004606674966396e+01
4.677418828125000232e+02,-7.684599884054809138e+01
4.677421757812500118e+02,-7.405627169959390699e+01
4.677424687500000005e+02,-7.295099143665694896e+01
4.677427617187499891e+02,-7.882140274663528601e+01
4.677430546875000346e+02,-8.260551510215167070e+01
4.677433476562500232e+02,-8.180180593825090796e+01
4.677436406250000118e+02,-8.200865585096563848e+01
4.677439335937500005e+02,-8.371752582299542667e+01
4.677442265624999891e+02,-8.136615199513286711e+01
4.677445195312500346e+02,-7.517813969173272426e+01
4.677448125000000232e+02,-7.831075548263980579e+01
4.677451054687500118e+02,-8.372209466614125972e+01
4.677453984375000005e+02,-8.585331362426735780e+01
4.677456914062499891e+02,-8.366623682810923412e+01
4.677459843750000346e+02,-8.321475353278134435e+01
4.677462773437500232e+02,-8.177423868196677859e+01
4.677465703125000118e+02,-7.566329263788641413e+01
4.677468632812500005e+02,-7.874464622739245101e+01
4.677471562499999891e+02,-8.056944499664481896e+01
4.677474492187500346e+02,-7.954529504022704600e+01
4.677477421875000232e+02,-7.905368937757604897e+01
4.677480351562500118e+02,-9.762819473118739211e+01
4.677483281250000005e+02,-7.998130801207639706e+01
4.677486210937499891e+02,-7.702880739757701178e+01
4.677489140625000346e+02,-8.450149592575307622e+01
4.677492070312500232e+02,-8.270385118776607669e+01
4.677495000000000118e+02,-7.722647812598395944e+01
4.677497929687500005e+02,-7.997719470850361745e+01
4.677500859374999891e+02,-1.022089485158419251e+02
4.677503789062500346e+02,-8.439289100047079728e+01
4.677506718750000232e+02,-8.714339272697878869e+01
4.677509648437500118e+02,-8.329985132077581511e+01
4.677512578125000005e+02,-8.222035173363693161e+01
4.677515507812499891e+02,-7.788629037488827578e+01
4.677518437500000346e+02,-7.663666544880389608e+01
4.677521367187500232e+02,-7.633101634465784002e+01
4.677524296875000118e+02,-7.839738095229496651e+01
4.677527226562500005e+02,-9.354499522847702053e+01
4.677530156249999891e+02,-8.091081064057621575e+01
4.677533085937500346e+02,-8.278358711211873810e+01
4.677536015625000232e+02,-7.602944946425355965e+01
4.677538945312500118e+02,-7.949813516015669279e+01
4.677541875000000005e+02,-7.443524375247751834e+01
4.677544804687499891e+02,-7.681232631963379731e+01
4.677547734375000346e+02,-8.005853255713520866e+01
4.677550664062500232e+02,-8.967646703826645194e+01
4.677553593750000118e+02,-7.955160454827429817e+01
4.677556523437500005e+02,-7.910935399279301805e+01
4.677559453124999891e+02,-7.902035241105919283e+01
4.677562382812500346e+02,-8.419678903913960255e+01
4.677565312500000232e+02,-8.318243268697848691e+01
4.677568242187500118e+02,-7.784843117877193208e+01
4.677571171875000005e+02,-8.023756807830730509e+01
4.677574101562499891e+02,-8.674889734906275862e+01
4.677577031250000346e+02,-7.590999617006814049e+01
4.677579960937500232e+02,-7.561479194146050986e+01
4.677582890625000118e+02,-7.869162792090048697e+01
4.677585820312500005e+02,-8.634940347265671790e+01
4.677588749999999891e+02,-9.110085619328029338e+01
4.677591679687500346e+02,-8.307305889312436875e+01
4.677594609375000232e+02,-8.010215874839077799e+01
4.677597539062500118e+02,-7.907571931718015890e+01
4.677600468750000005e+02,-7.754696074036542086e+01
4.677603398437499891e+02,-8.128848150490428282e+01
4.677606328125000346e+02,-8.901608808771725023e+01
4.677609257812500232e+02,-8.756030457048525761e+01
4.677612187500000118e+02,-8.233565748922376315e+01
4.677615117187500005e+02,-7.918284579232685871e+01
4.677618046874999891e+02,-7.889383247342505001e+01
4.677620976562500346e+02,-8.196399594680096357e+01
4.677623906250000232e+02,-8.272941153781985690e+01
4.677626835937500118e+02,-8.238444916962822617e+01
4.677629765625000005e+02,-8.307534517031876931e+01
4.677632695312499891e+02,-8.231920508856397589e+01
4.677635625000000346e+02,-8.218500023922638320e+01
4.677638554687500232e+02,-7.454836188649257167e+01
4.677641484375000118e+02,-7.733503645591427755e+01
4.677644414062500005e+02,-8.210557736623734115e+01
4.677647343749999891e+02,-7.769711225089002937e+01
4.677650273437500346e+02,-8.772785406629184024e+01
4.677653203125000232e+02,-8.380846250039513734e+01
4.677656132812500118e+02,-8.203859053348830344e+01
4.677659062500000005e+02,-8.589054607737151059e+01
4.677661992187499891e+02,-9.079378089234236882e+01
4.677664921875000346e+02,-8.825448169140827304e+01
4.677667851562500232e+02,-7.678804233740217455e+01
4.677670781250000118e+02,-7.634213299068433400e+01
4.677673710937500005e+02,-8.433157756462399846e+01
4.677676640624999891e+02,-8.934337363517377639e+01
4.677679570312500346e+02,-8.805646967448493001e+01
4.677682500000000232e+02,-9.464387051497716641e+01
4.677685429687500118e+02,-8.300192856715895573e+01
4.677688359375000005e+02,-7.809654305083807913e+01
4.677691289062499891e+02,-7.961118256680765626e+01
4.677694218750000346e+02,-1.064642053198811595e+02
4.677697148437500232e+02,-8.262050728325517923e+01
4.677700078125000118e+02,-8.839635325910187191e+01
4.677703007812500005e+02,-8.917758448485444944e+01
4.677705937499999891e+02,-8.671565421321784584e+01
4.677708867187500346e+02,-7.708057142344409840e+01
4.677711796875000232e+02,-7.421351216316794819e+01
4.677714726562500118e+02,-7.755662178929435413e+01
4.677717656250000005e+02,-7.957479192773918442e+01
4.677720585937499891e+02,-8.946040515736648047e+01
4.677723515625000346e+02,-8.397024125229840763e+01
4.677726445312500232e+02,-8.785184623275357296e+01
4.677729375000000118e+02,-8.879298036714281750e+01
4.677732304687500005e+02,-9.368712487961551005e+01
4.677735234374999891e+02,-8.477188632751777675e+01
4.677738164062500346e+02,-9.022199167515447016e+01
4.677741093750000232e+02,-8.980522973825807753e+01
4.677744023437500118e+02,-8.638377978797444712e+01
4.677746953125000005e+02,-8.503694068111974502e+01
4.677749882812499891e+02,-8.332268850265025151e+01
4.677752812500000346e+02,-8.482044250689011733e+01
4.677755742187500232e+02,-7.824915061621581458e+01
4.677758671875000118e+02,-8.726745528621577819e+01
4.677761601562500005e+02,-8.567106870551940290e+01
4.677764531249999891e+02,-7.830750376255942058e+01
4.677767460937500346e+02,-8.120960850552376087e+01
4.677770390625000232e+02,-8.057551240315544305e+01
4.677773320312500118e+02,-8.090701314781998121e+01
4.677776250000000005e+02,-7.720078746669754821e+01
4.677779179687499891e+02,-7.999329469880665044e+01
4.677782109375000346e+02,-8.023078589417249873e+01
4.677785039062500232e+02,-8.808820042314266630e+01
4.677787968750000118e+02,-8.978796761127864556e+01
4.677790898437500005e+02,-8.741992775153882178e+01
4.677793828124999891e+02,-8.785324145896385062e+01
4.677796757812500346e+02,-8.148778701139241321e+01
4.677799687500000232e+02,-8.024766799331722211e+01
4.677802617187500118e+02,-8.166824642656348487e+01
4.677805546875000005e+02,-8.454359271519484764e+01
4.677808476562499891e+02,-8.594181173080188785e+01
4.677811406250000346e+02,-9.326595445182854860e+01
4.677814335937500232e+02,-9.333675287330069636e+01
4.677817265625000118e+02,-7.928697311231819356e+01
4.677820195312500005e+02,-8.197938677814876485e+01
4.677823124999999891e+02,-8.512263020572800087e+01
4.677826054687500346e+02,-8.065252446362249827e+01
4.677828984375000232e+02,-8.415909008664867486e+01
4.677831914062500118e+02,-8.472284264581902846e+01
4.677834843750000005e+02,-7.719090888219545832e+01
4.677837773437499891e+02,-7.871080933741721708e+01
4.677840703125000346e+02,-8.237926687482955401e+01
4.677843632812500232e+02,-8.160931097434799142e+01
4.677846562500000118e+02,-9.297586295602553719e+01
4.677849492187500005e+02,-9.021738002133608347e+01
4.677852421874999891e+02,-8.598331941194457784e+01
4.677855351562500346e+02,-9.189783868988232030e+01
4.677858281250000232e+02,-8.419332092315855220e+01
4.677861210937500118e+02,-8.068412343086299643e+01
4.677864140625000005e+02,-7.878191523800728646e+01
4.677867070312499891e+02,-7.617528519389445307e+01
4.677870000000000346e+02,-8.084590427281705161e+01
4.677872929687500232e+02,-1.046675534858142953e+02
4.677875859375000118e+02,-8.563555737340179519e+01
4.677878789062500005e+02,-8.334770403953308460e+01
4.677881718749999891e+02,-9.132656936567235562e+01
4.677884648437500346e+02,-8.104812070687350456e+01
4.677887578125000232e+02,-7.853033242927691049e+01
4.677890507812500118e+02,-8.039714819063522100e+01
4.677893437500000005e+02,-8.056834985322616660e+01
4.677896367187499891e+02,-8.005517688798624931e+01
4.677899296875000346e+02,-7.990598000492775554e+01
4.677902226562500232e+02,-7.977127553068248744e+01
4.677905156250000118e+02,-8.252577490632577906e+01
4.677908085937500005e+02,-8.626892509568627077e+01
4.677911015624999891e+02,-8.903648099484230727e+01
4.677913945312500346e+02,-8.153509069306036849e+01
4.677916875000000232e+02,-8.148596100625967154e+01
4.677919804687500118e+02,-9.626366060690918403e+01
4.677922734375000005e+02,-7.877353676102396207e+01
4.677925664062499891e+02,-8.134329386596051847e+01
4.677928593750000346e+02,-8.445554572918621261e+01
4.677931523437500232e+02,-8.201144040010434821e+01
4.677934453125000118e+02,-1.047328947779737405e+02
4.677937382812500005e+02,-8.934813280367295363e+01
4.677940312499999891e+02,-8.203343609647720314e+01
4.677943242187500346e+02,-7.854730280013069432e+01
4.677946171875000232e+02,-8.021971247530487403e+01
4.677949101562500118e+02,-8.026184339182120198e+01
4.677952031250000005e+02,-7.560647163996965503e+01
4.677954960937499891e+02,-7.412900396365142797e+01
4.677957890625000346e+02,-7.474776604522686796e+01
4.677960820312500232e+02,-8.018205006074559549e+01
4.677963750000000118e+02,-8.557573668176173953e+01
4.677966679687500005e+02,-9.247946978961584819e+01
4.677969609374999891e+02,-8.435991355188855323e+01
4.677972539062500346e+02,-7.911681614775883986e+01
4.677975468750000232e+02,-7.785606308018033417e+01
4.677978398437500118e+02,-7.520936149318201558e+01
4.677981328125000005e+02,-7.554670428712429953e+01
4.677984257812499891e+02,-7.867879528005757095e+01
4.677987187500000346e+02,-8.439060419521979384e+01
4.677990117187500232e+02,-8.329089955196543826e+01
4.677993046875000118e+02,-7.934001841727578608e+01
4.677995976562500005e+02,-7.932797234292272037e+01
4.677998906249999891e+02,-8.399403110508914949e+01
4.678001835937500346e+02,-8.211062526704031939e+01
4.678004765625000232e+02,-8.278693129375726301e+01
4.678007695312500118e+02,-8.039660807619135596e+01
4.678010625000000005e+02,-8.054703058557515760e+01
4.678013554687499891e+02,-8.354978562473431225e+01
4.678016484375000346e+02,-8.442114358507905081e+01
4.678019414062500232e+02,-8.015761053632792255e+01
4.678022343750000118e+02,-8.186421556052009407e+01
4.678025273437500005e+02,-8.440694353016044715e+01
4.678028203124999891e+02,-9.468070755603250177e+01
4.678031132812500346e+02,-9.646460673024337495e+01
4.678034062500000232e+02,-8.082290526639030759e+01
4.678036992187500118e+02,-8.189304045397777543e+01
4.678039921875000005e+02,-8.790577982731767293e+01
4.678042851562499891e+02,-9.698058144512225454e+01
4.678045781250000346e+02,-9.397044545364448709e+01
4.678048710937500232e+02,-9.030709868893620751e+01
4.678051640625000118e+02,-8.639801128037724709e+01
4.678054570312500005e+02,-8.657948202310215891e+01
4.678057499999999891e+02,-8.562597531733230483e+01
4.678060429687500346e+02,-8.458744091669697696e+01
4.678063359375000232e+02,-9.081036144474910543e+01
4.678066289062500118e+02,-8.639535476445891504e+01
4.678069218750000005e+02,-8.573727423680176685e+01
4.678072148437499891e+02,-8.677004549932607347e+01
4.678075078125000346e+02,-8.411840723906172457e+01
4.678078007812500232e+02,-9.290124783337631698e+01
4.678080937500000118e+02,-8.970870597502467092e+01
4.678083867187500005e+02,-8.237946820947598781e+01
4.678086796874999891e+02,-8.111944837855189405e+01
4.678089726562500346e+02,-8.679263679479923610e+01
4.678092656250000232e+02,-8.501183888491598850e+01
4.678095585937500118e+02,-9.138360841668968249e+01
4.678098515625000005e+02,-8.841300585714665772e+01
4.678101445312499891e+02,-8.870020550754766475e+01
4.678104375000000346e+02,-9.082027821125126366e+01
4.678107304687500232e+02,-8.723341929709499709e+01
4.678110234375000118e+02,-8.265690250348308155e+01
4.678113164062500005e+02,-8.550985902351975199e+01
4.678116093749999891e+02,-1.001962812022262597e+02
4.678119023437500346e+02,-1.038836368311319660e+02
4.678121953125000232e+02,-8.157457938796262908e+01
4.678124882812500118e+02,-7.607261224860950222e+01
4.678127812500000005e+02,-8.233306812867111546e+01
4.678130742187499891e+02,-8.668741240195748787e+01
4.678133671875000346e+02,-7.862753363955567920e+01
4.678136601562500232e+02,-7.958246206424973934e+01
4.678139531250000118e+02,-9.304850699736326192e+01
4.678142460937500005e+02,-8.039927305364616927e+01
4.678145390624999891e+02,-7.654269717880583812e+01
4.678148320312500346e+02,-7.672266732752088103e+01
4.678151250000000232e+02,-7.735271055825373310e+01
4.678154179687500118e+02,-9.033941880463643770e+01
4.678157109375000005e+02,-8.050199082612653001e+01
4.678160039062499891e+02,-8.280810947889229112e+01
4.678162968750000346e+02,-9.532468517257085239e+01
4.678165898437500232e+02,-7.926839623692498549e+01
4.678168828125000118e+02,-7.914611968623161431e+01
4.678171757812500005e+02,-8.308828310638904213e+01
4.678174687499999891e+02,-8.679961282914591436e+01
4.678177617187500346e+02,-8.025242806006735918e+01
4.678180546875000232e+02,-7.870198406424894699e+01
4.678183476562500118e+02,-7.893114004288690921e+01
4.678186406250000005e+02,-9.318404485760338218e+01
4.678189335937499891e+02,-8.594833617985818819e+01
4.678192265625000346e+02,-7.932764490790910372e+01
4.678195195312500232e+02,-8.548582889491969183e+01
4.678198125000000118e+02,-8.213776256911617679e+01
4.678201054687500005e+02,-9.834901041599836446e+01
4.678203984374999891e+02,-8.629262395627873161e+01
4.678206914062500346e+02,-7.939514583657282287e+01
4.678209843750000232e+02,-7.741241483717578831e+01
4.678212773437500118e+02,-9.681116385070028230e+01
4.678215703125000005e+02,-8.256400014027232714e+01
4.678218632812499891e+02,-7.940119393844506135e+01
4.678221562500000346e+02,-8.545742959651961712e+01
4.678224492187500232e+02,-9.051774700414546260e+01
4.678227421875000118e+02,-8.788194019408703639e+01
4.678230351562500005e+02,-8.235360415852048277e+01
4.678233281249999891e+02,-8.481517547715165506e+01
4.678236210937500346e+02,-8.325021014410151565e+01
4.678239140625000232e+02,-8.264136542648002148e+01
4.678242070312500118e+02,-8.602959199546236846e+01
4.678245000000000005e+02,-7.636140657063688764e+01
4.678247929687499891e+02,-7.441814657220258766e+01
4.678250859375000346e+02,-7.643783090427548643e+01
4.678253789062500232e+02,-8.446179858365348991e+01
4.678256718750000118e+02,-8.636372672611980761e+01
4.678259648437500005e+02,-8.902693506773198351e+01
4.678262578124999891e+02,-9.068319476937344348e+01
4.678265507812500346e+02,-7.915610376989327790e+01
4.678268437500000232e+02,-8.562773064330541217e+01
4.678271367187500118e+02,-8.283772931561134101e+01
4.678274296875000005e+02,-7.301397761239080353e+01
4.678277226562499891e+02,-7.330758520949061108e+01
4.678280156250000346e+02,-7.996042203036596163e+01
4.678283085937500232e+02,-7.907921293474002766e+01
4.678286015625000118e+02,-8.464293334024573312e+01
4.678288945312500005e+02,-8.434776903935842540e+01
4.678291874999999891e+02,-8.229015836517083926e+01
4.678294804687500346e+02,-8.573253837636785590e+01
4.678297734375000232e+02,-8.693088701957258024e+01
4.678300664062500118e+02,-8.560522210751061323e+01
4.678303593750000005e+02,-8.978302888942201321e+01
4.678306523437499891e+02,-8.116386348102474813e+01
4.678309453125000346e+02,-8.091670478405850986e+01
4.678312382812500232e+02,-9.304371217451453902e+01
4.678315312500000118e+02,-8.041478909039553002e+01
4.678318242187500005e+02,-7.936890378221383457e+01
4.678321171874999891e+02,-8.295084051592877472e+01
4.678324101562500346e+02,-7.787313261051183133e+01
4.678327031250000232e+02,-8.642519878814263734e+01
4.678329960937500118e+02,-8.064571565293815070e+01
4.678332890625000005e+02,-8.258534129006982027e+01
4.678335820312499891e+02,-8.624498670248279097e+01
4.678338750000000346e+02,-9.307749858224551076e+01
4.678341679687500232e+02,-8.844781403242356532e+01
4.678344609375000118e+02,-8.960715862101800155e+01
4.678347539062500005e+02,-8.255175474399672453e+01
4.678350468749999891e+02,-8.944237742848997641e+01
4.678353398437500346e+02,-8.370449105072245288e+01
4.678356328125000232e+02,-8.322240609599647598e+01
4.678359257812500118e+02,-7.917833185841867305e+01
4.678362187500000005e+02,-8.068553809951873745e+01
4.678365117187499891e+02,-9.055171081765669783e+01
4.678368046875000346e+02,-8.839364574520458007e+01
4.678370976562500232e+02,-7.821279648949958130e+01
4.678373906250000118e+02,-7.430985539237244097e+01
4.678376835937500005e+02,-6.977108239578544158e+01
4.678379765624999891e+02,-7.627023502921642262e+01
4.678382695312500346e+02,-8.627814702931152624e+01
4.678385625000000232e+02,-8.429214127651601984e+01
4.678388554687500118e+02,-8.189613627601457324e+01
4.678391484375000005e+02,-8.365262716949732180e+01
4.678394414062499891e+02,-8.585812013527416298e+01
4.678397343750000346e+02,-8.784868321781259226e+01
4.678400273437500232e+02,-9.349860926645986581e+01
4.678403203125000118e+02,-8.178901471454398120e+01
4.678406132812500005e+02,-7.894778646518443566e+01
4.678409062499999891e+02,-8.570680230923179010e+01
4.678411992187500346e+02,-8.392042055999154115e+01
4.678414921875000232e+02,-8.035767466183085617e+01
4.678417851562500118e+02,-8.773134229881178214e+01
4.678420781250000005e+02,-8.758658686289930984e+01
4.678423710937499891e+02,-8.440498926106810984e+01
4.678426640625000346e+02,-9.215791675497294477e+01
4.678429570312500232e+02,-8.452952624576789731e+01
4.678432500000000118e+02,-8.078459358578669480e+01
4.678435429687500005e+02,-1.090097085929649410e+02
4.678438359374999891e+02,-9.469385806826535656e+01
4.678441289062500346e+02,-8.275297082687561101e+01
4.678444218750000232e+02,-7.887470742197461959e+01
4.678447148437500118e+02,-7.879209005898485429e+01
4.678450078125000005e+02,-9.137945600854220629e+01
4.678453007812499891e+02,-8.859288808216773248e+01
4.678455937500000346e+02,-8.882468066027075793e+01
4.678458867187500232e+02,-8.613654374916609413e+01
4.678461796875000118e+02,-8.786538209268103117e+01
4.678464726562500005e+02,-8.417610217941614792e+01
4.678467656249999891e+02,-8.321152972540627957e+01
4.678470585937500346e+02,-8.445688893585213464e+01
4.678473515625000232e+02,-8.890839274203005971e+01
4.678476445312500118e+02,-8.555840677291725171e+01
4.678479375000000005e+02,-9.255986178075940529e+01
4.678482304687499891e+02,-8.822237097380619275e+01
4.678485234375000346e+02,-9.188652020211505089e+01
4.678488164062500232e+02,-8.882744800145410125e+01
4.678491093750000118e+02,-8.178880457538599558e+01
4.678494023437500005e+02,-8.860029762420003863e+01
4.678496953124999891e+02,-9.024285687671807921e+01
4.678499882812500346e+02,-8.584026514142935582e+01
4.678502812500000232e+02,-1.004284416865755816e+02
4.678505742187500118e+02,-8.705103911024463059e+01
4.678508671875000005e+02,-9.367438436674389379e+01
4.678511601562499891e+02,-9.199551353021817590e+01
4.678514531250000346e+02,-8.597927002056127321e+01
4.678517460937500232e+02,-8.654039624299210232e+01
4.678520390625000118e+02,-8.320471118816743683e+01
4.678523320312500005e+02,-8.304098602484044989e+01
4.678526249999999891e+02,-8.395374250569106778e+01
4.678529179687500346e+02,-8.768184251786610162e+01
4.678532109375000232e+02,-9.086548132485546603e+01
4.678535039062500118e+02,-8.642473806329360286e+01
4.678537968750000005e+02,-7.976062479826178730e+01
4.678540898437499891e+02,-7.773782348676176923e+01
4.678543828125000346e+02,-7.965279229403267891e+01
4.678546757812500232e+02,-8.264609515521951266e+01
4.678549687500000118e+02,-8.282492569732234244e+01
4.678552617187500005e+02,-8.776029613911647687e+01
4.678555546874999891e+02,-1.008599364089469788e+02
4.678558476562500346e+02,-9.111283056358362842e+01
4.678561406250000232e+02,-8.203752256043583202e+01
4.678564335937500118e+02,-8.314782413618121382e+01
4.678567265625000005e+02,-9.562832132916648220e+01
4.678570195312499891e+02,-8.770606947958178523e+01
4.678573125000000346e+02,-8.135317306044470342e+01
4.678576054687500232e+02,-8.233849756034109646e+01
4.678578984375000118e+02,-8.250832715039834397e+01
4.678581914062500005e+02,-9.167354894505679397e+01
4.678584843749999891e+02,-8.488098173449741068e+01
4.678587773437500346e+02,-8.888639496600100642e+01
4.678590703125000232e+02,-9.006837568853590881e+01
4.678593632812500118e+02,-8.436253479256846788e+01
4.678596562500000005e+02,-8.104310039483713979e+01
4.678599492187499891e+02,-8.241806033582848556e+01
4.678602421875000346e+02,-8.364126310241235274e+01
4.678605351562500232e+02,-8.223701577613218205e+01
4.678608281250000118e+02,-8.804598540514123783e+01
4.678611210937500005e+02,-8.364601017342097578e+01
4.678614140624999891e+02,-8.094049525438664716e+01
4.678617070312500346e+02,-7.991564296187449656e+01
4.678620000000000232e+02,-8.075736448666393130e+01
4.678622929687500118e+02,-8.099206628037657651e+01
4.678625859375000005e+02,-8.274919361867196699e+01
4.678628789062499891e+02,-1.050705198027543332e+02
4.678631718750000346e+02,-8.222369312272547859e+01
4.678634648437500232e+02,-7.892327920410194508e+01
4.678637578125000118e+02,-8.233112881559262064e+01
4.678640507812500005e+02,-8.285882049978806663e+01
4.678643437499999891e+02,-8.211801523078389664e+01
4.678646367187500346e+02,-8.204337876686459197e+01
4.678649296875000232e+02,-8.910550204212594849e+01
4.678652226562500118e+02,-9.138589628928585284e+01
4.678655156250000005e+02,-8.253939725662598903e+01
4.678658085937499891e+02,-8.189961638303608993e+01
4.678661015625000346e+02,-7.516533992972347278e+01
4.678663945312500232e+02,-7.686306700625409860e+01
4.678666875000000118e+02,-8.245790442135161413e+01
4.678669804687500005e+02,-8.145359623071425403e+01
4.678672734374999891e+02,-8.058095995143270329e+01
4.678675664062500346e+02,-8.438328185396615311e+01
4.678678593750000232e+02,-9.303059020536055357e+01
4.678681523437500118e+02,-8.938545471750110494e+01
4.678684453125000005e+02,-8.619164203606659669e+01
4.678687382812499891e+02,-8.136824836243002323e+01
4.678690312500000346e+02,-8.382653613028304562e+01
4.678693242187500232e+02,-8.947443273998935354e+01
4.678696171875000118e+02,-9.313902025269098317e+01
4.678699101562500005e+02,-8.471139335047773500e+01
4.678702031249999891e+02,-9.036491088826771545e+01
4.678704960937500346e+02,-8.686677645887220933e+01
4.678707890625000232e+02,-8.669275770778567392e+01
4.678710820312500118e+02,-8.763673974811710821e+01
4.678713750000000005e+02,-8.530218612296350500e+01
4.678716679687499891e+02,-8.325648798558748354e+01
4.678719609375000346e+02,-8.462687883930450994e+01
4.678722539062500232e+02,-8.816557653984658316e+01
4.678725468750000118e+02,-8.352854915758790355e+01
4.678728398437500005e+02,-8.926066684602898249e+01
4.678731328124999891e+02,-9.486999518499216322e+01
4.678734257812500346e+02,-8.117793980357046735e+01
4.678737187500000232e+02,-7.883606363887997759e+01
4.678740117187500118e+02,-8.243212700612524202e+01
4.678743046875000005e+02,-8.474921514354859653e+01
4.678745976562499891e+02,-8.068670429456429360e+01
4.678748906250000346e+02,-8.291228580915640123e+01
4.678751835937500232e+02,-8.673446222561389618e+01
4.678754765625000118e+02,-8.920323928018373749e+01
4.678757695312500005e+02,-8.453483248198209310e+01
4.678760624999999891e+02,-8.180391202925180494e+01
4.678763554687500346e+02,-7.896641926781791199e+01
4.678766484375000232e+02,-7.413976137753833484e+01
4.678769414062500118e+02,-7.434548707130883827e+01
4.678772343750000005e+02,-7.649290491249865909e+01
4.678775273437499891e+02,-8.010512970578226088e+01
4.678778203125000346e+02,-9.144778835565855957e+01
4.678781132812500232e+02,-8.603034421548744604e+01
4.678784062500000118e+02,-8.340604164064356496e+01
4.678786992187500005e+02,-8.130690914400867086e+01
4.678789921874999891e+02,-8.025275572800316581e+01
4.678792851562500346e+02,-7.976206546559293997e+01
4.678795781250000232e+02,-8.666212162921702600e+01
4.678798710937500118e+02,-8.278899980759621258e+01
4.678801640625000005e+02,-8.955575096665006640e+01
4.678804570312499891e+02,-8.386687315553209032e+01
4.678807500000000346e+02,-8.091116569622984400e+01
4.678810429687500232e+02,-8.363583983578871539e+01
4.678813359375000118e+02,-9.580591936943049802e+01
4.678816289062500005e+02,-8.848838408921245957e+01
4.678819218749999891e+02,-8.502339217059278553e+01
4.678822148437500346e+02,-8.423337836295155512e+01
4.678825078125000232e+02,-8.787083944137010860e+01
4.678828007812500118e+02,-8.631198110618392150e+01
4.678830937500000005e+02,-7.959172377761008477e+01
4.678833867187499891e+02,-8.171627379694112392e+01
4.678836796875000346e+02,-8.584137352464955484e+01
4.678839726562500232e+02,-9.312213540022148095e+01
4.678842656250000118e+02,-9.060694922782406024e+01
4.678845585937500005e+02,-8.424731484717889884e+01
4.678848515624999891e+02,-9.327104794851376823e+01
4.678851445312500346e+02,-9.987486300516779636e+01
4.678854375000000232e+02,-8.347056091390959409e+01
4.678857304687500118e+02,-8.578496762152568067e+01
4.678860234375000005e+02,-7.925491650822770850e+01
4.678863164062499891e+02,-7.519396861254857356e+01
4.678866093750000346e+02,-9.093211944218225540e+01
4.678869023437500232e+02,-8.191973581716541730e+01
4.678871953125000118e+02,-1.005317607715681163e+02
4.678874882812500005e+02,-8.544602957391155940e+01
4.678877812499999891e+02,-8.284587518190843980e+01
4.678880742187500346e+02,-8.515841703846669475e+01
4.678883671875000232e+02,-7.995173239821285449e+01
4.678886601562500118e+02,-9.800964446324626067e+01
4.678889531250000005e+02,-7.545225262959149859e+01
4.678892460937499891e+02,-8.249849088843278366e+01
4.678895390625000346e+02,-7.827282469570178591e+01
4.678898320312500232e+02,-8.120476386563085214e+01
4.678901250000000118e+02,-8.752631268934811715e+01
4.678904179687500005e+02,-8.850170786900358166e+01
4.678907109374999891e+02,-8.633250462281216642e+01
4.678910039062500346e+02,-8.292031615780874176e+01
4.678912968750000232e+02,-7.990895531656937578e+01
4.678915898437500118e+02,-8.933972196444173619e+01
4.678918828125000005e+02,-9.359672838077891299e+01
4.678921757812499891e+02,-9.918941584766480446e+01
4.678924687500000346e+02,-8.077783172139326950e+01
4.678927617187500232e+02,-8.733012689786376370e+01
4.678930546875000118e+02,-8.340111611528328694e+01
4.678933476562500005e+02,-8.348402194186749625e+01
4.678936406249999891e+02,-9.300524782174787219e+01
4.678939335937500346e+02,-9.268687229958246121e+01
4.678942265625000232e+02,-8.771198563496741940e+01
4.678945195312500118e+02,-8.174666470437068710e+01
4.678948125000000005e+02,-8.993819667522973305e+01
4.678951054687499891e+02,-8.645703420519488702e+01
4.678953984375000346e+02,-9.814682629432681438e+01
4.678956914062500232e+02,-8.280188122454306665e+01
4.678959843750000118e+02,-8.449173179028389313e+01
4.678962773437500005e+02,-8.136981965695017038e+01
4.678965703124999891e+02,-8.047029933820356007e+01
4.678968632812500346e+02,-8.632448707739234806e+01
4.678971562500000232e+02,-8.414574766033830144e+01
4.678974492187500118e+02,-8.400607863993775482e+01
4.678977421875000005e+02,-8.389678806165201763e+01
4.678980351562499891e+02,-8.860780679326899190e+01
4.678983281250000346e+02,-8.877651015773278687e+01
4.678986210937500232e+02,-8.520091008743563066e+01
4.678989140625000118e+02,-8.893408231135195763e+01
4.678992070312500005e+02,-8.635469903682576387e+01
4.678994999999999891e+02,-9.841494271180468445e+01
4.678997929687500346e+02,-8.087291848045607878e+01
4.679000859375000232e+02,-8.206394628212073883e+01
4.679003789062500118e+02,-8.277141747990728504e+01
4.679006718750000005e+02,-8.552999791596525370e+01
4.679009648437499891e+02,-8.645322614127231020e+01
4.679012578125000346e+02,-7.567924740911992387e+01
4.679015507812500232e+02,-7.984820410899986598e+01
4.679018437500000118e+02,-8.298943274610485332e+01
4.679021367187500005e+02,-8.837117865115712334e+01
4.679024296874999891e+02,-8.678012080442866250e+01
4.679027226562500346e+02,-8.185572975489441205e+01
4.679030156250000232e+02,-8.726622925245037266e+01
4.679033085937500118e+02,-8.687719204676639606e+01
4.679036015625000005e+02,-8.411012909339625310e+01
4.679038945312499891e+02,-8.247634861215465207e+01
4.679041875000000346e+02,-7.998328814724874292e+01
4.679044804687500232e+02,-8.509688678941317619e+01
4.679047734375000118e+02,-8.564578163017617385e+01
4.679050664062500005e+02,-8.018029730373795871e+01
4.679053593749999891e+02,-7.863297000346490506e+01
4.679056523437500346e+02,-8.378969194546699839e+01
4.679059453125000232e+02,-8.656393313800506917e+01
4.679062382812500118e+02,-8.503865721711852643e+01
4.679065312500000005e+02,-8.467507426134936566e+01
4.679068242187499891e+02,-8.619509900252134571e+01
4.679071171875000346e+02,-7.943663016179029057e+01
4.679074101562500232e+02,-7.738341113230758594e+01
4.679077031250000118e+02,-7.669790556783188151e+01
4.679079960937500005e+02,-7.815259754591434671e+01
4.679082890624999891e+02,-8.923838335483843309e+01
4.679085820312500346e+02,-8.644107890613835821e+01
4.679088750000000232e+02,-8.628718344736347490e+01
4.679091679687500118e+02,-8.286423072196085116e+01
4.679094609375000005e+02,-8.473043600485313220e+01
4.679097539062499891e+02,-8.985378376001969514e+01
4.679100468750000346e+02,-8.547562843329431814e+01
4.679103398437500232e+02,-7.898348780550523429e+01
4.679106328125000118e+02,-8.175632522109255262e+01
4.679109257812500005e+02,-8.618328739701952657e+01
4.679112187499999891e+02,-8.377563839847331906e+01
4.679115117187500346e+02,-8.408505461811321879e+01
4.679118046875000232e+02,-9.222179400034391961e+01
4.679120976562500118e+02,-8.768972687755315576e+01
4.679123906250000005e+02,-8.504267712064867624e+01
4.679126835937499891e+02,-8.253017392766696503e+01
4.679129765625000346e+02,-8.049158048369748997e+01
4.679132695312500232e+02,-9.068645951546209005e+01
4.679135625000000118e+02,-9.054040988658948663e+01
4.679138554687500005e+02,-8.762431103394881404e+01
4.679141484374999891e+02,-8.553014145924491629e+01
4.679144414062500346e+02,-8.358274734049797416e+01
4.679147343750000232e+02,-8.765197817145632087e+01
4.679150273437500118e+02,-8.949036549423054510e+01
4.679153203125000005e+02,-9.055336564196571203e+01
4.679156132812499891e+02,-9.500272023554822454e+01
4.679159062500000346e+02,-9.755853862549295741e+01
4.679161992187500232e+02,-8.340668062857912446e+01
4.679164921875000118e+02,-8.049830908033364096e+01
4.679167851562500005e+02,-8.419764549329086378e+01
4.679170781249999891e+02,-9.459289722582053628e+01
4.679173710937500346e+02,-9.137465284362767193e+01
4.679176640625000232e+02,-8.161928254288910978e+01
4.679179570312500118e+02,-7.988356195463749998e+01
4.679182500000000005e+02,-8.150199605193905938e+01
4.679185429687499891e+02,-8.398069150985082842e+01
4.679188359375000346e+02,-8.726616444294306518e+01
4.679191289062500232e+02,-9.065291280441039135e+01
4.679194218750000118e+02,-8.866781093978659101e+01
4.679197148437500005e+02,-8.830687689410716246e+01
4.679200078124999891e+02,-8.922279839546916946e+01
4.679203007812500346e+02,-8.745433618377931850e+01
4.679205937500000232e+02,-9.134034557177392344e+01
4.679208867187500118e+02,-8.672349659562122781e+01
4.679211796875000005e+02,-9.327619933616971082e+01
4.679214726562499891e+02,-9.252220652040679738e+01
4.679217656250000346e+02,-9.553168013855008667e+01
4.679220585937500232e+02,-1.169616413021868340e+02
4.679223515625000118e+02,-1.095462411284100170e+02
4.679226445312500005e+02,-9.392985486981352494e+01
4.679229374999999891e+02,-8.851840283913440999e+01
4.679232304687500346e+02,-8.534485803937985793e+01
4.679235234375000232e+02,-8.227260549771706621e+01
4.679238164062500118e+02,-8.354013870143924692e+01
4.679241093750000005e+02,-9.316395800540408345e+01
4.679244023437499891e+02,-8.843945566834946703e+01
4.679246953125000346e+02,-8.341324540173330604e+01
4.679249882812500232e+02,-8.886487776176136322e+01
4.679252812500000118e+02,-8.755332761681714260e+01
4.679255742187500005e+02,-8.267169234512911657e+01
4.679258671874999891e+02,-9.131350052551675844e+01
4.679261601562500346e+02,-8.926291875456652747e+01
4.679264531250000232e+02,-8.853464497234816122e+01
4.679267460937500118e+02,-8.953328957475784478e+01
4.679270390625000005e+02,-8.593781624835821731e+01
4.679273320312499891e+02,-8.066994687788675833e+01
4.679276250000000346e+02,-8.807468083236592804e+01
4.679279179687500232e+02,-9.353082005491972950e+01
4.679282109375000118e+02,-9.552028825488953601e+01
4.679285039062500005e+02,-9.907231052989656916e+01
4.679287968749999891e+02,-9.635848989333430836e+01
4.679290898437500346e+02,-9.042954512616265106e+01
4.679293828125000232e+02,-8.693262009491179754e+01
4.679296757812500118e+02,-8.563425688145980530e+01
4.679299687500000005e+02,-8.938558887985053047e+01
4.679302617187499891e+02,-9.597210140168752446e+01
4.679305546875000346e+02,-9.586730736474846992e+01
4.679308476562500232e+02,-9.671831949425737207e+01
4.679311406250000118e+02,-8.562817169474173795e+01
4.679314335937500005e+02,-8.417831904117139175e+01
4.679317265624999891e+02,-8.401720102165299409e+01
4.679320195312500346e+02,-8.531101566460895924e+01
4.679323125000000232e+02,-8.371044312951818256e+01
4.679326054687500118e+02,-8.521810435625005198e+01
4.679328984375000005e+02,-8.520118396306287423e+01
4.679331914062499891e+02,-8.667601596967409705e+01
4.679334843750000346e+02,-8.426335611246690860e+01
4.679337773437500232e+02,-8.383185778469147920e+01
4.679340703125000118e+02,-1.059455759583381678e+02
4.679343632812500005e+02,-8.699321439672461054e+01
4.679346562499999891e+02,-8.652636146593084732e+01
4.679349492187500346e+02,-8.481155299626749411e+01
4.679352421875000232e+02,-8.423804814072062186e+01
4.679355351562500118e+02,-8.113878494031720834e+01
4.679358281250000005e+02,-8.113034606493023659e+01
4.679361210937499891e+02,-8.205340761285305007e+01
4.679364140625000346e+02,-8.731054790927734643e+01
4.679367070312500232e+02,-8.831866433087485291e+01
4.679370000000000118e+02,-8.038721965019288973e+01
4.679372929687500005e+02,-8.405406402482708472e+01
4.679375859374999891e+02,-8.079092582603784933e+01
4.679378789062500346e+02,-8.540128461045915742e+01
4.679381718750000232e+02,-9.469694470865672997e+01
4.679384648437500118e+02,-8.077498881340581249e+01
4.679387578125000005e+02,-7.664296164619119622e+01
4.679390507812499891e+02,-7.861808768727699714e+01
4.679393437500000346e+02,-8.102998662042297440e+01
4.679396367187500232e+02,-8.207942531909571926e+01
4.679399296875000118e+02,-8.614125085797859072e+01
4.679402226562500005e+02,-8.121811675728093860e+01
4.679405156249999891e+02,-8.675593463967859975e+01
4.679408085937500346e+02,-8.283896156414718348e+01
4.679411015625000232e+02,-7.660664123188782071e+01
4.679413945312500118e+02,-7.689330951263707448e+01
4.679416875000000005e+02,-8.986728929833425639e+01
4.679419804687499891e+02,-9.410316986715201892e+01
4.679422734375000346e+02,-9.978608827482213428e+01
4.679425664062500232e+02,-8.748029809127531564e+01
4.679428593750000118e+02,-8.755925145941553467e+01
4.679431523437500005e+02,-9.092843484222022710e+01
4.679434453124999891e+02,-8.388493563787285723e+01
4.679437382812500346e+02,-7.755427311301150439e+01
4.679440312500000232e+02,-8.344152380685034132e+01
4.679443242187500118e+02,-9.567310212912532563e+01
4.679446171875000005e+02,-8.480076597038711839e+01
4.679449101562499891e+02,-8.449914176732011128e+01
4.679452031250000346e+02,-8.108457947871045235e+01
4.679454960937500232e+02,-8.153405946140921401e+01
4.679457890625000118e+02,-9.716377326299510742e+01
4.679460820312500005e+02,-8.504209588737288072e+01
4.679463749999999891e+02,-9.031566158198643279e+01
4.679466679687500346e+02,-9.822645552690113391e+01
4.679469609375000232e+02,-9.005993375888080266e+01
4.679472539062500118e+02,-8.205315061008553812e+01
4.679475468750000005e+02,-8.299171821303471575e+01
4.679478398437499891e+02,-8.382512761084159081e+01
4.679481328125000346e+02,-7.719741512812768747e+01
4.679484257812500232e+02,-7.960755682834710001e+01
4.679487187500000118e+02,-7.632631878199056530e+01
4.679490117187500005e+02,-7.893407460647097196e+01
4.679493046874999891e+02,-8.560948883340299176e+01
4.679495976562500346e+02,-8.950747868353880676e+01
4.679498906250000232e+02,-8.536731703245196456e+01
4.679501835937500118e+02,-8.457486601193656384e+01
4.679504765625000005e+02,-9.114277538968694614e+01
4.679507695312499891e+02,-9.141624559864560240e+01
4.679510625000000346e+02,-8.348961101160453779e+01
4.679513554687500232e+02,-7.618785874251757662e+01
4.679516484375000118e+02,-8.834158834875080402e+01
4.679519414062500005e+02,-7.981082729041682455e+01
4.679522343749999891e+02,-1.012654382132124624e+02
4.679525273437500346e+02,-8.754456379703097468e+01
4.679528203125000232e+02,-8.620309767500484099e+01
4.679531132812500118e+02,-8.207096404739779416e+01
4.679534062500000005e+02,-8.876801972478546077e+01
4.679536992187499891e+02,-8.294763631139160509e+01
4.679539921875000346e+02,-7.950017594027941925e+01
4.679542851562500232e+02,-8.284399805770385683e+01
4.679545781250000118e+02,-9.046094681526570014e+01
4.679548710937500005e+02,-8.297374075849455721e+01
4.679551640624999891e+02,-8.442334008524129274e+01
4.679554570312500346e+02,-8.209219611040612108e+01
4.679557500000000232e+02,-8.608175081434069398e+01
4.679560429687500118e+02,-8.647247431695519992e+01
4.679563359375000005e+02,-9.857184715986488754e+01
4.679566289062499891e+02,-7.813167105047837424e+01
4.679569218750000346e+02,-7.942659012938776186e+01
4.679572148437500232e+02,-8.922877424949332692e+01
4.679575078125000118e+02,-9.326831372077640481e+01
4.679578007812500005e+02,-8.467244641265331495e+01
4.679580937499999891e+02,-8.478035080033387771e+01
4.679583867187500346e+02,-8.155427801905617002e+01
4.679586796875000232e+02,-8.991978035025354643e+01
4.679589726562500118e+02,-9.574416736726089994e+01
4.679592656250000005e+02,-8.616039742702618298e+01
4.679595585937499891e+02,-8.060898562322448413e+01
4.679598515625000346e+02,-8.945552270349494961e+01
4.679601445312500232e+02,-8.592811082210828033e+01
4.679604375000000118e+02,-8.079536839962861450e+01
4.679607304687500005e+02,-8.304446423778247777e+01
4.679610234374999891e+02,-8.991819564972324486e+01
4.679613164062500346e+02,-8.478528700862187861e+01
4.679616093750000232e+02,-8.347657843167773706e+01
4.679619023437500118e+02,-8.197609028444975365e+01
4.679621953125000005e+02,-8.061045356683806062e+01
4.679624882812499891e+02,-7.963297538051638469e+01
4.679627812500000346e+02,-8.220173279200550098e+01
4.679630742187500232e+02,-9.697520687312891141e+01
4.679633671875000118e+02,-9.929090344482261798e+01
4.679636601562500005e+02,-8.364801184544643320e+01
4.679639531249999891e+02,-8.146195050345471600e+01
4.679642460937500346e+02,-8.355625480459416110e+01
4.679645390625000232e+02,-8.949004503211514816e+01
4.679648320312500118e+02,-8.477327635793942306e+01
4.679651250000000005e+02,-9.141732753872426542e+01
4.679654179687499891e+02,-8.767565466321100587e+01
4.679657109375000346e+02,-9.288058506209431187e+01
4.679660039062500232e+02,-8.620163183728558920e+01
4.679662968750000118e+02,-9.202147343022565451e+01
4.679665898437500005e+02,-9.452709240955238101e+01
4.679668828124999891e+02,-8.466808540512050740e+01
4.679671757812500346e+02,-8.431554424783007562e+01
4.679674687500000232e+02,-8.826872560928906353e+01
4.679677617187500118e+02,-8.055198120632631742e+01
4.679680546875000005e+02,-8.915944522246036286e+01
4.679683476562499891e+02,-8.472621637188692034e+01
4.679686406250000346e+02,-9.458396404628987852e+01
4.679689335937500232e+02,-9.400393175121826062e+01
4.679692265625000118e+02,-8.913620319566531691e+01
4.679695195312500005e+02,-8.977654666093947355e+01
4.679698124999999891e+02,-9.254955746856364840e+01
4.679701054687500346e+02,-1.003411740279885009e+02
4.679703984375000232e+02,-9.202327292733698982e+01
4.679706914062500118e+02,-9.259307664558726003e+01
4.679709843750000005e+02,-9.337433297389999609e+01
4.679712773437499891e+02,-9.204711297326191755e+01
4.679715703125000346e+02,-9.002266874006122066e+01
4.679718632812500232e+02,-9.108382653381463001e+01
4.679721562500000118e+02,-1.000739442906886865e+02
4.679724492187500005e+02,-8.901600402497666664e+01
4.679727421874999891e+02,-9.303329259994285394e+01
4.679730351562500346e+02,-8.525995376571435713e+01
4.679733281250000232e+02,-8.479040142655242107e+01
4.679736210937500118e+02,-9.073169848390462278e+01
4.679739140625000005e+02,-9.688765848030308803e+01
4.679742070312499891e+02,-8.891940097769408169e+01
4.679745000000000346e+02,-8.169500856844987879e+01
4.679747929687500232e+02,-8.034836166478113739e+01
4.679750859375000118e+02,-8.654633340438263645e+01
4.679753789062500005e+02,-8.796669146249755045e+01
4.679756718749999891e+02,-8.305983162220016425e+01
4.679759648437500346e+02,-8.512017506665438304e+01
4.679762578125000232e+02,-8.744508804060770046e+01
4.679765507812500118e+02,-9.089505606366175527e+01
4.679768437500000005e+02,-9.202509340261711657e+01
4.679771367187499891e+02,-8.501688095562145975e+01
4.679774296875000346e+02,-8.446975953427026695e+01
4.679777226562500232e+02,-9.162550505841572601e+01
4.679780156250000118e+02,-8.981433153010050319e+01
4.679783085937500005e+02,-8.217717631984078253e+01
4.679786015624999891e+02,-8.780329953186702596e+01
4.679788945312500346e+02,-1.014985628630067254e+02
4.679791875000000232e+02,-9.201116913297227029e+01
4.679794804687500118e+02,-8.728794212673550135e+01
4.679797734375000005e+02,-8.610528947493081375e+01
4.679800664062499891e+02,-8.553393128676539447e+01
4.679803593750000346e+02,-8.817543760097626659e+01
4.679806523437500232e+02,-8.863300574594454417e+01
4.679809453125000118e+02,-8.707417692958790667e+01
4.679812382812500005e+02,-8.276507388782951580e+01
4.679815312499999891e+02,-8.715736010450568472e+01
4.679818242187500346e+02,-9.392865601899015360e+01
4.679821171875000232e+02,-8.904702682837208272e+01
4.679824101562500118e+02,-9.060695365942348189e+01
4.679827031250000005e+02,-9.844815137339614353e+01
4.679829960937499891e+02,-8.384122700513742643e+01
4.679832890625000346e+02,-8.506759782670101799e+01
4.679835820312500232e+02,-9.135127038113891729e+01
4.679838750000000118e+02,-8.357406832006358854e+01
4.679841679687500005e+02,-8.978808116937605632e+01
4.679844609374999891e+02,-8.914056626582471665e+01
4.679847539062500346e+02,-8.764749588789003099e+01
4.679850468750000232e+02,-7.852100767711942808e+01
4.679853398437500118e+02,-7.727802544605496848e+01
4.679856328125000005e+02,-7.748508080122397246e+01
4.679859257812499891e+02,-9.071197769548355438e+01
4.679862187500000346e+02,-8.921147784086619481e+01
4.679865117187500232e+02,-9.021327806936878346e+01
4.679868046875000118e+02,-8.951560442542422891e+01
4.679870976562500005e+02,-9.166587095301174770e+01
4.679873906249999891e+02,-1.054753676234701061e+02
4.679876835937500346e+02,-8.534877982620673720e+01
4.679879765625000232e+02,-8.014430695419758877e+01
4.679882695312500118e+02,-8.510039026285453190e+01
4.679885625000000005e+02,-8.972121343575203412e+01
4.679888554687499891e+02,-8.892594952766876304e+01
4.679891484375000346e+02,-9.326053647159412208e+01
4.679894414062500232e+02,-1.063961190129385272e+02
4.679897343750000118e+02,-9.142444947053583348e+01
4.679900273437500005e+02,-9.575267011754348800e+01
4.679903203124999891e+02,-8.331432718845300656e+01
4.679906132812500346e+02,-8.216447509670091165e+01
4.679909062500000232e+02,-9.385286239707083666e+01
4.679911992187500118e+02,-8.715023688841046123e+01
4.679914921875000005e+02,-9.671012978449658704e+01
4.679917851562499891e+02,-8.897854370923154477e+01
4.679920781250000346e+02,-8.352878262917619168e+01
4.679923710937500232e+02,-8.338573753031781166e+01
4.679926640625000118e+02,-8.622879136604892381e+01
4.679929570312500005e+02,-9.921609935566297622e+01
4.679932499999999891e+02,-8.788202349675152902e+01
4.679935429687500346e+02,-8.973708901415916728e+01
4.679938359375000232e+02,-8.912447004950793428e+01
4.679941289062500118e+02,-9.297574856841494295e+01
4.679944218750000005e+02,-8.511709316830095418e+01
4.679947148437499891e+02,-8.072540133180504540e+01
4.679950078125000346e+02,-8.615733201413333120e+01
4.679953007812500232e+02,-9.184378467100867738e+01
4.679955937500000118e+02,-9.313299936739588247e+01
4.679958867187500005e+02,-8.257789564316352937e+01
4.679961796874999891e+02,-8.931197631527970771e+01
4.679964726562500346e+02,-1.060477273762143824e+02
4.679967656250000232e+02,-9.213174682167520757e+01
4.679970585937500118e+02,-8.677349199002939883e+01
4.679973515625000005e+02,-8.380923025566502815e+01
4.679976445312499891e+02,-8.627250992257683038e+01
4.679979375000000346e+02,-8.744638286520775239e+01
4.679982304687500232e+02,-8.852038854205093799e+01
4.679985234375000118e+02,-8.419981607596190543e+01
4.679988164062500005e+02,-8.656511344854558843e+01
4.679991093749999891e+02,-9.442062153423682958e+01
4.679994023437500346e+02,-1.017893823655376906e+02
4.679996953125000232e+02,-9.821198230276129948e+01
4.679999882812500118e+02,-1.039678080228420498e+02
4.680002812500000005e+02,-8.868287673868019283e+01
4.680005742187499891e+02,-8.173793969210458954e+01
4.680008671875000346e+02,-8.271022126332746893e+01
4.680011601562500232e+02,-8.643018300033004664e+01
4.680014531250000118e+02,-8.802708395522941487e+01
4.680017460937500005e+02,-9.075322642050878130e+01
4.680020390624999891e+02,-8.689523694407741061e+01
4.680023320312500346e+02,-8.589174999592981408e+01
4.680026250000000232e+02,-9.034805483011479055e+01
4.680029179687500118e+02,-9.140128526299852751e+01
4.680032109375000005e+02,-9.572005146659314789e+01
4.680035039062499891e+02,-8.952856534911573760e+01
4.680037968750000346e+02,-9.517855887966192086e+01
4.680040898437500232e+02,-9.049039694655758126e+01
4.680043828125000118e+02,-1.059180009091214316e+02
4.680046757812500005e+02,-9.961710881433803877e+01
4.680049687499999891e+02,-9.238498162956395277e+01
4.680052617187500346e+02,-1.015103831986946403e+02
4.680055546875000232e+02,-8.821035642757686901e+01
4.680058476562500118e+02,-9.221048445690321671e+01
4.680061406250000005e+02,-8.861914758487621668e+01
4.680064335937499891e+02,-8.724672634616493383e+01
4.680067265625000346e+02,-8.493904030934844229e+01
4.680070195312500232e+02,-9.508247363786213668e+01
4.680073125000000118e+02,-8.666769946965592908e+01
4.680076054687500005e+02,-9.189617337091659977e+01
4.680078984374999891e+02,-9.456375350647323330e+01
4.680081914062500346e+02,-8.980614011163302735e+01
4.680084843750000232e+02,-8.672192610421539882e+01
4.680087773437500118e+02,-8.729374635869118038e+01
4.680090703125000005e+02,-9.784548845272800577e+01
4.680093632812499891e+02,-1.103860533173057235e+02
4.680096562500000346e+02,-8.622457336076763568e+01
4.680099492187500232e+02,-8.276883030772086158e+01
4.680102421875000118e+02,-8.778505105276580878e+01
4.680105351562500005e+02,-8.323966905704563146e+01
4.680108281249999891e+02,-9.077272781088993270e+01
4.680111210937500346e+02,-8.028017591883589432e+01
4.680114140625000232e+02,-8.395801169673481468e+01
4.680117070312500118e+02,-8.605375172509988602e+01
4.680120000000000005e+02,-8.676997316151462769e+01
4.680122929687499891e+02,-8.443646926215636483e+01
4.680125859375000346e+02,-8.469628655589885113e+01
4.680128789062500232e+02,-8.456275118652156664e+01
4.680131718750000118e+02,-8.986002752664022353e+01
4.680134648437500005e+02,-1.012483631993809183e+02
4.680137578124999891e+02,-8.828769168362751429e+01
4.680140507812500346e+02,-8.230476090140462020e+01
4.680143437500000232e+02,-8.157936056212776066e+01
4.680146367187500118e+02,-8.963930715911487823e+01
4.680149296875000005e+02,-8.601720646199447629e+01
4.680152226562499891e+02,-8.594526855333491255e+01
4.680155156250000346e+02,-8.840717826417586878e+01
4.680158085937500232e+02,-8.648236445320893040e+01
4.680161015625000118e+02,-9.257290013697800646e+01
4.680163945312500005e+02,-1.108730395748706030e+02
4.680166874999999891e+02,-9.026786204207951414e+01
4.680169804687500346e+02,-8.413202868342693819e+01
4.680172734375000232e+02,-8.763931740908559220e+01
4.680175664062500118e+02,-8.193412320472360477e+01
4.680178593750000005e+02,-8.579093613990197298e+01
4.680181523437499891e+02,-9.264047484538608046e+01
4.680184453125000346e+02,-1.012021544985512236e+02
4.680187382812500232e+02,-8.313289731695374485e+01
4.680190312500000118e+02,-8.550873370846248633e+01
4.680193242187500005e+02,-8.627878570634652533e+01
4.680196171874999891e+02,-8.391202615851399571e+01
4.680199101562500346e+02,-9.222898360842430066e+01
4.680202031250000232e+02,-8.140918326310375619e+01
4.680204960937500118e+02,-7.974732995184606921e+01
4.680207890625000005e+02,-8.197689366385334608e+01
4.680210820312499891e+02,-8.498222955904905973e+01
4.680213750000000346e+02,-9.978282665196778112e+01
4.680216679687500232e+02,-8.586402695042819744e+01
4.680219609375000118e+02,-8.604786733529195430e+01
4.680222539062500005e+02,-8.190046549201227322e+01
4.680225468749999891e+02,-8.112830823685250436e+01
4.680228398437500346e+02,-9.007594686663102834e+01
4.680231328125000232e+02,-8.757651879786365612e+01
4.680234257812500118e+02,-8.989819029418050889e+01
4.680237187500000005e+02,-8.630155940981536844e+01
4.680240117187499891e+02,-8.492469704113729279e+01
4.680243046875000346e+02,-8.500395898723596133e+01
4.680245976562500232e+02,-8.552563510822923831e+01
4.680248906250000118e+02,-8.714721774202105564e+01
4.680251835937500005e+02,-1.035318747469312228e+02
4.680254765624999891e+02,-8.911492375516280617e+01
4.680257695312500346e+02,-8.505132004771667198e+01
4.680260625000000232e+02,-8.897923220088901530e+01
4.680263554687500118e+02,-9.504437514015903332e+01
4.680266484375000005e+02,-9.169752731616799224e+01
4.680269414062499891e+02,-8.837640906737439650e+01
4.680272343750000346e+02,-8.642743032237085288e+01
4.680275273437500232e+02,-8.671019571280298521e+01
4.680278203125000118e+02,-8.918886025572629705e+01
4.680281132812500005e+02,-9.269107061590045760e+01
4.680284062499999891e+02,-1.024786398525418321e+02
4.680286992187500346e+02,-8.743884468751335248e+01
4.680289921875000232e+02,-8.505714802352967752e+01
4.680292851562500118e+02,-8.742989200127512106e+01
4.680295781250000005e+02,-9.441513001832240093e+01
4.680298710937499891e+02,-8.556838477284389910e+01
4.680301640625000346e+02,-9.479673484320633747e+01
4.680304570312500232e+02,-8.341164671356918348e+01
4.680307500000000118e+02,-8.164225282413690366e+01
4.680310429687500005e+02,-8.283873220478230337e+01
4.680313359374999891e+02,-9.083196711345962626e+01
4.680316289062500346e+02,-8.724141913758856504e+01
4.680319218750000232e+02,-8.256228217101070754e+01
4.680322148437500118e+02,-9.186020732955638834e+01
4.680325078125000005e+02,-9.213870729401945425e+01
4.680328007812499891e+02,-8.771104789830529569e+01
4.680330937500000346e+02,-8.766534652221096735e+01
4.680333867187500232e+02,-8.533234020628796657e+01
4.680336796875000118e+02,-8.531823823258724815e+01
4.680339726562500005e+02,-8.908388593901342745e+01
4.680342656249999891e+02,-8.835703617829412337e+01
4.680345585937500346e+02,-8.841053804595388499e+01
4.680348515625000232e+02,-8.728992058727131109e+01
4.680351445312500118e+02,-1.043954820531838124e+02
4.680354375000000005e+02,-9.133390960466302033e+01
4.680357304687499891e+02,-8.456193356736220323e+01
4.680360234375000346e+02,-8.386210579437863544e+01
4.680363164062500232e+02,-8.583350544759264267e+01
4.680366093750000118e+02,-9.033624636857928181e+01
4.680369023437500005e+02,-8.564573632388825786e+01
4.680371953124999891e+02,-8.206537121557829551e+01
4.680374882812500346e+02,-8.297655395415289092e+01
4.680377812500000232e+02,-8.626779457917619709e+01
4.680380742187500118e+02,-8.154376247654836618e+01
4.680383671875000005e+02,-8.711310590183835245e+01
4.680386601562499891e+02,-8.186217694086401764e+01
4.680389531250000346e+02,-8.424443807413695140e+01
4.680392460937500232e+02,-8.192954950844014661e+01
4.680395390625000118e+02,-8.757442956459838967e+01
4.680398320312500005e+02,-8.425485385993282250e+01
4.680401249999999891e+02,-8.502464288425132111e+01
4.680404179687500346e+02,-8.452881868090665307e+01
4.680407109375000232e+02,-8.410693585597942956e+01
4.680410039062500118e+02,-9.165748686100629072e+01
4.680412968750000005e+02,-8.752055003868363769e+01
4.680415898437499891e+02,-9.128690205823608039e+01
4.680418828125000346e+02,-1.071688515047395782e+02
4.680421757812500232e+02,-8.445288105925166633e+01
4.680424687500000118e+02,-8.472320634043215648e+01
4.680427617187500005e+02,-9.250316429566771603e+01
4.680430546874999891e+02,-8.024756869646408575e+01
4.680433476562500346e+02,-8.032541433915376672e+01
4.680436406250000232e+02,-8.566205548005599724e+01
4.680439335937500118e+02,-8.491643548104354977e+01
4.680442265625000005e+02,-8.437260358020678552e+01
4.680445195312499891e+02,-8.553394485681258175e+01
4.680448125000000346e+02,-8.415312430862059045e+01
4.680451054687500232e+02,-1.016961930205339826e+02
4.680453984375000118e+02,-8.994254066715150486e+01
4.680456914062500005e+02,-8.143292443406009795e+01
4.680459843749999891e+02,-9.049081899698808229e+01
4.680462773437500346e+02,-8.668339125116813193e+01
4.680465703125000232e+02,-8.686501360201384614e+01
4.680468632812500118e+02,-9.161735337003550228e+01
4.680471562500000005e+02,-9.216032339041936439e+01
4.680474492187499891e+02,-9.614225592826370814e+01
4.680477421875000346e+02,-9.755928723321495966e+01
4.680480351562500232e+02,-9.220180316466223758e+01
4.680483281250000118e+02,-9.579051106428559592e+01
4.680486210937500005e+02,-8.578048389738182777e+01
4.680489140624999891e+02,-8.542544880174860111e+01
4.680492070312500346e+02,-9.040368800440673169e+01
4.680495000000000232e+02,-8.787319909717965061e+01
4.680497929687500118e+02,-9.209968679236992273e+01
4.680500859375000005e+02,-8.729915925330601567e+01
4.680503789062499891e+02,-1.218520245530973227e+02
4.680506718750000346e+02,-8.603340861993387989e+01
4.680509648437500232e+02,-8.534214132785703555e+01
4.680512578125000118e+02,-8.656851770050542427e+01
4.680515507812500005e+02,-8.900733510136836912e+01
4.680518437499999891e+02,-8.414396923970198827e+01
4.680521367187500346e+02,-8.532160920962473938e+01
4.680524296875000232e+02,-9.861111549773822560e+01
4.680527226562500118e+02,-8.758088840402173503e+01
4.680530156250000005e+02,-8.675853580816747979e+01
4.680533085937499891e+02,-9.118699991721298659e+01
4.680536015625000346e+02,-8.316561663052441133e+01
4.680538945312500232e+02,-8.424852266068819517e+01
4.680541875000000118e+02,-8.626393138059339094e+01
4.680544804687500005e+02,-8.381978985039864938e+01
4.680547734374999891e+02,-9.340657623521877895e+01
4.680550664062500346e+02,-8.884984210413873029e+01
4.680553593750000232e+02,-8.945048767258327871e+01
4.680556523437500118e+02,-8.509989016003595452e+01
4.680559453125000005e+02,-8.399522340034016565e+01
4.680562382812499891e+02,-8.260906192049000651e+01
4.680565312500000346e+02,-8.445075776242020993e+01
4.680568242187500232e+02,-8.317511586763447440e+01
4.680571171875000118e+02,-9.247031079247091157e+01
4.680574101562500005e+02,-9.140201231115969449e+01
4.680577031249999891e+02,-9.277671679824183570e+01
4.680579960937500346e+02,-1.162740539324468045e+02
4.680582890625000232e+02,-1.008031115284435657e+02
4.680585820312500118e+02,-9.179784162098061984e+01
4.680588750000000005e+02,-8.450731689877854080e+01
4.680591679687499891e+02,-8.902792272590495770e+01
4.680594609375000346e+02,-8.734114043702953722e+01
4.680597539062500232e+02,-8.916269371550164635e+01
4.680600468750000118e+02,-9.097897782539109812e+01
4.680603398437500005e+02,-9.379577790122772285e+01
4.680606328124999891e+02,-8.431239696888786739e+01
4.680609257812500346e+02,-8.777583435641935239e+01
4.680612187500000232e+02,-9.755798283160515894e+01
4.680615117187500118e+02,-9.299687188211215982e+01
4.680618046875000005e+02,-8.367118313555315012e+01
4.680620976562499891e+02,-8.364874018723442362e+01
4.680623906250000346e+02,-1.014580669858710849e+02
4.680626835937500232e+02,-9.036527435870817726e+01
4.680629765625000118e+02,-8.826828775167160757e+01
4.680632695312500005e+02,-1.029776582443309394e+02
4.680635624999999891e+02,-8.572743844495755638e+01
4.680638554687500346e+02,-8.763409688072435699e+01
4.680641484375000232e+02,-8.412833380236108383e+01
4.680644414062500118e+02,-8.308700935271771471e+01
4.680647343750000005e+02,-9.053834354935760587e+01
4.680650273437499891e+02,-8.735547431013161201e+01
4.680653203125000346e+02,-8.921145559212425269e+01
4.680656132812500232e+02,-8.742161175926020178e+01
4.680659062500000118e+02,-8.152046492861542504e+01
4.680661992187500005e+02,-8.824019127433575704e+01
4.680664921874999891e+02,-9.922801901556908888e+01
4.680667851562500346e+02,-9.117498134723497571e+01
4.680670781250000232e+02,-9.612997732985313348e+01
4.680673710937500118e+02,-9.393312837570378804e+01
4.680676640625000005e+02,-8.567662427048048812e+01
4.680679570312499891e+02,-8.558125920037936396e+01
4.680682500000000346e+02,-8.335051154027900111e+01
4.680685429687500232e+02,-8.452406022501952521e+01
4.680688359375000118e+02,-8.479691252999045048e+01
4.680691289062500005e+02,-9.169924012203586017e+01
4.680694218749999891e+02,-8.824281338040663059e+01
4.680697148437500346e+02,-8.979051529181658964e+01
4.680700078125000232e+02,-8.889000192416935420e+01
4.680703007812500118e+02,-8.199713856095652886e+01
4.680705937500000005e+02,-9.137411574122815239e+01
4.680708867187499891e+02,-8.630108642140808684e+01
4.680711796875000346e+02,-9.648150340862076746e+01
4.680714726562500232e+02,-8.661023030499158892e+01
4.680717656250000118e+02,-8.323064349362168457e+01
4.680720585937500005e+02,-8.362440607875066689e+01
4.680723515624999891e+02,-8.865223914644987246e+01
4.680726445312500346e+02,-8.522631778915865652e+01
4.680729375000000232e+02,-8.248190149594663012e+01
4.680732304687500118e+02,-8.678571571190965983e+01
4.680735234375000005e+02,-8.507232547135095047e+01
4.680738164062499891e+02,-8.611336389581941830e+01
4.680741093750000346e+02,-8.345977604661158011e+01
4.680744023437500232e+02,-8.061852485585346528e+01
4.680746953125000118e+02,-8.251797370198747217e+01
4.680749882812500005e+02,-8.426914033330702125e+01
4.680752812499999891e+02,-8.530660212812057352e+01
4.680755742187500346e+02,-9.441639486408418236e+01
4.680758671875000232e+02,-8.888864901201517910e+01
4.680761601562500118e+02,-8.359447528648068726e+01
4.680764531250000005e+02,-8.630050359121378278e+01
4.680767460937499891e+02,-8.569240752191737442e+01
4.680770390625000346e+02,-8.115535143359359438e+01
4.680773320312500232e+02,-8.029656803116411368e+01
4.680776250000000118e+02,-8.180774973430197861e+01
4.680779179687500005e+02,-8.721884710357487336e+01
4.680782109374999891e+02,-8.391768099859524455e+01
4.680785039062500346e+02,-8.658217377815176974e+01
4.680787968750000232e+02,-8.839043133050540746e+01
4.680790898437500118e+02,-9.140725429778292721e+01
4.680793828125000005e+02,-9.240022291779331454e+01
4.680796757812499891e+02,-9.189700486107105348e+01
4.680799687500000346e+02,-9.004753179685172881e+01
4.680802617187500232e+02,-9.347422119051265099e+01
4.680805546875000118e+02,-9.631826522355494546e+01
4.680808476562500005e+02,-9.597809830597319092e+01
4.680811406249999891e+02,-9.155184787440302330e+01
4.680814335937500346e+02,-9.207517020819226161e+01
4.680817265625000232e+02,-9.410639752250759216e+01
4.680820195312500118e+02,-8.498138784482603114e+01
4.680823125000000005e+02,-8.857686303233278124e+01
4.680826054687499891e+02,-8.779511904340451167e+01
4.680828984375000346e+02,-9.016465862951707777e+01
4.680831914062500232e+02,-8.795833610680142556e+01
4.680834843750000118e+02,-9.162406320539956539e+01
4.680837773437500005e+02,-8.758973221052181657e+01
4.680840703124999891e+02,-8.977467307985305922e+01
4.680843632812500346e+02,-9.069897707410986243e+01
4.680846562500000232e+02,-8.177545378853587010e+01
4.680849492187500118e+02,-8.634329279393051593e+01
4.680852421875000005e+02,-8.272199807889035128e+01
4.680855351562499891e+02,-8.467855153907879640e+01
4.680858281250000346e+02,-9.655520583036832249e+01
4.680861210937500232e+02,-9.524959355885867751e+01
4.680864140625000118e+02,-7.786810139552598287e+01
4.680867070312500005e+02,-7.618512741533544386e+01
4.680869999999999891e+02,-7.835167571945430609e+01
4.680872929687500346e+02,-7.961662012459328253e+01
4.680875859375000232e+02,-8.690756633073911530e+01
4.680878789062500118e+02,-8.670698177759553005e+01
4.680881718750000005e+02,-9.777138084160661435e+01
4.680884648437499891e+02,-8.856309346806440885e+01
4.680887578125000346e+02,-8.982412650061802140e+01
4.680890507812500232e+02,-1.020534724950162087e+02
4.680893437500000118e+02,-8.787568611269819030e+01
4.680896367187500005e+02,-9.465644836296971221e+01
4.680899296874999891e+02,-8.693572461641012694e+01
4.680902226562500346e+02,-9.395303859979598826e+01
4.680905156250000232e+02,-9.752546089652859962e+01
4.680908085937500118e+02,-8.911330733281211280e+01
4.680911015625000005e+02,-8.168829842705756050e+01
4.680913945312499891e+02,-8.861737069810885714e+01
4.680916875000000346e+02,-8.732700819974702711e+01
4.680919804687500232e+02,-8.699871594487099458e+01
4.680922734375000118e+02,-8.940194520489859542e+01
4.680925664062500005e+02,-8.612475916819390420e+01
4.680928593749999891e+02,-8.922182543051187054e+01
4.680931523437500346e+02,-8.687645304795989887e+01
4.680934453125000232e+02,-8.960748099020207746e+01
4.680937382812500118e+02,-8.651969514418718177e+01
4.680940312500000005e+02,-8.386422564027044757e+01
4.680943242187499891e+02,-8.127247676837946244e+01
4.680946171875000346e+02,-9.012753654612015453e+01
4.680949101562500232e+02,-9.050953707602984366e+01
4.680952031250000118e+02,-8.249457579473074986e+01
4.680954960937500005e+02,-8.598713938987100391e+01
4.680957890624999891e+02,-8.979323570071089478e+01
4.680960820312500346e+02,-9.131105804967543804e+01
4.680963750000000232e+02,-9.332613088916127708e+01
4.680966679687500118e+02,-8.985187378870807606e+01
4.680969609375000005e+02,-8.808325282204236828e+01
4.680972539062499891e+02,-1.019765850301416066e+02
4.680975468750000346e+02,-8.726511468399927196e+01
4.680978398437500232e+02,-8.381527666243449914e+01
4.680981328125000118e+02,-9.206327391795780102e+01
4.680984257812500005e+02,-9.045331630170855419e+01
4.680987187499999891e+02,-9.241346454767798946e+01
4.680990117187500346e+02,-9.856658569223574773e+01
4.680993046875000232e+02,-9.366044723557104135e+01
4.680995976562500118e+02,-8.927900110099403719e+01
4.680998906250000005e+02,-9.808153920061265296e+01
4.681001835937499891e+02,-8.840232897583598515e+01
4.681004765625000346e+02,-8.976430787514523502e+01
4.681007695312500232e+02,-9.865946384109342659e+01
4.681010625000000118e+02,-9.129955893934628364e+01
4.681013554687500005e+02,-8.656958105359578326e+01
4.681016484374999891e+02,-9.270125113184144539e+01
4.681019414062500346e+02,-9.963444103427107734e+01
4.681022343750000232e+02,-9.333575116082946010e+01
4.681025273437500118e+02,-9.814200989115039420e+01
4.681028203125000005e+02,-8.782865308408193528e+01
4.681031132812499891e+02,-8.955295242753649632e+01
4.681034062500000346e+02,-9.257511445335433109e+01
4.681036992187500232e+02,-9.476347719336860109e+01
4.681039921875000118e+02,-8.951573223374239774e+01
4.681042851562500005e+02,-1.026786424187631184e+02
4.681045781249999891e+02,-9.714303551735184783e+01
4.681048710937500346e+02,-8.736909368700715106e+01
4.681051640625000232e+02,-8.630715919781167145e+01
4.681054570312500118e+02,-8.614760213626351515e+01
4.681057500000000005e+02,-8.495468944037023107e+01
4.681060429687499891e+02,-8.936127828463897060e+01
4.681063359375000346e+02,-1.005218409624990983e+02
4.681066289062500232e+02,-9.568742705278509675e+01
4.681069218750000118e+02,-9.872788139651930805e+01
4.681072148437500005e+02,-9.798902896635735260e+01
4.681075078124999891e+02,-8.947215043782988175e+01
4.681078007812500346e+02,-8.468646422209303637e+01
4.681080937500000232e+02,-8.389430262677394978e+01
4.681083867187500118e+02,-8.334316314417560534e+01
4.681086796875000005e+02,-8.545158060959008139e+01
4.681089726562499891e+02,-8.693290113531814711e+01
4.681092656250000346e+02,-8.536426056886077163e+01
4.681095585937500232e+02,-9.044672240776831984e+01
4.681098515625000118e+02,-1.059362476969973557e+02
4.681101445312500005e+02,-9.742811921289697352e+01
4.681104374999999891e+02,-9.030044750472681869e+01
4.681107304687500346e+02,-8.786076687326213630e+01
4.681110234375000232e+02,-8.317198980817582310e+01
4.681113164062500118e+02,-9.229299967489964729e+01
4.681116093750000005e+02,-9.127560717755702058e+01
4.681119023437499891e+02,-8.693461360978315611e+01
4.681121953125000346e+02,-8.823883979418005197e+01
4.681124882812500232e+02,-9.200599406129633451e+01
4.681127812500000118e+02,-9.046423808056574956e+01
4.681130742187500005e+02,-9.082941435032024913e+01
4.681133671874999891e+02,-9.140537519568101743e+01
4.681136601562500346e+02,-8.188456977463532382e+01
4.681139531250000232e+02,-8.365694620225011136e+01
4.681142460937500118e+02,-8.950719276349467179e+01
4.681145390625000005e+02,-8.812638953404294284e+01
4.681148320312499891e+02,-8.548985570062123429e+01
4.681151250000000346e+02,-8.384174963164429073e+01
4.681154179687500232e+02,-8.851838844951237206e+01
4.681157109375000118e+02,-8.186036656425721958e+01
4.681160039062500005e+02,-8.310165810853106905e+01
4.681162968749999891e+02,-8.555871084031117846e+01
4.681165898437500346e+02,-8.722010123712118457e+01
4.681168828125000232e+02,-9.746150276955742697e+01
4.681171757812500118e+02,-8.286451018393869106e+01
4.681174687500000005e+02,-8.566945591123300119e+01
4.681177617187499891e+02,-8.445467618621452743e+01
4.681180546875000346e+02,-8.069783671082730336e+01
4.681183476562500232e+02,-8.332540257380159687e+01
4.681186406250000118e+02,-8.707880326134747406e+01
4.681189335937500005e+02,-8.435389163061479678e+01
4.681192265624999891e+02,-8.424305632455072157e+01
4.681195195312500346e+02,-8.559042635126408527e+01
4.681198125000000232e+02,-9.649689242591807670e+01
4.681201054687500118e+02,-8.581041937979654222e+01
4.681203984375000005e+02,-9.179950069367598076e+01
4.681206914062499891e+02,-8.815398018925898782e+01
4.681209843750000346e+02,-8.569003856167020672e+01
4.681212773437500232e+02,-8.385247972966530483e+01
4.681215703125000118e+02,-8.240891215286696081e+01
4.681218632812500005e+02,-9.260387207367634232e+01
4.681221562499999891e+02,-9.204831146245531670e+01
4.681224492187500346e+02,-8.140404966562971367e+01
4.681227421875000232e+02,-8.180638570314572178e+01
4.681230351562500118e+02,-9.315769945187372514e+01
4.681233281250000005e+02,-8.268172048950903275e+01
4.681236210937499891e+02,-8.403933443443830242e+01
4.681239140625000346e+02,-8.301150236364861712e+01
4.681242070312500232e+02,-8.619218203808796375e+01
4.681245000000000118e+02,-8.260757795089539002e+01
4.681247929687500005e+02,-9.491805575411441964e+01
4.681250859374999891e+02,-8.434126550157429847e+01
4.681253789062500346e+02,-9.410154530748411617e+01
4.681256718750000232e+02,-9.442885891528700881e+01
4.681259648437500118e+02,-9.440365773184365139e+01
4.681262578125000005e+02,-9.072363282165584053e+01
4.681265507812499891e+02,-8.410287833188741047e+01
4.681268437500000346e+02,-8.624131368358189320e+01
4.681271367187500232e+02,-8.705238073999817061e+01
4.681274296875000118e+02,-8.398180082733270524e+01
4.681277226562500005e+02,-8.576421546917865157e+01
4.681280156249999891e+02,-9.510722242717208985e+01
4.681283085937500346e+02,-1.077606859268843777e+02
4.681286015625000232e+02,-9.124894682964168169e+01
4.681288945312500118e+02,-9.366643516210507414e+01
4.681291875000000005e+02,-8.402526847088523709e+01
4.681294804687499891e+02,-8.386332590201450898e+01
4.681297734375000346e+02,-8.643583155008954577e+01
4.681300664062500232e+02,-1.026227719164445062e+02
4.681303593750000118e+02,-9.878980697983467962e+01
4.681306523437500005e+02,-8.856914332395132305e+01
4.681309453124999891e+02,-8.720809281755680331e+01
4.681312382812500346e+02,-8.611038213493625904e+01
4.681315312500000232e+02,-8.486086243671884688e+01
4.681318242187500118e+02,-9.561394793685325055e+01
4.681321171875000005e+02,-9.708457788840598823e+01
4.681324101562499891e+02,-1.005596385300462572e+02
4.681327031250000346e+02,-8.720371038002190289e+01
4.681329960937500232e+02,-8.544423138187001143e+01
4.681332890625000118e+02,-8.817460260344141432e+01
4.681335820312500005e+02,-8.734676397295476136e+01
4.681338749999999891e+02,-8.722088153642852149e+01
4.681341679687500346e+02,-9.349984960750205687e+01
4.681344609375000232e+02,-8.976346715009945854e+01
4.681347539062500118e+02,-9.001667741346260243e+01
4.681350468750000005e+02,-8.537189828632912736e+01
4.681353398437499891e+02,-8.238170548344326960e+01
4.681356328125000346e+02,-8.647179596095395482e+01
4.681359257812500232e+02,-8.821864650598412538e+01
4.681362187500000118e+02,-8.614301757233175749e+01
4.681365117187500005e+02,-8.637919199586688990e+01
4.681368046874999891e+02,-8.714389477282713869e+01
4.681370976562500346e+02,-8.700043308593045310e+01
4.681373906250000232e+02,-9.385262328032740697e+01
4.681376835937500118e+02,-8.129418221168234027e+01
4.681379765625000005e+02,-8.205706527724746024e+01
4.681382695312499891e+02,-9.364208040468427896e+01
4.681385625000000346e+02,-8.562891328040109329e+01
4.681388554687500232e+02,-8.410961752359057186e+01
4.681391484375000118e+02,-9.270543224984960773e+01
4.681394414062500005e+02,-9.206047514509812402e+01
4.681397343749999891e+02,-9.118589138289590323e+01
4.681400273437500346e+02,-8.562964741005403368e+01
4.681403203125000232e+02,-8.214431610463172717e+01
4.681406132812500118e+02,-9.388636401280470523e+01
4.681409062500000005e+02,-8.722162463498911222e+01
4.681411992187499891e+02,-8.633337296981440545e+01
4.681414921875000346e+02,-8.912620435521945694e+01
4.681417851562500232e+02,-8.867421019194019038e+01
4.681420781250000118e+02,-8.580501465153284357e+01
4.681423710937500005e+02,-1.023452275561438540e+02
4.681426640624999891e+02,-8.249609755937495947e+01
4.681429570312500346e+02,-8.135475126338711505e+01
4.681432500000000232e+02,-8.504514497277830287e+01
4.681435429687500118e+02,-8.204757494617140878e+01
4.681438359375000005e+02,-8.620715750464982818e+01
4.681441289062499891e+02,-9.040009485694156410e+01
4.681444218750000346e+02,-8.962856383677154781e+01
4.681447148437500232e+02,-9.760540963227343525e+01
4.681450078125000118e+02,-8.818463168745557823e+01
4.681453007812500005e+02,-8.784149402228187853e+01
4.681455937499999891e+02,-1.002787256697670273e+02
4.681458867187500346e+02,-8.630900840553600517e+01
4.681461796875000232e+02,-8.644403461731991456e+01
4.681464726562500118e+02,-1.005390448414114388e+02
4.681467656250000005e+02,-8.865105871137500060e+01
4.681470585937499891e+02,-1.010072854556043751e+02
4.681473515625000346e+02,-8.922223719578740031e+01
4.681476445312500232e+02,-8.686471904773668484e+01
4.681479375000000118e+02,-8.632850955275458205e+01
4.681482304687500005e+02,-8.715570603502156644e+01
4.681485234374999891e+02,-9.308070291570599863e+01
4.681488164062500346e+02,-8.605631943318860522e+01
4.681491093750000232e+02,-8.746456424946765651e+01
4.681494023437500118e+02,-8.588624909641512772e+01
4.681496953125000005e+02,-9.003797838006720156e+01
4.681499882812499891e+02,-9.500831404574105932e+01
4.681502812500000346e+02,-8.591187570370841797e+01
4.681505742187500232e+02,-8.401908527908364022e+01
4.681508671875000118e+02,-9.473111883832787328e+01
4.681511601562500005e+02,-8.940862196684759056e+01
4.681514531249999891e+02,-9.131633599866265172e+01
4.681517460937500346e+02,-9.063507843992873347e+01
4.681520390625000232e+02,-8.816892875600640878e+01
4.681523320312500118e+02,-8.741609188877772851e+01
4.681526250000000005e+02,-9.541362827709306771e+01
4.681529179687499891e+02,-8.552212346218320249e+01
4.681532109375000346e+02,-8.946202818953609892e+01
4.681535039062500232e+02,-9.043942275083043114e+01
4.681537968750000118e+02,-9.909989396230209024e+01
4.681540898437500005e+02,-9.769898621454348131e+01
4.681543828124999891e+02,-8.815220447263968140e+01
4.681546757812500346e+02,-8.837364568991226577e+01
4.681549687500000232e+02,-9.337456372790006753e+01
4.681552617187500118e+02,-9.482344659003928200e+01
4.681555546875000005e+02,-8.830123592268002142e+01
4.681558476562499891e+02,-9.257495493548540821e+01
4.681561406250000346e+02,-8.503240830042511789e+01
4.681564335937500232e+02,-9.076796581157671540e+01
4.681567265625000118e+02,-9.444145202620616431e+01
4.681570195312500005e+02,-1.014811349381406842e+02
4.681573124999999891e+02,-8.861289176231773013e+01
4.681576054687500346e+02,-8.921591138274715149e+01
4.681578984375000232e+02,-9.260447979514142958e+01
4.681581914062500118e+02,-8.636762155464910506e+01
4.681584843750000005e+02,-9.104134571411111665e+01
4.681587773437499891e+02,-9.150748684152162582e+01
4.681590703125000346e+02,-8.955889586592982710e+01
4.681593632812500232e+02,-8.669626487659867564e+01
4.681596562500000118e+02,-8.896317966228771468e+01
4.681599492187500005e+02,-9.289738892633391742e+01
4.681602421874999891e+02,-9.730043754868246708e+01
4.681605351562500346e+02,-9.163539573342148969e+01
4.681608281250000232e+02,-8.713026489065862279e+01
4.681611210937500118e+02,-8.429772700192825141e+01
4.681614140625000005e+02,-8.576026497791752945e+01
4.681617070312499891e+02,-8.804994287711295442e+01
4.681620000000000346e+02,-9.570512729424281417e+01
4.681622929687500232e+02,-8.524393857070791114e+01
4.681625859375000118e+02,-8.649538572185255703e+01
4.681628789062500005e+02,-9.254341231247833832e+01
4.681631718749999891e+02,-8.291313067440256646e+01
4.681634648437500346e+02,-8.086266848767537851e+01
4.681637578125000232e+02,-8.412588235424695426e+01
4.681640507812500118e+02,-8.553751288480495418e+01
4.681643437500000005e+02,-8.721868326425308737e+01
4.681646367187499891e+02,-9.150570229617672169e+01
4.681649296875000346e+02,-8.223885117443319359e+01
4.681652226562500232e+02,-8.610824717418435625e+01
4.681655156250000118e+02,-9.290512409763719859e+01
4.681658085937500005e+02,-8.229641194798571746e+01
4.681661015624999891e+02,-7.918486938981517653e+01
4.681663945312500346e+02,-8.248208766379309509e+01
4.681666875000000232e+02,-8.112426165317882010e+01
4.681669804687500118e+02,-8.294878015971687546e+01
4.681672734375000005e+02,-8.156974418707991958e+01
4.681675664062499891e+02,-8.080397051213573434e+01
4.681678593750000346e+02,-8.472627719916494016e+01
4.681681523437500232e+02,-8.899340797398616587e+01
4.681684453125000118e+02,-8.366959826115162002e+01
4.681687382812500005e+02,-8.512312563768315954e+01
4.681690312499999891e+02,-8.443090748250870092e+01
4.681693242187500346e+02,-8.782803273720325876e+01
4.681696171875000232e+02,-8.874083119071080716e+01
4.681699101562500118e+02,-8.190579968711583092e+01
4.681702031250000005e+02,-8.517140423435522223e+01
4.681704960937499891e+02,-8.239387181010536665e+01
4.681707890625000346e+02,-8.160145990835317775e+01
4.681710820312500232e+02,-8.667706903650140760e+01
4.681713750000000118e+02,-9.205351767476641101e+01
4.681716679687500005e+02,-8.772974741352724948e+01
4.681719609374999891e+02,-8.774944371587758951e+01
4.681722539062500346e+02,-8.338704722182151841e+01
4.681725468750000232e+02,-8.804505404387781198e+01
4.681728398437500118e+02,-9.149867351657417203e+01
4.681731328125000005e+02,-8.409790483635075020e+01
4.681734257812499891e+02,-8.415907053408297145e+01
4.681737187500000346e+02,-9.300837865386250769e+01
4.681740117187500232e+02,-9.028382691188555498e+01
4.681743046875000118e+02,-8.904665849689644119e+01
4.681745976562500005e+02,-9.172796617365500538e+01
4.681748906249999891e+02,-8.430097637544614031e+01
4.681751835937500346e+02,-1.015674660217357825e+02
4.681754765625000232e+02,-8.525354114789774940e+01
4.681757695312500118e+02,-8.491358194171741047e+01
4.681760625000000005e+02,-8.592580913828952305e+01
4.681763554687499891e+02,-8.240362147831392292e+01
4.681766484375000346e+02,-8.597631758746032915e+01
4.681769414062500232e+02,-9.233945925625491213e+01
4.681772343750000118e+02,-8.467684047285389681e+01
4.681775273437500005e+02,-8.820104997469441344e+01
4.681778203124999891e+02,-9.064112067449647725e+01
4.681781132812500346e+02,-8.465831761818145651e+01
4.681784062500000232e+02,-8.241988344651099396e+01
4.681786992187500118e+02,-8.845228853434542771e+01
4.681789921875000005e+02,-8.919078277100824437e+01
4.681792851562499891e+02,-8.613981884723663995e+01
4.681795781250000346e+02,-8.764926568008095842e+01
4.681798710937500232e+02,-9.021085123591345223e+01
4.681801640625000118e+02,-8.557397929696782057e+01
4.681804570312500005e+02,-8.139452379715345387e+01
4.681807499999999891e+02,-9.256060376096991149e+01
4.681810429687500346e+02,-8.575080604593247813e+01
4.681813359375000232e+02,-8.689371540780015835e+01
4.681816289062500118e+02,-8.634144825992706274e+01
4.681819218750000005e+02,-8.175760811938623362e+01
4.681822148437499891e+02,-8.559832225488310087e+01
4.681825078125000346e+02,-9.407026176086347391e+01
4.681828007812500232e+02,-8.597178955327754579e+01
4.681830937500000118e+02,-8.838896628943429334e+01
4.681833867187500005e+02,-8.597965910478804119e+01
4.681836796874999891e+02,-8.667427693797982613e+01
4.681839726562500346e+02,-1.072783981662909838e+02
4.681842656250000232e+02,-9.006087611564574047e+01
4.681845585937500118e+02,-8.675654368548266859e+01
4.681848515625000005e+02,-9.001530388549504380e+01
4.681851445312499891e+02,-9.105128704826381636e+01
4.681854375000000346e+02,-1.075298731413134448e+02
4.681857304687500232e+02,-8.992942135451323793e+01
4.681860234375000118e+02,-8.629961591948728028e+01
4.681863164062500005e+02,-8.554666433701598294e+01
4.681866093749999891e+02,-8.662910481643068294e+01
4.681869023437500346e+02,-8.647336995556345585e+01
4.681871953125000232e+02,-9.013779836140331270e+01
4.681874882812500118e+02,-1.107680769372913119e+02
4.681877812500000005e+02,-8.998709303013548322e+01
4.681880742187499891e+02,-9.651872877607736712e+01
4.681883671875000346e+02,-8.184110054827374370e+01
4.681886601562500232e+02,-8.285913131485810368e+01
4.681889531250000118e+02,-9.199820512109347703e+01
4.681892460937500005e+02,-8.262344992430439561e+01
4.681895390624999891e+02,-8.261137690184571625e+01
4.681898320312500346e+02,-9.284378607117702131e+01
4.681901250000000232e+02,-8.795578164986154945e+01
4.681904179687500118e+02,-8.643036585995140797e+01
4.681907109375000005e+02,-9.067273273477076145e+01
4.681910039062499891e+02,-8.552300036515519821e+01
4.681912968750000346e+02,-8.470107110415364104e+01
4.681915898437500232e+02,-9.075194549119716214e+01
4.681918828125000118e+02,-8.548036869137916938e+01
4.681921757812500005e+02,-8.346718133117455807e+01
4.681924687499999891e+02,-8.770684170919965084e+01
4.681927617187500346e+02,-9.366363567865796824e+01
4.681930546875000232e+02,-9.197470435492020613e+01
4.681933476562500118e+02,-9.186193683471010729e+01
4.681936406250000005e+02,-8.439646045831395327e+01
4.681939335937499891e+02,-8.556577442635953901e+01
4.681942265625000346e+02,-9.151705451948033954e+01
4.681945195312500232e+02,-8.573597184867976750e+01
4.681948125000000118e+02,-9.719574598442635249e+01
4.681951054687500005e+02,-8.743521578720097409e+01
4.681953984374999891e+02,-9.300639225768284746e+01
4.681956914062500346e+02,-9.170018186133029303e+01
4.681959843750000232e+02,-9.547395873777510644e+01
4.681962773437500118e+02,-9.156822085256791866e+01
4.681965703125000005e+02,-8.761940932559929252e+01
4.681968632812499891e+02,-9.156148548820377187e+01
4.681971562500000346e+02,-1.017045422718740610e+02
4.681974492187500232e+02,-9.352425781750098110e+01
4.681977421875000118e+02,-8.871406444179255857e+01
4.681980351562500005e+02,-8.630517153172057476e+01
4.681983281249999891e+02,-9.129449841345049776e+01
4.681986210937500346e+02,-8.769503000214022848e+01
4.681989140625000232e+02,-9.745076451279318519e+01
4.681992070312500118e+02,-8.765003405486423560e+01
4.681995000000000005e+02,-8.411097949597943568e+01
4.681997929687499891e+02,-9.539476228991492235e+01
4.682000859375000346e+02,-8.870176374021659171e+01
4.682003789062500232e+02,-9.482307091624542750e+01
4.682006718750000118e+02,-8.955936688790914957e+01
4.682009648437500005e+02,-8.521036705524666388e+01
4.682012578124999891e+02,-9.306468766642635160e+01
4.682015507812500346e+02,-9.257111147255714911e+01
4.682018437500000232e+02,-9.011371099062577628e+01
4.682021367187500118e+02,-8.542964435053764305e+01
4.682024296875000005e+02,-8.361559556001090243e+01
4.682027226562499891e+02,-8.606681147165603818e+01
4.682030156250000346e+02,-9.536773475889596341e+01
4.682033085937500232e+02,-1.010600229649219131e+02
4.682036015625000118e+02,-9.184146156879528178e+01
4.682038945312500005e+02,-9.303820166074768849e+01
4.682041874999999891e+02,-8.534600275502016586e+01
4.682044804687500346e+02,-8.898604388912929153e+01
4.682047734375000232e+02,-8.766419926642788596e+01
4.682050664062500118e+02,-1.054662849321141351e+02
4.682053593750000005e+02,-8.960756701381014011e+01
4.682056523437499891e+02,-9.542480723347611615e+01
4.682059453125000346e+02,-9.204386374074594812e+01
4.682062382812500232e+02,-8.754408062884907338e+01
4.682065312500000118e+02,-1.005646352945575330e+02
4.682068242187500005e+02,-9.392605869862059365e+01
4.682071171874999891e+02,-9.110768170323427739e+01
4.682074101562500346e+02,-9.391723242173256381e+01
4.682077031250000232e+02,-8.981145443814921236e+01
4.682079960937500118e+02,-8.548258307255620991e+01
4.682082890625000005e+02,-9.717968914290432281e+01
4.682085820312499891e+02,-8.705088627565650938e+01
4.682088750000000346e+02,-8.711888698007797416e+01
4.682091679687500232e+02,-9.040202996586745599e+01
4.682094609375000118e+02,-8.661618670313580992e+01
4.682097539062500005e+02,-8.850096225834730035e+01
4.682100468749999891e+02,-8.715444029425412964e+01
4.682103398437500346e+02,-8.304469062949883096e+01
4.682106328125000232e+02,-8.551588901708284141e+01
4.682109257812500118e+02,-9.328156834579269230e+01
4.682112187500000005e+02,-8.423628830086366293e+01
4.682115117187499891e+02,-8.350625682962149199e+01
4.682118046875000346e+02,-8.467046635988025116e+01
4.682120976562500232e+02,-8.667309804350976776e+01
4.682123906250000118e+02,-8.380872184442668527e+01
4.682126835937500005e+02,-8.039169754044672800e+01
4.682129765624999891e+02,-8.524389681673196151e+01
4.682132695312500346e+02,-8.530390755132812330e+01
4.682135625000000232e+02,-8.807163984242390598e+01
4.682138554687500118e+02,-9.477136603934678760e+01
4.682141484375000005e+02,-9.607649698595434984e+01
4.682144414062499891e+02,-9.615820052105010518e+01
4.682147343750000346e+02,-9.424209779306116275e+01
4.682150273437500232e+02,-8.666437093733975416e+01
4.682153203125000118e+02,-8.549019544791607927e+01
4.682156132812500005e+02,-9.485840003657293096e+01
4.682159062499999891e+02,-9.436555868812719439e+01
4.682161992187500346e+02,-9.302472259618950545e+01
4.682164921875000232e+02,-9.463233129031968360e+01
4.682167851562500118e+02,-9.490674978399894712e+01
4.682170781250000005e+02,-8.655788076915771967e+01
4.682173710937499891e+02,-8.874311666551976430e+01
4.682176640625000346e+02,-8.484886814968668034e+01
4.682179570312500232e+02,-8.948525722348392719e+01
4.682182500000000118e+02,-8.429084018603334982e+01
4.682185429687500005e+02,-9.256502581447782063e+01
4.682188359374999891e+02,-1.038978805887332157e+02
4.682191289062500346e+02,-9.105902676958626785e+01
4.682194218750000232e+02,-8.842270219604833414e+01
4.682197148437500118e+02,-8.755238402681783327e+01
4.682200078125000005e+02,-8.317248871925963272e+01
4.682203007812499891e+02,-8.489040301721220771e+01
4.682205937500000346e+02,-8.790198900985004116e+01
4.682208867187500232e+02,-8.252038075150431951e+01
4.682211796875000118e+02,-9.282956571115867916e+01
4.682214726562500005e+02,-9.123806696487909562e+01
4.682217656249999891e+02,-8.900662339277562296e+01
4.682220585937500346e+02,-8.841206404817046405e+01
4.682223515625000232e+02,-8.883175362424074706e+01
4.682226445312500118e+02,-8.150066764428471799e+01
4.682229375000000005e+02,-8.496212416179756133e+01
4.682232304687499891e+02,-8.265749099103416597e+01
4.682235234375000346e+02,-8.511097517245040933e+01
4.682238164062500232e+02,-9.762790151557355500e+01
4.682241093750000118e+02,-8.718980941636493753e+01
4.682244023437500005e+02,-8.513130762041784294e+01
4.682246953124999891e+02,-8.695247667660996171e+01
4.682249882812500346e+02,-9.583803929929035803e+01
4.682252812500000232e+02,-8.937596803874728835e+01
4.682255742187500118e+02,-8.940057242189820386e+01
4.682258671875000005e+02,-8.421179622365265516e+01
4.682261601562499891e+02,-8.734733937002320658e+01
4.682264531250000346e+02,-9.303119678366743983e+01
4.682267460937500232e+02,-8.981855415405335918e+01
4.682270390625000118e+02,-8.653858967757528831e+01
4.682273320312500005e+02,-9.114812946158833995e+01
4.682276249999999891e+02,-9.070893031529803352e+01
4.682279179687500346e+02,-9.440350029343932192e+01
4.682282109375000232e+02,-8.801220365862431549e+01
4.682285039062500118e+02,-8.637058595330339017e+01
4.682287968750000005e+02,-9.134546056034601236e+01
4.682290898437499891e+02,-9.187059948037233426e+01
4.682293828125000346e+02,-9.399533105669297584e+01
4.682296757812500232e+02,-9.112216853638585690e+01
4.682299687500000118e+02,-8.686682171481207604e+01
4.682302617187500005e+02,-8.439002958591493098e+01
4.682305546874999891e+02,-9.084272169560404109e+01
4.682308476562500346e+02,-8.778874531576693130e+01
4.682311406250000232e+02,-1.013301502968013210e+02
4.682314335937500118e+02,-9.155318008873592817e+01
4.682317265625000005e+02,-9.764170582529125397e+01
4.682320195312499891e+02,-8.958102156081012879e+01
4.682323125000000346e+02,-8.813398529744019072e+01
4.682326054687500232e+02,-9.429921685118162600e+01
4.682328984375000118e+02,-8.556033100999258068e+01
4.682331914062500005e+02,-8.533007796518795374e+01
4.682334843749999891e+02,-8.559499543492917439e+01
4.682337773437500346e+02,-9.693330253014588038e+01
4.682340703125000232e+02,-8.893378442344264556e+01
4.682343632812500118e+02,-8.942492617934667010e+01
4.682346562500000005e+02,-8.952096604232247046e+01
4.682349492187499891e+02,-9.767137881054003401e+01
4.682352421875000346e+02,-8.615954813108314170e+01
4.682355351562500232e+02,-8.328246370965962342e+01
4.682358281250000118e+02,-9.094787202908054269e+01
4.682361210937500005e+02,-9.193657085629530457e+01
4.682364140624999891e+02,-9.480479584918667513e+01
4.682367070312500346e+02,-8.362608977960553602e+01
4.682370000000000232e+02,-8.525698985932984897e+01
4.682372929687500118e+02,-9.108470460586191564e+01
4.682375859375000005e+02,-8.358161961349208013e+01
4.682378789062499891e+02,-8.343272579908784792e+01
4.682381718750000346e+02,-8.600151684878483138e+01
4.682384648437500232e+02,-9.023304970598348973e+01
4.682387578125000118e+02,-9.004625205680910938e+01
4.682390507812500005e+02,-8.691001790001979543e+01
4.682393437499999891e+02,-8.186585970175764260e+01
4.682396367187500346e+02,-8.801649044642287834e+01
4.682399296875000232e+02,-8.425188261476593254e+01
4.682402226562500118e+02,-8.378943255990023431e+01
4.682405156250000005e+02,-8.850537971493848488e+01
4.682408085937499891e+02,-9.343565968485299322e+01
4.682411015625000346e+02,-8.992240160899879697e+01
4.682413945312500232e+02,-8.709862989444538073e+01
4.682416875000000118e+02,-8.951558188688572670e+01
4.682419804687500005e+02,-8.712955889617086314e+01
4.682422734374999891e+02,-8.917472934670101381e+01
4.682425664062500346e+02,-8.671376861086061183e+01
4.682428593750000232e+02,-8.820160258438149015e+01
4.682431523437500118e+02,-8.472327285783977402e+01
4.682434453125000005e+02,-8.521872616193510908e+01
4.682437382812499891e+02,-9.175230587847036645e+01
4.682440312500000346e+02,-9.084584093910487468e+01
4.682443242187500232e+02,-1.032085491946373423e+02
4.682446171875000118e+02,-9.282357905680891008e+01
4.682449101562500005e+02,-8.573946032619770108e+01
4.682452031249999891e+02,-8.188648756676033713e+01
4.682454960937500346e+02,-8.823590526590746208e+01
4.682457890625000232e+02,-8.678397562922296515e+01
4.682460820312500118e+02,-8.895924841738170130e+01
4.682463750000000005e+02,-9.287687545292175173e+01
4.682466679687499891e+02,-9.270909914229901005e+01
4.682469609375000346e+02,-9.788250475827034336e+01
4.682472539062500232e+02,-8.520826440088823972e+01
4.682475468750000118e+02,-8.354424159249870740e+01
4.682478398437500005e+02,-8.532387803906601675e+01
4.682481328124999891e+02,-9.394816724111518624e+01
4.682484257812500346e+02,-9.020222035382099079e+01
4.682487187500000232e+02,-8.949308414506919007e+01
4.682490117187500118e+02,-8.670007524970769452e+01
4.682493046875000005e+02,-8.825743924474991786e+01
4.682495976562499891e+02,-8.572077401721971057e+01
4.682498906250000346e+02,-8.287171877772648543e+01
4.682501835937500232e+02,-8.967569551296988095e+01
4.682504765625000118e+02,-9.777653158159695579e+01
4.682507695312500005e+02,-8.398500995131175273e+01
4.682510624999999891e+02,-8.784897862158084081e+01
4.682513554687500346e+02,-9.513022674365365106e+01
4.682516484375000232e+02,-9.558292781070312572e+01
4.682519414062500118e+02,-8.842472901141917418e+01
4.682522343750000005e+02,-8.575254859553629672e+01
4.682525273437499891e+02,-8.824646812987906230e+01
4.682528203125000346e+02,-9.032561198256806279e+01
4.682531132812500232e+02,-8.926261334516765089e+01
4.682534062500000118e+02,-8.121983410237956491e+01
4.682536992187500005e+02,-8.125679606772273189e+01
4.682539921874999891e+02,-8.368338750345233734e+01
4.682542851562500346e+02,-8.740547239420666870e+01
4.682545781250000232e+02,-8.874257326156123327e+01
4.682548710937500118e+02,-9.123839915473951123e+01
4.682551640625000005e+02,-8.776730298126913965e+01
4.682554570312499891e+02,-1.188875046826526329e+02
4.682557500000000346e+02,-9.900919946323017484e+01
4.682560429687500232e+02,-8.468960397455022360e+01
4.682563359375000118e+02,-9.020675561223767147e+01
4.682566289062500005e+02,-9.227678355802706278e+01
4.682569218749999891e+02,-9.235531217981952068e+01
4.682572148437500346e+02,-8.597373575366177079e+01
4.682575078125000232e+02,-9.111977035255594615e+01
4.682578007812500118e+02,-8.916110843635166816e+01
4.682580937500000005e+02,-9.201845355880760735e+01
4.682583867187499891e+02,-8.592490396004698994e+01
4.682586796875000346e+02,-8.263097455461473828e+01
4.682589726562500232e+02,-9.528688492145620614e+01
4.682592656250000118e+02,-9.365930060002790469e+01
4.682595585937500005e+02,-8.521090403207161046e+01
4.682598515624999891e+02,-8.989807212402405412e+01
4.682601445312500346e+02,-8.586340670678490028e+01
4.682604375000000232e+02,-9.470232807568321221e+01
4.682607304687500118e+02,-8.817271813107345224e+01
4.682610234375000005e+02,-9.068921707149202405e+01
4.682613164062499891e+02,-9.364742379164343333e+01
4.682616093750000346e+02,-9.411987376197347999e+01
4.682619023437500232e+02,-9.132582397934798735e+01
4.682621953125000118e+02,-8.491140110885325498e+01
4.682624882812500005e+02,-9.357202260455891007e+01
4.682627812499999891e+02,-8.876269025443862404e+01
4.682630742187500346e+02,-9.142550564044367434e+01
4.682633671875000232e+02,-9.188043953206063463e+01
4.682636601562500118e+02,-8.736028553940968777e+01
4.682639531250000005e+02,-8.825045167719218853e+01
4.682642460937499891e+02,-8.898931279011534912e+01
4.682645390625000346e+02,-8.871935806997694840e+01
4.682648320312500232e+02,-8.402789707283248788e+01
4.682651250000000118e+02,-8.758233842751344866e+01
4.682654179687500005e+02,-8.741400425990508438e+01
4.682657109374999891e+02,-8.989470886311848119e+01
4.682660039062500346e+02,-8.803160460202764170e+01
4.682662968750000232e+02,-8.912671969540764394e+01
4.682665898437500118e+02,-8.937315358164156009e+01
4.682668828125000005e+02,-9.008566052865208462e+01
4.682671757812499891e+02,-8.447237506005026830e+01
4.682674687500000346e+02,-8.112309978653493658e+01
4.682677617187500232e+02,-8.790962331969421939e+01
4.682680546875000118e+02,-9.374750444786350556e+01
4.682683476562500005e+02,-8.320944905333149677e+01
4.682686406249999891e+02,-8.319627126002089312e+01
4.682689335937500346e+02,-8.231383975016562715e+01
4.682692265625000232e+02,-8.529452628382209411e+01
4.682695195312500118e+02,-8.576201284788794510e+01
4.682698125000000005e+02,-8.973320252556482046e+01
4.682701054687499891e+02,-8.396725564269566178e+01
4.682703984375000346e+02,-9.114215917155902957e+01
4.682706914062500232e+02,-9.228579974917927586e+01
4.682709843750000118e+02,-8.902697652393646877e+01
4.682712773437500005e+02,-9.391069156487728264e+01
4.682715703124999891e+02,-9.134047961860906639e+01
4.682718632812500346e+02,-8.725648763429845189e+01
4.682721562500000232e+02,-9.300323806615961075e+01
4.682724492187500118e+02,-8.719942905192644389e+01
4.682727421875000005e+02,-9.097898172632731928e+01
4.682730351562499891e+02,-8.830228254333673021e+01
4.682733281250000346e+02,-9.140356985115903399e+01
4.682736210937500232e+02,-8.962373529650704995e+01
4.682739140625000118e+02,-8.840626730384202858e+01
4.682742070312500005e+02,-9.118603827148753282e+01
4.682744999999999891e+02,-8.440177004762463753e+01
4.682747929687500346e+02,-1.116618449561028115e+02
4.682750859375000232e+02,-8.982399953306219231e+01
4.682753789062500118e+02,-9.207416171734230659e+01
4.682756718750000005e+02,-9.331019246475170803e+01
4.682759648437499891e+02,-9.523456606480800701e+01
4.682762578125000346e+02,-9.066721169086511622e+01
4.682765507812500232e+02,-8.839587090576607409e+01
4.682768437500000118e+02,-8.588683897362217579e+01
4.682771367187500005e+02,-1.068637898322225368e+02
4.682774296874999891e+02,-8.474930981096693472e+01
4.682777226562500346e+02,-8.809555175272357985e+01
4.682780156250000232e+02,-9.010497389477461638e+01
4.682783085937500118e+02,-9.046853717071348910e+01
4.682786015625000005e+02,-9.061222881476182067e+01
4.682788945312499891e+02,-9.646911014214035163e+01
4.682791875000000346e+02,-8.682335774137790452e+01
4.682794804687500232e+02,-8.337347404564133058e+01
4.682797734375000118e+02,-9.054713729305063907e+01
4.682800664062500005e+02,-8.371853687505046082e+01
4.682803593749999891e+02,-8.979407258689603566e+01
4.682806523437500346e+02,-8.520231911927440649e+01
4.682809453125000232e+02,-8.898631702618504846e+01
4.682812382812500118e+02,-1.003973313816541975e+02
4.682815312500000005e+02,-9.803533432501427569e+01
4.682818242187499891e+02,-8.511397623401549595e+01
4.682821171875000346e+02,-8.230466386567908899e+01
4.682824101562500232e+02,-8.528400981563174810e+01
4.682827031250000118e+02,-8.433626176158334431e+01
4.682829960937500005e+02,-9.093557057138527000e+01
4.682832890624999891e+02,-8.539358385263902562e+01
4.682835820312500346e+02,-9.278416634521573769e+01
4.682838750000000232e+02,-8.565316145506459122e+01
4.682841679687500118e+02,-8.308104380610876660e+01
4.682844609375000005e+02,-8.318578634465949051e+01
4.682847539062499891e+02,-8.750422810115887273e+01
4.682850468750000346e+02,-8.729126302585497399e+01
4.682853398437500232e+02,-8.995667155082301747e+01
4.682856328125000118e+02,-8.474448575240906223e+01
4.682859257812500005e+02,-8.508996456368677741e+01
4.682862187499999891e+02,-9.405326050048275022e+01
4.682865117187500346e+02,-8.798037532115962733e+01
4.682868046875000232e+02,-8.681923188654027967e+01
4.682870976562500118e+02,-8.901729072614587324e+01
4.682873906250000005e+02,-8.649615323867183747e+01
4.682876835937499891e+02,-9.419734753733521870e+01
4.682879765625000346e+02,-9.135904029215176081e+01
4.682882695312500232e+02,-9.684341746175738308e+01
4.682885625000000118e+02,-9.303208531515110735e+01
4.682888554687500005e+02,-8.652893896197424795e+01
4.682891484374999891e+02,-8.463625950977771595e+01
4.682894414062500346e+02,-9.080566976092808318e+01
4.682897343750000232e+02,-8.989984480655236609e+01
4.682900273437500118e+02,-8.438015529367899603e+01
4.682903203125000005e+02,-8.506516002786537456e+01
4.682906132812499891e+02,-9.099243117259359792e+01
4.682909062500000346e+02,-9.218280570028865384e+01
4.682911992187500232e+02,-1.032861991881864014e+02
4.682914921875000118e+02,-9.697162779836236268e+01
4.682917851562500005e+02,-8.854331382524486571e+01
4.682920781249999891e+02,-8.805988797286107683e+01
4.682923710937500346e+02,-8.976107511415048634e+01
4.682926640625000232e+02,-8.611104867968150245e+01
4.682929570312500118e+02,-8.365477769110307804e+01
4.682932500000000005e+02,-1.005878199843234029e+02
4.682935429687499891e+02,-9.437050965938611569e+01
4.682938359375000346e+02,-9.717584054924930115e+01
4.682941289062500232e+02,-8.974598523885723012e+01
4.682944218750000118e+02,-8.594445977235848488e+01
4.682947148437500005e+02,-8.348010320718175592e+01
4.682950078124999891e+02,-9.039415527397459016e+01
4.682953007812500346e+02,-8.760622870688314379e+01
4.682955937500000232e+02,-8.554080840956901000e+01
4.682958867187500118e+02,-9.590162808380939907e+01
4.682961796875000005e+02,-8.587574524865830483e+01
4.682964726562499891e+02,-9.299574644801217005e+01
4.682967656250000346e+02,-9.261656008776306237e+01
4.682970585937500232e+02,-8.659543673767589667e+01
4.682973515625000118e+02,-8.215393179255895006e+01
4.682976445312500005e+02,-8.921776403994994098e+01
4.682979374999999891e+02,-8.524973133463888075e+01
4.682982304687500346e+02,-8.393572590393364408e+01
4.682985234375000232e+02,-9.166991760988489091e+01
4.682988164062500118e+02,-8.693201567372997829e+01
4.682991093750000005e+02,-8.916943725398576248e+01
4.682994023437499891e+02,-9.212604345605137723e+01
4.682996953125000346e+02,-9.803270562581543857e+01
4.682999882812500232e+02,-8.700911363305344537e+01
4.683002812500000118e+02,-1.184404745806605916e+02
4.683005742187500005e+02,-9.148386265297354214e+01
4.683008671874999891e+02,-9.083705512813770611e+01
4.683011601562500346e+02,-8.779293807662531890e+01
4.683014531250000232e+02,-9.013228746463083496e+01
4.683017460937500118e+02,-9.491157393431561218e+01
4.683020390625000005e+02,-9.057273767501705208e+01
4.683023320312499891e+02,-9.226768486925567458e+01
4.683026250000000346e+02,-8.987522383667801762e+01
4.683029179687500232e+02,-1.145613147643218923e+02
4.683032109375000118e+02,-9.092149710382871319e+01
4.683035039062500005e+02,-8.448270843393225960e+01
4.683037968749999891e+02,-8.663597720119098256e+01
4.683040898437500346e+02,-9.177383928525271983e+01
4.683043828125000232e+02,-9.270734916137612913e+01
4.683046757812500118e+02,-8.760857352283753130e+01
4.683049687500000005e+02,-8.492165673899827993e+01
4.683052617187499891e+02,-1.029013924782467626e+02
4.683055546875000346e+02,-9.524466772097770217e+01
4.683058476562500232e+02,-9.144660662374536741e+01
4.683061406250000118e+02,-8.344232487548609356e+01
4.683064335937500005e+02,-8.513278124077572784e+01
4.683067265624999891e+02,-9.208394901422974499e+01
4.683070195312500346e+02,-8.677541865948653310e+01
4.683073125000000232e+02,-8.321487977583062445e+01
4.683076054687500118e+02,-8.285430751391476178e+01
4.683078984375000005e+02,-9.179883565456972860e+01
4.683081914062499891e+02,-9.217915261811390337e+01
4.683084843750000346e+02,-8.961560832122691522e+01
4.683087773437500232e+02,-8.128020142919604041e+01
4.683090703125000118e+02,-8.545460017162000099e+01
4.683093632812500005e+02,-9.375895416468884491e+01
4.683096562499999891e+02,-8.535493849557163060e+01
4.683099492187500346e+02,-8.603283415665593736e+01
4.683102421875000232e+02,-8.384945384115704314e+01
4.683105351562500118e+02,-9.174260000247927849e+01
4.683108281250000005e+02,-9.173183983463073332e+01
4.683111210937499891e+02,-8.610320961071943202e+01
4.683114140625000346e+02,-7.921958804634326157e+01
4.683117070312500232e+02,-8.665660942575458137e+01
4.683120000000000118e+02,-8.686755193531959662e+01
4.683122929687500005e+02,-8.426051814592261735e+01
4.683125859374999891e+02,-9.213166949732290334e+01
4.683128789062500346e+02,-9.512529068765806528e+01
4.683131718750000232e+02,-9.616813400040680904e+01
4.683134648437500118e+02,-8.744751908455965861e+01
4.683137578125000005e+02,-8.704058400381157412e+01
4.683140507812499891e+02,-8.170133111851311014e+01
4.683143437500000346e+02,-9.352860108120299287e+01
4.683146367187500232e+02,-8.764622217973025897e+01
4.683149296875000118e+02,-9.500317674299699888e+01
4.683152226562500005e+02,-9.180620874258922015e+01
4.683155156249999891e+02,-9.647147675051482452e+01
4.683158085937500346e+02,-8.859711434026293375e+01
4.683161015625000232e+02,-8.299650026560016158e+01
4.683163945312500118e+02,-9.145910084508301452e+01
4.683166875000000005e+02,-9.130282662044861297e+01
4.683169804687499891e+02,-1.031580112219638892e+02
4.683172734375000346e+02,-9.847733616721842509e+01
4.683175664062500232e+02,-9.095996442311552244e+01
4.683178593750000118e+02,-8.797696274216426104e+01
4.683181523437500005e+02,-9.315331303170096078e+01
4.683184453124999891e+02,-8.840685525412882839e+01
4.683187382812500346e+02,-9.359480255604023569e+01
4.683190312500000232e+02,-8.593177491966359582e+01
4.683193242187500118e+02,-8.833465873617909381e+01
4.683196171875000005e+02,-9.900146606797574123e+01
4.683199101562499891e+02,-1.056453909296328675e+02
4.683202031250000346e+02,-9.422825273753856834e+01
4.683204960937500232e+02,-9.459421676857458294e+01
4.683207890625000118e+02,-8.643035600136015262e+01
4.683210820312500005e+02,-8.822200212304406364e+01
4.683213749999999891e+02,-9.234065388300528809e+01
4.683216679687500346e+02,-8.544983564769557915e+01
4.683219609375000232e+02,-8.726089917216907565e+01
4.683222539062500118e+02,-9.368065296978787160e+01
4.683225468750000005e+02,-9.187818434789049604e+01
4.683228398437499891e+02,-9.340331705156569342e+01
4.683231328125000346e+02,-9.502984062519907127e+01
4.683234257812500232e+02,-8.705795395545823112e+01
4.683237187500000118e+02,-9.095884911762811953e+01
4.683240117187500005e+02,-8.794322791793148042e+01
4.683243046874999891e+02,-8.193664190625348454e+01
4.683245976562500346e+02,-8.449855469993042334e+01
4.683248906250000232e+02,-9.544888570401147376e+01
4.683251835937500118e+02,-8.680379814521911896e+01
4.683254765625000005e+02,-8.893829782828197494e+01
4.683257695312499891e+02,-8.759056595388143762e+01
4.683260625000000346e+02,-8.887883684620649660e+01
4.683263554687500232e+02,-8.958177496444545795e+01
4.683266484375000118e+02,-8.431607747736396163e+01
4.683269414062500005e+02,-8.347241070457590695e+01
4.683272343749999891e+02,-9.028234655735374758e+01
4.683275273437500346e+02,-9.171278140016184466e+01
4.683278203125000232e+02,-8.563010554154200804e+01
4.683281132812500118e+02,-8.864020353260983143e+01
4.683284062500000005e+02,-8.739498782429262747e+01
4.683286992187499891e+02,-8.780993832887595829e+01
4.683289921875000346e+02,-8.675220654203805282e+01
4.683292851562500232e+02,-8.420248094351067891e+01
4.683295781250000118e+02,-9.113321283957350261e+01
4.683298710937500005e+02,-9.515956978414752143e+01
4.683301640624999891e+02,-8.654399349229171889e+01
4.683304570312500346e+02,-8.461790318870940553e+01
4.683307500000000232e+02,-8.591959477447417726e+01
4.683310429687500118e+02,-8.593024993477996532e+01
4.683313359375000005e+02,-8.846094698059746975e+01
4.683316289062499891e+02,-9.038976251126307204e+01
4.683319218750000346e+02,-9.142374496424552888e+01
4.683322148437500232e+02,-9.413360191165374147e+01
4.683325078125000118e+02,-9.294687320421564891e+01
4.683328007812500005e+02,-9.667781502325712495e+01
4.683330937499999891e+02,-8.478623930994196201e+01
4.683333867187500346e+02,-8.587272936949599966e+01
4.683336796875000232e+02,-9.420707965153469843e+01
4.683339726562500118e+02,-8.883118852409934618e+01
4.683342656250000005e+02,-8.638460002218965883e+01
4.683345585937499891e+02,-9.608436282748519375e+01
4.683348515625000346e+02,-8.758819434039443763e+01
4.683351445312500232e+02,-9.367900751216987487e+01
4.683354375000000118e+02,-9.215537206823225347e+01
4.683357304687500005e+02,-8.305193607485296070e+01
4.683360234374999891e+02,-8.654067956435069675e+01
4.683363164062500346e+02,-8.877334662042029834e+01
4.683366093750000232e+02,-9.408909129912606772e+01
4.683369023437500118e+02,-8.984220767253135875e+01
4.683371953125000005e+02,-9.166335652015098390e+01
4.683374882812499891e+02,-9.391871343990311516e+01
4.683377812500000346e+02,-1.033500846774638262e+02
4.683380742187500232e+02,-9.080399611282066985e+01
4.683383671875000118e+02,-8.530389006877506120e+01
4.683386601562500005e+02,-8.882659007064135892e+01
4.683389531249999891e+02,-9.794328444929995214e+01
4.683392460937500346e+02,-9.447210770921472545e+01
4.683395390625000232e+02,-8.404325435605898065e+01
4.683398320312500118e+02,-9.365354327029888282e+01
4.683401250000000005e+02,-8.760098769482816294e+01
4.683404179687499891e+02,-1.100470798609053418e+02
4.683407109375000346e+02,-9.206032729853873775e+01
4.683410039062500232e+02,-9.598508825902122510e+01
4.683412968750000118e+02,-1.018435582058250333e+02
4.683415898437500005e+02,-1.050981541924758886e+02
4.683418828124999891e+02,-8.715736770332733840e+01
4.683421757812500346e+02,-8.201669722897540282e+01
4.683424687500000232e+02,-9.513270728383309915e+01
4.683427617187500118e+02,-8.991949400046804897e+01
4.683430546875000005e+02,-9.128093841546068177e+01
4.683433476562499891e+02,-9.557025606623169267e+01
4.683436406250000346e+02,-8.617173227611263542e+01
4.683439335937500232e+02,-8.673198069977007663e+01
4.683442265625000118e+02,-1.080863701476158667e+02
4.683445195312500005e+02,-8.616015575290283834e+01
4.683448124999999891e+02,-8.240482446864911026e+01
4.683451054687500346e+02,-8.214406807982337000e+01
4.683453984375000232e+02,-8.475951490621989137e+01
4.683456914062500118e+02,-9.015829976173395721e+01
4.683459843750000005e+02,-9.013999312438807010e+01
4.683462773437499891e+02,-8.122323893846383669e+01
4.683465703125000346e+02,-8.398232866331632351e+01
4.683468632812500232e+02,-9.420388542966682621e+01
4.683471562500000118e+02,-8.591398542670592064e+01
4.683474492187500005e+02,-8.424054852407883232e+01
4.683477421874999891e+02,-8.357658381198483255e+01
4.683480351562500346e+02,-8.988841924145384610e+01
4.683483281250000232e+02,-8.591649308931212659e+01
4.683486210937500118e+02,-8.678093528470469664e+01
4.683489140625000005e+02,-8.343456975741884207e+01
4.683492070312499891e+02,-8.873333854815851396e+01
4.683495000000000346e+02,-9.329820020499059297e+01
4.683497929687500232e+02,-8.871758239002851099e+01
4.683500859375000118e+02,-8.618234545391550228e+01
4.683503789062500005e+02,-9.069733841442439370e+01
4.683506718749999891e+02,-9.311611258562689386e+01
4.683509648437500346e+02,-8.518681855073224085e+01
4.683512578125000232e+02,-8.360030336631446346e+01
4.683515507812500118e+02,-8.963049697097727631e+01
4.683518437500000005e+02,-8.780528378245493570e+01
4.683521367187499891e+02,-9.108736357555486052e+01
4.683524296875000346e+02,-8.195964972687654893e+01
4.683527226562500232e+02,-7.929775128373924531e+01
4.683530156250000118e+02,-8.131293508447760132e+01
4.683533085937500005e+02,-8.771489943496757746e+01
4.683536015624999891e+02,-8.521805899655097960e+01
4.683538945312500346e+02,-8.435518315491836461e+01
4.683541875000000232e+02,-8.835857786014750559e+01
4.683544804687500118e+02,-9.419767203441875836e+01
4.683547734375000005e+02,-9.161335081099112188e+01
4.683550664062499891e+02,-8.230436518263505263e+01
4.683553593750000346e+02,-8.086514718942909496e+01
4.683556523437500232e+02,-8.592594495785033359e+01
4.683559453125000118e+02,-8.625446296331077178e+01
4.683562382812500005e+02,-8.590654436936050331e+01
4.683565312499999891e+02,-8.218631577748858774e+01
4.683568242187500346e+02,-8.254635847342429145e+01
4.683571171875000232e+02,-8.881247705869475340e+01
4.683574101562500118e+02,-9.321435793798465852e+01
4.683577031250000005e+02,-8.569917072399326230e+01
4.683579960937499891e+02,-8.627469413591084901e+01
4.683582890625000346e+02,-9.140848298640094072e+01
4.683585820312500232e+02,-9.482857251330152337e+01
4.683588750000000118e+02,-8.952565769171883403e+01
4.683591679687500005e+02,-8.482317613890759844e+01
4.683594609374999891e+02,-8.514153857979746931e+01
4.683597539062500346e+02,-8.837638009085900137e+01
4.683600468750000232e+02,-1.000182012770182780e+02
4.683603398437500118e+02,-9.280083063691576228e+01
4.683606328125000005e+02,-9.848775843735781166e+01
4.683609257812499891e+02,-9.271913585720569984e+01
4.683612187500000346e+02,-9.643898184798429440e+01
4.683615117187500232e+02,-9.830123079256914309e+01
4.683618046875000118e+02,-8.960398241404993769e+01
4.683620976562500005e+02,-8.528096130996260626e+01
4.683623906249999891e+02,-8.627014391941985139e+01
4.683626835937500346e+02,-8.881036696604300573e+01
4.683629765625000232e+02,-9.295422923324331066e+01
4.683632695312500118e+02,-1.019479149166671448e+02
4.683635625000000005e+02,-9.937323693411474324e+01
4.683638554687499891e+02,-9.798504971906709216e+01
4.683641484375000346e+02,-8.909958396156768856e+01
4.683644414062500232e+02,-8.978784126839640578e+01
4.683647343750000118e+02,-9.448423888462042441e+01
4.683650273437500005e+02,-8.935760142355289304e+01
4.683653203124999891e+02,-8.290151357710145419e+01
4.683656132812500346e+02,-8.371945638114361543e+01
4.683659062500000232e+02,-8.856322003408594412e+01
4.683661992187500118e+02,-1.056738827183347809e+02
4.683664921875000005e+02,-9.185746401974220987e+01
4.683667851562499891e+02,-8.309411224067406465e+01
4.683670781250000346e+02,-8.187864954867563938e+01
4.683673710937500232e+02,-8.959081205546731042e+01
4.683676640625000118e+02,-8.740207142514012162e+01
4.683679570312500005e+02,-8.392535692297535377e+01
4.683682499999999891e+02,-8.213420913315593452e+01
4.683685429687500346e+02,-8.588774145122769710e+01
4.683688359375000232e+02,-9.479678756281288088e+01
4.683691289062500118e+02,-8.945840301001328498e+01
4.683694218750000005e+02,-8.723307196424499921e+01
4.683697148437499891e+02,-8.463887947828160918e+01
4.683700078125000346e+02,-8.663855410688060488e+01
4.683703007812500232e+02,-9.619925182906874284e+01
4.683705937500000118e+02,-8.680315671923681009e+01
4.683708867187500005e+02,-8.231588058396067709e+01
4.683711796874999891e+02,-8.646074606304023291e+01
4.683714726562500346e+02,-9.085809952677340107e+01
4.683717656250000232e+02,-8.615131239237989291e+01
4.683720585937500118e+02,-8.572848403824535524e+01
4.683723515625000005e+02,-8.446911633009042930e+01
4.683726445312499891e+02,-8.604065477527660732e+01
4.683729375000000346e+02,-1.022751677609997643e+02
4.683732304687500232e+02,-8.371303483515308130e+01
4.683735234375000118e+02,-8.519412173752763806e+01
4.683738164062500005e+02,-9.300226843923000786e+01
4.683741093749999891e+02,-8.901599146379749072e+01
4.683744023437500346e+02,-8.670705460753156046e+01
4.683746953125000232e+02,-8.812195340607374305e+01
4.683749882812500118e+02,-8.761691982100757059e+01
4.683752812500000005e+02,-9.901303243070580606e+01
4.683755742187499891e+02,-8.784457191041865087e+01
4.683758671875000346e+02,-9.109236869261303582e+01
4.683761601562500232e+02,-9.368540090752642868e+01
4.683764531250000118e+02,-8.750397206715950915e+01
4.683767460937500005e+02,-8.804957343360726441e+01
4.683770390624999891e+02,-9.287748131364728010e+01
4.683773320312500346e+02,-8.578590564055988921e+01
4.683776250000000232e+02,-8.564247813635434170e+01
4.683779179687500118e+02,-9.381544638569069150e+01
4.683782109375000005e+02,-1.017458856780588548e+02
4.683785039062499891e+02,-9.510963842869219320e+01
4.683787968750000346e+02,-9.484887524587129803e+01
4.683790898437500232e+02,-8.554944784981319117e+01
4.683793828125000118e+02,-8.846350008951974075e+01
4.683796757812500005e+02,-8.557953267971200262e+01
4.683799687499999891e+02,-8.705427987091022146e+01
4.683802617187500346e+02,-8.630949198674070999e+01
4.683805546875000232e+02,-9.145813474531630050e+01
4.683808476562500118e+02,-9.978155796657235044e+01
4.683811406250000005e+02,-9.247216060477995825e+01
4.683814335937499891e+02,-9.370448328299973184e+01
4.683817265625000346e+02,-9.526896914432241203e+01
4.683820195312500232e+02,-8.561226254321660178e+01
4.683823125000000118e+02,-8.645536976084162006e+01
4.683826054687500005e+02,-9.763387133809777652e+01
4.683828984374999891e+02,-9.066119876232782815e+01
4.683831914062500346e+02,-9.261014360257902922e+01
4.683834843750000232e+02,-8.697833887885254001e+01
4.683837773437500118e+02,-8.595539755991708830e+01
4.683840703125000005e+02,-8.771532816064129179e+01
4.683843632812499891e+02,-8.626724790847653423e+01
4.683846562500000346e+02,-8.785243182590423316e+01
4.683849492187500232e+02,-8.698845295508579056e+01
4.683852421875000118e+02,-8.917592537315474033e+01
4.683855351562500005e+02,-8.924874822675759845e+01
4.683858281249999891e+02,-8.893083916929619193e+01
4.683861210937500346e+02,-7.975993104629915820e+01
4.683864140625000232e+02,-8.529767631705584563e+01
4.683867070312500118e+02,-9.310819687557696511e+01
4.683870000000000005e+02,-8.408368184633258124e+01
4.683872929687499891e+02,-9.824184243765266444e+01
4.683875859375000346e+02,-8.260983494010807249e+01
4.683878789062500232e+02,-8.248884116809905720e+01
4.683881718750000118e+02,-8.632455850133823105e+01
4.683884648437500005e+02,-8.778736628518785778e+01
4.683887578124999891e+02,-8.317998530107163901e+01
4.683890507812500346e+02,-8.708816222122628403e+01
4.683893437500000232e+02,-8.829228631885422374e+01
4.683896367187500118e+02,-8.611708091543056298e+01
4.683899296875000005e+02,-1.017553979590542070e+02
4.683902226562499891e+02,-8.434461239111273301e+01
4.683905156250000346e+02,-8.445839668703031577e+01
4.683908085937500232e+02,-1.032128734004733985e+02
4.683911015625000118e+02,-8.826451251643248952e+01
4.683913945312500005e+02,-8.604020149856167166e+01
4.683916874999999891e+02,-8.972780365916781875e+01
4.683919804687500346e+02,-8.945278631825188143e+01
4.683922734375000232e+02,-8.940370671133646852e+01
4.683925664062500118e+02,-1.036116911533366931e+02
4.683928593750000005e+02,-9.148809070111646236e+01
4.683931523437499891e+02,-8.467118522268361858e+01
4.683934453125000346e+02,-8.520255855036167247e+01
4.683937382812500232e+02,-8.832012424207383106e+01
4.683940312500000118e+02,-8.754706350098709322e+01
4.683943242187500005e+02,-8.287669713931281024e+01
4.683946171874999891e+02,-8.572958395371853157e+01
4.683949101562500346e+02,-8.800231063269237097e+01
4.683952031250000232e+02,-9.101571178968379172e+01
4.683954960937500118e+02,-8.750402617332154875e+01
4.683957890625000005e+02,-8.409265518626826008e+01
4.683960820312499891e+02,-8.866194979618839511e+01
4.683963750000000346e+02,-8.883566740533242978e+01
4.683966679687500232e+02,-8.788651613477497904e+01
4.683969609375000118e+02,-8.629954918994251045e+01
4.683972539062500005e+02,-9.225179771562189046e+01
4.683975468749999891e+02,-8.610407838778419887e+01
4.683978398437500346e+02,-8.394180642397856218e+01
4.683981328125000232e+02,-8.243167302193457147e+01
4.683984257812500118e+02,-8.181984700228505858e+01
4.683987187500000005e+02,-8.448728274431617535e+01
4.683990117187499891e+02,-8.734137168009661423e+01
4.683993046875000346e+02,-8.745994944750789557e+01
4.683995976562500232e+02,-8.634734843972674412e+01
4.683998906250000118e+02,-1.029884128254677194e+02
4.684001835937500005e+02,-8.672777474902305528e+01
4.684004765624999891e+02,-8.722149586500621865e+01
4.684007695312500346e+02,-8.299252179017415187e+01
4.684010625000000232e+02,-8.053113583609652437e+01
4.684013554687500118e+02,-8.320839105729140783e+01
4.684016484375000005e+02,-8.634110166519634788e+01
4.684019414062499891e+02,-9.177219936239774256e+01
4.684022343750000346e+02,-9.329133727281940480e+01
4.684025273437500232e+02,-9.193508740431926185e+01
4.684028203125000118e+02,-8.638228650260303709e+01
4.684031132812500005e+02,-9.331543572967866851e+01
4.684034062499999891e+02,-8.689944231828023646e+01
4.684036992187500346e+02,-8.132249443543230427e+01
4.684039921875000232e+02,-8.433460883101147942e+01
4.684042851562500118e+02,-9.478152101871808100e+01
4.684045781250000005e+02,-1.027480462730387956e+02
4.684048710937499891e+02,-9.569803565696601311e+01
4.684051640625000346e+02,-9.826231618811350188e+01
4.684054570312500232e+02,-9.052947280561873811e+01
4.684057500000000118e+02,-9.210359619609585025e+01
4.684060429687500005e+02,-9.046732480346398120e+01
4.684063359374999891e+02,-8.662398413463156999e+01
4.684066289062500346e+02,-8.974634148488181040e+01
4.684069218750000232e+02,-1.045637849599118709e+02
4.684072148437500118e+02,-9.565890868771843714e+01
4.684075078125000005e+02,-9.571641568196537264e+01
4.684078007812499891e+02,-1.067393447153369692e+02
4.684080937500000346e+02,-8.561583523080471991e+01
4.684083867187500232e+02,-8.402127202857501231e+01
4.684086796875000118e+02,-9.185426126500991018e+01
4.684089726562500005e+02,-8.965308505506000358e+01
4.684092656249999891e+02,-8.446713948443172626e+01
4.684095585937500346e+02,-8.998132070609830180e+01
4.684098515625000232e+02,-9.397080121861597490e+01
4.684101445312500118e+02,-9.718865251745562261e+01
4.684104375000000005e+02,-9.810871363335732553e+01
4.684107304687499891e+02,-8.700662547845523420e+01
4.684110234375000346e+02,-8.449430708926766442e+01
4.684113164062500232e+02,-8.696850916968863032e+01
4.684116093750000118e+02,-8.638168483857185720e+01
4.684119023437500005e+02,-8.740648587359936528e+01
4.684121953124999891e+02,-9.764908776131110812e+01
4.684124882812500346e+02,-1.026310249754022408e+02
4.684127812500000232e+02,-9.193617566770363680e+01
4.684130742187500118e+02,-9.000065980336071902e+01
4.684133671875000005e+02,-8.662100052189769883e+01
4.684136601562499891e+02,-8.358735549783817476e+01
4.684139531250000346e+02,-8.105491691957467992e+01
4.684142460937500232e+02,-8.207030041690470057e+01
4.684145390625000118e+02,-8.670926980259062589e+01
4.684148320312500005e+02,-9.742305925932416244e+01
4.684151249999999891e+02,-9.048520722945514194e+01
4.684154179687500346e+02,-8.845259601056980614e+01
4.684157109375000232e+02,-8.709267314487507861e+01
4.684160039062500118e+02,-9.263674707965532207e+01
4.684162968750000005e+02,-9.223111757809611788e+01
4.684165898437499891e+02,-8.479074781337816091e+01
4.684168828125000346e+02,-8.605685352299607871e+01
4.684171757812500232e+02,-8.581848234376855089e+01
4.684174687500000118e+02,-8.768223344052550772e+01
4.684177617187500005e+02,-9.533077900099023338e+01
4.684180546874999891e+02,-9.031808167936974030e+01
4.684183476562500346e+02,-9.003451147712715397e+01
4.684186406250000232e+02,-9.552496217892385744e+01
4.684189335937500118e+02,-8.501178765606763932e+01
4.684192265625000005e+02,-8.576254623714677905e+01
4.684195195312499891e+02,-9.334182124709526818e+01
4.684198125000000346e+02,-8.687618965473751587e+01
4.684201054687500232e+02,-8.682735286622914828e+01
4.684203984375000118e+02,-1.034086260946199189e+02
4.684206914062500005e+02,-8.876295575498653534e+01
4.684209843749999891e+02,-9.172313834269543520e+01
4.684212773437500346e+02,-9.632947100945436603e+01
4.684215703125000232e+02,-8.819399714947850555e+01
4.684218632812500118e+02,-8.931513356993768582e+01
4.684221562500000005e+02,-1.070984109439129384e+02
4.684224492187499891e+02,-9.230752015695684065e+01
4.684227421875000346e+02,-9.059111738266958014e+01
4.684230351562500232e+02,-1.180620170804294560e+02
4.684233281250000118e+02,-8.976981921234498429e+01
4.684236210937500005e+02,-9.580272304284959262e+01
4.684239140624999891e+02,-1.034215444797434316e+02
4.684242070312500346e+02,-9.418335781058667067e+01
4.684245000000000232e+02,-9.313005605725349767e+01
4.684247929687500118e+02,-9.749374080891757899e+01
4.684250859375000005e+02,-1.019201374909040396e+02
4.684253789062499891e+02,-9.712668022521428668e+01
4.684256718750000346e+02,-9.373613184863805259e+01
4.684259648437500232e+02,-8.670991812535520182e+01
4.684262578125000118e+02,-8.478815219879612641e+01
4.684265507812500005e+02,-9.006032859205852503e+01
4.684268437499999891e+02,-9.161810893405848333e+01
4.684271367187500346e+02,-1.024879730523278312e+02
4.684274296875000232e+02,-9.392882149280964654e+01
4.684277226562500118e+02,-9.322174586379425421e+01
4.684280156250000005e+02,-9.507048461459378075e+01
4.684283085937499891e+02,-9.138878971649218386e+01
4.684286015625000346e+02,-9.568478620382705913e+01
4.684288945312500232e+02,-8.563260093609338242e+01
4.684291875000000118e+02,-9.085823314214992763e+01
4.684294804687500005e+02,-9.210246662322198574e+01
4.684297734374999891e+02,-9.903525667518937325e+01
4.684300664062500346e+02,-1.019820175817441736e+02
4.684303593750000232e+02,-8.753905506128970160e+01
4.684306523437500118e+02,-9.353778862523982696e+01
4.684309453125000005e+02,-9.428205684036170453e+01
4.684312382812499891e+02,-9.524074785450459046e+01
4.684315312500000346e+02,-9.054153064472887991e+01
4.684318242187500232e+02,-9.829727334313268727e+01
4.684321171875000118e+02,-9.254953736973961043e+01
4.684324101562500005e+02,-8.970379767630771539e+01
4.684327031249999891e+02,-8.649077894211374939e+01
4.684329960937500346e+02,-8.333958434037435836e+01
4.684332890625000232e+02,-8.616943579061035052e+01
4.684335820312500118e+02,-9.214077463985317706e+01
4.684338750000000005e+02,-1.037416228447727633e+02
4.684341679687499891e+02,-9.581678825253675313e+01
4.684344609375000346e+02,-9.856551342100372892e+01
4.684347539062500232e+02,-8.808839564575271197e+01
4.684350468750000118e+02,-8.366588645405226998e+01
4.684353398437500005e+02,-8.511292856982143462e+01
4.684356328124999891e+02,-8.772341481955049858e+01
4.684359257812500346e+02,-8.838858657909007377e+01
4.684362187500000232e+02,-9.855146147367490528e+01
4.684365117187500118e+02,-8.765901452952834916e+01
4.684368046875000005e+02,-8.877966303669535364e+01
4.684370976562499891e+02,-1.008750794168815901e+02
4.684373906250000346e+02,-8.982944099726751119e+01
4.684376835937500232e+02,-8.560792235584938226e+01
4.684379765625000118e+02,-8.253061400600054753e+01
4.684382695312500005e+02,-8.642311738388414710e+01
4.684385624999999891e+02,-9.184087567482316672e+01
4.684388554687500346e+02,-9.226494072609600039e+01
4.684391484375000232e+02,-8.944062849334487453e+01
4.684394414062500118e+02,-1.038780368935926646e+02
4.684397343750000005e+02,-9.686124338028460556e+01
4.684400273437499891e+02,-9.576184018545293952e+01
4.684403203125000346e+02,-9.645850670044038111e+01
4.684406132812500232e+02,-8.650297468463148221e+01
4.684409062500000118e+02,-8.624539775434067224e+01
4.684411992187500005e+02,-9.095844615050023663e+01
4.684414921874999891e+02,-1.026983687651705281e+02
4.684417851562500346e+02,-9.735968167549947339e+01
4.684420781250000232e+02,-9.118914760090177651e+01
4.684423710937500118e+02,-9.092812582096604501e+01
4.684426640625000005e+02,-1.012042022815498541e+02
4.684429570312499891e+02,-9.480883499498824563e+01
4.684432500000000346e+02,-8.411712068828576605e+01
4.684435429687500232e+02,-8.453984190565522283e+01
4.684438359375000118e+02,-8.592941822516358741e+01
4.684441289062500005e+02,-8.509397199229086084e+01
4.684444218749999891e+02,-9.248426346317680213e+01
4.684447148437500346e+02,-8.681727551734326198e+01
4.684450078125000232e+02,-8.435717231871736033e+01
4.684453007812500118e+02,-8.395356667581295085e+01
4.684455937500000005e+02,-8.222293731233523317e+01
4.684458867187499891e+02,-8.335818997050262169e+01
4.684461796875000346e+02,-8.947843551745954471e+01
4.684464726562500232e+02,-8.671793685445857136e+01
4.684467656250000118e+02,-8.443544832761310204e+01
4.684470585937500005e+02,-8.792220343084890999e+01
4.684473515624999891e+02,-8.672556655270622628e+01
4.684476445312500346e+02,-8.487554144644823850e+01
4.684479375000000232e+02,-8.905316223982256929e+01
4.684482304687500118e+02,-8.654958060103710693e+01
4.684485234375000005e+02,-8.602090098208824998e+01
4.684488164062499891e+02,-8.731266681946452479e+01
4.684491093750000346e+02,-9.440505812856710577e+01
4.684494023437500232e+02,-8.432418456997643830e+01
4.684496953125000118e+02,-8.615178291978351410e+01
4.684499882812500005e+02,-8.611690611650425353e+01
4.684502812499999891e+02,-8.360571279245264975e+01
4.684505742187500346e+02,-8.616289133882970930e+01
4.684508671875000232e+02,-8.700320788154124330e+01
4.684511601562500118e+02,-8.339892252654884430e+01
4.684514531250000005e+02,-8.800712373134442146e+01
4.684517460937499891e+02,-9.550397516647905150e+01
4.684520390625000346e+02,-8.418365255936433300e+01
4.684523320312500232e+02,-8.593138625834789934e+01
4.684526250000000118e+02,-8.763324442879613230e+01
4.684529179687500005e+02,-8.329773761023002976e+01
4.684532109374999891e+02,-8.932143468125460117e+01
4.684535039062500346e+02,-8.468752579891715015e+01
4.684537968750000232e+02,-8.244979108512625032e+01
4.684540898437500118e+02,-8.841011803533032776e+01
4.684543828125000005e+02,-9.695303462340351075e+01
4.684546757812499891e+02,-9.514431325122276917e+01
4.684549687500000346e+02,-9.477706967876403610e+01
4.684552617187500232e+02,-9.025606217054735225e+01
4.684555546875000118e+02,-8.399760312158116449e+01
4.684558476562500005e+02,-8.494016379788229187e+01
4.684561406249999891e+02,-8.121997106168370806e+01
4.684564335937500346e+02,-8.622145212800413105e+01
4.684567265625000232e+02,-9.018444795855536711e+01
4.684570195312500118e+02,-9.071452230898650271e+01
4.684573125000000005e+02,-8.708617903640002567e+01
4.684576054687499891e+02,-8.869375006023490471e+01
4.684578984375000346e+02,-9.563931923188489748e+01
4.684581914062500232e+02,-9.274178876654984549e+01
4.684584843750000118e+02,-8.504648986725956661e+01
4.684587773437500005e+02,-8.273186704725654295e+01
4.684590703124999891e+02,-8.875868711664146815e+01
4.684593632812500346e+02,-9.180158193730734695e+01
4.684596562500000232e+02,-8.462370342357914410e+01
4.684599492187500118e+02,-8.396114791079702400e+01
4.684602421875000005e+02,-8.418156982962858592e+01
4.684605351562499891e+02,-8.892930065179739074e+01
4.684608281250000346e+02,-8.981194086615204242e+01
4.684611210937500232e+02,-8.475734622152599229e+01
4.684614140625000118e+02,-8.740553683339591373e+01
4.684617070312500005e+02,-9.534402112797437212e+01
4.684619999999999891e+02,-9.108171140362625806e+01
4.684622929687500346e+02,-8.398068276573499702e+01
4.684625859375000232e+02,-8.548376390115926426e+01
4.684628789062500118e+02,-8.475403769629353690e+01
4.684631718750000005e+02,-8.730263636116981729e+01
4.684634648437499891e+02,-8.677087347993241906e+01
4.684637578125000346e+02,-9.474992371443022421e+01
4.684640507812500232e+02,-9.628552209222559100e+01
4.684643437500000118e+02,-9.466649192144103608e+01
4.684646367187500005e+02,-9.604725965168111657e+01
4.684649296874999891e+02,-8.291802365107412243e+01
4.684652226562500346e+02,-8.371308253643610442e+01
4.684655156250000232e+02,-8.386264427664137600e+01
4.684658085937500118e+02,-8.943579512819823663e+01
4.684661015625000005e+02,-8.536378995851714535e+01
4.684663945312499891e+02,-8.844776980832475033e+01
4.684666875000000346e+02,-9.088325920865702301e+01
4.684669804687500232e+02,-9.692133815027405319e+01
4.684672734375000118e+02,-9.395063805942595536e+01
4.684675664062500005e+02,-8.354394207108553871e+01
4.684678593749999891e+02,-8.297143569458705770e+01
4.684681523437500346e+02,-8.299058014375819425e+01
4.684684453125000232e+02,-8.917466357159911183e+01
4.684687382812500118e+02,-9.057745711710140313e+01
4.684690312500000005e+02,-8.789271230206023233e+01
4.684693242187499891e+02,-9.063385506666202218e+01
4.684696171875000346e+02,-9.205740281226826482e+01
4.684699101562500232e+02,-8.963719994450926265e+01
4.684702031250000118e+02,-8.761709271591209358e+01
4.684704960937500005e+02,-8.779605550666732938e+01
4.684707890624999891e+02,-8.684357380066427368e+01
4.684710820312500346e+02,-9.363486365829470515e+01
4.684713750000000232e+02,-9.243308304167328515e+01
4.684716679687500118e+02,-8.642445214831664657e+01
4.684719609375000005e+02,-9.097345661882346235e+01
4.684722539062499891e+02,-8.856810116667040234e+01
4.684725468750000346e+02,-9.561265086985669370e+01
4.684728398437500232e+02,-9.636615707391796093e+01
4.684731328125000118e+02,-9.073827291458194111e+01
4.684734257812500005e+02,-8.922998377402905135e+01
4.684737187499999891e+02,-1.159642546265958885e+02
4.684740117187500346e+02,-8.628630239930332380e+01
4.684743046875000232e+02,-8.572998103045028984e+01
4.684745976562500118e+02,-8.401912159142347036e+01
4.684748906250000005e+02,-8.502827350530699846e+01
4.684751835937499891e+02,-9.660062701982759847e+01
4.684754765625000346e+02,-9.433494059684574040e+01
4.684757695312500232e+02,-9.466692825776888753e+01
4.684760625000000118e+02,-9.358982454526423567e+01
4.684763554687500005e+02,-8.966568772263330800e+01
4.684766484374999891e+02,-8.563583771290319646e+01
4.684769414062500346e+02,-8.490676727119614497e+01
4.684772343750000232e+02,-8.523737395880172585e+01
4.684775273437500118e+02,-9.089393729500190489e+01
4.684778203125000005e+02,-8.648649151948461622e+01
4.684781132812499891e+02,-8.800345838898593342e+01
4.684784062500000346e+02,-9.184315690008671140e+01
4.684786992187500232e+02,-9.624776368092582857e+01
4.684789921875000118e+02,-8.721786626466901282e+01
4.684792851562500005e+02,-8.384300972987836076e+01
4.684795781249999891e+02,-8.540639296470500597e+01
4.684798710937500346e+02,-8.883452587221000840e+01
4.684801640625000232e+02,-8.918485603441618537e+01
4.684804570312500118e+02,-9.014579546120404530e+01
4.684807500000000005e+02,-9.186751369183782856e+01
4.684810429687499891e+02,-8.675919609425571366e+01
4.684813359375000346e+02,-8.895942284132780742e+01
4.684816289062500232e+02,-9.195357562001825613e+01
4.684819218750000118e+02,-9.815565853442576838e+01
4.684822148437500005e+02,-9.821047805302528388e+01
4.684825078124999891e+02,-9.631494019643869819e+01
4.684828007812500346e+02,-9.190232530338883521e+01
4.684830937500000232e+02,-9.176352665441547174e+01
4.684833867187500118e+02,-8.921726298876343719e+01
4.684836796875000005e+02,-8.280899303595734295e+01
4.684839726562499891e+02,-8.332131052473299349e+01
4.684842656250000346e+02,-8.862814119784395928e+01
4.684845585937500232e+02,-9.295654865896972296e+01
4.684848515625000118e+02,-9.951562723886669914e+01
4.684851445312500005e+02,-9.877045622672778791e+01
4.684854374999999891e+02,-9.078974454126375804e+01
4.684857304687500346e+02,-8.963451765822513551e+01
4.684860234375000232e+02,-8.857089787388554214e+01
4.684863164062500118e+02,-8.346257649197920614e+01
4.684866093750000005e+02,-8.567240909522929826e+01
4.684869023437499891e+02,-9.205807211238898446e+01
4.684871953125000346e+02,-8.989054539799042232e+01
4.684874882812500232e+02,-8.880837888513332246e+01
4.684877812500000118e+02,-9.345161228350306715e+01
4.684880742187500005e+02,-8.781006572271850530e+01
4.684883671874999891e+02,-8.988547217930410227e+01
4.684886601562500346e+02,-9.229423494358647417e+01
4.684889531250000232e+02,-9.023124779282490238e+01
4.684892460937500118e+02,-9.922355488664564405e+01
4.684895390625000005e+02,-1.109834274098703730e+02
4.684898320312499891e+02,-9.264727875358850895e+01
4.684901250000000346e+02,-9.589046077290311132e+01
4.684904179687500232e+02,-9.313851407573747565e+01
4.684907109375000118e+02,-9.712008145607784115e+01
4.684910039062500005e+02,-1.066637899687070359e+02
4.684912968749999891e+02,-9.783078058197929749e+01
4.684915898437500346e+02,-8.856507934130320336e+01
4.684918828125000232e+02,-8.931217924133127894e+01
4.684921757812500118e+02,-9.702115841121879214e+01
4.684924687500000005e+02,-9.760593771508295902e+01
4.684927617187499891e+02,-1.108480969716181903e+02
4.684930546875000346e+02,-9.405676201812406134e+01
4.684933476562500232e+02,-1.010775488878663140e+02
4.684936406250000118e+02,-9.257571988575050170e+01
4.684939335937500005e+02,-9.100131984218069192e+01
4.684942265624999891e+02,-8.571278380949928533e+01
4.684945195312500346e+02,-8.472055098747061663e+01
4.684948125000000232e+02,-9.608186211267539534e+01
4.684951054687500118e+02,-9.361576329947980923e+01
4.684953984375000005e+02,-9.899164603295710663e+01
4.684956914062499891e+02,-9.714627947002581720e+01
4.684959843750000346e+02,-9.895530228052727750e+01
4.684962773437500232e+02,-8.854698757144616650e+01
4.684965703125000118e+02,-8.751008767906809283e+01
4.684968632812500005e+02,-8.735796395386815050e+01
4.684971562499999891e+02,-9.058624422653203112e+01
4.684974492187500346e+02,-9.736622828443213962e+01
4.684977421875000232e+02,-9.354652432619330682e+01
4.684980351562500118e+02,-9.078344476906535476e+01
4.684983281250000005e+02,-8.790461277479259650e+01
4.684986210937499891e+02,-8.585623584143189646e+01
4.684989140625000346e+02,-8.544081879433748838e+01
4.684992070312500232e+02,-9.744683696132513262e+01
4.684995000000000118e+02,-8.935826968564572326e+01
4.684997929687500005e+02,-8.994391866115515199e+01
4.685000859374999891e+02,-9.454625967801106867e+01
4.685003789062500346e+02,-8.744809084771725338e+01
4.685006718750000232e+02,-9.076750009303127342e+01
4.685009648437500118e+02,-8.975325015541432094e+01
4.685012578125000005e+02,-8.240845867752827303e+01
4.685015507812499891e+02,-8.256471338986509068e+01
4.685018437500000346e+02,-9.210593729420268971e+01
4.685021367187500232e+02,-9.866552590946014334e+01
4.685024296875000118e+02,-8.602178713096228080e+01
4.685027226562500005e+02,-8.748691335470323338e+01
4.685030156249999891e+02,-8.529881574427905377e+01
4.685033085937500346e+02,-8.840652908190631365e+01
4.685036015625000232e+02,-8.728225657208156463e+01
4.685038945312500118e+02,-8.154674697173825848e+01
4.685041875000000005e+02,-8.171541435270128773e+01
4.685044804687499891e+02,-8.488892048336056462e+01
4.685047734375000346e+02,-8.751782706139728418e+01
4.685050664062500232e+02,-8.385933187861661509e+01
4.685053593750000118e+02,-8.392469516039341215e+01
4.685056523437500005e+02,-8.652899840953693911e+01
4.685059453124999891e+02,-1.011019120828699300e+02
4.685062382812500346e+02,-8.946441162854290496e+01
4.685065312500000232e+02,-8.431743434927589931e+01
4.685068242187500118e+02,-8.569391762859497419e+01
4.685071171875000005e+02,-8.790768676204136511e+01
4.685074101562499891e+02,-9.285080615306685559e+01
4.685077031250000346e+02,-8.519732162419730059e+01
4.685079960937500232e+02,-8.239585637047500200e+01
4.685082890625000118e+02,-8.606743287514206031e+01
4.685085820312500005e+02,-9.478074770819250716e+01
4.685088749999999891e+02,-9.069406165237126061e+01
4.685091679687500346e+02,-8.635984768696482661e+01
4.685094609375000232e+02,-8.817735541466298343e+01
4.685097539062500118e+02,-8.965775190638356662e+01
4.685100468750000005e+02,-8.596005891123704146e+01
4.685103398437499891e+02,-8.509906019691104007e+01
4.685106328125000346e+02,-8.703369862270048429e+01
4.685109257812500232e+02,-9.074129042917559218e+01
4.685112187500000118e+02,-9.380627329274705062e+01
4.685115117187500005e+02,-9.282761752539555289e+01
4.685118046874999891e+02,-9.312734182230624924e+01
4.685120976562500346e+02,-9.516637558882850101e+01
4.685123906250000232e+02,-9.601145025517152476e+01
4.685126835937500118e+02,-9.635373344890618341e+01
4.685129765625000005e+02,-9.853237373041821456e+01
4.685132695312499891e+02,-8.961643509490477300e+01
4.685135625000000346e+02,-8.473252695871501317e+01
4.685138554687500232e+02,-9.139096341411323010e+01
4.685141484375000118e+02,-8.842471777039109782e+01
4.685144414062500005e+02,-9.842083388232929053e+01
4.685147343749999891e+02,-9.825632926856428639e+01
4.685150273437500346e+02,-9.162095096323115229e+01
4.685153203125000232e+02,-9.076173457915922427e+01
4.685156132812500118e+02,-8.767866288465864955e+01
4.685159062500000005e+02,-9.058951623039629908e+01
4.685161992187499891e+02,-8.724120603752896841e+01
4.685164921875000346e+02,-9.096060920118998183e+01
4.685167851562500232e+02,-8.422909559018512482e+01
4.685170781250000118e+02,-9.035129959636067554e+01
4.685173710937500005e+02,-9.365521447526913335e+01
4.685176640624999891e+02,-9.777797427210990122e+01
4.685179570312500346e+02,-9.046519567373553627e+01
4.685182500000000232e+02,-8.705657522559678796e+01
4.685185429687500118e+02,-9.369430542121821759e+01
4.685188359375000005e+02,-9.532795467587502003e+01
4.685191289062499891e+02,-8.772104681607622467e+01
4.685194218750000346e+02,-8.732494457780208563e+01
4.685197148437500232e+02,-9.532058764259311090e+01
4.685200078125000118e+02,-8.828758768536522439e+01
4.685203007812500005e+02,-9.472519875714822035e+01
4.685205937499999891e+02,-8.944626747509738607e+01
4.685208867187500346e+02,-1.036618808239912255e+02
4.685211796875000232e+02,-9.171185774258439949e+01
4.685214726562500118e+02,-9.716246601497915947e+01
4.685217656250000005e+02,-1.052324178100244865e+02
4.685220585937499891e+02,-9.016050872788697745e+01
4.685223515625000346e+02,-9.320308865675245613e+01
4.685226445312500232e+02,-1.154435089879893610e+02
4.685229375000000118e+02,-9.764269378925946796e+01
4.685232304687500005e+02,-9.234075003659182812e+01
4.685235234374999891e+02,-9.245727011050468036e+01
4.685238164062500346e+02,-9.416394857052890188e+01
4.685241093750000232e+02,-8.807204580678437367e+01
4.685244023437500118e+02,-9.003057197768640663e+01
4.685246953125000005e+02,-8.575057569100007981e+01
4.685249882812499891e+02,-8.947744369867902492e+01
4.685252812500000346e+02,-9.552955344155310513e+01
4.685255742187500232e+02,-8.674272122908405436e+01
4.685258671875000118e+02,-8.442289069786043854e+01
4.685261601562500005e+02,-8.771398595357565853e+01
4.685264531249999891e+02,-9.312176702057705313e+01
4.685267460937500346e+02,-8.999477173923511941e+01
4.685270390625000232e+02,-9.627380834992663949e+01
4.685273320312500118e+02,-9.335561665101118933e+01
4.685276250000000005e+02,-8.503631809276937759e+01
4.685279179687499891e+02,-8.763626476197916304e+01
4.685282109375000346e+02,-8.545556915888865035e+01
4.685285039062500232e+02,-8.465547227705749833e+01
4.685287968750000118e+02,-9.195475022929316822e+01
4.685290898437500005e+02,-1.006902727952624588e+02
4.685293828124999891e+02,-9.004780835748181289e+01
4.685296757812500346e+02,-9.553555054539144464e+01
4.685299687500000232e+02,-1.018561356968729967e+02
4.685302617187500118e+02,-8.772771987594828147e+01
4.685305546875000005e+02,-9.019457029688820171e+01
4.685308476562499891e+02,-8.826233841072578912e+01
4.685311406250000346e+02,-9.155329427108765117e+01
4.685314335937500232e+02,-1.015708753453660336e+02
4.685317265625000118e+02,-9.820154778868260337e+01
4.685320195312500005e+02,-8.976459312334398533e+01
4.685323124999999891e+02,-8.539107274878708154e+01
4.685326054687500346e+02,-8.609646704845685861e+01
4.685328984375000232e+02,-8.860095473611036709e+01
4.685331914062500118e+02,-8.935548245304491388e+01
4.685334843750000005e+02,-9.418757517488305098e+01
4.685337773437499891e+02,-9.410180445779846536e+01
4.685340703125000346e+02,-9.119560499141360310e+01
4.685343632812500232e+02,-9.890110170463877637e+01
4.685346562500000118e+02,-8.593569796720811382e+01
4.685349492187500005e+02,-8.295905642178536255e+01
4.685352421874999891e+02,-8.533297147765340185e+01
4.685355351562500346e+02,-9.306916791229660646e+01
4.685358281250000232e+02,-9.898620381095253151e+01
4.685361210937500118e+02,-8.715413855126668352e+01
4.685364140625000005e+02,-8.591367484437620305e+01
4.685367070312499891e+02,-9.239427523107393370e+01
4.685370000000000346e+02,-9.586258680463106430e+01
4.685372929687500232e+02,-8.541442458156745943e+01
4.685375859375000118e+02,-8.462332578795800941e+01
4.685378789062500005e+02,-8.652549471228604716e+01
4.685381718749999891e+02,-9.793224813169203458e+01
4.685384648437500346e+02,-9.507253126365050377e+01
4.685387578125000232e+02,-8.631004817020649966e+01
4.685390507812500118e+02,-8.690176443613296442e+01
4.685393437500000005e+02,-9.466853853936376595e+01
4.685396367187499891e+02,-9.456970673942603867e+01
4.685399296875000346e+02,-8.862024138885510638e+01
4.685402226562500232e+02,-9.216615883604292492e+01
4.685405156250000118e+02,-9.468838240348004831e+01
4.685408085937500005e+02,-9.166732275713492584e+01
4.685411015624999891e+02,-9.108021701748089072e+01
4.685413945312500346e+02,-8.785594003503703675e+01
4.685416875000000232e+02,-9.253983181934016500e+01
4.685419804687500118e+02,-9.739944343623646716e+01
4.685422734375000005e+02,-9.266525091291950389e+01
4.685425664062499891e+02,-8.830431233903993871e+01
4.685428593750000346e+02,-9.079146955722322332e+01
4.685431523437500232e+02,-1.035559220893964039e+02
4.685434453125000118e+02,-9.561523160275356759e+01
4.685437382812500005e+02,-9.290791894808083384e+01
4.685440312499999891e+02,-9.079475302539938752e+01
4.685443242187500346e+02,-9.287880758108586576e+01
4.685446171875000232e+02,-8.922326492141765186e+01
4.685449101562500118e+02,-8.950328516648581001e+01
4.685452031250000005e+02,-8.681570832810459137e+01
4.685454960937499891e+02,-8.853307736310661369e+01
4.685457890625000346e+02,-8.950363274919696721e+01
4.685460820312500232e+02,-9.206407735703949413e+01
4.685463750000000118e+02,-9.589716594734754551e+01
4.685466679687500005e+02,-8.835832376493115703e+01
4.685469609374999891e+02,-8.971068270233105579e+01
4.685472539062500346e+02,-8.889426844126052174e+01
4.685475468750000232e+02,-9.193663161450626831e+01
4.685478398437500118e+02,-8.718935401131375329e+01
4.685481328125000005e+02,-9.100454171003627835e+01
4.685484257812499891e+02,-8.713872133017984822e+01
4.685487187500000346e+02,-9.512856454422873753e+01
4.685490117187500232e+02,-9.187087602775108053e+01
4.685493046875000118e+02,-8.616988069684175855e+01
4.685495976562500005e+02,-8.819153869094613185e+01
4.685498906249999891e+02,-8.872535400259054938e+01
4.685501835937500346e+02,-9.221852827058283708e+01
4.685504765625000232e+02,-8.593126883543904171e+01
4.685507695312500118e+02,-9.020067298766204544e+01
4.685510625000000005e+02,-9.165288591458954670e+01
4.685513554687499891e+02,-9.863067922659681130e+01
4.685516484375000346e+02,-8.859652976249751077e+01
4.685519414062500232e+02,-8.796070085828526430e+01
4.685522343750000118e+02,-8.717983558324037574e+01
4.685525273437500005e+02,-8.462806219024886900e+01
4.685528203124999891e+02,-8.466529817748812548e+01
4.685531132812500346e+02,-8.428450627835083253e+01
4.685534062500000232e+02,-9.423355882241659742e+01
4.685536992187500118e+02,-9.949525844828920640e+01
4.685539921875000005e+02,-9.660391722051912211e+01
4.685542851562499891e+02,-8.870015313436142890e+01
4.685545781250000346e+02,-9.058475820693523417e+01
4.685548710937500232e+02,-8.896871692857372693e+01
4.685551640625000118e+02,-8.404222925343253792e+01
4.685554570312500005e+02,-8.219262704357275595e+01
4.685557499999999891e+02,-8.335576625807371443e+01
4.685560429687500346e+02,-9.336283428429923958e+01
4.685563359375000232e+02,-9.970693370440521619e+01
4.685566289062500118e+02,-9.631642063008690968e+01
4.685569218750000005e+02,-8.650788097935071619e+01
4.685572148437499891e+02,-8.858823514983761527e+01
4.685575078125000346e+02,-8.854977511361470022e+01
4.685578007812500232e+02,-8.460771291035932506e+01
4.685580937500000118e+02,-8.710525581511994631e+01
4.685583867187500005e+02,-9.205474962884544254e+01
4.685586796874999891e+02,-8.954165740434525844e+01
4.685589726562500346e+02,-9.618058347115074014e+01
4.685592656250000232e+02,-1.018922531706691075e+02
4.685595585937500118e+02,-8.927979106669305054e+01
4.685598515625000005e+02,-9.264330086765943406e+01
4.685601445312499891e+02,-8.831797572127192097e+01
4.685604375000000346e+02,-8.809295843446621177e+01
4.685607304687500232e+02,-9.774046123366082384e+01
4.685610234375000118e+02,-9.738397753350045605e+01
4.685613164062500005e+02,-8.604965388936588511e+01
4.685616093749999891e+02,-9.360208539347370049e+01
4.685619023437500346e+02,-9.323042688476627404e+01
4.685621953125000232e+02,-1.074677885789785847e+02
4.685624882812500118e+02,-8.952976531607731658e+01
4.685627812500000005e+02,-8.627486334242625787e+01
4.685630742187499891e+02,-1.139555231677616689e+02
4.685633671875000346e+02,-8.904334987373405852e+01
4.685636601562500232e+02,-9.095747548370249547e+01
4.685639531250000118e+02,-1.058807198232494642e+02
4.685642460937500005e+02,-9.332530124781689551e+01
4.685645390624999891e+02,-8.878841166102847637e+01
4.685648320312500346e+02,-9.244753655472928244e+01
4.685651250000000232e+02,-8.990712972898452904e+01
4.685654179687500118e+02,-9.239676907836754083e+01
4.685657109375000005e+02,-8.560499194829132819e+01
4.685660039062499891e+02,-8.365425514511008487e+01
4.685662968750000346e+02,-8.714100947700330835e+01
4.685665898437500232e+02,-9.786086669536067006e+01
4.685668828125000118e+02,-9.023021229636695750e+01
4.685671757812500005e+02,-8.743694377711639731e+01
4.685674687499999891e+02,-9.034931958409886477e+01
4.685677617187500346e+02,-8.785605120005467938e+01
4.685680546875000232e+02,-8.912434821983691791e+01
4.685683476562500118e+02,-8.868680458721536297e+01
4.685686406250000005e+02,-8.974492013648925592e+01
4.685689335937499891e+02,-9.947380366774778793e+01
4.685692265625000346e+02,-1.035863059999943516e+02
4.685695195312500232e+02,-9.771263319274891046e+01
4.685698125000000118e+02,-9.416922179592340569e+01
4.685701054687500005e+02,-9.075515918621047717e+01
4.685703984374999891e+02,-8.660043259120564585e+01
4.685706914062500346e+02,-8.763960348104619413e+01
4.685709843750000232e+02,-9.323702210981880967e+01
4.685712773437500118e+02,-1.055707888007670476e+02
4.685715703125000005e+02,-9.417436712131080867e+01
4.685718632812499891e+02,-9.072188553666067889e+01
4.685721562500000346e+02,-8.741512018277929030e+01
4.685724492187500232e+02,-1.269241176751280591e+02
4.685727421875000118e+02,-9.019489181962669022e+01
4.685730351562500005e+02,-8.996567138429853117e+01
4.685733281249999891e+02,-9.737132085385125890e+01
4.685736210937500346e+02,-9.537038520484999538e+01
4.685739140625000232e+02,-9.314879615867282325e+01
4.685742070312500118e+02,-8.985397518068053557e+01
4.685745000000000005e+02,-8.857144743750183125e+01
4.685747929687499891e+02,-8.566580101890880883e+01
4.685750859375000346e+02,-9.141587699682047230e+01
4.685753789062500232e+02,-8.968248205111160587e+01
4.685756718750000118e+02,-9.315280333090501586e+01
4.685759648437500005e+02,-9.380804195906199539e+01
4.685762578124999891e+02,-9.227075026714224748e+01
4.685765507812500346e+02,-8.911115256192536549e+01
4.685768437500000232e+02,-9.036455264896689243e+01
4.685771367187500118e+02,-8.914136984480023784e+01
4.685774296875000005e+02,-8.676850894834595351e+01
4.685777226562499891e+02,-9.150996505366097722e+01
4.685780156250000346e+02,-9.345624370013801752e+01
4.685783085937500232e+02,-9.566339416161987685e+01
4.685786015625000118e+02,-9.786106664199748195e+01
4.685788945312500005e+02,-9.085587033384527444e+01
4.685791874999999891e+02,-8.558972632478301534e+01
4.685794804687500346e+02,-8.970249521415399840e+01
4.685797734375000232e+02,-9.320178507883872498e+01
4.685800664062500118e+02,-9.058076412243815412e+01
4.685803593750000005e+02,-1.013660477665531516e+02
4.685806523437499891e+02,-1.012998158763967922e+02
4.685809453125000346e+02,-1.033276100355387825e+02
4.685812382812500232e+02,-1.037775455059323093e+02
4.685815312500000118e+02,-8.850904496953923228e+01
4.685818242187500005e+02,-8.606276066521130019e+01
4.685821171874999891e+02,-9.120767952802810896e+01
4.685824101562500346e+02,-1.027075238598884823e+02
4.685827031250000232e+02,-9.447373702140103546e+01
4.685829960937500118e+02,-9.201769115517257092e+01
4.685832890625000005e+02,-9.574670819436845193e+01
4.685835820312499891e+02,-9.431073656135595229e+01
4.685838750000000346e+02,-9.331482433496503859e+01
4.685841679687500232e+02,-8.789910571989270238e+01
4.685844609375000118e+02,-8.803158356183489275e+01
4.685847539062500005e+02,-9.438332259264079482e+01
4.685850468749999891e+02,-9.548252323895708571e+01
4.685853398437500346e+02,-9.031923011758728137e+01
4.685856328125000232e+02,-9.002370089742230164e+01
4.685859257812500118e+02,-9.496595918642262291e+01
4.685862187500000005e+02,-9.367131513457448477e+01
4.685865117187499891e+02,-8.766737275568843302e+01
4.685868046875000346e+02,-9.079176512112232444e+01
4.685870976562500232e+02,-9.139068384919882249e+01
4.685873906250000118e+02,-9.490999529424675529e+01
4.685876835937500005e+02,-8.962704574870350882e+01
4.685879765624999891e+02,-8.890146991073504523e+01
4.685882695312500346e+02,-8.809106435363004550e+01
4.685885625000000232e+02,-9.388265047910847727e+01
4.685888554687500118e+02,-9.074710106569973789e+01
4.685891484375000005e+02,-9.041148680415433603e+01
4.685894414062499891e+02,-1.044237627791169984e+02
4.685897343750000346e+02,-9.103229507333068682e+01
4.685900273437500232e+02,-8.686736877393255440e+01
4.685903203125000118e+02,-8.812726868917080481e+01
4.685906132812500005e+02,-9.549810116446300867e+01
4.685909062499999891e+02,-9.933567775095063723e+01
4.685911992187500346e+02,-8.794725621065046539e+01
4.685914921875000232e+02,-8.415956191078910820e+01
4.685917851562500118e+02,-8.428801703843436144e+01
4.685920781250000005e+02,-8.601335755051742638e+01
4.685923710937499891e+02,-8.949655145974401194e+01
4.685926640625000346e+02,-8.694695898980698701e+01
4.685929570312500232e+02,-9.833080418239360654e+01
4.685932500000000118e+02,-8.892199766059769672e+01
4.685935429687500005e+02,-9.119749931404601284e+01
4.685938359374999891e+02,-8.322661945913992554e+01
4.685941289062500346e+02,-8.330117744504539701e+01
4.685944218750000232e+02,-8.227007173103271498e+01
4.685947148437500118e+02,-8.361040615465779524e+01
4.685950078125000005e+02,-9.294859790557111978e+01
4.685953007812499891e+02,-9.147593857576210041e+01
4.685955937500000346e+02,-9.067969626623673207e+01
4.685958867187500232e+02,-8.635879433101209202e+01
4.685961796875000118e+02,-8.992296865233868175e+01
4.685964726562500005e+02,-8.516036143054066088e+01
4.685967656249999891e+02,-8.501822310880797318e+01
4.685970585937500346e+02,-8.438865671129035206e+01
4.685973515625000232e+02,-8.877079542750536234e+01
4.685976445312500118e+02,-9.885855126727375364e+01
4.685979375000000005e+02,-9.936279175406220077e+01
4.685982304687499891e+02,-8.969548174428298637e+01
4.685985234375000346e+02,-8.423581107118391742e+01
4.685988164062500232e+02,-8.645187467899681621e+01
4.685991093750000118e+02,-8.799262979614043445e+01
4.685994023437500005e+02,-8.964711575051393311e+01
4.685996953124999891e+02,-8.844381818201874523e+01
4.685999882812500346e+02,-9.856170495829772449e+01
4.686002812500000232e+02,-9.304217255982486279e+01
4.686005742187500118e+02,-9.695658755129156248e+01
4.686008671875000005e+02,-9.491495048243366739e+01
4.686011601562499891e+02,-8.784603650160720179e+01
4.686014531250000346e+02,-8.920887892479838399e+01
4.686017460937500232e+02,-9.031830184911066794e+01
4.686020390625000118e+02,-9.236947525380284674e+01
4.686023320312500005e+02,-9.871957284728307513e+01
4.686026249999999891e+02,-8.946134454441205719e+01
4.686029179687500346e+02,-9.544686706928405329e+01
4.686032109375000232e+02,-9.551645096437910354e+01
4.686035039062500118e+02,-9.855044173308975530e+01
4.686037968750000005e+02,-9.331109723723122329e+01
4.686040898437499891e+02,-8.989555053771312032e+01
4.686043828125000346e+02,-8.789469839251532335e+01
4.686046757812500232e+02,-8.752799995764362961e+01
4.686049687500000118e+02,-9.064051291270450861e+01
4.686052617187500005e+02,-9.182434696305513455e+01
4.686055546874999891e+02,-9.432852303714179243e+01
4.686058476562500346e+02,-8.568659883353787166e+01
4.686061406250000232e+02,-8.724514406594107641e+01
4.686064335937500118e+02,-9.444856335460455909e+01
4.686067265625000005e+02,-1.027593626285531769e+02
4.686070195312499891e+02,-8.909787033213895313e+01
4.686073125000000346e+02,-8.811548899712100535e+01
4.686076054687500232e+02,-8.893597748934959668e+01
4.686078984375000118e+02,-9.806597625767079762e+01
4.686081914062500005e+02,-9.006803027193691946e+01
4.686084843749999891e+02,-8.620529811452723834e+01
4.686087773437500346e+02,-9.252926731741351318e+01
4.686090703125000232e+02,-9.659513272217800761e+01
4.686093632812500118e+02,-1.008356959133699888e+02
4.686096562500000005e+02,-9.150501079778294411e+01
4.686099492187499891e+02,-9.715590106975389517e+01
4.686102421875000346e+02,-9.665586395976028200e+01
4.686105351562500232e+02,-1.021010570578999079e+02
4.686108281250000118e+02,-9.354338661306586289e+01
4.686111210937500005e+02,-8.848906170474292310e+01
4.686114140624999891e+02,-9.281843504708993464e+01
4.686117070312500346e+02,-8.903977627364218961e+01
4.686120000000000232e+02,-8.882565200123164573e+01
4.686122929687500118e+02,-9.839863213722885860e+01
4.686125859375000005e+02,-1.049387255035301081e+02
4.686128789062499891e+02,-9.418815579629223578e+01
4.686131718750000346e+02,-9.116409994087666746e+01
4.686134648437500232e+02,-9.393319816466802763e+01
4.686137578125000118e+02,-9.684180390270307726e+01
4.686140507812500005e+02,-9.281812435060925282e+01
4.686143437499999891e+02,-8.505110373372528443e+01
4.686146367187500346e+02,-8.641095423941018794e+01
4.686149296875000232e+02,-9.457947795493809906e+01
4.686152226562500118e+02,-1.014010650323088498e+02
4.686155156250000005e+02,-9.410076057393385440e+01
4.686158085937499891e+02,-9.580344775509482247e+01
4.686161015625000346e+02,-8.982404380971229330e+01
4.686163945312500232e+02,-1.180294343398315817e+02
4.686166875000000118e+02,-8.744058420647593266e+01
4.686169804687500005e+02,-8.210222853633246132e+01
4.686172734374999891e+02,-8.505419079012824568e+01
4.686175664062500346e+02,-9.803419619557429598e+01
4.686178593750000232e+02,-1.023968038891305099e+02
4.686181523437500118e+02,-9.297397155113016254e+01
4.686184453125000005e+02,-9.825033646893686523e+01
4.686187382812499891e+02,-9.094067571827331165e+01
4.686190312500000346e+02,-9.727922657901358150e+01
4.686193242187500232e+02,-8.826251495201850616e+01
4.686196171875000118e+02,-8.744177259116102618e+01
4.686199101562500005e+02,-9.138299448707758188e+01
4.686202031249999891e+02,-1.013029604248459066e+02
4.686204960937500346e+02,-9.261709407142564032e+01
4.686207890625000232e+02,-9.651368749946729508e+01
4.686210820312500118e+02,-9.974865895812804695e+01
4.686213750000000005e+02,-9.405373665383434911e+01
4.686216679687499891e+02,-9.729929617958718779e+01
4.686219609375000346e+02,-8.844248688166277361e+01
4.686222539062500232e+02,-9.078071030256346319e+01
4.686225468750000118e+02,-9.592867699450826535e+01
4.686228398437500005e+02,-9.682674504914470504e+01
4.686231328124999891e+02,-8.783080422097499707e+01
4.686234257812500346e+02,-9.265804072680850823e+01
4.686237187500000232e+02,-9.803574493853764693e+01
4.686240117187500118e+02,-9.415598476739832279e+01
4.686243046875000005e+02,-8.816933593589683937e+01
4.686245976562499891e+02,-9.015552097567154988e+01
4.686248906250000346e+02,-9.641207931239874540e+01
4.686251835937500232e+02,-9.071305404885721657e+01
4.686254765625000118e+02,-9.058262586668789140e+01
4.686257695312500005e+02,-8.676518826170529053e+01
4.686260624999999891e+02,-9.375705473925422950e+01
4.686263554687500346e+02,-9.622399953290076269e+01
4.686266484375000232e+02,-9.021428815335639229e+01
4.686269414062500118e+02,-8.961550281059494694e+01
4.686272343750000005e+02,-9.748808906169189470e+01
4.686275273437499891e+02,-8.932990352882903551e+01
4.686278203125000346e+02,-8.927282086926396687e+01
4.686281132812500232e+02,-9.122012998804636652e+01
4.686284062500000118e+02,-8.864222166298218042e+01
4.686286992187500005e+02,-9.571503656046692754e+01
4.686289921874999891e+02,-9.371294987142903210e+01
4.686292851562500346e+02,-9.120369753022578152e+01
4.686295781250000232e+02,-9.030475651613885191e+01
4.686298710937500118e+02,-9.526140835616843106e+01
4.686301640625000005e+02,-9.075792998222900110e+01
4.686304570312499891e+02,-9.002662800762129791e+01
4.686307500000000346e+02,-1.028147504137623969e+02
4.686310429687500232e+02,-9.250380283826602579e+01
4.686313359375000118e+02,-9.934987983298412928e+01
4.686316289062500005e+02,-9.102457275411214255e+01
4.686319218749999891e+02,-9.023089790134706334e+01
4.686322148437500346e+02,-9.348706954499209587e+01
4.686325078125000232e+02,-9.613590070038355861e+01
4.686328007812500118e+02,-9.385455644681803733e+01
4.686330937500000005e+02,-1.000971606416801194e+02
4.686333867187499891e+02,-9.418691290299774721e+01
4.686336796875000346e+02,-1.068647628627026478e+02
4.686339726562500232e+02,-9.792409225363823566e+01
4.686342656250000118e+02,-9.801699607844841466e+01
4.686345585937500005e+02,-1.117618151071355328e+02
4.686348515624999891e+02,-1.005848800966911369e+02
4.686351445312500346e+02,-9.562873135126820046e+01
4.686354375000000232e+02,-9.293078074741389116e+01
4.686357304687500118e+02,-1.053692902699615530e+02
4.686360234375000005e+02,-8.840113781894517331e+01
4.686363164062499891e+02,-9.310443531448021304e+01
4.686366093750000346e+02,-9.393637220626742135e+01
4.686369023437500232e+02,-9.271851098451328710e+01
4.686371953125000118e+02,-9.253537754510350055e+01
4.686374882812500005e+02,-1.043004606784873545e+02
4.686377812499999891e+02,-9.093603193493845538e+01
4.686380742187500346e+02,-9.258791289048984652e+01
4.686383671875000232e+02,-9.618265348886293964e+01
4.686386601562500118e+02,-8.873209388194732128e+01
4.686389531250000005e+02,-9.447946629025720711e+01
4.686392460937499891e+02,-9.317732258519905031e+01
4.686395390625000346e+02,-8.946719245487267358e+01
4.686398320312500232e+02,-9.389384535515765151e+01
4.686401250000000118e+02,-9.627280124494946278e+01
4.686404179687500005e+02,-9.471554325357404025e+01
4.686407109374999891e+02,-9.068169888653544319e+01
4.686410039062500346e+02,-9.072635321210263726e+01
4.686412968750000232e+02,-8.771019724558544794e+01
4.686415898437500118e+02,-9.047834123730480371e+01
4.686418828125000005e+02,-9.225534316759200237e+01
4.686421757812499891e+02,-9.388292461309048065e+01
4.686424687500000346e+02,-1.022841338660156509e+02
4.686427617187500232e+02,-9.379758671816324522e+01
4.686430546875000118e+02,-9.446895140191449514e+01
4.686433476562500005e+02,-8.832298143862233530e+01
4.686436406249999891e+02,-9.288985495106206258e+01
4.686439335937500346e+02,-9.498316822438673057e+01
4.686442265625000232e+02,-8.984303294125882644e+01
4.686445195312500118e+02,-1.082980670708410145e+02
4.686448125000000005e+02,-9.464353383171086875e+01
4.686451054687499891e+02,-1.006458380179997505e+02
4.686453984375000346e+02,-9.473379356250549677e+01
4.686456914062500232e+02,-8.960689971618862160e+01
4.686459843750000118e+02,-9.053255500224209129e+01
4.686462773437500005e+02,-9.598091201379034487e+01
4.686465703124999891e+02,-9.156608310585633603e+01
4.686468632812500346e+02,-8.889647788823565122e+01
4.686471562500000232e+02,-1.017279817896315137e+02
4.686474492187500118e+02,-1.014449220527216653e+02
4.686477421875000005e+02,-9.892160814001255176e+01
4.686480351562499891e+02,-9.130926136681564742e+01
4.686483281250000346e+02,-8.693117669040974249e+01
4.686486210937500232e+02,-8.832892299349636289e+01
4.686489140625000118e+02,-1.031037786057757160e+02
4.686492070312500005e+02,-9.447086954802307446e+01
4.686494999999999891e+02,-9.933230079585227656e+01
4.686497929687500346e+02,-9.806693206885734071e+01
4.686500859375000232e+02,-1.096048123819900013e+02
4.686503789062500118e+02,-9.777905697214620773e+01
4.686506718750000005e+02,-9.378080522122530738e+01
4.686509648437499891e+02,-9.849694207171290827e+01
4.686512578125000346e+02,-1.068135029130177571e+02
4.686515507812500232e+02,-9.595780397810443674e+01
4.686518437500000118e+02,-9.798836367763885846e+01
4.686521367187500005e+02,-9.804220584760233237e+01
4.686524296874999891e+02,-9.217705321019919040e+01
4.686527226562500346e+02,-1.020955919161255423e+02
4.686530156250000232e+02,-9.656851394941492117e+01
4.686533085937500118e+02,-9.989898306605127232e+01
4.686536015625000005e+02,-1.007226764649902719e+02
4.686538945312499891e+02,-1.045998136260347877e+02
4.686541875000000346e+02,-9.432058786338429002e+01
4.686544804687500232e+02,-9.056656362763894208e+01
4.686547734375000118e+02,-8.759009709474233318e+01
4.686550664062500005e+02,-9.252428739568787819e+01
4.686553593749999891e+02,-9.421288639870724069e+01
4.686556523437500346e+02,-9.410458957418974535e+01
4.686559453125000232e+02,-9.341705084087178079e+01
4.686562382812500118e+02,-1.014760360560285477e+02
4.686565312500000005e+02,-9.509285003249976853e+01
4.686568242187499891e+02,-9.277487398812844788e+01
4.686571171875000346e+02,-8.678839926526691784e+01
4.686574101562500232e+02,-8.613159197298824665e+01
4.686577031250000118e+02,-9.576863892496218966e+01
4.686579960937500005e+02,-9.408780654041220259e+01
4.686582890624999891e+02,-8.778549027556832129e+01
4.686585820312500346e+02,-8.925585682347769989e+01
4.686588750000000232e+02,-1.033584075745070976e+02
4.686591679687500118e+02,-9.092535979798685730e+01
4.686594609375000005e+02,-9.181805807584200352e+01
4.686597539062499891e+02,-8.810434318610843718e+01
4.686600468750000346e+02,-8.807976680860329566e+01
4.686603398437500232e+02,-9.676108686312008444e+01
4.686606328125000118e+02,-9.548625336739043235e+01
4.686609257812500005e+02,-8.983140685064681463e+01
4.686612187499999891e+02,-9.454907593422872480e+01
4.686615117187500346e+02,-9.266801488205746296e+01
4.686618046875000232e+02,-8.894612295422085424e+01
4.686620976562500118e+02,-8.985706450946373991e+01
4.686623906250000005e+02,-9.239159641534607204e+01
4.686626835937499891e+02,-9.531902100072322526e+01
4.686629765625000346e+02,-9.672583340038241317e+01
4.686632695312500232e+02,-8.924114676097050847e+01
4.686635625000000118e+02,-8.701514678305160544e+01
4.686638554687500005e+02,-9.134246491435024495e+01
4.686641484374999891e+02,-9.235494178243467900e+01
4.686644414062500346e+02,-9.307519489972817439e+01
4.686647343750000232e+02,-9.516873149579379287e+01
4.686650273437500118e+02,-1.000863512435581271e+02
4.686653203125000005e+02,-9.247067125070546467e+01
4.686656132812499891e+02,-9.163978598982943424e+01
4.686659062500000346e+02,-9.250941138215922876e+01
4.686661992187500232e+02,-9.152864341556009720e+01
4.686664921875000118e+02,-9.082224105307633977e+01
4.686667851562500005e+02,-9.139677780703793530e+01
4.686670781249999891e+02,-9.489848417121936563e+01
4.686673710937500346e+02,-9.139142468774559802e+01
4.686676640625000232e+02,-9.386297756459860864e+01
4.686679570312500118e+02,-9.646644513718923974e+01
4.686682500000000005e+02,-9.350022882639129307e+01
4.686685429687499891e+02,-9.674523646653048559e+01
4.686688359375000346e+02,-9.922261852651374170e+01
4.686691289062500232e+02,-9.652870640869051044e+01
4.686694218750000118e+02,-9.856420744336573136e+01
4.686697148437500005e+02,-9.153148839340225607e+01
4.686700078124999891e+02,-9.118408424841034332e+01
4.686703007812500346e+02,-9.328800860969764130e+01
4.686705937500000232e+02,-1.006278728557375075e+02
4.686708867187500118e+02,-9.658595037523865301e+01
4.686711796875000005e+02,-9.379090089585012890e+01
4.686714726562499891e+02,-9.447696894114663735e+01
4.686717656250000346e+02,-9.873873660519643636e+01
4.686720585937500232e+02,-9.977350059351485356e+01
4.686723515625000118e+02,-9.331418580199093071e+01
4.686726445312500005e+02,-9.171323261345236233e+01
4.686729374999999891e+02,-9.413314273115197750e+01
4.686732304687500346e+02,-1.072216103931266389e+02
4.686735234375000232e+02,-9.763094622334322992e+01
4.686738164062500118e+02,-9.049057959733156054e+01
4.686741093750000005e+02,-9.052857908817861698e+01
4.686744023437499891e+02,-9.424503432244945600e+01
4.686746953125000346e+02,-1.003695071180315637e+02
4.686749882812500232e+02,-9.714914649045290673e+01
4.686752812500000118e+02,-9.623115034613817897e+01
4.686755742187500005e+02,-9.799795936070724167e+01
4.686758671874999891e+02,-9.699605090110269145e+01
4.686761601562500346e+02,-1.015411962058693121e+02
4.686764531250000232e+02,-9.155858484258702390e+01
4.686767460937500118e+02,-9.077650274302885691e+01
4.686770390625000005e+02,-9.083073560593547313e+01
4.686773320312499891e+02,-9.277329713823719715e+01
4.686776250000000346e+02,-9.717255212387297547e+01
4.686779179687500232e+02,-9.698115807257786969e+01
4.686782109375000118e+02,-9.755309591296250460e+01
4.686785039062500005e+02,-1.026266390782282087e+02
4.686787968749999891e+02,-9.708089547034649058e+01
4.686790898437500346e+02,-9.091482415029437902e+01
4.686793828125000232e+02,-9.717392287512440419e+01
4.686796757812500118e+02,-9.152282437124486592e+01
4.686799687500000005e+02,-1.005952961554553582e+02
4.686802617187499891e+02,-9.466130440409914115e+01
4.686805546875000346e+02,-9.085708710542317590e+01
4.686808476562500232e+02,-9.164267035241411463e+01
4.686811406250000118e+02,-9.619810339562266677e+01
4.686814335937500005e+02,-1.083155603339382225e+02
4.686817265624999891e+02,-9.702037782040380876e+01
4.686820195312500346e+02,-9.812096888555663554e+01
4.686823125000000232e+02,-9.476896954337317425e+01
4.686826054687500118e+02,-1.002654555023215579e+02
4.686828984375000005e+02,-9.220625399295454372e+01
4.686831914062499891e+02,-9.062209260840828051e+01
4.686834843750000346e+02,-9.111972000639646296e+01
4.686837773437500232e+02,-9.822473946308561210e+01
4.686840703125000118e+02,-9.649933961901479051e+01
4.686843632812500005e+02,-8.852963290960593667e+01
4.686846562499999891e+02,-9.465698381347932866e+01
4.686849492187500346e+02,-1.023923747544974390e+02
4.686852421875000232e+02,-9.593996409826218041e+01
4.686855351562500118e+02,-9.383542223922930248e+01
4.686858281250000005e+02,-9.321940387490479907e+01
4.686861210937499891e+02,-9.247044684410306559e+01
4.686864140625000346e+02,-9.407457497131282764e+01
4.686867070312500232e+02,-9.131736716324067515e+01
4.686870000000000118e+02,-8.998433329916389312e+01
4.686872929687500005e+02,-9.307765808117926554e+01
4.686875859374999891e+02,-9.836517177331060680e+01
4.686878789062500346e+02,-9.395658996682867325e+01
4.686881718750000232e+02,-1.032733994534702333e+02
4.686884648437500118e+02,-9.915388068112441999e+01
4.686887578125000005e+02,-9.433884941258745016e+01
4.686890507812499891e+02,-9.281133192153161815e+01
4.686893437500000346e+02,-9.368112864120195127e+01
4.686896367187500232e+02,-1.027575099046654543e+02
4.686899296875000118e+02,-9.640543584889135786e+01
4.686902226562500005e+02,-1.158355117681205257e+02
4.686905156249999891e+02,-9.317610947832237400e+01
4.686908085937500346e+02,-1.003947219639502606e+02
4.686911015625000232e+02,-9.339388883911745154e+01
4.686913945312500118e+02,-9.303820790327029044e+01
4.686916875000000005e+02,-9.334446107015466509e+01
4.686919804687499891e+02,-9.456352273843003786e+01
4.686922734375000346e+02,-9.929025476761587754e+01
4.686925664062500232e+02,-1.008555484729946841e+02
4.686928593750000118e+02,-1.056678304793410064e+02
4.686931523437500005e+02,-9.440868063771461038e+01
4.686934453124999891e+02,-1.000195192352104954e+02
4.686937382812500346e+02,-9.073254382067807455e+01
4.686940312500000232e+02,-9.136999698967228767e+01
4.686943242187500118e+02,-9.403166924648475344e+01
4.686946171875000005e+02,-9.205324360019217522e+01
4.686949101562499891e+02,-9.170604946346935549e+01
4.686952031250000346e+02,-1.050988367957189098e+02
4.686954960937500232e+02,-1.031377274981116585e+02
4.686957890625000118e+02,-1.002949126464100971e+02
4.686960820312500005e+02,-1.051149313395384013e+02
4.686963749999999891e+02,-9.268008310708378872e+01
4.686966679687500346e+02,-1.061524369743593610e+02
4.686969609375000232e+02,-9.175245957621089588e+01
4.686972539062500118e+02,-8.997797196342196457e+01
4.686975468750000005e+02,-9.124851045420959395e+01
4.686978398437499891e+02,-9.701333473453716749e+01
4.686981328125000346e+02,-9.467781098956392327e+01
4.686984257812500232e+02,-1.021421606822170105e+02
4.686987187500000118e+02,-9.379056353819512992e+01
4.686990117187500005e+02,-9.626004402348208089e+01
4.686993046874999891e+02,-9.233996834759008721e+01
4.686995976562500346e+02,-9.256048381560474070e+01
4.686998906250000232e+02,-9.615697179317281496e+01
4.687001835937500118e+02,-9.249535674246229178e+01
4.687004765625000005e+02,-9.016568105333725214e+01
4.687007695312499891e+02,-8.757889646926150817e+01
4.687010625000000346e+02,-8.903376387696513916e+01
4.687013554687500232e+02,-9.207707999246360941e+01
4.687016484375000118e+02,-1.065506645983353451e+02
4.687019414062500005e+02,-9.348953657802034911e+01
4.687022343749999891e+02,-9.316827652749729793e+01
4.687025273437500346e+02,-9.032049481121595136e+01
4.687028203125000232e+02,-8.977785635015982280e+01
4.687031132812500118e+02,-9.052595878803620622e+01
4.687034062500000005e+02,-8.911920930871049507e+01
4.687036992187499891e+02,-9.260338163474800410e+01
4.687039921875000346e+02,-9.997802702475343040e+01
4.687042851562500232e+02,-9.352296458426344827e+01
4.687045781250000118e+02,-9.133652603511382040e+01
4.687048710937500005e+02,-8.918050184544023296e+01
4.687051640624999891e+02,-8.691332936104289786e+01
4.687054570312500346e+02,-8.919213560209809089e+01
4.687057500000000232e+02,-8.915842145501031268e+01
4.687060429687500118e+02,-9.091649691968497393e+01
4.687063359375000005e+02,-9.014086673864125032e+01
4.687066289062499891e+02,-9.795000281250926832e+01
4.687069218750000346e+02,-9.323037691390781845e+01
4.687072148437500232e+02,-9.193854059652993271e+01
4.687075078125000118e+02,-9.049108440263674424e+01
4.687078007812500005e+02,-9.164752930735517111e+01
4.687080937499999891e+02,-9.657459871882009850e+01
4.687083867187500346e+02,-9.329476237961861784e+01
4.687086796875000232e+02,-9.821384715323281966e+01
4.687089726562500118e+02,-9.367217671473153473e+01
4.687092656250000005e+02,-1.061674356071758041e+02
4.687095585937499891e+02,-9.452633328429961068e+01
4.687098515625000346e+02,-9.463605441596135393e+01
4.687101445312500232e+02,-9.792650289559867360e+01
4.687104375000000118e+02,-9.751482147587394422e+01
4.687107304687500005e+02,-9.263673349804167856e+01
4.687110234374999891e+02,-9.206901887470948509e+01
4.687113164062500346e+02,-9.480242890509740050e+01
4.687116093750000232e+02,-9.671623180709298140e+01
4.687119023437500118e+02,-9.870627511385998787e+01
4.687121953125000005e+02,-1.011816046087989065e+02
4.687124882812499891e+02,-9.500248371150075855e+01
4.687127812500000346e+02,-9.247968619306905680e+01
4.687130742187500232e+02,-9.272638341091779068e+01
4.687133671875000118e+02,-9.353539914929955046e+01
4.687136601562500005e+02,-9.153121074536002766e+01
4.687139531249999891e+02,-8.846412344068323819e+01
4.687142460937500346e+02,-9.809878405959418046e+01
4.687145390625000232e+02,-9.873751003912603608e+01
4.687148320312500118e+02,-1.012439461917551142e+02
4.687151250000000005e+02,-8.952260595707640789e+01
4.687154179687499891e+02,-8.605271707231088385e+01
4.687157109375000346e+02,-8.931033438174415551e+01
4.687160039062500232e+02,-1.006995006457766806e+02
4.687162968750000118e+02,-9.221494940356940617e+01
4.687165898437500005e+02,-8.818211779184201760e+01
4.687168828124999891e+02,-9.693757012728727318e+01
4.687171757812500346e+02,-9.349530900018817192e+01
4.687174687500000232e+02,-9.366019044687988071e+01
4.687177617187500118e+02,-8.825991203128678819e+01
4.687180546875000005e+02,-8.696410836541070921e+01
4.687183476562499891e+02,-8.986306346923937838e+01
4.687186406250000346e+02,-9.914979351258351414e+01
4.687189335937500232e+02,-8.983477193684565520e+01
4.687192265625000118e+02,-8.839012983698191306e+01
4.687195195312500005e+02,-9.615873205608670560e+01
4.687198124999999891e+02,-9.188004947352438023e+01
4.687201054687500346e+02,-8.947926032841294841e+01
4.687203984375000232e+02,-8.785727700409790941e+01
4.687206914062500118e+02,-8.922271271187860009e+01
4.687209843750000005e+02,-9.370908736633636238e+01
4.687212773437499891e+02,-9.392188606374853066e+01
4.687215703125000346e+02,-9.208152484871820320e+01
4.687218632812500232e+02,-9.376223954180430553e+01
4.687221562500000118e+02,-1.053901783485756312e+02
4.687224492187500005e+02,-9.623796692319882595e+01
4.687227421874999891e+02,-9.335723811981061715e+01
4.687230351562500346e+02,-8.983451265042052114e+01
4.687233281250000232e+02,-8.960988701701839432e+01
4.687236210937500118e+02,-9.751017212710230808e+01
4.687239140625000005e+02,-9.376959918800739047e+01
4.687242070312499891e+02,-1.032335285730978711e+02
4.687245000000000346e+02,-9.689027231806619511e+01
4.687247929687500232e+02,-1.000020122675813354e+02
4.687250859375000118e+02,-9.945604834080415912e+01
4.687253789062500005e+02,-9.369538367492199882e+01
4.687256718749999891e+02,-8.825257970289064247e+01
4.687259648437500346e+02,-9.047290278426699217e+01
4.687262578125000232e+02,-1.002844335590767173e+02
4.687265507812500118e+02,-9.950697204397306450e+01
4.687268437500000005e+02,-9.550484209445370709e+01
4.687271367187499891e+02,-9.343661735451956929e+01
4.687274296875000346e+02,-9.732215388330712358e+01
4.687277226562500232e+02,-9.841632662959291622e+01
4.687280156250000118e+02,-8.969659361024415034e+01
4.687283085937500005e+02,-8.617369357847454125e+01
4.687286015624999891e+02,-9.231671218482232177e+01
4.687288945312500346e+02,-9.405798550612011866e+01
4.687291875000000232e+02,-9.858319567007723094e+01
4.687294804687500118e+02,-9.332652566401395688e+01
4.687297734375000005e+02,-9.149869840446700664e+01
4.687300664062499891e+02,-9.577203368358189550e+01
4.687303593750000346e+02,-9.616218979372513331e+01
4.687306523437500232e+02,-8.802174251152439410e+01
4.687309453125000118e+02,-8.684972596558108648e+01
4.687312382812500005e+02,-9.556650585469083126e+01
4.687315312499999891e+02,-9.731273413665169869e+01
4.687318242187500346e+02,-1.106075743203864903e+02
4.687321171875000232e+02,-9.165630799484014801e+01
4.687324101562500118e+02,-9.002964381921105996e+01
4.687327031250000005e+02,-9.356087540768297117e+01
4.687329960937499891e+02,-9.343851156950287873e+01
4.687332890625000346e+02,-9.025676077863538183e+01
4.687335820312500232e+02,-9.597041568020209468e+01
4.687338750000000118e+02,-1.091914084840615260e+02
4.687341679687500005e+02,-1.022397651123866922e+02
4.687344609374999891e+02,-9.679549489240157811e+01
4.687347539062500346e+02,-9.136626578403840426e+01
4.687350468750000232e+02,-8.999299673815093570e+01
4.687353398437500118e+02,-9.253748540995135841e+01
4.687356328125000005e+02,-9.451402413583855378e+01
4.687359257812499891e+02,-1.026878493223318145e+02
4.687362187500000346e+02,-9.969247168788183444e+01
4.687365117187500232e+02,-9.819641285806366682e+01
4.687368046875000118e+02,-9.356579819927473807e+01
4.687370976562500005e+02,-9.196457801573919255e+01
4.687373906249999891e+02,-9.430209862312719338e+01
4.687376835937500346e+02,-9.526358159372909995e+01
4.687379765625000232e+02,-9.532578057392095161e+01
4.687382695312500118e+02,-9.618545856992807330e+01
4.687385625000000005e+02,-9.655383882800276751e+01
4.687388554687499891e+02,-9.236854484157392164e+01
4.687391484375000346e+02,-9.800729772495631664e+01
4.687394414062500232e+02,-9.313975075086686672e+01
4.687397343750000118e+02,-9.332846401732466290e+01
4.687400273437500005e+02,-1.027300297440794310e+02
4.687403203124999891e+02,-1.101659323522923728e+02
4.687406132812500346e+02,-9.890569812071318267e+01
4.687409062500000232e+02,-9.247985651516144401e+01
4.687411992187500118e+02,-9.578590488165069416e+01
4.687414921875000005e+02,-9.096333010609220082e+01
4.687417851562499891e+02,-8.876428540771075859e+01
4.687420781250000346e+02,-9.333188731124141668e+01
4.687423710937500232e+02,-9.789092341144436205e+01
4.687426640625000118e+02,-9.466356194639101318e+01
4.687429570312500005e+02,-9.808604950164472314e+01
4.687432499999999891e+02,-9.337031946851169550e+01
4.687435429687500346e+02,-9.533180271340329170e+01
4.687438359375000232e+02,-9.346447904257274786e+01
4.687441289062500118e+02,-9.113387207923216238e+01
4.687444218750000005e+02,-9.004106355318947408e+01
4.687447148437499891e+02,-9.664742148164782520e+01
4.687450078125000346e+02,-1.011371298829420908e+02
4.687453007812500232e+02,-9.225229563841899960e+01
4.687455937500000118e+02,-9.357278184312096414e+01
4.687458867187500005e+02,-9.088655673299440707e+01
4.687461796874999891e+02,-9.693625185084668772e+01
4.687464726562500346e+02,-9.396193596172606988e+01
4.687467656250000232e+02,-9.054037359510817851e+01
4.687470585937500118e+02,-9.037215111493770792e+01
4.687473515625000005e+02,-9.489931695908283871e+01
4.687476445312499891e+02,-1.088257270399960817e+02
4.687479375000000346e+02,-1.000089480463947922e+02
4.687482304687500232e+02,-9.403711625930851881e+01
4.687485234375000118e+02,-9.123569260515056101e+01
4.687488164062500005e+02,-9.369103727953076088e+01
4.687491093749999891e+02,-9.386606390511202846e+01
4.687494023437500346e+02,-8.938844599278239400e+01
4.687496953125000232e+02,-9.017599035656969875e+01
4.687499882812500118e+02,-9.814047991540138582e+01
4.687502812500000005e+02,-1.023456475574545408e+02
4.687505742187499891e+02,-1.100202448003047806e+02
4.687508671875000346e+02,-9.179595092489611829e+01
4.687511601562500232e+02,-8.933408628696184905e+01
4.687514531250000118e+02,-9.014951615251179362e+01
4.687517460937500005e+02,-9.128209856514391163e+01
4.687520390624999891e+02,-9.014486302220581138e+01
4.687523320312500346e+02,-9.001655580380801780e+01
4.687526250000000232e+02,-9.782724336828647438e+01
4.687529179687500118e+02,-9.500338941021692563e+01
4.687532109375000005e+02,-1.099442459109642698e+02
4.687535039062499891e+02,-8.853772156290057183e+01
4.687537968750000346e+02,-8.607911779536698305e+01
4.687540898437500232e+02,-8.787272854700354685e+01
4.687543828125000118e+02,-9.224630150219942948e+01
4.687546757812500005e+02,-9.161573237977958684e+01
4.687549687499999891e+02,-9.003218439954648034e+01
4.687552617187500346e+02,-9.452010301349623944e+01
4.687555546875000232e+02,-9.493802384257720917e+01
4.687558476562500118e+02,-1.095333587276245311e+02
4.687561406250000005e+02,-9.137994387522613238e+01
4.687564335937499891e+02,-8.740100875255384949e+01
4.687567265625000346e+02,-8.740602420317736687e+01
4.687570195312500232e+02,-9.266316525973277862e+01
4.687573125000000118e+02,-9.503725563873864246e+01
4.687576054687500005e+02,-9.019634741118154864e+01
4.687578984374999891e+02,-9.736652095823650654e+01
4.687581914062500346e+02,-9.670906374641930370e+01
4.687584843750000232e+02,-1.075818654667674679e+02
4.687587773437500118e+02,-9.574584069923540142e+01
4.687590703125000005e+02,-9.066656383881704073e+01
4.687593632812499891e+02,-9.194667209302980382e+01
4.687596562500000346e+02,-9.475955625245150316e+01
4.687599492187500232e+02,-9.720720910251075964e+01
4.687602421875000118e+02,-9.141573271726119287e+01
4.687605351562500005e+02,-9.370458248333825679e+01
4.687608281249999891e+02,-1.016455160439356860e+02
4.687611210937500346e+02,-1.007278025097147491e+02
4.687614140625000232e+02,-9.376205116393903438e+01
4.687617070312500118e+02,-9.167052134717727085e+01
