Frequency_MHz,Power_dBHz
4.663620000000000232e+02,-8.744153045941020252e+01
4.663622929687500118e+02,-9.238554780830683910e+01
4.663625859375000005e+02,-1.009273593254651473e+02
4.663628789062499891e+02,-8.714574316662621811e+01
4.663631718750000346e+02,-8.431640295654085548e+01
4.663634648437500232e+02,-8.140086528604827265e+01
4.663637578125000118e+02,-8.621203996078699561e+01
4.663640507812500005e+02,-8.583349358023637876e+01
4.663643437499999891e+02,-8.115908910190188408e+01
4.663646367187500346e+02,-7.989281664903363378e+01
4.663649296875000232e+02,-9.120170450285306174e+01
4.663652226562500118e+02,-8.452864116461415733e+01
4.663655156250000005e+02,-9.175229886899437304e+01
4.663658085937499891e+02,-9.272375144156818294e+01
4.663661015625000346e+02,-9.966755742126849782e+01
4.663663945312500232e+02,-9.143083683814523965e+01
4.663666875000000118e+02,-8.203774283514717069e+01
4.663669804687500005e+02,-8.044661171030452351e+01
4.663672734374999891e+02,-9.057412948117109863e+01
4.663675664062500346e+02,-8.287468645230373454e+01
4.663678593750000232e+02,-8.505989657138557902e+01
4.663681523437500118e+02,-8.671254039351738641e+01
4.663684453125000005e+02,-8.793436391800833007e+01
4.663687382812499891e+02,-9.321793729730458722e+01
4.663690312500000346e+02,-8.399799798161620856e+01
4.663693242187500232e+02,-8.466336563205430821e+01
4.663696171875000118e+02,-8.855628774041636575e+01
4.663699101562500005e+02,-9.060050948469452692e+01
4.663702031249999891e+02,-8.774259573370019893e+01
4.663704960937500346e+02,-8.538367627028891604e+01
4.663707890625000232e+02,-8.920094873681344438e+01
4.663710820312500118e+02,-8.512666972978747992e+01
4.663713750000000005e+02,-9.034498840232950556e+01
4.663716679687499891e+02,-8.795364298376836132e+01
4.663719609375000346e+02,-9.068950096134165051e+01
4.663722539062500232e+02,-1.068410205004035873e+02
4.663725468750000118e+02,-8.542445731172612966e+01
4.663728398437500005e+02,-8.804520921354233565e+01
4.663731328124999891e+02,-8.676431000646846314e+01
4.663734257812500346e+02,-8.371743473768219701e+01
4.663737187500000232e+02,-8.461975338193694540e+01
4.663740117187500118e+02,-8.847111820190205833e+01
4.663743046875000005e+02,-8.813539596068702053e+01
4.663745976562499891e+02,-1.003431426662230024e+02
4.663748906250000346e+02,-9.097392222870797696e+01
4.663751835937500232e+02,-8.414102449905841752e+01
4.663754765625000118e+02,-8.147851672502551423e+01
4.663757695312500005e+02,-8.150756450383030938e+01
4.663760624999999891e+02,-8.537637154106774062e+01
4.663763554687500346e+02,-9.452237914623317749e+01
4.663766484375000232e+02,-9.280414957979908763e+01
4.663769414062500118e+02,-8.704849982899146710e+01
4.663772343750000005e+02,-9.448405964495306364e+01
4.663775273437499891e+02,-8.134279944006566154e+01
4.663778203125000346e+02,-8.121575252075876961e+01
4.663781132812500232e+02,-8.785257527884527917e+01
4.663784062500000118e+02,-9.146685979989942439e+01
4.663786992187500005e+02,-8.552745422898530592e+01
4.663789921874999891e+02,-8.827306476779875766e+01
4.663792851562500346e+02,-8.476091839127180094e+01
4.663795781250000232e+02,-8.994515885696806379e+01
4.663798710937500118e+02,-8.173656625856933999e+01
4.663801640625000005e+02,-8.359503975561651146e+01
4.663804570312499891e+02,-9.043836396759277818e+01
4.663807500000000346e+02,-8.843365842884963968e+01
4.663810429687500232e+02,-9.653204834153007141e+01
4.663813359375000118e+02,-9.260062987689090619e+01
4.663816289062500005e+02,-9.654904201851630319e+01
4.663819218749999891e+02,-8.600543925330747186e+01
4.663822148437500346e+02,-9.342072340235505123e+01
4.663825078125000232e+02,-9.811314829735097476e+01
4.663828007812500118e+02,-9.198326506986795437e+01
4.663830937500000005e+02,-8.725391672828760647e+01
4.663833867187499891e+02,-9.365849333464522886e+01
4.663836796875000346e+02,-8.566472155200338534e+01
4.663839726562500232e+02,-8.511175972098547504e+01
4.663842656250000118e+02,-8.547983893960196156e+01
4.663845585937500005e+02,-8.589578224270687201e+01
4.663848515624999891e+02,-8.321943842397286062e+01
4.663851445312500346e+02,-8.639550503890022526e+01
4.663854375000000232e+02,-8.866498135522218149e+01
4.663857304687500118e+02,-8.452246368820384248e+01
4.663860234375000005e+02,-8.925165234864914510e+01
4.663863164062499891e+02,-9.664296136438238705e+01
4.663866093750000346e+02,-9.387552294253191576e+01
4.663869023437500232e+02,-8.547968747303043813e+01
4.663871953125000118e+02,-8.643913710486999946e+01
4.663874882812500005e+02,-9.113918407486556816e+01
4.663877812499999891e+02,-8.963342767256654042e+01
4.663880742187500346e+02,-9.457295941221575220e+01
4.663883671875000232e+02,-8.613819579752873778e+01
4.663886601562500118e+02,-8.288227631219260161e+01
4.663889531250000005e+02,-8.589372771702920772e+01
4.663892460937499891e+02,-9.187188109083309939e+01
4.663895390625000346e+02,-8.840845821683382155e+01
4.663898320312500232e+02,-8.310445899974379813e+01
4.663901250000000118e+02,-8.320205017216412102e+01
4.663904179687500005e+02,-8.117288642741462468e+01
4.663907109374999891e+02,-7.961472227267731228e+01
4.663910039062500346e+02,-8.690832038444182217e+01
4.663912968750000232e+02,-9.331818591488774928e+01
4.663915898437500118e+02,-9.226780249280623991e+01
4.663918828125000005e+02,-8.628073640521012067e+01
4.663921757812499891e+02,-8.385046192352072580e+01
4.663924687500000346e+02,-9.987059069758565499e+01
4.663927617187500232e+02,-8.614500691967855062e+01
4.663930546875000118e+02,-8.750132670668946844e+01
4.663933476562500005e+02,-8.937108655264364643e+01
4.663936406249999891e+02,-8.334636028577081390e+01
4.663939335937500346e+02,-8.299563118908207571e+01
4.663942265625000232e+02,-8.996721999898264244e+01
4.663945195312500118e+02,-1.112667293525021961e+02
4.663948125000000005e+02,-9.015076255359633706e+01
4.663951054687499891e+02,-8.254304926354436134e+01
4.663953984375000346e+02,-8.334163432755369172e+01
4.663956914062500232e+02,-9.488879813851765732e+01
4.663959843750000118e+02,-9.509095535850042324e+01
4.663962773437500005e+02,-8.882006753220566964e+01
4.663965703124999891e+02,-8.931036344490111389e+01
4.663968632812500346e+02,-8.827640369848109003e+01
4.663971562500000232e+02,-8.239665313554561976e+01
4.663974492187500118e+02,-8.382078535743534076e+01
4.663977421875000005e+02,-1.053618268597264915e+02
4.663980351562499891e+02,-8.636613669823346129e+01
4.663983281250000346e+02,-9.174691614102050607e+01
4.663986210937500232e+02,-8.512744899035168089e+01
4.663989140625000118e+02,-9.267350967931891148e+01
4.663992070312500005e+02,-9.885706535466903233e+01
4.663994999999999891e+02,-1.084123973967272292e+02
4.663997929687500346e+02,-8.397743862059242304e+01
4.664000859375000232e+02,-8.461462054854828807e+01
4.664003789062500118e+02,-8.688288618688886800e+01
4.664006718750000005e+02,-9.286970146126168402e+01
4.664009648437499891e+02,-8.849152652157228260e+01
4.664012578125000346e+02,-9.305499851554020552e+01
4.664015507812500232e+02,-8.619196453043016959e+01
4.664018437500000118e+02,-8.247646604500856427e+01
4.664021367187500005e+02,-8.355437538148282783e+01
4.664024296874999891e+02,-8.502552054893028810e+01
4.664027226562500346e+02,-8.920082281070818908e+01
4.664030156250000232e+02,-9.061978882378016920e+01
4.664033085937500118e+02,-8.635796054195360227e+01
4.664036015625000005e+02,-8.241952402328587368e+01
4.664038945312499891e+02,-8.804019162338201454e+01
4.664041875000000346e+02,-1.036197699303885003e+02
4.664044804687500232e+02,-9.524576843839034268e+01
4.664047734375000118e+02,-9.043510568764406798e+01
4.664050664062500005e+02,-8.099973806119106712e+01
4.664053593749999891e+02,-8.207851113972446910e+01
4.664056523437500346e+02,-8.459032785910318353e+01
4.664059453125000232e+02,-8.736320689850114718e+01
4.664062382812500118e+02,-8.028040073052252978e+01
4.664065312500000005e+02,-8.182779760244966383e+01
4.664068242187499891e+02,-8.194087768810663874e+01
4.664071171875000346e+02,-8.445768729888698090e+01
4.664074101562500232e+02,-8.871099416181891684e+01
4.664077031250000118e+02,-8.374634471182324091e+01
4.664079960937500005e+02,-8.116797614597409449e+01
4.664082890624999891e+02,-8.366085784311903240e+01
4.664085820312500346e+02,-8.168567088177888991e+01
4.664088750000000232e+02,-8.494910849328076097e+01
4.664091679687500118e+02,-8.464997422063618160e+01
4.664094609375000005e+02,-9.435317438484307218e+01
4.664097539062499891e+02,-9.780004043354031751e+01
4.664100468750000346e+02,-8.663713160565755800e+01
4.664103398437500232e+02,-8.374773659463714637e+01
4.664106328125000118e+02,-8.973278520073085929e+01
4.664109257812500005e+02,-8.549478317047308451e+01
4.664112187499999891e+02,-7.910681220878575459e+01
4.664115117187500346e+02,-8.308147838411602493e+01
4.664118046875000232e+02,-9.497286368499911191e+01
4.664120976562500118e+02,-8.550424132406422473e+01
4.664123906250000005e+02,-8.877015619547968583e+01
4.664126835937499891e+02,-8.428615126365454557e+01
4.664129765625000346e+02,-8.264187621922462768e+01
4.664132695312500232e+02,-8.507073438264697529e+01
4.664135625000000118e+02,-8.647359224866107752e+01
4.664138554687500005e+02,-9.080348659017960244e+01
4.664141484374999891e+02,-9.287425764018252039e+01
4.664144414062500346e+02,-9.291798479891475893e+01
4.664147343750000232e+02,-9.187694182031603418e+01
4.664150273437500118e+02,-8.849512852547098873e+01
4.664153203125000005e+02,-9.629932752956834463e+01
4.664156132812499891e+02,-8.533881570248738058e+01
4.664159062500000346e+02,-9.063360071130222195e+01
4.664161992187500232e+02,-8.223293648826974334e+01
4.664164921875000118e+02,-8.088259826164406263e+01
4.664167851562500005e+02,-8.347202432206272249e+01
4.664170781249999891e+02,-8.925963620076117877e+01
4.664173710937500346e+02,-8.570645067324747401e+01
4.664176640625000232e+02,-8.507950628732544374e+01
4.664179570312500118e+02,-9.102917018281357286e+01
4.664182500000000005e+02,-8.315650411496163485e+01
4.664185429687499891e+02,-8.350340367262555219e+01
4.664188359375000346e+02,-9.361962710537650878e+01
4.664191289062500232e+02,-8.321602762185740687e+01
4.664194218750000118e+02,-7.733512408371240099e+01
4.664197148437500005e+02,-7.861116177422513829e+01
4.664200078124999891e+02,-8.448385182980835850e+01
4.664203007812500346e+02,-1.037013552189918641e+02
4.664205937500000232e+02,-9.295085766795848770e+01
4.664208867187500118e+02,-8.923747244296475856e+01
4.664211796875000005e+02,-8.720386167609899530e+01
4.664214726562499891e+02,-8.537115560413440107e+01
4.664217656250000346e+02,-8.546944541839998521e+01
4.664220585937500232e+02,-8.416596987400808416e+01
4.664223515625000118e+02,-8.834724824748441563e+01
4.664226445312500005e+02,-1.000084130413623171e+02
4.664229374999999891e+02,-8.824569477558958397e+01
4.664232304687500346e+02,-8.779111230027157831e+01
4.664235234375000232e+02,-8.387278334810903857e+01
4.664238164062500118e+02,-8.209437415988398357e+01
4.664241093750000005e+02,-9.261317488010051591e+01
4.664244023437499891e+02,-8.765810349125933953e+01
4.664246953125000346e+02,-8.848048822162253657e+01
4.664249882812500232e+02,-9.718983229869502338e+01
4.664252812500000118e+02,-8.685044245383386396e+01
4.664255742187500005e+02,-9.755957582113929050e+01
4.664258671874999891e+02,-8.713254421774840353e+01
4.664261601562500346e+02,-9.336713475347301028e+01
4.664264531250000232e+02,-9.313832366897844395e+01
4.664267460937500118e+02,-8.648250651524428179e+01
4.664270390625000005e+02,-8.040021983030814567e+01
4.664273320312499891e+02,-8.131512237027249057e+01
4.664276250000000346e+02,-8.128710311683562395e+01
4.664279179687500232e+02,-8.169370000734070913e+01
4.664282109375000118e+02,-8.443131982603729568e+01
4.664285039062500005e+02,-8.328604154134882265e+01
4.664287968749999891e+02,-8.099423513869174940e+01
4.664290898437500346e+02,-9.608855862453151531e+01
4.664293828125000232e+02,-8.167971263450044717e+01
4.664296757812500118e+02,-8.327162992589082080e+01
4.664299687500000005e+02,-9.198913873464053381e+01
4.664302617187499891e+02,-9.148903031662737817e+01
4.664305546875000346e+02,-9.512440027781192953e+01
4.664308476562500232e+02,-9.094409380949568344e+01
4.664311406250000118e+02,-9.049720854352807464e+01
4.664314335937500005e+02,-9.217106065520977154e+01
4.664317265624999891e+02,-8.809879126781174818e+01
4.664320195312500346e+02,-9.052525528805318800e+01
4.664323125000000232e+02,-8.078880176786925915e+01
4.664326054687500118e+02,-7.964857023129260938e+01
4.664328984375000005e+02,-7.967725948202266295e+01
4.664331914062499891e+02,-9.309181706640258369e+01
4.664334843750000346e+02,-8.713474848749648061e+01
4.664337773437500232e+02,-8.446088626149794720e+01
4.664340703125000118e+02,-8.156974566979913277e+01
4.664343632812500005e+02,-8.456236151018336500e+01
4.664346562499999891e+02,-8.956514490037194776e+01
4.664349492187500346e+02,-1.000507840489080991e+02
4.664352421875000232e+02,-9.541837834933122053e+01
4.664355351562500118e+02,-9.095828429490114786e+01
4.664358281250000005e+02,-8.794704957464348638e+01
4.664361210937499891e+02,-8.757443635791774739e+01
4.664364140625000346e+02,-9.294469942045678579e+01
4.664367070312500232e+02,-8.952912752005056518e+01
4.664370000000000118e+02,-1.070308415496339336e+02
4.664372929687500005e+02,-8.961468165764161142e+01
4.664375859374999891e+02,-8.809474346590299376e+01
4.664378789062500346e+02,-9.506740513876906107e+01
4.664381718750000232e+02,-1.052507217432163600e+02
4.664384648437500118e+02,-8.837737371550366561e+01
4.664387578125000005e+02,-8.543406624647131764e+01
4.664390507812499891e+02,-8.149635004099850732e+01
4.664393437500000346e+02,-8.397350985759460684e+01
4.664396367187500232e+02,-9.307289094420423226e+01
4.664399296875000118e+02,-8.914045969727752095e+01
4.664402226562500005e+02,-8.538647939706837064e+01
4.664405156249999891e+02,-8.748001877497810597e+01
4.664408085937500346e+02,-9.745869506292322626e+01
4.664411015625000232e+02,-8.795139588897455951e+01
4.664413945312500118e+02,-8.554604411879714121e+01
4.664416875000000005e+02,-1.036919196086558372e+02
4.664419804687499891e+02,-8.816895575430764609e+01
4.664422734375000346e+02,-8.760202650588905726e+01
4.664425664062500232e+02,-8.737515396747781438e+01
4.664428593750000118e+02,-9.333155669611257110e+01
4.664431523437500005e+02,-8.487940268006551037e+01
4.664434453124999891e+02,-8.306493980779987396e+01
4.664437382812500346e+02,-8.709085864937935639e+01
4.664440312500000232e+02,-8.377788275901023951e+01
4.664443242187500118e+02,-8.454484129195522257e+01
4.664446171875000005e+02,-8.903847620400810570e+01
4.664449101562499891e+02,-8.441731738672871188e+01
4.664452031250000346e+02,-9.642814440688276534e+01
4.664454960937500232e+02,-8.125564906658721043e+01
4.664457890625000118e+02,-8.032158130022567377e+01
4.664460820312500005e+02,-8.763592242462891591e+01
4.664463749999999891e+02,-8.844442412682982990e+01
4.664466679687500346e+02,-9.257117965085046762e+01
4.664469609375000232e+02,-9.784238341972717024e+01
4.664472539062500118e+02,-9.761459527291464155e+01
4.664475468750000005e+02,-1.057333706479174538e+02
4.664478398437499891e+02,-9.260240163524748880e+01
4.664481328125000346e+02,-8.665687638676340043e+01
4.664484257812500232e+02,-9.884849971434034899e+01
4.664487187500000118e+02,-8.692172014085898013e+01
4.664490117187500005e+02,-8.207048963895717009e+01
4.664493046874999891e+02,-8.377757483609457267e+01
4.664495976562500346e+02,-8.728727804066734564e+01
4.664498906250000232e+02,-8.617481345189325737e+01
4.664501835937500118e+02,-8.668461187964290104e+01
4.664504765625000005e+02,-8.369336252656566444e+01
4.664507695312499891e+02,-8.278359081891883875e+01
4.664510625000000346e+02,-8.705440874894730996e+01
4.664513554687500232e+02,-8.788684820397797637e+01
4.664516484375000118e+02,-9.640554638893293316e+01
4.664519414062500005e+02,-8.276800912933833843e+01
4.664522343749999891e+02,-8.463259594405484165e+01
4.664525273437500346e+02,-8.536013640387380974e+01
4.664528203125000232e+02,-8.736414847854568677e+01
4.664531132812500118e+02,-1.056235947405269968e+02
4.664534062500000005e+02,-8.485968065991060882e+01
4.664536992187499891e+02,-8.267268979001792673e+01
4.664539921875000346e+02,-8.507334538201376972e+01
4.664542851562500232e+02,-8.454259310644951597e+01
4.664545781250000118e+02,-8.560738860363568392e+01
4.664548710937500005e+02,-8.414323053399004948e+01
4.664551640624999891e+02,-8.331409648108220267e+01
4.664554570312500346e+02,-8.951524354836223552e+01
4.664557500000000232e+02,-8.262148650727320387e+01
4.664560429687500118e+02,-9.121225357125689470e+01
4.664563359375000005e+02,-9.044260417376065675e+01
4.664566289062499891e+02,-8.346427172771328173e+01
4.664569218750000346e+02,-8.193885559099018678e+01
4.664572148437500232e+02,-8.527004728270730993e+01
4.664575078125000118e+02,-9.238232914656420292e+01
4.664578007812500005e+02,-8.677162102177720726e+01
4.664580937499999891e+02,-8.758105813960149533e+01
4.664583867187500346e+02,-8.209378765972516589e+01
4.664586796875000232e+02,-7.637442882634064745e+01
4.664589726562500118e+02,-7.887672178837679837e+01
4.664592656250000005e+02,-9.168462457737881266e+01
4.664595585937499891e+02,-8.585294314363710555e+01
4.664598515625000346e+02,-8.527109597348415093e+01
4.664601445312500232e+02,-8.293907907245007038e+01
4.664604375000000118e+02,-8.249197233893433179e+01
4.664607304687500005e+02,-9.065576250797143132e+01
4.664610234374999891e+02,-9.307322789322184065e+01
4.664613164062500346e+02,-9.484083695040689577e+01
4.664616093750000232e+02,-9.896415748271373047e+01
4.664619023437500118e+02,-8.870631216121242346e+01
4.664621953125000005e+02,-8.603820324913942841e+01
4.664624882812499891e+02,-9.404598125497696515e+01
4.664627812500000346e+02,-8.624536847942854934e+01
4.664630742187500232e+02,-7.866118196575872901e+01
4.664633671875000118e+02,-8.041897416559919520e+01
4.664636601562500005e+02,-9.077270758329999012e+01
4.664639531249999891e+02,-8.625209444111203538e+01
4.664642460937500346e+02,-8.763778105805847929e+01
4.664645390625000232e+02,-8.723873480232003885e+01
4.664648320312500118e+02,-1.081749551748176259e+02
4.664651250000000005e+02,-8.360261901526321537e+01
4.664654179687499891e+02,-8.240814312737511216e+01
4.664657109375000346e+02,-9.674746821482071368e+01
4.664660039062500232e+02,-8.863695376195954623e+01
4.664662968750000118e+02,-8.570641933038922389e+01
4.664665898437500005e+02,-8.745561329902285763e+01
4.664668828124999891e+02,-8.353116528010106379e+01
4.664671757812500346e+02,-8.335053169560919173e+01
4.664674687500000232e+02,-8.379799453763907024e+01
4.664677617187500118e+02,-8.725973872465827696e+01
4.664680546875000005e+02,-8.528663630668319229e+01
4.664683476562499891e+02,-8.743869868622834929e+01
4.664686406250000346e+02,-9.079313953048196595e+01
4.664689335937500232e+02,-8.919920826956169435e+01
4.664692265625000118e+02,-8.656853887155305927e+01
4.664695195312500005e+02,-8.518104319859196494e+01
4.664698124999999891e+02,-8.268028983617357142e+01
4.664701054687500346e+02,-8.713952700420773567e+01
4.664703984375000232e+02,-8.622459710434287672e+01
4.664706914062500118e+02,-8.487034975240985091e+01
4.664709843750000005e+02,-8.906088588705559062e+01
4.664712773437499891e+02,-8.124158094662008978e+01
4.664715703125000346e+02,-8.175041048339122085e+01
4.664718632812500232e+02,-9.252479889659710466e+01
4.664721562500000118e+02,-9.013338305678689721e+01
4.664724492187500005e+02,-9.317573155186602207e+01
4.664727421874999891e+02,-9.210024073545565670e+01
4.664730351562500346e+02,-8.696984804547547299e+01
4.664733281250000232e+02,-8.730114989488316724e+01
4.664736210937500118e+02,-8.637905428928758056e+01
4.664739140625000005e+02,-9.019011980693484531e+01
4.664742070312499891e+02,-9.458928381570251531e+01
4.664745000000000346e+02,-8.260014123752861792e+01
4.664747929687500232e+02,-8.413591158883264143e+01
4.664750859375000118e+02,-8.611191172161126417e+01
4.664753789062500005e+02,-8.925637899895734506e+01
4.664756718749999891e+02,-9.897327374444144255e+01
4.664759648437500346e+02,-9.161785189225696513e+01
4.664762578125000232e+02,-8.151441272752728651e+01
4.664765507812500118e+02,-8.192238582543360792e+01
4.664768437500000005e+02,-8.283308108915754531e+01
4.664771367187499891e+02,-8.522845309068394215e+01
4.664774296875000346e+02,-8.667460081527529780e+01
4.664777226562500232e+02,-9.238304346603571560e+01
4.664780156250000118e+02,-9.110330965054652097e+01
4.664783085937500005e+02,-9.926186606780333932e+01
4.664786015624999891e+02,-9.634854692013769295e+01
4.664788945312500346e+02,-9.119021730640314161e+01
4.664791875000000232e+02,-9.125509988064386846e+01
4.664794804687500118e+02,-9.611741065003602102e+01
4.664797734375000005e+02,-8.265726558746933961e+01
4.664800664062499891e+02,-8.092369271970196110e+01
4.664803593750000346e+02,-8.251971996956710598e+01
4.664806523437500232e+02,-8.280383665641056723e+01
4.664809453125000118e+02,-8.408616440519909929e+01
4.664812382812500005e+02,-9.433522752332686423e+01
4.664815312499999891e+02,-9.940245358233630668e+01
4.664818242187500346e+02,-9.752737232163224235e+01
4.664821171875000232e+02,-9.271512265915832529e+01
4.664824101562500118e+02,-8.684878182508145983e+01
4.664827031250000005e+02,-8.514093878371903656e+01
4.664829960937499891e+02,-8.189332198929830042e+01
4.664832890625000346e+02,-8.379601219320450411e+01
4.664835820312500232e+02,-9.709844184149973501e+01
4.664838750000000118e+02,-9.637040445406395861e+01
4.664841679687500005e+02,-9.141151508495939026e+01
4.664844609374999891e+02,-1.014746692021063978e+02
4.664847539062500346e+02,-8.506459555756187285e+01
4.664850468750000232e+02,-8.274268459065470438e+01
4.664853398437500118e+02,-8.633434065536849289e+01
4.664856328125000005e+02,-8.300037952853777767e+01
4.664859257812499891e+02,-8.323098947041685847e+01
4.664862187500000346e+02,-8.355156211495723539e+01
4.664865117187500232e+02,-8.453833337036670059e+01
4.664868046875000118e+02,-8.877845133133425293e+01
4.664870976562500005e+02,-9.307892454390737669e+01
4.664873906249999891e+02,-9.080697990943897935e+01
4.664876835937500346e+02,-8.221470133393117408e+01
4.664879765625000232e+02,-8.480868460087336302e+01
4.664882695312500118e+02,-9.893748778887666617e+01
4.664885625000000005e+02,-8.848826959709698770e+01
4.664888554687499891e+02,-9.602635509697664418e+01
4.664891484375000346e+02,-8.715366199096358457e+01
4.664894414062500232e+02,-8.263812148669194357e+01
4.664897343750000118e+02,-8.474751838901198653e+01
4.664900273437500005e+02,-8.629263221003220963e+01
4.664903203124999891e+02,-8.745094821873721003e+01
4.664906132812500346e+02,-8.898967504533680994e+01
4.664909062500000232e+02,-8.652674209276352713e+01
4.664911992187500118e+02,-9.960401999200871614e+01
4.664914921875000005e+02,-1.042711498905620431e+02
4.664917851562499891e+02,-8.864616228856303337e+01
4.664920781250000346e+02,-9.103614421132229495e+01
4.664923710937500232e+02,-8.743667383266058835e+01
4.664926640625000118e+02,-9.349847226858491922e+01
4.664929570312500005e+02,-8.847245972976217843e+01
4.664932499999999891e+02,-8.608363152087875392e+01
4.664935429687500346e+02,-9.371663667031306488e+01
4.664938359375000232e+02,-8.757819473588509140e+01
4.664941289062500118e+02,-9.407348202550423366e+01
4.664944218750000005e+02,-8.848163958387556249e+01
4.664947148437499891e+02,-8.887160955477361313e+01
4.664950078125000346e+02,-9.048006029226202429e+01
4.664953007812500232e+02,-9.118738200230748703e+01
4.664955937500000118e+02,-8.845697217298359760e+01
4.664958867187500005e+02,-8.763291734343583528e+01
4.664961796874999891e+02,-8.662169820706994017e+01
4.664964726562500346e+02,-9.209324508804969867e+01
4.664967656250000232e+02,-9.597399475656216339e+01
4.664970585937500118e+02,-1.057706181297176471e+02
4.664973515625000005e+02,-8.595438348332294254e+01
4.664976445312499891e+02,-8.373589238134371726e+01
4.664979375000000346e+02,-8.568273084616814117e+01
4.664982304687500232e+02,-8.840575912858844276e+01
4.664985234375000118e+02,-8.873103977017993316e+01
4.664988164062500005e+02,-8.482325502503756809e+01
4.664991093749999891e+02,-8.783815104203998203e+01
4.664994023437500346e+02,-8.800095889955079542e+01
4.664996953125000232e+02,-8.438332798895390852e+01
4.664999882812500118e+02,-8.788561096091095237e+01
4.665002812500000005e+02,-8.318393352093706028e+01
4.665005742187499891e+02,-8.328878396672637052e+01
4.665008671875000346e+02,-8.500410617338613406e+01
4.665011601562500232e+02,-8.419615253591072701e+01
4.665014531250000118e+02,-9.816375352620633521e+01
4.665017460937500005e+02,-8.765944805107562843e+01
4.665020390624999891e+02,-8.229058803574334036e+01
4.665023320312500346e+02,-7.887623257311919645e+01
4.665026250000000232e+02,-7.988353300069439911e+01
4.665029179687500118e+02,-8.591333067850638372e+01
4.665032109375000005e+02,-8.980087726774135604e+01
4.665035039062499891e+02,-9.779320105363147775e+01
4.665037968750000346e+02,-8.654434725464031430e+01
4.665040898437500232e+02,-8.332741309498673843e+01
4.665043828125000118e+02,-8.574625937113771101e+01
4.665046757812500005e+02,-8.874121865321646396e+01
4.665049687499999891e+02,-8.929912076751925554e+01
4.665052617187500346e+02,-9.236670619789997261e+01
4.665055546875000232e+02,-8.804068169321152482e+01
4.665058476562500118e+02,-8.610243796915391101e+01
4.665061406250000005e+02,-8.756923022326814987e+01
4.665064335937499891e+02,-8.212840774708773495e+01
4.665067265625000346e+02,-8.879821082127593002e+01
4.665070195312500232e+02,-8.668261486669999272e+01
4.665073125000000118e+02,-8.435061201820133192e+01
4.665076054687500005e+02,-8.702315806358230077e+01
4.665078984374999891e+02,-8.640173126173735341e+01
4.665081914062500346e+02,-9.919737481268136037e+01
4.665084843750000232e+02,-8.483382926178295236e+01
4.665087773437500118e+02,-8.293653160388318213e+01
4.665090703125000005e+02,-8.164997826742315112e+01
4.665093632812499891e+02,-8.521943686029382548e+01
4.665096562500000346e+02,-9.419774575925005422e+01
4.665099492187500232e+02,-9.610528454599850079e+01
4.665102421875000118e+02,-8.626575532217049158e+01
4.665105351562500005e+02,-8.535484232657672976e+01
4.665108281249999891e+02,-9.484882518081940361e+01
4.665111210937500346e+02,-9.020769571642425433e+01
4.665114140625000232e+02,-8.538217642705147625e+01
4.665117070312500118e+02,-8.371842767597934198e+01
4.665120000000000005e+02,-1.085865010317786670e+02
4.665122929687499891e+02,-9.375215232597514614e+01
4.665125859375000346e+02,-9.021697020466129402e+01
4.665128789062500232e+02,-9.571574258971622839e+01
4.665131718750000118e+02,-8.955986039184452352e+01
4.665134648437500005e+02,-8.445907665470714676e+01
4.665137578124999891e+02,-8.566420655353148561e+01
4.665140507812500346e+02,-9.034451435885839032e+01
4.665143437500000232e+02,-9.834913387035540211e+01
4.665146367187500118e+02,-8.831054622627847550e+01
4.665149296875000005e+02,-8.007141759397552505e+01
4.665152226562499891e+02,-8.150460196025164805e+01
4.665155156250000346e+02,-8.037769911510645215e+01
4.665158085937500232e+02,-7.940428468060818545e+01
4.665161015625000118e+02,-8.511330262875767971e+01
4.665163945312500005e+02,-8.448953083045228141e+01
4.665166874999999891e+02,-8.799804071256031079e+01
4.665169804687500346e+02,-8.701554219731930573e+01
4.665172734375000232e+02,-8.391532532985081616e+01
4.665175664062500118e+02,-8.472362607785518662e+01
4.665178593750000005e+02,-9.208230894270194256e+01
4.665181523437499891e+02,-9.793501794763824364e+01
4.665184453125000346e+02,-8.844034055847035347e+01
4.665187382812500232e+02,-8.952340979398150012e+01
4.665190312500000118e+02,-8.808884576038197167e+01
4.665193242187500005e+02,-8.677780949581753589e+01
4.665196171874999891e+02,-9.493141269764296908e+01
4.665199101562500346e+02,-8.580169257096909519e+01
4.665202031250000232e+02,-8.664169695851887809e+01
4.665204960937500118e+02,-9.483906261028344886e+01
4.665207890625000005e+02,-8.903454443397308182e+01
4.665210820312499891e+02,-8.826473572515526200e+01
4.665213750000000346e+02,-8.580256873705737064e+01
4.665216679687500232e+02,-8.622282987674289245e+01
4.665219609375000118e+02,-8.559202899939802478e+01
4.665222539062500005e+02,-8.771762766799412248e+01
4.665225468749999891e+02,-9.317702534124441627e+01
4.665228398437500346e+02,-9.879689019831532448e+01
4.665231328125000232e+02,-8.733721242326909362e+01
4.665234257812500118e+02,-8.333224363546831626e+01
4.665237187500000005e+02,-8.192975132520271586e+01
4.665240117187499891e+02,-8.157491705469055887e+01
4.665243046875000346e+02,-9.010539488028094013e+01
4.665245976562500232e+02,-8.721386082203875389e+01
4.665248906250000118e+02,-9.521869545361272458e+01
4.665251835937500005e+02,-8.514708850471308210e+01
4.665254765624999891e+02,-8.544922874915565103e+01
4.665257695312500346e+02,-9.539028438902084872e+01
4.665260625000000232e+02,-9.150222892385014006e+01
4.665263554687500118e+02,-8.855300951664742115e+01
4.665266484375000005e+02,-8.638085522209857459e+01
4.665269414062499891e+02,-8.728940556380374005e+01
4.665272343750000346e+02,-9.720322515258814633e+01
4.665275273437500232e+02,-9.957735548481203125e+01
4.665278203125000118e+02,-8.554285320862979347e+01
4.665281132812500005e+02,-8.747791274246905857e+01
4.665284062499999891e+02,-8.526908299902517285e+01
4.665286992187500346e+02,-8.143365190839575973e+01
4.665289921875000232e+02,-8.521713131951740650e+01
4.665292851562500118e+02,-9.480508405239768877e+01
4.665295781250000005e+02,-8.555610687241191670e+01
4.665298710937499891e+02,-8.149419437162299573e+01
4.665301640625000346e+02,-8.067595304072214901e+01
4.665304570312500232e+02,-8.252823719417847315e+01
4.665307500000000118e+02,-8.841722828790040012e+01
4.665310429687500005e+02,-9.002352469627480502e+01
4.665313359374999891e+02,-8.448798309339562707e+01
4.665316289062500346e+02,-8.460157099836078487e+01
4.665319218750000232e+02,-9.812997066221637965e+01
4.665322148437500118e+02,-1.038539270599868445e+02
4.665325078125000005e+02,-8.674545917088181568e+01
4.665328007812499891e+02,-9.163044532230802020e+01
4.665330937500000346e+02,-8.313558559947037452e+01
4.665333867187500232e+02,-8.569124323717842628e+01
4.665336796875000118e+02,-9.352517439795727228e+01
4.665339726562500005e+02,-8.829058140610558780e+01
4.665342656249999891e+02,-8.835797687451568549e+01
4.665345585937500346e+02,-9.798036385046897578e+01
4.665348515625000232e+02,-9.231783437865993847e+01
4.665351445312500118e+02,-8.425497777180409287e+01
4.665354375000000005e+02,-9.417080482135999375e+01
4.665357304687499891e+02,-8.812011780941202232e+01
4.665360234375000346e+02,-8.818246507598944106e+01
4.665363164062500232e+02,-8.855217496805302346e+01
4.665366093750000118e+02,-8.997921464226624266e+01
4.665369023437500005e+02,-8.295042042820567474e+01
4.665371953124999891e+02,-9.514042842598088612e+01
4.665374882812500346e+02,-8.639072072631044819e+01
4.665377812500000232e+02,-8.910894604268278840e+01
4.665380742187500118e+02,-8.645472839322742686e+01
4.665383671875000005e+02,-9.024338652197799604e+01
4.665386601562499891e+02,-9.571883960012966952e+01
4.665389531250000346e+02,-8.855114888211934954e+01
4.665392460937500232e+02,-9.075626798392541161e+01
4.665395390625000118e+02,-8.326346254556239046e+01
4.665398320312500005e+02,-8.517874592080144680e+01
4.665401249999999891e+02,-9.347814141455532422e+01
4.665404179687500346e+02,-8.900559701591318174e+01
4.665407109375000232e+02,-8.216719541989075992e+01
4.665410039062500118e+02,-8.851104196850693029e+01
4.665412968750000005e+02,-1.022967922001783450e+02
4.665415898437499891e+02,-8.707654288770741857e+01
4.665418828125000346e+02,-7.948818027647072881e+01
4.665421757812500232e+02,-8.022318429245581228e+01
4.665424687500000118e+02,-8.336400874167354402e+01
4.665427617187500005e+02,-8.407953697244147406e+01
4.665430546874999891e+02,-8.391623349283574385e+01
4.665433476562500346e+02,-8.160031861307845702e+01
4.665436406250000232e+02,-8.604414537372076666e+01
4.665439335937500118e+02,-8.507673183138756201e+01
4.665442265625000005e+02,-8.279690525147981361e+01
4.665445195312499891e+02,-8.375955589088829356e+01
4.665448125000000346e+02,-9.273281249501890500e+01
4.665451054687500232e+02,-8.716338596262167471e+01
4.665453984375000118e+02,-9.823266293284193296e+01
4.665456914062500005e+02,-9.253210930300713244e+01
4.665459843749999891e+02,-8.350913665961630272e+01
4.665462773437500346e+02,-8.044171244503482399e+01
4.665465703125000232e+02,-8.315598339633920943e+01
4.665468632812500118e+02,-8.616600910993886941e+01
4.665471562500000005e+02,-9.006592984971629789e+01
4.665474492187499891e+02,-8.928124976878746111e+01
4.665477421875000346e+02,-8.228254966351752842e+01
4.665480351562500232e+02,-8.667300849109676619e+01
4.665483281250000118e+02,-9.175161936637871918e+01
4.665486210937500005e+02,-1.104652195878436629e+02
4.665489140624999891e+02,-9.476176360137807819e+01
4.665492070312500346e+02,-9.268165674736718529e+01
4.665495000000000232e+02,-8.520707478439254601e+01
4.665497929687500118e+02,-8.903498756380251677e+01
4.665500859375000005e+02,-8.641212085410532495e+01
4.665503789062499891e+02,-8.682548877803064613e+01
4.665506718750000346e+02,-8.988466114192232226e+01
4.665509648437500232e+02,-8.820989413094366682e+01
4.665512578125000118e+02,-8.545366544886667270e+01
4.665515507812500005e+02,-8.458810327703156418e+01
4.665518437499999891e+02,-8.443395780241182536e+01
4.665521367187500346e+02,-9.541403283328200757e+01
4.665524296875000232e+02,-8.800411623420626483e+01
4.665527226562500118e+02,-9.602275944703299615e+01
4.665530156250000005e+02,-9.420113451271672034e+01
4.665533085937499891e+02,-8.346059815651804570e+01
4.665536015625000346e+02,-8.180244851910390480e+01
4.665538945312500232e+02,-8.562355140329246694e+01
4.665541875000000118e+02,-8.808092691077027325e+01
4.665544804687500005e+02,-8.905513993905479708e+01
4.665547734374999891e+02,-9.516204792483543429e+01
4.665550664062500346e+02,-9.493296281345220677e+01
4.665553593750000232e+02,-8.735463974113004326e+01
4.665556523437500118e+02,-8.398694963217215559e+01
4.665559453125000005e+02,-8.279824561483599155e+01
4.665562382812499891e+02,-8.511036505948682418e+01
4.665565312500000346e+02,-9.203332967829071265e+01
4.665568242187500232e+02,-8.980080364163065099e+01
4.665571171875000118e+02,-8.161295919082652972e+01
4.665574101562500005e+02,-8.113139838026428663e+01
4.665577031249999891e+02,-8.401076877477522942e+01
4.665579960937500346e+02,-8.535178788303088027e+01
4.665582890625000232e+02,-9.197769208086818082e+01
4.665585820312500118e+02,-8.353895548330136478e+01
4.665588750000000005e+02,-8.340369186317168726e+01
4.665591679687499891e+02,-8.446164344118486156e+01
4.665594609375000346e+02,-8.359799770278547726e+01
4.665597539062500232e+02,-8.572963197176028416e+01
4.665600468750000118e+02,-7.999043533392634231e+01
4.665603398437500005e+02,-8.228625637407913018e+01
4.665606328124999891e+02,-8.718756395893126410e+01
4.665609257812500346e+02,-8.561616012260030573e+01
4.665612187500000232e+02,-9.949542201384505802e+01
4.665615117187500118e+02,-8.593031493081747385e+01
4.665618046875000005e+02,-8.843212780507207071e+01
4.665620976562499891e+02,-9.019594398103707533e+01
4.665623906250000346e+02,-9.002153129273071386e+01
4.665626835937500232e+02,-9.379961014123279028e+01
4.665629765625000118e+02,-7.939606317852378936e+01
4.665632695312500005e+02,-7.799185027710117879e+01
4.665635624999999891e+02,-8.268911332207434839e+01
4.665638554687500346e+02,-8.803766081663654575e+01
4.665641484375000232e+02,-8.217100823571472290e+01
4.665644414062500118e+02,-8.116202225846059548e+01
4.665647343750000005e+02,-8.808371355137479952e+01
4.665650273437499891e+02,-9.379908873149170745e+01
4.665653203125000346e+02,-8.389648475252363369e+01
4.665656132812500232e+02,-8.946630025471759495e+01
4.665659062500000118e+02,-9.687100799558783137e+01
4.665661992187500005e+02,-8.614109552834872829e+01
4.665664921874999891e+02,-8.609011506084132748e+01
4.665667851562500346e+02,-8.464082314493839476e+01
4.665670781250000232e+02,-8.922010506342289204e+01
4.665673710937500118e+02,-8.649685028208762105e+01
4.665676640625000005e+02,-8.570545293711532508e+01
4.665679570312499891e+02,-8.754084321521851564e+01
4.665682500000000346e+02,-8.411744997491365439e+01
4.665685429687500232e+02,-8.288620962299469852e+01
4.665688359375000118e+02,-1.014586781361941661e+02
4.665691289062500005e+02,-9.879377347991869840e+01
4.665694218749999891e+02,-8.889355638308741447e+01
4.665697148437500346e+02,-8.537948689817186221e+01
4.665700078125000232e+02,-8.479356618137707358e+01
4.665703007812500118e+02,-9.052160583981601860e+01
4.665705937500000005e+02,-8.393745014330876586e+01
4.665708867187499891e+02,-8.995374190825089045e+01
4.665711796875000346e+02,-9.428631229494681065e+01
4.665714726562500232e+02,-8.404229139941776339e+01
4.665717656250000118e+02,-8.359053538085947821e+01
4.665720585937500005e+02,-9.638467425417353240e+01
4.665723515624999891e+02,-9.587446900277028305e+01
4.665726445312500346e+02,-8.230049116145168853e+01
4.665729375000000232e+02,-8.926053032814937183e+01
4.665732304687500118e+02,-8.781951472692452398e+01
4.665735234375000005e+02,-9.762294494212375184e+01
4.665738164062499891e+02,-8.088702352345286783e+01
4.665741093750000346e+02,-8.207078130287401052e+01
4.665744023437500232e+02,-8.906464320514082544e+01
4.665746953125000118e+02,-9.624839546892394537e+01
4.665749882812500005e+02,-8.477068100442066623e+01
4.665752812499999891e+02,-8.388882941452507680e+01
4.665755742187500346e+02,-8.778002567427148506e+01
4.665758671875000232e+02,-9.558578319199858697e+01
4.665761601562500118e+02,-8.407155298360235918e+01
4.665764531250000005e+02,-8.621990824480715787e+01
4.665767460937499891e+02,-8.650042657262737578e+01
4.665770390625000346e+02,-8.063529305413678117e+01
4.665773320312500232e+02,-9.379053832659909062e+01
4.665776250000000118e+02,-8.716307465653530073e+01
4.665779179687500005e+02,-8.262943671242683763e+01
4.665782109374999891e+02,-8.451324075815024628e+01
4.665785039062500346e+02,-9.324666856137169191e+01
4.665787968750000232e+02,-9.501055729077977219e+01
4.665790898437500118e+02,-8.436190406808110254e+01
4.665793828125000005e+02,-8.212607223921465049e+01
4.665796757812499891e+02,-8.535650687900984224e+01
4.665799687500000346e+02,-8.466287148239834437e+01
4.665802617187500232e+02,-8.844936666781754298e+01
4.665805546875000118e+02,-8.961743443849931623e+01
4.665808476562500005e+02,-8.098098261575786694e+01
4.665811406249999891e+02,-9.065139130087086983e+01
4.665814335937500346e+02,-8.443917477230743884e+01
4.665817265625000232e+02,-8.205405756723662591e+01
4.665820195312500118e+02,-8.117586526169908723e+01
4.665823125000000005e+02,-7.990939409400144200e+01
4.665826054687499891e+02,-8.271898151829179824e+01
4.665828984375000346e+02,-8.736042819280902449e+01
4.665831914062500232e+02,-9.098832198095260537e+01
4.665834843750000118e+02,-9.203151769610444433e+01
4.665837773437500005e+02,-9.652714148081294354e+01
4.665840703124999891e+02,-9.219398895079187639e+01
4.665843632812500346e+02,-8.809233274145400117e+01
4.665846562500000232e+02,-8.378064444283768353e+01
4.665849492187500118e+02,-9.785631086761088682e+01
4.665852421875000005e+02,-8.199635172182189535e+01
4.665855351562499891e+02,-8.056945403951218054e+01
4.665858281250000346e+02,-7.925694059282486137e+01
4.665861210937500232e+02,-8.194455932718639701e+01
4.665864140625000118e+02,-8.150439523812974585e+01
4.665867070312500005e+02,-9.159480584494204436e+01
4.665869999999999891e+02,-8.779187244419674130e+01
4.665872929687500346e+02,-8.323069137742486134e+01
4.665875859375000232e+02,-9.241282557202383430e+01
4.665878789062500118e+02,-8.416762842749847096e+01
4.665881718750000005e+02,-8.043662766422103516e+01
4.665884648437499891e+02,-8.754337230619368881e+01
4.665887578125000346e+02,-1.026038618875133324e+02
4.665890507812500232e+02,-9.582514755138113571e+01
4.665893437500000118e+02,-8.234491161054117470e+01
4.665896367187500005e+02,-8.068040675371959480e+01
4.665899296874999891e+02,-9.414158910882963482e+01
4.665902226562500346e+02,-8.443026326985999219e+01
4.665905156250000232e+02,-8.847981272710441658e+01
4.665908085937500118e+02,-8.378727041400321696e+01
4.665911015625000005e+02,-9.272896625851599595e+01
4.665913945312499891e+02,-8.191340133213309116e+01
4.665916875000000346e+02,-8.253980768940834878e+01
4.665919804687500232e+02,-8.678907112678176361e+01
4.665922734375000118e+02,-8.832551124969350553e+01
4.665925664062500005e+02,-8.586836071449296526e+01
4.665928593749999891e+02,-9.212509394210469793e+01
4.665931523437500346e+02,-8.564881074835157904e+01
4.665934453125000232e+02,-8.982114833604414628e+01
4.665937382812500118e+02,-8.745632219274276054e+01
4.665940312500000005e+02,-8.611924081571112310e+01
4.665943242187499891e+02,-8.528032814884176105e+01
4.665946171875000346e+02,-8.958334300176650800e+01
4.665949101562500232e+02,-8.923404155459408571e+01
4.665952031250000118e+02,-8.670662584499126524e+01
4.665954960937500005e+02,-9.495272838573410468e+01
4.665957890624999891e+02,-9.645638519681547507e+01
4.665960820312500346e+02,-9.566364860018212823e+01
4.665963750000000232e+02,-8.753175988157879317e+01
4.665966679687500118e+02,-8.462470885336924198e+01
4.665969609375000005e+02,-8.170232871115617002e+01
4.665972539062499891e+02,-8.229100517874525167e+01
4.665975468750000346e+02,-8.783813299521084161e+01
4.665978398437500232e+02,-8.870438088303798452e+01
4.665981328125000118e+02,-8.945796687070301800e+01
4.665984257812500005e+02,-8.737957805456471760e+01
4.665987187499999891e+02,-9.290308417709987054e+01
4.665990117187500346e+02,-8.570275297824410643e+01
4.665993046875000232e+02,-8.432961592763439285e+01
4.665995976562500118e+02,-8.972488151806082612e+01
4.665998906250000005e+02,-8.730892438688981372e+01
4.666001835937499891e+02,-8.608539421140790182e+01
4.666004765625000346e+02,-8.354894337467098353e+01
4.666007695312500232e+02,-8.183504893495523902e+01
4.666010625000000118e+02,-8.310406206593874856e+01
4.666013554687500005e+02,-8.643623872324999979e+01
4.666016484374999891e+02,-8.817575748289841897e+01
4.666019414062500346e+02,-9.217621090174620235e+01
4.666022343750000232e+02,-1.009577580878047627e+02
4.666025273437500118e+02,-8.895061940459768834e+01
4.666028203125000005e+02,-8.338571627930500085e+01
4.666031132812499891e+02,-8.942377102945954448e+01
4.666034062500000346e+02,-9.111209279078465784e+01
4.666036992187500232e+02,-8.813798230587553917e+01
4.666039921875000118e+02,-8.172028476924430151e+01
4.666042851562500005e+02,-7.964125336580408998e+01
4.666045781249999891e+02,-7.960177368813161536e+01
4.666048710937500346e+02,-8.581048513446019399e+01
4.666051640625000232e+02,-8.801177434782911746e+01
4.666054570312500118e+02,-8.622060295474155112e+01
4.666057500000000005e+02,-9.132331022587661096e+01
4.666060429687499891e+02,-8.806797375418325657e+01
4.666063359375000346e+02,-8.416956685950100336e+01
4.666066289062500232e+02,-8.324004191791883045e+01
4.666069218750000118e+02,-8.530620570774340194e+01
4.666072148437500005e+02,-8.938247695156491091e+01
4.666075078124999891e+02,-8.267282131008009571e+01
4.666078007812500346e+02,-8.363533971038249604e+01
4.666080937500000232e+02,-8.193751248216754846e+01
4.666083867187500118e+02,-8.414872180733928531e+01
4.666086796875000005e+02,-9.225387315607095218e+01
4.666089726562499891e+02,-9.712858241744662280e+01
4.666092656250000346e+02,-8.322977200955848787e+01
4.666095585937500232e+02,-8.159644230635055351e+01
4.666098515625000118e+02,-9.218633522401793812e+01
4.666101445312500005e+02,-8.416598993472449308e+01
4.666104374999999891e+02,-9.841468122140372543e+01
4.666107304687500346e+02,-7.975604910337320064e+01
4.666110234375000232e+02,-8.076081762644446371e+01
4.666113164062500118e+02,-8.590841573821819566e+01
4.666116093750000005e+02,-9.002439182663039219e+01
4.666119023437499891e+02,-9.738306511467156668e+01
4.666121953125000346e+02,-9.595239392831877012e+01
4.666124882812500232e+02,-1.017180320376987623e+02
4.666127812500000118e+02,-8.328604903839719498e+01
4.666130742187500005e+02,-8.430131271763487177e+01
4.666133671874999891e+02,-8.542293656358441467e+01
4.666136601562500346e+02,-8.416430301298095173e+01
4.666139531250000232e+02,-8.571686220184508898e+01
4.666142460937500118e+02,-8.060764321610120930e+01
4.666145390625000005e+02,-8.116266649682032153e+01
4.666148320312499891e+02,-8.548426059352577511e+01
4.666151250000000346e+02,-8.563726483696908076e+01
4.666154179687500232e+02,-8.198086373446585640e+01
4.666157109375000118e+02,-1.007609250774404472e+02
4.666160039062500005e+02,-8.118760455368217777e+01
4.666162968749999891e+02,-9.048626379384261043e+01
4.666165898437500346e+02,-8.587622045155231376e+01
4.666168828125000232e+02,-9.445967007057248566e+01
4.666171757812500118e+02,-8.303059214274853161e+01
4.666174687500000005e+02,-8.586958277816428620e+01
4.666177617187499891e+02,-8.575444776589479545e+01
4.666180546875000346e+02,-8.174399615083635240e+01
4.666183476562500232e+02,-8.526066717308799525e+01
4.666186406250000118e+02,-8.923657983338148370e+01
4.666189335937500005e+02,-8.902279439072273703e+01
4.666192265624999891e+02,-8.277811938382805579e+01
4.666195195312500346e+02,-8.977940611306947005e+01
4.666198125000000232e+02,-9.532659237695698096e+01
4.666201054687500118e+02,-9.684219448443856493e+01
4.666203984375000005e+02,-9.213675174353112141e+01
4.666206914062499891e+02,-8.181164619750711609e+01
4.666209843750000346e+02,-7.783585359690545147e+01
4.666212773437500232e+02,-8.621411641666296077e+01
4.666215703125000118e+02,-8.525160651928082700e+01
4.666218632812500005e+02,-8.128619612203772249e+01
4.666221562499999891e+02,-8.419778128166242936e+01
4.666224492187500346e+02,-8.364357172925474515e+01
4.666227421875000232e+02,-8.772626437310998426e+01
4.666230351562500118e+02,-8.365077674055902435e+01
4.666233281250000005e+02,-8.500605115315508442e+01
4.666236210937499891e+02,-8.637503966066105932e+01
4.666239140625000346e+02,-8.460740400737206812e+01
4.666242070312500232e+02,-8.992135472604987001e+01
4.666245000000000118e+02,-8.151554749372502329e+01
4.666247929687500005e+02,-8.527675334949472585e+01
4.666250859374999891e+02,-9.434093711020543083e+01
4.666253789062500346e+02,-8.682803639117607020e+01
4.666256718750000232e+02,-8.234239214260163919e+01
4.666259648437500118e+02,-7.965702942609914317e+01
4.666262578125000005e+02,-8.066355500803720702e+01
4.666265507812499891e+02,-8.218604078544514380e+01
4.666268437500000346e+02,-8.539480242775555041e+01
4.666271367187500232e+02,-9.327705518778117266e+01
4.666274296875000118e+02,-8.412930336871839643e+01
4.666277226562500005e+02,-8.573556657618371446e+01
4.666280156249999891e+02,-8.792865647486328839e+01
4.666283085937500346e+02,-8.850808546627996520e+01
4.666286015625000232e+02,-8.616116137569504474e+01
4.666288945312500118e+02,-8.638989293172076600e+01
4.666291875000000005e+02,-8.028595964818295272e+01
4.666294804687499891e+02,-8.219129192846096998e+01
4.666297734375000346e+02,-8.434951052518734116e+01
4.666300664062500232e+02,-8.139771377466746571e+01
4.666303593750000118e+02,-8.450250941658399029e+01
4.666306523437500005e+02,-8.662577555128251561e+01
4.666309453124999891e+02,-8.305612187589007078e+01
4.666312382812500346e+02,-8.289563000508485402e+01
4.666315312500000232e+02,-9.005571775149846303e+01
4.666318242187500118e+02,-8.721367147196433223e+01
4.666321171875000005e+02,-8.710239766666614969e+01
4.666324101562499891e+02,-8.806131679647423027e+01
4.666327031250000346e+02,-7.864845371747381364e+01
4.666329960937500232e+02,-8.123977310973785393e+01
4.666332890625000118e+02,-8.504835537944991586e+01
4.666335820312500005e+02,-8.526152315082404698e+01
4.666338749999999891e+02,-9.392657022912447928e+01
4.666341679687500346e+02,-8.329771441675677579e+01
4.666344609375000232e+02,-8.100971988792690581e+01
4.666347539062500118e+02,-9.092489102702252524e+01
4.666350468750000005e+02,-8.539654751780182096e+01
4.666353398437499891e+02,-8.493317429992798395e+01
4.666356328125000346e+02,-8.500973044491935582e+01
4.666359257812500232e+02,-8.476829319068656332e+01
4.666362187500000118e+02,-8.753740284443409791e+01
4.666365117187500005e+02,-8.509800322484345259e+01
4.666368046874999891e+02,-8.208087833977089076e+01
4.666370976562500346e+02,-8.532472216867975590e+01
4.666373906250000232e+02,-8.703015013310630366e+01
4.666376835937500118e+02,-9.058679964703219412e+01
4.666379765625000005e+02,-8.981182634673858445e+01
4.666382695312499891e+02,-9.419128893039956552e+01
4.666385625000000346e+02,-8.968117780377576764e+01
4.666388554687500232e+02,-8.764437966693191129e+01
4.666391484375000118e+02,-8.076831611347962792e+01
4.666394414062500005e+02,-8.409392703925441026e+01
4.666397343749999891e+02,-8.592792106236912275e+01
4.666400273437500346e+02,-8.323032009836634870e+01
4.666403203125000232e+02,-8.337922937742530394e+01
4.666406132812500118e+02,-8.339387815321427411e+01
4.666409062500000005e+02,-8.186445129008160393e+01
4.666411992187499891e+02,-8.074422397286470243e+01
4.666414921875000346e+02,-8.263438454062657001e+01
4.666417851562500232e+02,-7.873048585012581668e+01
4.666420781250000118e+02,-7.956381853830990281e+01
4.666423710937500005e+02,-8.102765251285859449e+01
4.666426640624999891e+02,-8.533586650072328439e+01
4.666429570312500346e+02,-8.209116200512983141e+01
4.666432500000000232e+02,-8.648453307322009209e+01
4.666435429687500118e+02,-9.060071432029999983e+01
4.666438359375000005e+02,-9.086318652196766266e+01
4.666441289062499891e+02,-9.409144546586865943e+01
4.666444218750000346e+02,-8.667250877456703506e+01
4.666447148437500232e+02,-8.524041805182631037e+01
4.666450078125000118e+02,-8.339354942644118296e+01
4.666453007812500005e+02,-8.179791961843960735e+01
4.666455937499999891e+02,-9.449590128904917208e+01
4.666458867187500346e+02,-9.254521292833253199e+01
4.666461796875000232e+02,-9.028789807980380999e+01
4.666464726562500118e+02,-8.024929900874732880e+01
4.666467656250000005e+02,-7.805257020137362645e+01
4.666470585937499891e+02,-8.020159490721168538e+01
4.666473515625000346e+02,-8.361185129329237498e+01
4.666476445312500232e+02,-1.049293909540008656e+02
4.666479375000000118e+02,-8.389197235159736010e+01
4.666482304687500005e+02,-8.587993227722097345e+01
4.666485234374999891e+02,-8.694717642934415380e+01
4.666488164062500346e+02,-9.825259919889882099e+01
4.666491093750000232e+02,-8.399518110433361073e+01
4.666494023437500118e+02,-9.004377220378776769e+01
4.666496953125000005e+02,-8.569347013572196659e+01
4.666499882812499891e+02,-9.511752025220292239e+01
4.666502812500000346e+02,-9.011506793479648536e+01
4.666505742187500232e+02,-8.121830341896810523e+01
4.666508671875000118e+02,-1.064092845922745170e+02
4.666511601562500005e+02,-8.384333819562255030e+01
4.666514531249999891e+02,-8.651827477880225103e+01
4.666517460937500346e+02,-8.906945558134796670e+01
4.666520390625000232e+02,-9.512041096983085708e+01
4.666523320312500118e+02,-8.175109753552341374e+01
4.666526250000000005e+02,-8.158124045077796893e+01
4.666529179687499891e+02,-8.232244423836843339e+01
4.666532109375000346e+02,-7.847733995730048662e+01
4.666535039062500232e+02,-7.997288555789560860e+01
4.666537968750000118e+02,-8.114021924904072591e+01
4.666540898437500005e+02,-8.049640765802666920e+01
4.666543828124999891e+02,-8.652268463711482127e+01
4.666546757812500346e+02,-8.562407836505947500e+01
4.666549687500000232e+02,-8.912979792644168242e+01
4.666552617187500118e+02,-8.700649457183466495e+01
4.666555546875000005e+02,-9.712454721547985059e+01
4.666558476562499891e+02,-9.108005837129313420e+01
4.666561406250000346e+02,-8.787993082405824907e+01
4.666564335937500232e+02,-8.297689321749963653e+01
4.666567265625000118e+02,-8.434564341243664387e+01
4.666570195312500005e+02,-8.092120526478126408e+01
4.666573124999999891e+02,-8.399424291195948911e+01
4.666576054687500346e+02,-9.560817344449677080e+01
4.666578984375000232e+02,-8.639919719295284040e+01
4.666581914062500118e+02,-8.129125579288567849e+01
4.666584843750000005e+02,-8.519985758344583360e+01
4.666587773437499891e+02,-9.064159909257762138e+01
4.666590703125000346e+02,-8.304046580883465367e+01
4.666593632812500232e+02,-8.254524822436616205e+01
4.666596562500000118e+02,-8.021581726560619074e+01
4.666599492187500005e+02,-8.012607403003939055e+01
4.666602421874999891e+02,-8.144089241327759510e+01
4.666605351562500346e+02,-7.967180342712769914e+01
4.666608281250000232e+02,-8.984445916298510326e+01
4.666611210937500118e+02,-8.683247900674041375e+01
4.666614140625000005e+02,-8.682268939565997812e+01
4.666617070312499891e+02,-7.909287680498616169e+01
4.666620000000000346e+02,-8.137248978199241378e+01
4.666622929687500232e+02,-8.252301065666352997e+01
4.666625859375000118e+02,-8.642636286873522522e+01
4.666628789062500005e+02,-8.185463351496110818e+01
4.666631718749999891e+02,-8.828140963647106787e+01
4.666634648437500346e+02,-8.853659036801255411e+01
4.666637578125000232e+02,-8.812772027632414051e+01
4.666640507812500118e+02,-8.521254559938333273e+01
4.666643437500000005e+02,-8.232597722657503425e+01
4.666646367187499891e+02,-8.032398755220982878e+01
4.666649296875000346e+02,-7.992854597116976834e+01
4.666652226562500232e+02,-8.424244675824967032e+01
4.666655156250000118e+02,-8.134058672044893967e+01
4.666658085937500005e+02,-8.273476258917911252e+01
4.666661015624999891e+02,-7.965590725245961323e+01
4.666663945312500346e+02,-7.916715171596887046e+01
4.666666875000000232e+02,-7.829269134959704957e+01
4.666669804687500118e+02,-8.374056699924605596e+01
4.666672734375000005e+02,-9.301661240620519777e+01
4.666675664062499891e+02,-9.550455865979529335e+01
4.666678593750000346e+02,-9.215274884416604095e+01
4.666681523437500232e+02,-8.524340078159924872e+01
4.666684453125000118e+02,-8.741829293997469108e+01
4.666687382812500005e+02,-9.353939899456867124e+01
4.666690312499999891e+02,-8.746238293036726930e+01
4.666693242187500346e+02,-8.432503515373753089e+01
4.666696171875000232e+02,-8.724679438038558033e+01
4.666699101562500118e+02,-8.202283442303212269e+01
4.666702031250000005e+02,-8.170659404115669133e+01
4.666704960937499891e+02,-9.546573572837984045e+01
4.666707890625000346e+02,-8.666001759115647474e+01
4.666710820312500232e+02,-8.514714817466008867e+01
4.666713750000000118e+02,-8.208746561075068371e+01
4.666716679687500005e+02,-8.146870923317169400e+01
4.666719609374999891e+02,-8.109319506532870037e+01
4.666722539062500346e+02,-8.024647311806681671e+01
4.666725468750000232e+02,-8.623178881399707052e+01
4.666728398437500118e+02,-8.288672692676578890e+01
4.666731328125000005e+02,-8.326729496703214295e+01
4.666734257812499891e+02,-8.900034058316978758e+01
4.666737187500000346e+02,-9.182550448857870151e+01
4.666740117187500232e+02,-8.393223530241698427e+01
4.666743046875000118e+02,-8.451037590261759647e+01
4.666745976562500005e+02,-8.092801666298258567e+01
4.666748906249999891e+02,-8.130641280156831385e+01
4.666751835937500346e+02,-8.093794201581404479e+01
4.666754765625000232e+02,-8.396717512864930200e+01
4.666757695312500118e+02,-8.188980467965834009e+01
4.666760625000000005e+02,-8.750277432547474632e+01
4.666763554687499891e+02,-8.139259998919997940e+01
4.666766484375000346e+02,-8.265983265318851636e+01
4.666769414062500232e+02,-9.342171894599430004e+01
4.666772343750000118e+02,-8.371961977981504788e+01
4.666775273437500005e+02,-8.327334138271328356e+01
4.666778203124999891e+02,-8.144401298511505161e+01
4.666781132812500346e+02,-8.841433711014529706e+01
4.666784062500000232e+02,-8.593960863744349865e+01
4.666786992187500118e+02,-8.588527299707808993e+01
4.666789921875000005e+02,-8.559832536187340679e+01
4.666792851562499891e+02,-8.466550634877457071e+01
4.666795781250000346e+02,-8.630129431248221294e+01
4.666798710937500232e+02,-9.133625316805461125e+01
4.666801640625000118e+02,-8.423266571717292095e+01
4.666804570312500005e+02,-9.049599141324699758e+01
4.666807499999999891e+02,-8.177584105080040899e+01
4.666810429687500346e+02,-8.456903582799377261e+01
4.666813359375000232e+02,-9.096421501504708829e+01
4.666816289062500118e+02,-8.671852198465948902e+01
4.666819218750000005e+02,-8.410424683232645293e+01
4.666822148437499891e+02,-8.682986975144578423e+01
4.666825078125000346e+02,-8.735988341601037632e+01
4.666828007812500232e+02,-9.051996557018875933e+01
4.666830937500000118e+02,-8.702715701425378825e+01
4.666833867187500005e+02,-8.750229411357764775e+01
4.666836796874999891e+02,-8.163189478522946274e+01
4.666839726562500346e+02,-8.693927286117215658e+01
4.666842656250000232e+02,-8.228402935057239631e+01
4.666845585937500118e+02,-7.729872829324791894e+01
4.666848515625000005e+02,-8.461790543451854774e+01
4.666851445312499891e+02,-8.748736939625703712e+01
4.666854375000000346e+02,-9.484002250910130272e+01
4.666857304687500232e+02,-8.304484944760757514e+01
4.666860234375000118e+02,-7.911335521559961137e+01
4.666863164062500005e+02,-8.851170744664683809e+01
4.666866093749999891e+02,-8.268569121103058706e+01
4.666869023437500346e+02,-7.946960648804389393e+01
4.666871953125000232e+02,-8.048740461733594032e+01
4.666874882812500118e+02,-7.889945645901849502e+01
4.666877812500000005e+02,-8.094723092853605806e+01
4.666880742187499891e+02,-1.007397610210241226e+02
4.666883671875000346e+02,-8.306402668064441741e+01
4.666886601562500232e+02,-8.949658104703006245e+01
4.666889531250000118e+02,-7.965250503872481147e+01
4.666892460937500005e+02,-8.404864272817491155e+01
4.666895390624999891e+02,-8.183289816295497587e+01
4.666898320312500346e+02,-8.000637638994342637e+01
4.666901250000000232e+02,-8.398688731149810849e+01
4.666904179687500118e+02,-7.755231507180701556e+01
4.666907109375000005e+02,-7.600070126647344182e+01
4.666910039062499891e+02,-7.843020409576179475e+01
4.666912968750000346e+02,-8.956421087944832493e+01
4.666915898437500232e+02,-8.630454320022373338e+01
4.666918828125000118e+02,-8.462429158879885449e+01
4.666921757812500005e+02,-8.863273700438713831e+01
4.666924687499999891e+02,-8.905609566726978699e+01
4.666927617187500346e+02,-9.156514134668336169e+01
4.666930546875000232e+02,-8.954769377826698928e+01
4.666933476562500118e+02,-8.488973584286662799e+01
4.666936406250000005e+02,-1.025703207826699099e+02
4.666939335937499891e+02,-8.820016900431423323e+01
4.666942265625000346e+02,-8.628111563922240634e+01
4.666945195312500232e+02,-8.626459644698255147e+01
4.666948125000000118e+02,-8.830858322660027682e+01
4.666951054687500005e+02,-8.271955507718368494e+01
4.666953984374999891e+02,-8.441197541546848981e+01
4.666956914062500346e+02,-8.747249297330870377e+01
4.666959843750000232e+02,-8.182045163721164727e+01
4.666962773437500118e+02,-8.222937550346927083e+01
4.666965703125000005e+02,-8.432835420890562261e+01
4.666968632812499891e+02,-8.333737953108740726e+01
4.666971562500000346e+02,-8.330698054434685673e+01
4.666974492187500232e+02,-7.797194484556086991e+01
4.666977421875000118e+02,-7.917894275846796859e+01
4.666980351562500005e+02,-8.496118106609256415e+01
4.666983281249999891e+02,-8.832823816207732648e+01
4.666986210937500346e+02,-8.340830251111383120e+01
4.666989140625000232e+02,-8.742643548416489807e+01
4.666992070312500118e+02,-1.022075475877979756e+02
4.666995000000000005e+02,-8.779975052637632871e+01
4.666997929687499891e+02,-8.546406896415535925e+01
4.667000859375000346e+02,-9.133104380677123402e+01
4.667003789062500232e+02,-8.394139763508910335e+01
4.667006718750000118e+02,-7.948490861832908649e+01
4.667009648437500005e+02,-7.983211577518558499e+01
4.667012578124999891e+02,-8.162074255433236658e+01
4.667015507812500346e+02,-8.927524516419535416e+01
4.667018437500000232e+02,-8.126667961613405566e+01
4.667021367187500118e+02,-7.839232446313445735e+01
4.667024296875000005e+02,-8.248377792538207132e+01
4.667027226562499891e+02,-8.543006991502113578e+01
4.667030156250000346e+02,-8.344705084844738963e+01
4.667033085937500232e+02,-8.308108588355258917e+01
4.667036015625000118e+02,-8.148569230106284067e+01
4.667038945312500005e+02,-7.759352142998227464e+01
4.667041874999999891e+02,-8.138838488557064466e+01
4.667044804687500346e+02,-8.990616254865365420e+01
4.667047734375000232e+02,-8.775348392935956099e+01
4.667050664062500118e+02,-8.867338444584757440e+01
4.667053593750000005e+02,-8.799185449029758388e+01
4.667056523437499891e+02,-8.431808880459104216e+01
4.667059453125000346e+02,-8.185890873986464555e+01
4.667062382812500232e+02,-8.937859829385615740e+01
4.667065312500000118e+02,-9.164003901670626817e+01
4.667068242187500005e+02,-8.518211990919974141e+01
4.667071171874999891e+02,-8.579912358111451454e+01
4.667074101562500346e+02,-8.430724374073093941e+01
4.667077031250000232e+02,-8.435507742919965324e+01
4.667079960937500118e+02,-8.062200459969736244e+01
4.667082890625000005e+02,-9.592190372345126548e+01
4.667085820312499891e+02,-8.662002137267376156e+01
4.667088750000000346e+02,-9.925697503805486122e+01
4.667091679687500232e+02,-8.111252697372366072e+01
4.667094609375000118e+02,-8.562153100507194381e+01
4.667097539062500005e+02,-7.944388376985693867e+01
4.667100468749999891e+02,-7.732163916828925210e+01
4.667103398437500346e+02,-7.714214727246418590e+01
4.667106328125000232e+02,-8.236681791353120730e+01
4.667109257812500118e+02,-8.513364009153394818e+01
4.667112187500000005e+02,-8.699818540694961655e+01
4.667115117187499891e+02,-9.193893985526000279e+01
4.667118046875000346e+02,-9.442440845786195780e+01
4.667120976562500232e+02,-8.177505121219353157e+01
4.667123906250000118e+02,-8.290592351638302659e+01
4.667126835937500005e+02,-8.873912485045221388e+01
4.667129765624999891e+02,-8.379997611011354763e+01
4.667132695312500346e+02,-8.090063366826079516e+01
4.667135625000000232e+02,-8.317989313894204884e+01
4.667138554687500118e+02,-9.479533468379194971e+01
4.667141484375000005e+02,-8.356524251524156455e+01
4.667144414062499891e+02,-8.377370129134783383e+01
4.667147343750000346e+02,-1.066529308226125607e+02
4.667150273437500232e+02,-8.722371166394515285e+01
4.667153203125000118e+02,-8.897495631984847364e+01
4.667156132812500005e+02,-7.864460622809265544e+01
4.667159062499999891e+02,-8.183088333972166595e+01
4.667161992187500346e+02,-8.285384693636552811e+01
4.667164921875000232e+02,-8.651124941949785807e+01
4.667167851562500118e+02,-8.478957162221796295e+01
4.667170781250000005e+02,-8.284617078831585957e+01
4.667173710937499891e+02,-8.517144025098339455e+01
4.667176640625000346e+02,-8.657607422867398839e+01
4.667179570312500232e+02,-8.252126327422637075e+01
4.667182500000000118e+02,-8.786809682019269019e+01
4.667185429687500005e+02,-8.370915149542554445e+01
4.667188359374999891e+02,-8.473373510032817535e+01
4.667191289062500346e+02,-8.329270530223746505e+01
4.667194218750000232e+02,-8.342929733546377236e+01
4.667197148437500118e+02,-8.656466288930511155e+01
4.667200078125000005e+02,-8.776611599110468376e+01
4.667203007812499891e+02,-8.404271572968434612e+01
4.667205937500000346e+02,-8.240124086119189428e+01
4.667208867187500232e+02,-8.589753750140324939e+01
4.667211796875000118e+02,-8.271443049206337150e+01
4.667214726562500005e+02,-8.754144097511947109e+01
4.667217656249999891e+02,-1.044859513490468430e+02
4.667220585937500346e+02,-8.485715883379117486e+01
4.667223515625000232e+02,-9.441191661189689910e+01
4.667226445312500118e+02,-8.055003082656864422e+01
4.667229375000000005e+02,-8.089991966052743066e+01
4.667232304687499891e+02,-8.836515478840684068e+01
4.667235234375000346e+02,-8.833022354710561785e+01
4.667238164062500232e+02,-8.450775424114807777e+01
4.667241093750000118e+02,-8.095216355859113833e+01
4.667244023437500005e+02,-8.018490431708625010e+01
4.667246953124999891e+02,-8.204490118972643131e+01
4.667249882812500346e+02,-8.300550494014801473e+01
4.667252812500000232e+02,-8.817865968989229941e+01
4.667255742187500118e+02,-8.730440927699555687e+01
4.667258671875000005e+02,-8.400805068753746241e+01
4.667261601562499891e+02,-8.242514558514712064e+01
4.667264531250000346e+02,-8.555211791590055270e+01
4.667267460937500232e+02,-8.783515490803426928e+01
4.667270390625000118e+02,-8.737293637812288694e+01
4.667273320312500005e+02,-8.935102400990361105e+01
4.667276249999999891e+02,-8.321192271543802121e+01
4.667279179687500346e+02,-8.995502409557855117e+01
4.667282109375000232e+02,-9.195429563886294488e+01
4.667285039062500118e+02,-8.328356494637985463e+01
4.667287968750000005e+02,-8.571125699806148646e+01
4.667290898437499891e+02,-8.792516219257650789e+01
4.667293828125000346e+02,-8.848148059193854920e+01
4.667296757812500232e+02,-9.084194646495062386e+01
4.667299687500000118e+02,-8.787608920602752960e+01
4.667302617187500005e+02,-8.460198244617089358e+01
4.667305546874999891e+02,-8.915874474107113201e+01
4.667308476562500346e+02,-8.788008228564177671e+01
4.667311406250000232e+02,-8.565912252939884297e+01
4.667314335937500118e+02,-8.544877511771495904e+01
4.667317265625000005e+02,-8.367662609568188259e+01
4.667320195312499891e+02,-1.042494235274390348e+02
4.667323125000000346e+02,-8.932395721571749903e+01
4.667326054687500232e+02,-9.917157015739833525e+01
4.667328984375000118e+02,-8.758613931957765431e+01
4.667331914062500005e+02,-8.264312388794175490e+01
4.667334843749999891e+02,-8.024534998382770823e+01
4.667337773437500346e+02,-8.647855121210639595e+01
4.667340703125000232e+02,-8.407268809173295665e+01
4.667343632812500118e+02,-8.088757588184853375e+01
4.667346562500000005e+02,-7.988259617758035347e+01
4.667349492187499891e+02,-8.530340371846948244e+01
4.667352421875000346e+02,-8.293366537894320345e+01
4.667355351562500232e+02,-8.104094256953004560e+01
4.667358281250000118e+02,-9.565107410745665106e+01
4.667361210937500005e+02,-9.622907598591609712e+01
4.667364140624999891e+02,-8.660246843161701236e+01
4.667367070312500346e+02,-8.196952941347041133e+01
4.667370000000000232e+02,-8.396032881782615220e+01
4.667372929687500118e+02,-9.368236769438284739e+01
4.667375859375000005e+02,-9.033377341589496723e+01
4.667378789062499891e+02,-8.433547404507220335e+01
4.667381718750000346e+02,-8.265306112436996955e+01
4.667384648437500232e+02,-9.691439018070644806e+01
4.667387578125000118e+02,-8.717405143540776180e+01
4.667390507812500005e+02,-9.303027546441207107e+01
4.667393437499999891e+02,-9.962325416270589074e+01
4.667396367187500346e+02,-9.120956011991424361e+01
4.667399296875000232e+02,-8.864537835272611233e+01
4.667402226562500118e+02,-8.942799547720903774e+01
4.667405156250000005e+02,-8.933189261624326605e+01
4.667408085937499891e+02,-8.728605283556316863e+01
4.667411015625000346e+02,-9.103529857617374432e+01
4.667413945312500232e+02,-8.416258671708463623e+01
4.667416875000000118e+02,-9.051490885814673959e+01
4.667419804687500005e+02,-8.646580005639503952e+01
4.667422734374999891e+02,-8.601946642563321177e+01
4.667425664062500346e+02,-8.226578884636626299e+01
4.667428593750000232e+02,-8.366917880302128196e+01
4.667431523437500118e+02,-8.810766603812362519e+01
4.667434453125000005e+02,-9.999060513381449766e+01
4.667437382812499891e+02,-8.687515635516966483e+01
4.667440312500000346e+02,-9.318651724542655757e+01
4.667443242187500232e+02,-8.558658449928580580e+01
4.667446171875000118e+02,-8.408826974909203500e+01
4.667449101562500005e+02,-8.554249412316367795e+01
4.667452031249999891e+02,-8.428790710173947787e+01
4.667454960937500346e+02,-8.223393229971816254e+01
4.667457890625000232e+02,-8.063789008211412579e+01
4.667460820312500118e+02,-8.166882117265588192e+01
4.667463750000000005e+02,-9.612432207727471223e+01
4.667466679687499891e+02,-9.523235368949869439e+01
4.667469609375000346e+02,-8.689872316266935570e+01
4.667472539062500232e+02,-9.001677341736126436e+01
4.667475468750000118e+02,-8.006184372535327043e+01
4.667478398437500005e+02,-8.985365056622627833e+01
4.667481328124999891e+02,-8.378490178352214457e+01
4.667484257812500346e+02,-7.922295782847866974e+01
4.667487187500000232e+02,-8.107700380842901211e+01
4.667490117187500118e+02,-8.836392677842096077e+01
4.667493046875000005e+02,-8.694339786018203142e+01
4.667495976562499891e+02,-8.270906880449575738e+01
4.667498906250000346e+02,-8.525909917299478025e+01
4.667501835937500232e+02,-8.495917923786873871e+01
4.667504765625000118e+02,-8.917276399078126303e+01
4.667507695312500005e+02,-8.217849441626297846e+01
4.667510624999999891e+02,-8.827412905963288381e+01
4.667513554687500346e+02,-8.949924577896807421e+01
4.667516484375000232e+02,-8.335219376507285460e+01
4.667519414062500118e+02,-8.637278618205036196e+01
4.667522343750000005e+02,-8.075919512116756493e+01
4.667525273437499891e+02,-8.098803479321875898e+01
4.667528203125000346e+02,-9.634330861292207260e+01
4.667531132812500232e+02,-8.628440620421483231e+01
4.667534062500000118e+02,-8.216993342612504136e+01
4.667536992187500005e+02,-8.525989144783079610e+01
4.667539921874999891e+02,-8.411450512378992528e+01
4.667542851562500346e+02,-8.734464785153711830e+01
4.667545781250000232e+02,-8.906594193623317324e+01
4.667548710937500118e+02,-9.388494467940137156e+01
4.667551640625000005e+02,-9.671201256235532639e+01
4.667554570312499891e+02,-8.864041581856372432e+01
4.667557500000000346e+02,-8.897057509639601847e+01
4.667560429687500232e+02,-8.869573091292383538e+01
4.667563359375000118e+02,-8.384361237571195602e+01
4.667566289062500005e+02,-7.916258302125051216e+01
4.667569218749999891e+02,-8.543448476551007786e+01
4.667572148437500346e+02,-8.623689114769584307e+01
4.667575078125000232e+02,-8.514921818837655110e+01
4.667578007812500118e+02,-9.209829971623862832e+01
4.667580937500000005e+02,-8.601205247805610554e+01
4.667583867187499891e+02,-8.142215131319701982e+01
4.667586796875000346e+02,-7.865645811663549125e+01
4.667589726562500232e+02,-8.711982750122990637e+01
4.667592656250000118e+02,-8.887743333234143961e+01
4.667595585937500005e+02,-8.632181785779529548e+01
4.667598515624999891e+02,-8.133410360803259209e+01
4.667601445312500346e+02,-8.333807969142297623e+01
4.667604375000000232e+02,-8.463252765705675529e+01
4.667607304687500118e+02,-8.400425620840951524e+01
4.667610234375000005e+02,-9.845774955120150196e+01
4.667613164062499891e+02,-8.594213908905157950e+01
4.667616093750000346e+02,-8.477776007403389258e+01
4.667619023437500232e+02,-8.377072425026902636e+01
4.667621953125000118e+02,-8.384262790066526350e+01
4.667624882812500005e+02,-8.869848789901669761e+01
4.667627812499999891e+02,-7.991159723814112681e+01
4.667630742187500346e+02,-8.407723568470004238e+01
4.667633671875000232e+02,-8.399940165498495048e+01
4.667636601562500118e+02,-8.216481742807479804e+01
4.667639531250000005e+02,-7.950252185969547725e+01
4.667642460937499891e+02,-7.942899599043012415e+01
4.667645390625000346e+02,-9.179134065356524275e+01
4.667648320312500232e+02,-8.602408597991646388e+01
4.667651250000000118e+02,-8.360648959967318206e+01
4.667654179687500005e+02,-8.873072558388798825e+01
4.667657109374999891e+02,-8.030553672904973439e+01
4.667660039062500346e+02,-7.842924628178576540e+01
4.667662968750000232e+02,-8.366358738542815843e+01
4.667665898437500118e+02,-8.901880356588898735e+01
4.667668828125000005e+02,-8.856436180187986906e+01
4.667671757812499891e+02,-9.806875612632458683e+01
4.667674687500000346e+02,-8.803418007328426143e+01
4.667677617187500232e+02,-8.768110007491512192e+01
4.667680546875000118e+02,-8.198453067987357201e+01
4.667683476562500005e+02,-8.043182391459322389e+01
4.667686406249999891e+02,-8.222559129468208994e+01
4.667689335937500346e+02,-8.598773291256989637e+01
4.667692265625000232e+02,-8.529817826960396587e+01
4.667695195312500118e+02,-8.717732581374171730e+01
4.667698125000000005e+02,-9.359197624865500131e+01
4.667701054687499891e+02,-8.611297709503620013e+01
4.667703984375000346e+02,-7.928820134867952163e+01
4.667706914062500232e+02,-7.580271641367802715e+01
4.667709843750000118e+02,-8.053917828650141075e+01
4.667712773437500005e+02,-8.740742744390399821e+01
4.667715703124999891e+02,-8.849945600902364617e+01
4.667718632812500346e+02,-8.424981111924600441e+01
4.667721562500000232e+02,-8.562230186226659612e+01
4.667724492187500118e+02,-8.574189148864647336e+01
4.667727421875000005e+02,-8.588468941285717051e+01
4.667730351562499891e+02,-8.442143839944465356e+01
4.667733281250000346e+02,-7.886339280816309838e+01
4.667736210937500232e+02,-8.638133817114248814e+01
4.667739140625000118e+02,-8.328148940810604017e+01
4.667742070312500005e+02,-8.373809700644517307e+01
4.667744999999999891e+02,-8.962081886752982030e+01
4.667747929687500346e+02,-8.399840069545132337e+01
4.667750859375000232e+02,-8.374461134910620785e+01
4.667753789062500118e+02,-8.533985049607720441e+01
4.667756718750000005e+02,-7.951887266571321788e+01
4.667759648437499891e+02,-7.739598177716591465e+01
4.667762578125000346e+02,-8.342535146333007390e+01
4.667765507812500232e+02,-9.387744858156041516e+01
4.667768437500000118e+02,-9.143312114264588786e+01
4.667771367187500005e+02,-8.582121933342341435e+01
4.667774296874999891e+02,-8.389499910488682133e+01
4.667777226562500346e+02,-9.287440422381374105e+01
4.667780156250000232e+02,-8.741144673717838032e+01
4.667783085937500118e+02,-8.438543849238203620e+01
4.667786015625000005e+02,-8.276481007286163560e+01
4.667788945312499891e+02,-8.159072557080513377e+01
4.667791875000000346e+02,-8.474481483062801601e+01
4.667794804687500232e+02,-8.463083986274668291e+01
4.667797734375000118e+02,-8.682281117554882144e+01
4.667800664062500005e+02,-8.310088588981165003e+01
4.667803593749999891e+02,-8.480690816668834486e+01
4.667806523437500346e+02,-8.489679215513545785e+01
4.667809453125000232e+02,-8.247762177629022062e+01
4.667812382812500118e+02,-8.425579634796535800e+01
4.667815312500000005e+02,-9.038226472839595260e+01
4.667818242187499891e+02,-8.136248757293833478e+01
4.667821171875000346e+02,-8.450970178974719715e+01
4.667824101562500232e+02,-8.787604205635558685e+01
4.667827031250000118e+02,-8.931223327763419206e+01
4.667829960937500005e+02,-8.233122669470823496e+01
4.667832890624999891e+02,-8.288199148020430584e+01
4.667835820312500346e+02,-8.858011096076558033e+01
4.667838750000000232e+02,-8.212109370066303882e+01
4.667841679687500118e+02,-8.060286680845415219e+01
4.667844609375000005e+02,-8.735574334590131684e+01
4.667847539062499891e+02,-8.636388030594824272e+01
4.667850468750000346e+02,-9.311747077681518192e+01
4.667853398437500232e+02,-8.510285263961196733e+01
4.667856328125000118e+02,-8.387415646795112423e+01
4.667859257812500005e+02,-8.027758413532225745e+01
4.667862187499999891e+02,-8.008545126154680815e+01
4.667865117187500346e+02,-7.988885008842429158e+01
4.667868046875000232e+02,-8.481035533907660806e+01
4.667870976562500118e+02,-8.661695251682607477e+01
4.667873906250000005e+02,-8.209106572343570463e+01
4.667876835937499891e+02,-8.267127180706680178e+01
4.667879765625000346e+02,-8.702229339425434773e+01
4.667882695312500232e+02,-8.457500592704863607e+01
4.667885625000000118e+02,-8.109135045737097869e+01
4.667888554687500005e+02,-8.540551811353792289e+01
4.667891484374999891e+02,-9.780804114341931665e+01
4.667894414062500346e+02,-8.434083287793683326e+01
4.667897343750000232e+02,-8.409249913140349975e+01
4.667900273437500118e+02,-9.393589472747396485e+01
4.667903203125000005e+02,-8.525849330632063072e+01
4.667906132812499891e+02,-8.180919013749637259e+01
4.667909062500000346e+02,-8.997955876477718107e+01
4.667911992187500232e+02,-8.797912521123983254e+01
4.667914921875000118e+02,-8.207742508795895731e+01
4.667917851562500005e+02,-8.250690088327246485e+01
4.667920781249999891e+02,-8.248592213348928226e+01
4.667923710937500346e+02,-8.644878522270430210e+01
4.667926640625000232e+02,-9.231362906591293438e+01
4.667929570312500118e+02,-8.412341316845933648e+01
4.667932500000000005e+02,-7.752512841626617046e+01
4.667935429687499891e+02,-8.377235560690790805e+01
4.667938359375000346e+02,-8.243528784660405506e+01
4.667941289062500232e+02,-7.966544338582832552e+01
4.667944218750000118e+02,-8.400336444862439578e+01
4.667947148437500005e+02,-8.531241879891311441e+01
4.667950078124999891e+02,-8.568136141841875997e+01
4.667953007812500346e+02,-8.572936079094770889e+01
4.667955937500000232e+02,-8.788245736641762562e+01
4.667958867187500118e+02,-8.740271665205318641e+01
4.667961796875000005e+02,-8.596380408383845406e+01
4.667964726562499891e+02,-8.677581456551305905e+01
4.667967656250000346e+02,-8.538030893308058467e+01
4.667970585937500232e+02,-8.221336160404213445e+01
4.667973515625000118e+02,-8.257042588636412006e+01
4.667976445312500005e+02,-8.509229571527384905e+01
4.667979374999999891e+02,-8.475090205870954208e+01
4.667982304687500346e+02,-8.558247959676849348e+01
4.667985234375000232e+02,-8.422601209761697305e+01
4.667988164062500118e+02,-8.405429379896547459e+01
4.667991093750000005e+02,-9.065047207938290796e+01
4.667994023437499891e+02,-9.536528786666454494e+01
4.667996953125000346e+02,-8.634979648590200441e+01
4.667999882812500232e+02,-9.578203529057616095e+01
4.668002812500000118e+02,-8.177186707185667558e+01
4.668005742187500005e+02,-7.754510980046178759e+01
4.668008671874999891e+02,-7.830241882355842620e+01
4.668011601562500346e+02,-8.017575855399613260e+01
4.668014531250000232e+02,-8.324090642129488060e+01
4.668017460937500118e+02,-8.495208599388703874e+01
4.668020390625000005e+02,-8.190925134258405649e+01
4.668023320312499891e+02,-8.263911962225657248e+01
4.668026250000000346e+02,-8.507837245517217184e+01
4.668029179687500232e+02,-9.123545759718105330e+01
4.668032109375000118e+02,-1.005484147894193114e+02
4.668035039062500005e+02,-7.936142074412967418e+01
4.668037968749999891e+02,-7.736390005799827918e+01
4.668040898437500346e+02,-7.784405155760943273e+01
4.668043828125000232e+02,-8.350469846186405221e+01
4.668046757812500118e+02,-8.910011638884759577e+01
4.668049687500000005e+02,-9.109378163024595665e+01
4.668052617187499891e+02,-8.706854878386079122e+01
4.668055546875000346e+02,-8.768758071767504703e+01
4.668058476562500232e+02,-8.468322341817228960e+01
4.668061406250000118e+02,-8.943674670577665609e+01
4.668064335937500005e+02,-7.980940353894193606e+01
4.668067265624999891e+02,-8.262079022604426370e+01
4.668070195312500346e+02,-7.530820436156639630e+01
4.668073125000000232e+02,-7.616815070003373478e+01
4.668076054687500118e+02,-8.108431243150235446e+01
4.668078984375000005e+02,-8.836825790688280335e+01
4.668081914062499891e+02,-8.765296649886090563e+01
4.668084843750000346e+02,-8.300079077013853635e+01
4.668087773437500232e+02,-8.292422074871012683e+01
4.668090703125000118e+02,-9.006462574312934066e+01
4.668093632812500005e+02,-8.830241089975559987e+01
4.668096562499999891e+02,-8.711541292579175888e+01
4.668099492187500346e+02,-8.921312402752235471e+01
4.668102421875000232e+02,-8.049675605687997404e+01
4.668105351562500118e+02,-7.941472866777631623e+01
4.668108281250000005e+02,-8.553834224336188186e+01
4.668111210937499891e+02,-8.683332316801497086e+01
4.668114140625000346e+02,-9.185219079326883218e+01
4.668117070312500232e+02,-9.089636114976535453e+01
4.668120000000000118e+02,-9.723468634924542187e+01
4.668122929687500005e+02,-9.760922934028003795e+01
4.668125859374999891e+02,-8.660416923984614357e+01
4.668128789062500346e+02,-8.525322381361603163e+01
4.668131718750000232e+02,-8.786450431827502427e+01
4.668134648437500118e+02,-8.253359105673800400e+01
4.668137578125000005e+02,-7.731371304975611736e+01
4.668140507812499891e+02,-7.954609870014026285e+01
4.668143437500000346e+02,-8.748982238341784523e+01
4.668146367187500232e+02,-7.959971815274273865e+01
4.668149296875000118e+02,-7.720982993528581062e+01
4.668152226562500005e+02,-8.218600584975406775e+01
4.668155156249999891e+02,-9.271103700949458926e+01
4.668158085937500346e+02,-9.588332046274177856e+01
4.668161015625000232e+02,-8.826426738731532851e+01
4.668163945312500118e+02,-8.683114871092016074e+01
4.668166875000000005e+02,-8.411779541902377844e+01
4.668169804687499891e+02,-7.918883474653158316e+01
4.668172734375000346e+02,-8.437629364497688300e+01
4.668175664062500232e+02,-8.055614713100509050e+01
4.668178593750000118e+02,-8.393379881574523438e+01
4.668181523437500005e+02,-9.319400576980562789e+01
4.668184453124999891e+02,-8.172392605426435352e+01
4.668187382812500346e+02,-9.114369981645835139e+01
4.668190312500000232e+02,-8.352576775295410982e+01
4.668193242187500118e+02,-7.813288390061308064e+01
4.668196171875000005e+02,-7.918082451014670653e+01
4.668199101562499891e+02,-8.221697807883423081e+01
4.668202031250000346e+02,-8.851657677430236504e+01
4.668204960937500232e+02,-8.537958871484306655e+01
4.668207890625000118e+02,-8.317421358420931199e+01
4.668210820312500005e+02,-8.495924742304782740e+01
4.668213749999999891e+02,-9.688866096244494486e+01
4.668216679687500346e+02,-8.626300489431218921e+01
4.668219609375000232e+02,-9.002724710092667237e+01
4.668222539062500118e+02,-8.781763844946777908e+01
4.668225468750000005e+02,-7.907859237788620987e+01
4.668228398437499891e+02,-7.946398955427466149e+01
4.668231328125000346e+02,-8.855909922816975666e+01
4.668234257812500232e+02,-7.816906144518500810e+01
4.668237187500000118e+02,-7.776374261196752968e+01
4.668240117187500005e+02,-8.147421688406251405e+01
4.668243046874999891e+02,-8.217295929458160231e+01
4.668245976562500346e+02,-8.794412729013417618e+01
4.668248906250000232e+02,-7.896972358609949083e+01
4.668251835937500118e+02,-8.855436838320925119e+01
4.668254765625000005e+02,-9.021785612312426395e+01
4.668257695312499891e+02,-7.760654276688063646e+01
4.668260625000000346e+02,-8.464791572782490903e+01
4.668263554687500232e+02,-8.492481573369408920e+01
4.668266484375000118e+02,-7.862799231938987532e+01
4.668269414062500005e+02,-7.467918773371033581e+01
4.668272343749999891e+02,-7.647580801497709047e+01
4.668275273437500346e+02,-8.050239252191759931e+01
4.668278203125000232e+02,-8.488712887016269804e+01
4.668281132812500118e+02,-8.628605847811876117e+01
4.668284062500000005e+02,-8.063282537440953490e+01
4.668286992187499891e+02,-8.424044548403091426e+01
4.668289921875000346e+02,-8.172900732685319269e+01
4.668292851562500232e+02,-8.451078439088865935e+01
4.668295781250000118e+02,-8.290688077834828107e+01
4.668298710937500005e+02,-8.057142974713778472e+01
4.668301640624999891e+02,-8.290479637852857309e+01
4.668304570312500346e+02,-8.661459256862076472e+01
4.668307500000000232e+02,-1.074721064977248943e+02
4.668310429687500118e+02,-8.209592569042193588e+01
4.668313359375000005e+02,-7.965817266998814716e+01
4.668316289062499891e+02,-8.722206039077306627e+01
4.668319218750000346e+02,-8.055013538985049593e+01
4.668322148437500232e+02,-7.662707743879481370e+01
4.668325078125000118e+02,-7.806575785926138167e+01
4.668328007812500005e+02,-8.535888134401112382e+01
4.668330937499999891e+02,-9.237990112295233303e+01
4.668333867187500346e+02,-8.338069254795131258e+01
4.668336796875000232e+02,-8.558922898775480803e+01
4.668339726562500118e+02,-8.770268852352189981e+01
4.668342656250000005e+02,-9.056573859408868543e+01
4.668345585937499891e+02,-8.046459941282486739e+01
4.668348515625000346e+02,-8.992624832062878681e+01
4.668351445312500232e+02,-8.280224150725486254e+01
4.668354375000000118e+02,-8.866923072338275347e+01
4.668357304687500005e+02,-8.952099687062326439e+01
4.668360234374999891e+02,-9.171777366927337027e+01
4.668363164062500346e+02,-8.355092407369284047e+01
4.668366093750000232e+02,-8.723363137277206647e+01
4.668369023437500118e+02,-8.049334120342234655e+01
4.668371953125000005e+02,-8.063458585904344034e+01
4.668374882812499891e+02,-8.343455245133925757e+01
4.668377812500000346e+02,-7.901289634194907308e+01
4.668380742187500232e+02,-8.423138111588960442e+01
4.668383671875000118e+02,-8.404541571590914373e+01
4.668386601562500005e+02,-8.219824027851551307e+01
4.668389531249999891e+02,-7.887125013539373697e+01
4.668392460937500346e+02,-7.920216562608592881e+01
4.668395390625000232e+02,-8.274041297662549255e+01
4.668398320312500118e+02,-9.316822328746674486e+01
4.668401250000000005e+02,-8.115450685464961111e+01
4.668404179687499891e+02,-8.161149222982935214e+01
4.668407109375000346e+02,-8.051090019552604815e+01
4.668410039062500232e+02,-7.949065195057514188e+01
4.668412968750000118e+02,-9.047577582991684153e+01
4.668415898437500005e+02,-8.133218564184268473e+01
4.668418828124999891e+02,-8.100601554868221399e+01
4.668421757812500346e+02,-8.492645232113432030e+01
4.668424687500000232e+02,-9.148631989252302787e+01
4.668427617187500118e+02,-8.356101249509747220e+01
4.668430546875000005e+02,-7.686247406569792417e+01
4.668433476562499891e+02,-7.672410528988743295e+01
4.668436406250000346e+02,-7.928517372955765552e+01
4.668439335937500232e+02,-8.485885055749542971e+01
4.668442265625000118e+02,-8.333096043609154435e+01
4.668445195312500005e+02,-7.996393732935578669e+01
4.668448124999999891e+02,-8.654228399869809607e+01
4.668451054687500346e+02,-8.487769760156760412e+01
4.668453984375000232e+02,-8.172151398010197454e+01
4.668456914062500118e+02,-8.115767192449121126e+01
4.668459843750000005e+02,-8.443728124899200793e+01
4.668462773437499891e+02,-8.316038758828226207e+01
4.668465703125000346e+02,-8.681630027919933923e+01
4.668468632812500232e+02,-8.553505600976727408e+01
4.668471562500000118e+02,-7.626346422073838482e+01
4.668474492187500005e+02,-7.523285147909321324e+01
4.668477421874999891e+02,-7.690793646143488616e+01
4.668480351562500346e+02,-8.185889063247330455e+01
4.668483281250000232e+02,-8.063735099523040617e+01
4.668486210937500118e+02,-7.822053375233336681e+01
4.668489140625000005e+02,-8.516608700568906443e+01
4.668492070312499891e+02,-8.391197641499603321e+01
4.668495000000000346e+02,-8.604803753522431009e+01
4.668497929687500232e+02,-8.564942229070700819e+01
4.668500859375000118e+02,-8.865566521259250976e+01
4.668503789062500005e+02,-8.475362709038469688e+01
4.668506718749999891e+02,-7.629941545103362444e+01
4.668509648437500346e+02,-7.921183296150312003e+01
4.668512578125000232e+02,-8.801856197519980185e+01
4.668515507812500118e+02,-8.120138705766919429e+01
4.668518437500000005e+02,-8.331044530995271202e+01
4.668521367187499891e+02,-9.212099401262649678e+01
4.668524296875000346e+02,-8.670077274650878962e+01
4.668527226562500232e+02,-8.325334082727553664e+01
4.668530156250000118e+02,-7.942398293816849275e+01
4.668533085937500005e+02,-7.940390819496035135e+01
4.668536015624999891e+02,-7.943108604399179740e+01
4.668538945312500346e+02,-8.053562021012750449e+01
4.668541875000000232e+02,-8.318320510574025661e+01
4.668544804687500118e+02,-8.353094611010556036e+01
4.668547734375000005e+02,-8.523512314253073896e+01
4.668550664062499891e+02,-8.275691080921822618e+01
4.668553593750000346e+02,-8.085085792847756636e+01
4.668556523437500232e+02,-8.289799118261862532e+01
4.668559453125000118e+02,-9.023439713672003393e+01
4.668562382812500005e+02,-8.574465275412337917e+01
4.668565312499999891e+02,-8.364047647831429799e+01
4.668568242187500346e+02,-9.065850352141350754e+01
4.668571171875000232e+02,-9.036304200074624760e+01
4.668574101562500118e+02,-8.549369460600091486e+01
4.668577031250000005e+02,-7.955806402163774749e+01
4.668579960937499891e+02,-7.868072368781588466e+01
4.668582890625000346e+02,-8.726451953753158364e+01
4.668585820312500232e+02,-8.089455184313281677e+01
4.668588750000000118e+02,-7.708697339300647400e+01
4.668591679687500005e+02,-8.452665502301846345e+01
4.668594609374999891e+02,-8.250041859691420143e+01
4.668597539062500346e+02,-8.723921935896865421e+01
4.668600468750000232e+02,-8.340678813624992927e+01
4.668603398437500118e+02,-8.197345451553809426e+01
4.668606328125000005e+02,-9.278933474861615593e+01
4.668609257812499891e+02,-8.539985540526784291e+01
4.668612187500000346e+02,-8.168382592025187705e+01
4.668615117187500232e+02,-8.060390043003533833e+01
4.668618046875000118e+02,-8.113384169049980699e+01
4.668620976562500005e+02,-8.745016749042319759e+01
4.668623906249999891e+02,-8.691705951253427997e+01
4.668626835937500346e+02,-8.213183333526853858e+01
4.668629765625000232e+02,-8.512250925791450129e+01
4.668632695312500118e+02,-8.283894991003764119e+01
4.668635625000000005e+02,-8.333647830660645184e+01
4.668638554687499891e+02,-8.266070627311044916e+01
4.668641484375000346e+02,-8.768260397061071387e+01
4.668644414062500232e+02,-8.610219272082041186e+01
4.668647343750000118e+02,-8.815551917584009800e+01
4.668650273437500005e+02,-9.644593171054745540e+01
4.668653203124999891e+02,-8.236159399581100615e+01
4.668656132812500346e+02,-8.780625161327415640e+01
4.668659062500000232e+02,-7.993564344066498961e+01
4.668661992187500118e+02,-8.439113053947936294e+01
4.668664921875000005e+02,-8.045023510268725886e+01
4.668667851562499891e+02,-7.866875855315358024e+01
4.668670781250000346e+02,-8.349587048558564106e+01
4.668673710937500232e+02,-8.475960156061510986e+01
4.668676640625000118e+02,-8.065443212704521159e+01
4.668679570312500005e+02,-7.992218278968104528e+01
4.668682499999999891e+02,-8.230072120133823432e+01
4.668685429687500346e+02,-1.034267618587138031e+02
4.668688359375000232e+02,-8.435506051681156237e+01
4.668691289062500118e+02,-8.567553139910381788e+01
4.668694218750000005e+02,-9.576451189360311389e+01
4.668697148437499891e+02,-8.756199847850672313e+01
4.668700078125000346e+02,-9.604206501580641486e+01
4.668703007812500232e+02,-7.887329432586716393e+01
4.668705937500000118e+02,-7.770538185776995022e+01
4.668708867187500005e+02,-8.503533865695068528e+01
4.668711796874999891e+02,-9.095103761764319472e+01
4.668714726562500346e+02,-8.678745972155343225e+01
4.668717656250000232e+02,-8.282932406478869325e+01
4.668720585937500118e+02,-8.991648102083381389e+01
4.668723515625000005e+02,-8.371126543527961417e+01
4.668726445312499891e+02,-8.537931625710348271e+01
4.668729375000000346e+02,-8.363800381864705002e+01
4.668732304687500232e+02,-8.331742502683374596e+01
4.668735234375000118e+02,-8.040082744558701222e+01
4.668738164062500005e+02,-8.343874616370828790e+01
4.668741093749999891e+02,-8.272658932013449373e+01
4.668744023437500346e+02,-8.188498218638426351e+01
4.668746953125000232e+02,-8.392078874581366676e+01
4.668749882812500118e+02,-9.016430590635378906e+01
4.668752812500000005e+02,-8.534159376861123292e+01
4.668755742187499891e+02,-9.621694340676198465e+01
4.668758671875000346e+02,-8.017106716512068942e+01
4.668761601562500232e+02,-8.110633709295491656e+01
4.668764531250000118e+02,-8.737985236938862954e+01
4.668767460937500005e+02,-8.341754678492976893e+01
4.668770390624999891e+02,-8.183713607701704973e+01
4.668773320312500346e+02,-8.040630899315944191e+01
4.668776250000000232e+02,-8.675719998253049425e+01
4.668779179687500118e+02,-9.394988382053894327e+01
4.668782109375000005e+02,-8.184350444917578216e+01
4.668785039062499891e+02,-8.339643286934359878e+01
4.668787968750000346e+02,-9.027058432301373614e+01
4.668790898437500232e+02,-8.460009802097893328e+01
4.668793828125000118e+02,-8.659238507672584717e+01
4.668796757812500005e+02,-9.118505016412548514e+01
4.668799687499999891e+02,-8.031164777985475212e+01
4.668802617187500346e+02,-8.156995989456825669e+01
4.668805546875000232e+02,-8.757590463327046848e+01
4.668808476562500118e+02,-8.457567459289073497e+01
4.668811406250000005e+02,-8.666262231494719970e+01
4.668814335937499891e+02,-8.455796515403588387e+01
4.668817265625000346e+02,-8.734205422667940866e+01
4.668820195312500232e+02,-9.551059204057906982e+01
4.668823125000000118e+02,-8.858207012307445893e+01
4.668826054687500005e+02,-7.782241857190558676e+01
4.668828984374999891e+02,-7.508875819243760930e+01
4.668831914062500346e+02,-8.192774835738882189e+01
4.668834843750000232e+02,-8.810660693771218632e+01
4.668837773437500118e+02,-8.168785117685803243e+01
4.668840703125000005e+02,-8.413147995956020964e+01
4.668843632812499891e+02,-8.711989195774660288e+01
4.668846562500000346e+02,-8.334330547785984322e+01
4.668849492187500232e+02,-9.203222260877437577e+01
4.668852421875000118e+02,-8.420389585961829937e+01
4.668855351562500005e+02,-8.484018179312931807e+01
4.668858281249999891e+02,-9.433607752146858161e+01
4.668861210937500346e+02,-7.986541937687422887e+01
4.668864140625000232e+02,-8.029054342326995197e+01
4.668867070312500118e+02,-7.723431551261191430e+01
4.668870000000000005e+02,-7.697053512117760476e+01
4.668872929687499891e+02,-7.860419266634065139e+01
4.668875859375000346e+02,-8.151087258459851626e+01
4.668878789062500232e+02,-8.508823489030662302e+01
4.668881718750000118e+02,-8.431647304299536927e+01
4.668884648437500005e+02,-8.229736431942768604e+01
4.668887578124999891e+02,-9.034604203503960207e+01
4.668890507812500346e+02,-7.884576313017214488e+01
4.668893437500000232e+02,-7.620790034687361469e+01
4.668896367187500118e+02,-7.886937257381600830e+01
4.668899296875000005e+02,-8.658656547453178121e+01
4.668902226562499891e+02,-9.408281166989972633e+01
4.668905156250000346e+02,-8.457853132297540810e+01
4.668908085937500232e+02,-8.529035969835042863e+01
4.668911015625000118e+02,-8.731095758170583565e+01
4.668913945312500005e+02,-8.099252782412523288e+01
4.668916874999999891e+02,-8.206103826584227079e+01
4.668919804687500346e+02,-8.170034172637818415e+01
4.668922734375000232e+02,-9.616166854917382523e+01
4.668925664062500118e+02,-9.497677639117939918e+01
4.668928593750000005e+02,-9.265462137656658115e+01
4.668931523437499891e+02,-8.165002894053523619e+01
4.668934453125000346e+02,-8.107075264522700309e+01
4.668937382812500232e+02,-7.788887106282409434e+01
4.668940312500000118e+02,-8.148797595807778293e+01
4.668943242187500005e+02,-8.874104877409607184e+01
4.668946171874999891e+02,-8.849842392662495172e+01
4.668949101562500346e+02,-8.956826967707611686e+01
4.668952031250000232e+02,-8.800058451176946051e+01
4.668954960937500118e+02,-8.416714765737296489e+01
4.668957890625000005e+02,-8.076663981523262237e+01
4.668960820312499891e+02,-8.236328722053295337e+01
4.668963750000000346e+02,-8.201218072678929616e+01
4.668966679687500232e+02,-8.066703051026799187e+01
4.668969609375000118e+02,-8.120192012426673500e+01
4.668972539062500005e+02,-8.032425695819375733e+01
4.668975468749999891e+02,-8.028737087435617070e+01
4.668978398437500346e+02,-7.786886493717231872e+01
4.668981328125000232e+02,-7.868477032484871359e+01
4.668984257812500118e+02,-8.485500498300322647e+01
4.668987187500000005e+02,-8.657818127159798394e+01
4.668990117187499891e+02,-8.816140941574766998e+01
4.668993046875000346e+02,-1.033059343222238908e+02
4.668995976562500232e+02,-9.213149581724749737e+01
4.668998906250000118e+02,-9.326882813594933452e+01
4.669001835937500005e+02,-8.126278462382845191e+01
4.669004765624999891e+02,-8.015926016370001150e+01
4.669007695312500346e+02,-8.091508300835667455e+01
4.669010625000000232e+02,-8.280655911221074916e+01
4.669013554687500118e+02,-8.398836291122735531e+01
4.669016484375000005e+02,-8.574318564146268784e+01
4.669019414062499891e+02,-8.229874766508949335e+01
4.669022343750000346e+02,-8.233840522216982549e+01
4.669025273437500232e+02,-7.962172165479094588e+01
4.669028203125000118e+02,-8.076944624256255167e+01
4.669031132812500005e+02,-8.957661402390016292e+01
4.669034062499999891e+02,-7.895382828716947188e+01
4.669036992187500346e+02,-7.974684040522885198e+01
4.669039921875000232e+02,-8.716067532107379634e+01
4.669042851562500118e+02,-8.654568693531474821e+01
4.669045781250000005e+02,-8.575145649184990759e+01
4.669048710937499891e+02,-9.076554239102563315e+01
4.669051640625000346e+02,-8.580876651651783504e+01
4.669054570312500232e+02,-8.224322631252989879e+01
4.669057500000000118e+02,-8.321863004685104670e+01
4.669060429687500005e+02,-8.364188793020851165e+01
4.669063359374999891e+02,-9.434522819326970478e+01
4.669066289062500346e+02,-8.176092853910459723e+01
4.669069218750000232e+02,-9.097980953421071604e+01
4.669072148437500118e+02,-8.901128458303516311e+01
4.669075078125000005e+02,-8.130468764128451653e+01
4.669078007812499891e+02,-7.814680187989557680e+01
4.669080937500000346e+02,-7.788558135192886311e+01
4.669083867187500232e+02,-7.638337072058978094e+01
4.669086796875000118e+02,-7.747467425259625884e+01
4.669089726562500005e+02,-8.340443819755977017e+01
4.669092656249999891e+02,-9.419395599574507116e+01
4.669095585937500346e+02,-9.099395944880765796e+01
4.669098515625000232e+02,-8.394207776811894917e+01
4.669101445312500118e+02,-7.729914800573004641e+01
4.669104375000000005e+02,-8.497684409473527012e+01
4.669107304687499891e+02,-8.762811311665043945e+01
4.669110234375000346e+02,-8.184593185321401165e+01
4.669113164062500232e+02,-8.112660278224672084e+01
4.669116093750000118e+02,-8.501519485051625225e+01
4.669119023437500005e+02,-8.704518147711736731e+01
4.669121953124999891e+02,-9.015300683186680430e+01
4.669124882812500346e+02,-9.714454267802261711e+01
4.669127812500000232e+02,-7.867330279318979080e+01
4.669130742187500118e+02,-8.121927484676817244e+01
4.669133671875000005e+02,-9.982500725599278724e+01
4.669136601562499891e+02,-8.473113268303832513e+01
4.669139531250000346e+02,-8.488377948164620079e+01
4.669142460937500232e+02,-9.239290032457732593e+01
4.669145390625000118e+02,-8.641664260120735719e+01
4.669148320312500005e+02,-8.239290318998087059e+01
4.669151249999999891e+02,-7.999733500688782328e+01
4.669154179687500346e+02,-7.853336224074215011e+01
4.669157109375000232e+02,-8.352484789463632353e+01
4.669160039062500118e+02,-8.650106000848127508e+01
4.669162968750000005e+02,-9.636313458489348704e+01
4.669165898437499891e+02,-7.999366680573635335e+01
4.669168828125000346e+02,-8.535396131699602051e+01
4.669171757812500232e+02,-9.018832250280948415e+01
4.669174687500000118e+02,-8.723838178289665279e+01
4.669177617187500005e+02,-9.424338265349889809e+01
4.669180546874999891e+02,-7.934838293124526842e+01
4.669183476562500346e+02,-8.366409401791669609e+01
4.669186406250000232e+02,-8.195561104321672019e+01
4.669189335937500118e+02,-8.716854326339857550e+01
4.669192265625000005e+02,-8.404298467107255988e+01
4.669195195312499891e+02,-8.679258623476970058e+01
4.669198125000000346e+02,-9.131298216376414700e+01
4.669201054687500232e+02,-8.624732789123918053e+01
4.669203984375000118e+02,-1.020782139718688484e+02
4.669206914062500005e+02,-8.472107718589931835e+01
4.669209843749999891e+02,-8.914179178926885072e+01
4.669212773437500346e+02,-8.569702263721943325e+01
4.669215703125000232e+02,-8.127133264777776844e+01
4.669218632812500118e+02,-8.006250844602772077e+01
4.669221562500000005e+02,-7.961803210726837676e+01
4.669224492187499891e+02,-8.048681981424023490e+01
4.669227421875000346e+02,-9.080395933042035495e+01
4.669230351562500232e+02,-8.073002511124624903e+01
4.669233281250000118e+02,-7.893540199249004274e+01
4.669236210937500005e+02,-8.933530227653068323e+01
4.669239140624999891e+02,-8.282777969758937786e+01
4.669242070312500346e+02,-8.433730459116904399e+01
4.669245000000000232e+02,-7.826321623684879114e+01
4.669247929687500118e+02,-8.334644588868231097e+01
4.669250859375000005e+02,-8.687866897629260166e+01
4.669253789062499891e+02,-8.883887155036761385e+01
4.669256718750000346e+02,-1.017000169895756869e+02
4.669259648437500232e+02,-9.567595888467322141e+01
4.669262578125000118e+02,-8.148495244179773067e+01
4.669265507812500005e+02,-7.796065911012468064e+01
4.669268437499999891e+02,-8.140576755979455470e+01
4.669271367187500346e+02,-7.991440705166749581e+01
4.669274296875000232e+02,-8.472348727051324602e+01
4.669277226562500118e+02,-8.050009637018492015e+01
4.669280156250000005e+02,-8.114172266148906942e+01
4.669283085937499891e+02,-8.965294171501298592e+01
4.669286015625000346e+02,-8.110345123408697532e+01
4.669288945312500232e+02,-8.106886348284700716e+01
4.669291875000000118e+02,-9.324570022966611305e+01
4.669294804687500005e+02,-8.556094383075469523e+01
4.669297734374999891e+02,-8.288181348733388631e+01
4.669300664062500346e+02,-8.706592139398382812e+01
4.669303593750000232e+02,-9.220203111132830998e+01
4.669306523437500118e+02,-7.844385591792681112e+01
4.669309453125000005e+02,-7.630661751847470953e+01
4.669312382812499891e+02,-8.149445618867358121e+01
4.669315312500000346e+02,-8.294013500345502621e+01
4.669318242187500232e+02,-8.964919120694132459e+01
4.669321171875000118e+02,-9.001785646396798768e+01
4.669324101562500005e+02,-9.350032066737753667e+01
4.669327031249999891e+02,-8.961300160936814052e+01
4.669329960937500346e+02,-8.917350319613626652e+01
4.669332890625000232e+02,-8.334620710245411601e+01
4.669335820312500118e+02,-8.227703735375266092e+01
4.669338750000000005e+02,-9.017239010046438352e+01
4.669341679687499891e+02,-8.220116068597968706e+01
4.669344609375000346e+02,-8.461507604039124431e+01
4.669347539062500232e+02,-8.954340114472648793e+01
4.669350468750000118e+02,-8.782773619660682130e+01
4.669353398437500005e+02,-7.943332535682900186e+01
4.669356328124999891e+02,-8.286626461006031263e+01
4.669359257812500346e+02,-9.113969900035849037e+01
4.669362187500000232e+02,-8.424649268997680451e+01
4.669365117187500118e+02,-8.749323643621592339e+01
4.669368046875000005e+02,-9.806333384959955879e+01
4.669370976562499891e+02,-8.142164928675485669e+01
4.669373906250000346e+02,-7.674840819915579004e+01
4.669376835937500232e+02,-7.656822601944955409e+01
4.669379765625000118e+02,-7.742659848493126162e+01
4.669382695312500005e+02,-8.122403210310694988e+01
4.669385624999999891e+02,-8.865963203944269821e+01
4.669388554687500346e+02,-7.810852855452813515e+01
4.669391484375000232e+02,-7.867529533959498167e+01
4.669394414062500118e+02,-8.107636425017022930e+01
4.669397343750000005e+02,-8.743599788321483857e+01
4.669400273437499891e+02,-8.464820942386259617e+01
4.669403203125000346e+02,-8.549770071935176929e+01
4.669406132812500232e+02,-8.579252696736865857e+01
4.669409062500000118e+02,-7.830446493382513040e+01
4.669411992187500005e+02,-7.976753056300634626e+01
4.669414921874999891e+02,-8.392396710007135141e+01
4.669417851562500346e+02,-8.142143983462533186e+01
4.669420781250000232e+02,-8.652039335293819988e+01
4.669423710937500118e+02,-8.698967003032652201e+01
4.669426640625000005e+02,-8.361832752587966411e+01
4.669429570312499891e+02,-8.383450541299573899e+01
4.669432500000000346e+02,-8.073154975138814393e+01
4.669435429687500232e+02,-8.317062975779244027e+01
4.669438359375000118e+02,-8.647881900758414986e+01
4.669441289062500005e+02,-9.511286445279492341e+01
4.669444218749999891e+02,-9.591326852995933905e+01
4.669447148437500346e+02,-8.886840368953819791e+01
4.669450078125000232e+02,-8.689275999993007815e+01
4.669453007812500118e+02,-8.982736712060697926e+01
4.669455937500000005e+02,-8.074144800381377252e+01
4.669458867187499891e+02,-8.137643282061092975e+01
4.669461796875000346e+02,-8.966149205690994961e+01
4.669464726562500232e+02,-8.401998522786348644e+01
4.669467656250000118e+02,-8.020610354150426247e+01
4.669470585937500005e+02,-9.257154176228414144e+01
4.669473515624999891e+02,-8.104802481515527290e+01
4.669476445312500346e+02,-8.448699673620350836e+01
4.669479375000000232e+02,-8.295672083754647019e+01
4.669482304687500118e+02,-7.665483355610464855e+01
4.669485234375000005e+02,-7.759382499658717336e+01
4.669488164062499891e+02,-8.401996906760700767e+01
4.669491093750000346e+02,-8.205566841746178852e+01
4.669494023437500232e+02,-9.273894668011794806e+01
4.669496953125000118e+02,-8.170663325992509840e+01
4.669499882812500005e+02,-8.419611421259619988e+01
4.669502812499999891e+02,-9.112943274139674088e+01
4.669505742187500346e+02,-9.178451777861589278e+01
4.669508671875000232e+02,-8.985278761824817195e+01
4.669511601562500118e+02,-8.763844917479866581e+01
4.669514531250000005e+02,-8.324674938429447479e+01
4.669517460937499891e+02,-8.155260055607008951e+01
4.669520390625000346e+02,-7.806600666699040403e+01
4.669523320312500232e+02,-7.576742318189357661e+01
4.669526250000000118e+02,-8.145085493771773599e+01
4.669529179687500005e+02,-9.728462539755850003e+01
4.669532109374999891e+02,-9.500552659829759250e+01
4.669535039062500346e+02,-8.546194192886471797e+01
4.669537968750000232e+02,-8.063492089350569358e+01
4.669540898437500118e+02,-7.773836130965437974e+01
4.669543828125000005e+02,-8.149247323430195422e+01
4.669546757812499891e+02,-8.675416910171747986e+01
4.669549687500000346e+02,-8.731701201122552902e+01
4.669552617187500232e+02,-8.160085780367323594e+01
4.669555546875000118e+02,-8.198619182014320472e+01
4.669558476562500005e+02,-7.787961425007907224e+01
4.669561406249999891e+02,-7.932609396514865807e+01
4.669564335937500346e+02,-8.223138944920896165e+01
4.669567265625000232e+02,-8.039364386757131342e+01
4.669570195312500118e+02,-7.972459819089566224e+01
4.669573125000000005e+02,-8.988023840501993789e+01
4.669576054687499891e+02,-8.305479823039314624e+01
4.669578984375000346e+02,-8.340290041847096347e+01
4.669581914062500232e+02,-8.835011111087730740e+01
4.669584843750000118e+02,-7.962299632163296792e+01
4.669587773437500005e+02,-7.715884803960489080e+01
4.669590703124999891e+02,-8.116860219319988801e+01
4.669593632812500346e+02,-8.342200552322212559e+01
4.669596562500000232e+02,-8.206397595352399321e+01
4.669599492187500118e+02,-9.708274623732532405e+01
4.669602421875000005e+02,-7.882482145701119691e+01
4.669605351562499891e+02,-8.305307200513681209e+01
4.669608281250000346e+02,-8.117860204239626398e+01
4.669611210937500232e+02,-7.780046048648746648e+01
4.669614140625000118e+02,-7.779958103265326486e+01
4.669617070312500005e+02,-7.934803855313722920e+01
4.669619999999999891e+02,-8.173391568436976229e+01
4.669622929687500346e+02,-7.923204472550942512e+01
4.669625859375000232e+02,-8.531579814917444082e+01
4.669628789062500118e+02,-8.203664927762275738e+01
4.669631718750000005e+02,-7.805272649884801694e+01
4.669634648437499891e+02,-8.503423773599607216e+01
4.669637578125000346e+02,-8.960139960661535952e+01
4.669640507812500232e+02,-8.325719239266076954e+01
4.669643437500000118e+02,-8.084977268492407632e+01
4.669646367187500005e+02,-7.904608329288248569e+01
4.669649296874999891e+02,-7.810794842268465743e+01
4.669652226562500346e+02,-7.609807719131856629e+01
4.669655156250000232e+02,-7.875928214379102599e+01
4.669658085937500118e+02,-8.055408772001337070e+01
4.669661015625000005e+02,-8.334234051263847221e+01
4.669663945312499891e+02,-8.548847728933458257e+01
4.669666875000000346e+02,-7.970284882836624263e+01
4.669669804687500232e+02,-7.768732427739712421e+01
4.669672734375000118e+02,-7.950763842784117230e+01
4.669675664062500005e+02,-8.176547593749057796e+01
4.669678593749999891e+02,-8.264828616216733792e+01
4.669681523437500346e+02,-8.346478306704973704e+01
4.669684453125000232e+02,-8.107946603897836724e+01
4.669687382812500118e+02,-8.944982957094937603e+01
4.669690312500000005e+02,-8.444036874097386658e+01
4.669693242187499891e+02,-8.175024387201189313e+01
4.669696171875000346e+02,-7.806618723529601311e+01
4.669699101562500232e+02,-8.199153721816651341e+01
4.669702031250000118e+02,-8.859093816374964092e+01
4.669704960937500005e+02,-9.328439091612295897e+01
4.669707890624999891e+02,-8.338855138052866778e+01
4.669710820312500346e+02,-8.030272912941002517e+01
4.669713750000000232e+02,-9.433063925801702965e+01
4.669716679687500118e+02,-8.231383216158980076e+01
4.669719609375000005e+02,-8.627589474963775729e+01
4.669722539062499891e+02,-7.556466199938186890e+01
4.669725468750000346e+02,-7.786676062070458215e+01
4.669728398437500232e+02,-7.999576202832716376e+01
4.669731328125000118e+02,-9.636534527774821868e+01
4.669734257812500005e+02,-9.298172762762682453e+01
4.669737187499999891e+02,-8.451421206478650561e+01
4.669740117187500346e+02,-8.044561041139553481e+01
4.669743046875000232e+02,-9.206062203826101609e+01
4.669745976562500118e+02,-7.397347368287091740e+01
4.669748906250000005e+02,-7.605225810929270835e+01
4.669751835937499891e+02,-7.606182753581701661e+01
4.669754765625000346e+02,-7.992695197982492061e+01
4.669757695312500232e+02,-7.944812864403780850e+01
4.669760625000000118e+02,-8.875273434289388774e+01
4.669763554687500005e+02,-8.072860180129922014e+01
4.669766484374999891e+02,-8.116584363208880859e+01
4.669769414062500346e+02,-7.540336587863724560e+01
4.669772343750000232e+02,-7.565718340114312923e+01
4.669775273437500118e+02,-8.203454262149661247e+01
4.669778203125000005e+02,-9.961184818698897914e+01
4.669781132812499891e+02,-8.287059464639682460e+01
4.669784062500000346e+02,-7.821574350053018065e+01
4.669786992187500232e+02,-8.048104055594873785e+01
4.669789921875000118e+02,-8.334740268591419010e+01
4.669792851562500005e+02,-8.066085797911016186e+01
4.669795781249999891e+02,-8.557384891107162161e+01
4.669798710937500346e+02,-8.291291719506453717e+01
4.669801640625000232e+02,-7.771222706821929194e+01
4.669804570312500118e+02,-7.679115067547675721e+01
4.669807500000000005e+02,-7.698263540904878255e+01
4.669810429687499891e+02,-7.478815638503139951e+01
4.669813359375000346e+02,-7.457965910737456738e+01
4.669816289062500232e+02,-8.450263365160758156e+01
4.669819218750000118e+02,-8.819968728112996814e+01
4.669822148437500005e+02,-8.474834108804890320e+01
4.669825078124999891e+02,-7.774302898557021990e+01
4.669828007812500346e+02,-7.681116254492170015e+01
4.669830937500000232e+02,-8.069390401914449740e+01
4.669833867187500118e+02,-8.156360827730752305e+01
4.669836796875000005e+02,-7.942085359705228598e+01
4.669839726562499891e+02,-8.064210635882174927e+01
4.669842656250000346e+02,-8.152676605819809197e+01
4.669845585937500232e+02,-7.511298199640437190e+01
4.669848515625000118e+02,-7.813275961033484407e+01
4.669851445312500005e+02,-8.320404494368585802e+01
4.669854374999999891e+02,-9.157137967862162498e+01
4.669857304687500346e+02,-8.944382710428078553e+01
4.669860234375000232e+02,-8.409837402572031806e+01
4.669863164062500118e+02,-8.580160781402437919e+01
4.669866093750000005e+02,-8.868857308385052818e+01
4.669869023437499891e+02,-8.076061711467326631e+01
4.669871953125000346e+02,-9.000514986587117505e+01
4.669874882812500232e+02,-7.986916756355125813e+01
4.669877812500000118e+02,-7.881007154988756724e+01
4.669880742187500005e+02,-7.857047336395689285e+01
4.669883671874999891e+02,-8.500520465934265246e+01
4.669886601562500346e+02,-8.646291301449036837e+01
4.669889531250000232e+02,-8.209164219811505347e+01
4.669892460937500118e+02,-7.637536347704612183e+01
4.669895390625000005e+02,-8.025273758195373830e+01
4.669898320312499891e+02,-8.501158670094039849e+01
4.669901250000000346e+02,-8.538106487066090722e+01
4.669904179687500232e+02,-8.646142943501017442e+01
4.669907109375000118e+02,-8.795872907317138356e+01
4.669910039062500005e+02,-9.525296909907413578e+01
4.669912968749999891e+02,-8.293839045836277535e+01
4.669915898437500346e+02,-7.997690059488989789e+01
4.669918828125000232e+02,-8.120424349558760468e+01
4.669921757812500118e+02,-7.703116048009177064e+01
4.669924687500000005e+02,-7.799950486117199944e+01
4.669927617187499891e+02,-8.539286114403964234e+01
4.669930546875000346e+02,-8.872124656385663855e+01
4.669933476562500232e+02,-8.157098697635962026e+01
4.669936406250000118e+02,-8.879660001537379799e+01
4.669939335937500005e+02,-8.186374969236383947e+01
4.669942265624999891e+02,-8.702071802473454909e+01
4.669945195312500346e+02,-8.380722320208812448e+01
4.669948125000000232e+02,-8.205555571692858052e+01
4.669951054687500118e+02,-9.122094574945295165e+01
4.669953984375000005e+02,-8.780136695359317400e+01
4.669956914062499891e+02,-7.977378475013887282e+01
4.669959843750000346e+02,-8.328994772123094492e+01
4.669962773437500232e+02,-9.781781539992732633e+01
4.669965703125000118e+02,-8.846458625766766204e+01
4.669968632812500005e+02,-8.215763417465210239e+01
4.669971562499999891e+02,-8.571036172304600598e+01
4.669974492187500346e+02,-8.436677128440405227e+01
4.669977421875000232e+02,-8.248411646619427984e+01
4.669980351562500118e+02,-8.352515712212843368e+01
4.669983281250000005e+02,-9.217398701400188088e+01
4.669986210937499891e+02,-1.017823763353297579e+02
4.669989140625000346e+02,-9.661713254263490569e+01
4.669992070312500232e+02,-8.215746225465450436e+01
4.669995000000000118e+02,-8.127208932945924857e+01
4.669997929687500005e+02,-8.189534543201601480e+01
4.670000859374999891e+02,-8.289657848791665629e+01
4.670003789062500346e+02,-8.001059831352209528e+01
4.670006718750000232e+02,-7.867311984854953266e+01
4.670009648437500118e+02,-7.968522303550555819e+01
4.670012578125000005e+02,-8.334798708778684784e+01
4.670015507812499891e+02,-8.248005785929061062e+01
4.670018437500000346e+02,-8.935740716089212299e+01
4.670021367187500232e+02,-8.402399835684578022e+01
4.670024296875000118e+02,-8.064024941358727006e+01
4.670027226562500005e+02,-8.308459302194883378e+01
4.670030156249999891e+02,-8.066610183074342899e+01
4.670033085937500346e+02,-8.798067808409314239e+01
4.670036015625000232e+02,-8.182297016637397746e+01
4.670038945312500118e+02,-7.757851519090307590e+01
4.670041875000000005e+02,-8.575110858474192810e+01
4.670044804687499891e+02,-8.586226417116438370e+01
4.670047734375000346e+02,-8.690884524832826230e+01
4.670050664062500232e+02,-7.967152233151256269e+01
4.670053593750000118e+02,-8.168569591448103040e+01
4.670056523437500005e+02,-8.685932327822467869e+01
4.670059453124999891e+02,-7.997965392375255078e+01
4.670062382812500346e+02,-8.364673613452455925e+01
4.670065312500000232e+02,-8.743737204455102585e+01
4.670068242187500118e+02,-8.748193148440920197e+01
4.670071171875000005e+02,-8.079996651702906263e+01
4.670074101562499891e+02,-8.143415332873446744e+01
4.670077031250000346e+02,-8.507970669744594261e+01
4.670079960937500232e+02,-8.260839044560951550e+01
4.670082890625000118e+02,-8.138375569333902604e+01
4.670085820312500005e+02,-8.350391014919502197e+01
4.670088749999999891e+02,-7.776333618754560462e+01
4.670091679687500346e+02,-8.207231754552786640e+01
4.670094609375000232e+02,-8.370923292435827534e+01
4.670097539062500118e+02,-9.279595429598154510e+01
4.670100468750000005e+02,-8.691345807162920778e+01
4.670103398437499891e+02,-8.202805376510988822e+01
4.670106328125000346e+02,-8.448611164064310231e+01
4.670109257812500232e+02,-9.131951740392317163e+01
4.670112187500000118e+02,-8.733484737471778203e+01
4.670115117187500005e+02,-8.502730355871521795e+01
4.670118046874999891e+02,-8.274596275600654849e+01
4.670120976562500346e+02,-7.895627646961199275e+01
4.670123906250000232e+02,-7.651755788211653453e+01
4.670126835937500118e+02,-7.964487091400695817e+01
4.670129765625000005e+02,-7.565068949940086895e+01
4.670132695312499891e+02,-7.654169196258727936e+01
4.670135625000000346e+02,-8.075846656667017953e+01
4.670138554687500232e+02,-8.375572838066156578e+01
4.670141484375000118e+02,-8.557448570970683477e+01
4.670144414062500005e+02,-8.200180585788544363e+01
4.670147343749999891e+02,-7.920310748075827689e+01
4.670150273437500346e+02,-8.385846376886564713e+01
4.670153203125000232e+02,-7.914334418186433595e+01
4.670156132812500118e+02,-9.662914772939812735e+01
4.670159062500000005e+02,-9.128773081536708389e+01
4.670161992187499891e+02,-8.424453236747487495e+01
4.670164921875000346e+02,-8.129031327215061253e+01
4.670167851562500232e+02,-8.681635039846193536e+01
4.670170781250000118e+02,-8.525411665181570697e+01
4.670173710937500005e+02,-7.938792025781428663e+01
4.670176640624999891e+02,-8.575832258070118996e+01
4.670179570312500346e+02,-7.816776777240161778e+01
4.670182500000000232e+02,-7.497237277063827321e+01
4.670185429687500118e+02,-7.820715579958113040e+01
4.670188359375000005e+02,-7.653622987779513664e+01
4.670191289062499891e+02,-7.565756882743309575e+01
4.670194218750000346e+02,-7.854823701958505922e+01
4.670197148437500232e+02,-1.022599220565572580e+02
4.670200078125000118e+02,-8.060266253207592513e+01
4.670203007812500005e+02,-7.987692448156423097e+01
4.670205937499999891e+02,-9.381633896794420480e+01
4.670208867187500346e+02,-7.968269713447364211e+01
4.670211796875000232e+02,-8.124058212514270849e+01
4.670214726562500118e+02,-9.761746529932671024e+01
4.670217656250000005e+02,-7.833504748659284189e+01
4.670220585937499891e+02,-7.338111266693937296e+01
4.670223515625000346e+02,-7.889749413987502180e+01
4.670226445312500232e+02,-9.184635818241292782e+01
4.670229375000000118e+02,-8.358758733446158828e+01
4.670232304687500005e+02,-7.756383921264804826e+01
4.670235234374999891e+02,-7.613335847961567993e+01
4.670238164062500346e+02,-7.999910916827256813e+01
4.670241093750000232e+02,-7.932741804977351308e+01
4.670244023437500118e+02,-7.855674730514951420e+01
4.670246953125000005e+02,-7.896858589227755942e+01
4.670249882812499891e+02,-8.481527044353046563e+01
4.670252812500000346e+02,-8.458574290214542657e+01
4.670255742187500232e+02,-7.667902068495712342e+01
4.670258671875000118e+02,-9.069326193931479452e+01
4.670261601562500005e+02,-7.950492523689439395e+01
4.670264531249999891e+02,-7.904263244326929794e+01
4.670267460937500346e+02,-8.092997314376306406e+01
4.670270390625000232e+02,-8.109707009560213464e+01
4.670273320312500118e+02,-8.092996274086021913e+01
4.670276250000000005e+02,-7.967325779994118307e+01
4.670279179687499891e+02,-8.245149335619794329e+01
4.670282109375000346e+02,-9.770602921137327712e+01
4.670285039062500232e+02,-8.079365109556064795e+01
4.670287968750000118e+02,-8.675174895171474532e+01
4.670290898437500005e+02,-9.068500395327502872e+01
4.670293828124999891e+02,-9.813855432008364232e+01
4.670296757812500346e+02,-9.066762060397486778e+01
4.670299687500000232e+02,-8.786906046492237010e+01
4.670302617187500118e+02,-8.507796588329134124e+01
4.670305546875000005e+02,-8.934788195168303560e+01
4.670308476562499891e+02,-7.837535562555702029e+01
4.670311406250000346e+02,-7.607300748895347908e+01
4.670314335937500232e+02,-7.817489418933392642e+01
4.670317265625000118e+02,-8.156804924302139170e+01
4.670320195312500005e+02,-9.202467127265327917e+01
4.670323124999999891e+02,-8.332236536792366621e+01
4.670326054687500346e+02,-7.855752914472886062e+01
4.670328984375000232e+02,-7.876565801069109796e+01
4.670331914062500118e+02,-8.143566832611311668e+01
4.670334843750000005e+02,-8.471881515598636270e+01
4.670337773437499891e+02,-8.454081725181511331e+01
4.670340703125000346e+02,-8.971907921304105571e+01
4.670343632812500232e+02,-8.782027766281822778e+01
4.670346562500000118e+02,-8.097552891184589896e+01
4.670349492187500005e+02,-8.100543781863609638e+01
4.670352421874999891e+02,-7.996452673054696447e+01
4.670355351562500346e+02,-7.662252047419491419e+01
4.670358281250000232e+02,-7.805637598216873130e+01
4.670361210937500118e+02,-8.589308071619412033e+01
4.670364140625000005e+02,-8.488317534510832729e+01
4.670367070312499891e+02,-8.044282170488347106e+01
4.670370000000000346e+02,-8.773087633849875999e+01
4.670372929687500232e+02,-7.957417434253596866e+01
4.670375859375000118e+02,-8.470672069204324828e+01
4.670378789062500005e+02,-8.957858831684023926e+01
4.670381718749999891e+02,-8.687898503274652739e+01
4.670384648437500346e+02,-8.475137523873087275e+01
4.670387578125000232e+02,-8.932829625722365563e+01
4.670390507812500118e+02,-8.214262004335211032e+01
4.670393437500000005e+02,-8.508345762344183072e+01
4.670396367187499891e+02,-8.337946879211442308e+01
4.670399296875000346e+02,-7.767777243446647617e+01
4.670402226562500232e+02,-8.280455427198218388e+01
4.670405156250000118e+02,-9.153293130551189449e+01
4.670408085937500005e+02,-8.722593003264105960e+01
4.670411015624999891e+02,-8.270874706361038875e+01
4.670413945312500346e+02,-8.624205665419408717e+01
4.670416875000000232e+02,-8.331208346506615214e+01
4.670419804687500118e+02,-8.319923860714234820e+01
4.670422734375000005e+02,-8.514245507472651298e+01
4.670425664062499891e+02,-8.870726908046846404e+01
4.670428593750000346e+02,-8.945059339677845855e+01
4.670431523437500232e+02,-9.712635786038157448e+01
4.670434453125000118e+02,-9.173855473649143732e+01
4.670437382812500005e+02,-9.786998772320826845e+01
4.670440312499999891e+02,-8.170833771186848082e+01
4.670443242187500346e+02,-8.156108771626895759e+01
4.670446171875000232e+02,-8.324043934660204513e+01
4.670449101562500118e+02,-8.142892737697935956e+01
4.670452031250000005e+02,-9.325449103534111828e+01
4.670454960937499891e+02,-8.965034722782488075e+01
4.670457890625000346e+02,-9.232265600462064015e+01
4.670460820312500232e+02,-8.412495463488342295e+01
4.670463750000000118e+02,-7.913401166144468846e+01
4.670466679687500005e+02,-8.443657215228063251e+01
4.670469609374999891e+02,-8.934058436158315430e+01
4.670472539062500346e+02,-8.159372607356598905e+01
4.670475468750000232e+02,-8.523226905436759182e+01
4.670478398437500118e+02,-8.144780194534745021e+01
4.670481328125000005e+02,-8.150908104355823980e+01
4.670484257812499891e+02,-8.191813829191319485e+01
4.670487187500000346e+02,-7.811636909212646174e+01
4.670490117187500232e+02,-8.144869958130441034e+01
4.670493046875000118e+02,-8.222405859634476144e+01
4.670495976562500005e+02,-8.063738052198596051e+01
4.670498906249999891e+02,-9.527141237501787430e+01
4.670501835937500346e+02,-8.411411972730910236e+01
4.670504765625000232e+02,-9.742229865398002175e+01
4.670507695312500118e+02,-9.326364812830613005e+01
4.670510625000000005e+02,-8.249782065457227986e+01
4.670513554687499891e+02,-7.956405491868935087e+01
4.670516484375000346e+02,-8.186312916568047626e+01
4.670519414062500232e+02,-8.534604696098269017e+01
4.670522343750000118e+02,-9.953150497799087759e+01
4.670525273437500005e+02,-9.542075277569139757e+01
4.670528203124999891e+02,-8.010800061931327321e+01
4.670531132812500346e+02,-7.950545198009507430e+01
4.670534062500000232e+02,-9.227278514234322415e+01
4.670536992187500118e+02,-9.530630030639926531e+01
4.670539921875000005e+02,-8.587688329271952625e+01
4.670542851562499891e+02,-9.723265457047608606e+01
4.670545781250000346e+02,-8.381946432290824589e+01
4.670548710937500232e+02,-8.148713169404437906e+01
4.670551640625000118e+02,-8.028664249317597523e+01
4.670554570312500005e+02,-8.367654828987880933e+01
4.670557499999999891e+02,-1.019774605402986225e+02
4.670560429687500346e+02,-8.639023014377838194e+01
4.670563359375000232e+02,-9.141332040222980027e+01
4.670566289062500118e+02,-7.886261483132342676e+01
4.670569218750000005e+02,-7.747613710726398040e+01
4.670572148437499891e+02,-9.080295206979187128e+01
4.670575078125000346e+02,-8.462098220930749903e+01
4.670578007812500232e+02,-8.431261862574766042e+01
4.670580937500000118e+02,-7.917610995789219430e+01
4.670583867187500005e+02,-8.207607035591976796e+01
4.670586796874999891e+02,-9.301913970078835803e+01
4.670589726562500346e+02,-8.137085767317739737e+01
4.670592656250000232e+02,-8.489111648133837207e+01
4.670595585937500118e+02,-7.842050629361631309e+01
4.670598515625000005e+02,-8.100599744272349767e+01
4.670601445312499891e+02,-8.624092373696045399e+01
4.670604375000000346e+02,-8.378411570733005931e+01
4.670607304687500232e+02,-8.139273075712810623e+01
4.670610234375000118e+02,-7.829102086090763635e+01
4.670613164062500005e+02,-8.025744711788773600e+01
4.670616093749999891e+02,-7.816275233880912765e+01
4.670619023437500346e+02,-7.950529307053101036e+01
4.670621953125000232e+02,-9.368106057828150313e+01
4.670624882812500118e+02,-7.980133585287396158e+01
4.670627812500000005e+02,-7.687230515975178946e+01
4.670630742187499891e+02,-8.127563084000291838e+01
4.670633671875000346e+02,-8.445485458356742470e+01
4.670636601562500232e+02,-7.933699461146544252e+01
4.670639531250000118e+02,-7.604908073293071880e+01
4.670642460937500005e+02,-7.759318384700435445e+01
4.670645390624999891e+02,-8.258922734934641596e+01
4.670648320312500346e+02,-8.274061686404130000e+01
4.670651250000000232e+02,-7.990801943967076681e+01
4.670654179687500118e+02,-9.394769374100448545e+01
4.670657109375000005e+02,-7.994165815236728179e+01
4.670660039062499891e+02,-7.907746172173065702e+01
4.670662968750000346e+02,-9.498114117159445868e+01
4.670665898437500232e+02,-8.307114135528888710e+01
4.670668828125000118e+02,-7.837330564741138517e+01
4.670671757812500005e+02,-7.994580028849276232e+01
4.670674687499999891e+02,-8.333502960518583791e+01
4.670677617187500346e+02,-8.683625381222424267e+01
4.670680546875000232e+02,-8.132819040460644544e+01
4.670683476562500118e+02,-7.642690292632403271e+01
4.670686406250000005e+02,-8.677222760738968077e+01
4.670689335937499891e+02,-9.018071700679666947e+01
4.670692265625000346e+02,-7.649571600562032359e+01
4.670695195312500232e+02,-7.802705325047423912e+01
4.670698125000000118e+02,-8.567340776920036660e+01
4.670701054687500005e+02,-8.469011172693018352e+01
4.670703984374999891e+02,-7.902989383642758980e+01
4.670706914062500346e+02,-8.002626101210572074e+01
4.670709843750000232e+02,-8.607438432916288207e+01
4.670712773437500118e+02,-8.734072558185036428e+01
4.670715703125000005e+02,-8.130096263446685612e+01
4.670718632812499891e+02,-9.115683766637326357e+01
4.670721562500000346e+02,-8.355158879311196074e+01
4.670724492187500232e+02,-7.646126573189562237e+01
4.670727421875000118e+02,-7.729806900649654722e+01
4.670730351562500005e+02,-8.497610221195262170e+01
4.670733281249999891e+02,-7.980322518448676306e+01
4.670736210937500346e+02,-8.400264255505382494e+01
4.670739140625000232e+02,-7.838739349275526536e+01
4.670742070312500118e+02,-7.946494983487187369e+01
4.670745000000000005e+02,-8.226500652136948588e+01
4.670747929687499891e+02,-7.980571823478398130e+01
4.670750859375000346e+02,-8.024260423305986478e+01
4.670753789062500232e+02,-8.124264493709378598e+01
4.670756718750000118e+02,-8.175613613998898188e+01
4.670759648437500005e+02,-8.481447362339699225e+01
4.670762578124999891e+02,-7.626208206554626656e+01
4.670765507812500346e+02,-7.635521312557638396e+01
4.670768437500000232e+02,-8.753296864537064437e+01
4.670771367187500118e+02,-8.638112931213632351e+01
4.670774296875000005e+02,-8.237754971689287231e+01
4.670777226562499891e+02,-8.594648554347445213e+01
4.670780156250000346e+02,-8.200050453158431196e+01
4.670783085937500232e+02,-7.824968039462748948e+01
4.670786015625000118e+02,-7.721071969667022472e+01
4.670788945312500005e+02,-7.791136761169613578e+01
4.670791874999999891e+02,-9.112185690844439989e+01
4.670794804687500346e+02,-8.758610304434384375e+01
4.670797734375000232e+02,-7.734893880500766272e+01
4.670800664062500118e+02,-7.499731526946698068e+01
4.670803593750000005e+02,-7.835686015928797588e+01
4.670806523437499891e+02,-8.137221474047416336e+01
4.670809453125000346e+02,-8.599469177277471488e+01
4.670812382812500232e+02,-8.106181664582962298e+01
4.670815312500000118e+02,-8.867968033116309812e+01
4.670818242187500005e+02,-8.089138741463770543e+01
4.670821171874999891e+02,-9.743076881190302174e+01
4.670824101562500346e+02,-8.716153143292245886e+01
4.670827031250000232e+02,-8.689505010149106567e+01
4.670829960937500118e+02,-8.055019572972662445e+01
4.670832890625000005e+02,-8.458550273542948617e+01
4.670835820312499891e+02,-8.668562213691735963e+01
4.670838750000000346e+02,-9.386856729922843101e+01
4.670841679687500232e+02,-7.844863372635622056e+01
4.670844609375000118e+02,-8.134410727054074641e+01
4.670847539062500005e+02,-7.731188300967586713e+01
4.670850468749999891e+02,-7.686823948404440898e+01
4.670853398437500346e+02,-7.520994728370084204e+01
4.670856328125000232e+02,-7.361112195164784566e+01
4.670859257812500118e+02,-7.490983264094509764e+01
4.670862187500000005e+02,-7.985154834063109774e+01
4.670865117187499891e+02,-7.771807133058479167e+01
4.670868046875000346e+02,-9.491598414231521019e+01
4.670870976562500232e+02,-8.363805686983872079e+01
4.670873906250000118e+02,-7.764344650537944403e+01
4.670876835937500005e+02,-7.519295111172543500e+01
4.670879765624999891e+02,-8.428410287595679051e+01
4.670882695312500346e+02,-7.896654460702079348e+01
4.670885625000000232e+02,-7.823105861539718830e+01
4.670888554687500118e+02,-8.844355052074176626e+01
4.670891484375000005e+02,-8.239470826519108471e+01
4.670894414062499891e+02,-8.792228523035980459e+01
4.670897343750000346e+02,-1.126034244254498873e+02
4.670900273437500232e+02,-8.749329598032021238e+01
4.670903203125000118e+02,-8.786276112547872685e+01
4.670906132812500005e+02,-8.074603694685634991e+01
4.670909062499999891e+02,-8.077032335520378581e+01
4.670911992187500346e+02,-7.966029085231267004e+01
4.670914921875000232e+02,-1.013129292678377880e+02
4.670917851562500118e+02,-7.895529899671659280e+01
4.670920781250000005e+02,-8.796955973711357046e+01
4.670923710937499891e+02,-8.316337993003570261e+01
4.670926640625000346e+02,-8.007513895959917249e+01
4.670929570312500232e+02,-7.312649752263845926e+01
4.670932500000000118e+02,-7.403691517636291053e+01
4.670935429687500005e+02,-8.615180918159947510e+01
4.670938359374999891e+02,-8.217721932087789583e+01
4.670941289062500346e+02,-7.658368848031626896e+01
4.670944218750000232e+02,-8.407181976145308511e+01
4.670947148437500118e+02,-8.178033520223274877e+01
4.670950078125000005e+02,-7.902885622559306000e+01
4.670953007812499891e+02,-9.212644837765665784e+01
4.670955937500000346e+02,-9.252439106597032037e+01
4.670958867187500232e+02,-8.125279921801221406e+01
4.670961796875000118e+02,-8.569853857235527528e+01
4.670964726562500005e+02,-7.678626350620335472e+01
4.670967656249999891e+02,-8.551180054312951029e+01
4.670970585937500346e+02,-9.136352402919582971e+01
4.670973515625000232e+02,-8.213597297797133479e+01
4.670976445312500118e+02,-7.761631694263154202e+01
4.670979375000000005e+02,-8.294853999956833945e+01
4.670982304687499891e+02,-8.051158867248339845e+01
4.670985234375000346e+02,-7.903153974351536704e+01
4.670988164062500232e+02,-8.871247008852319027e+01
4.670991093750000118e+02,-8.491148353883286859e+01
4.670994023437500005e+02,-8.872082559918020195e+01
4.670996953124999891e+02,-8.452162272176832403e+01
4.670999882812500346e+02,-8.293170276337976077e+01
4.671002812500000232e+02,-7.986035995146573896e+01
4.671005742187500118e+02,-7.264245266213150387e+01
4.671008671875000005e+02,-7.821157954673151380e+01
4.671011601562499891e+02,-7.718607039593979380e+01
4.671014531250000346e+02,-8.301308517310712887e+01
4.671017460937500232e+02,-8.370137493330867073e+01
4.671020390625000118e+02,-9.592618619529368118e+01
4.671023320312500005e+02,-8.289632833296295189e+01
4.671026249999999891e+02,-9.379822481834723646e+01
4.671029179687500346e+02,-7.991463014908273976e+01
4.671032109375000232e+02,-8.599770536983356806e+01
4.671035039062500118e+02,-7.717976094210111171e+01
4.671037968750000005e+02,-8.165354733884491623e+01
4.671040898437499891e+02,-8.564321940704576264e+01
4.671043828125000346e+02,-8.414105101211035276e+01
4.671046757812500232e+02,-8.191174930464555359e+01
4.671049687500000118e+02,-8.147643824667508738e+01
4.671052617187500005e+02,-8.899689030955833857e+01
4.671055546874999891e+02,-7.723728322100197374e+01
4.671058476562500346e+02,-8.219996183522445676e+01
4.671061406250000232e+02,-8.510173200059597320e+01
4.671064335937500118e+02,-7.973848267191370098e+01
4.671067265625000005e+02,-9.073890352891503142e+01
4.671070195312499891e+02,-7.852117193706052944e+01
4.671073125000000346e+02,-8.475210560471415988e+01
4.671076054687500232e+02,-8.087936770290254174e+01
4.671078984375000118e+02,-8.017468096136342126e+01
4.671081914062500005e+02,-8.141832632883583187e+01
4.671084843749999891e+02,-7.423438208647019110e+01
4.671087773437500346e+02,-7.315403571223777135e+01
4.671090703125000232e+02,-8.045966147796497125e+01
4.671093632812500118e+02,-9.019304169665369386e+01
4.671096562500000005e+02,-9.269729786209802569e+01
4.671099492187499891e+02,-9.121848126970094484e+01
4.671102421875000346e+02,-8.070333849557616190e+01
4.671105351562500232e+02,-8.325570677252071050e+01
4.671108281250000118e+02,-8.544378457538056182e+01
4.671111210937500005e+02,-8.791038618662824433e+01
4.671114140624999891e+02,-7.313873202745466529e+01
4.671117070312500346e+02,-7.247939485922273661e+01
4.671120000000000232e+02,-8.041169085885158552e+01
4.671122929687500118e+02,-8.406659187824332946e+01
4.671125859375000005e+02,-9.196380368901805014e+01
4.671128789062499891e+02,-9.252358274632911161e+01
4.671131718750000346e+02,-8.077333895683928233e+01
4.671134648437500232e+02,-7.728021930592566946e+01
4.671137578125000118e+02,-8.248996497925695337e+01
4.671140507812500005e+02,-7.744209410688260675e+01
4.671143437499999891e+02,-7.839769847999535557e+01
4.671146367187500346e+02,-8.563891217365289776e+01
4.671149296875000232e+02,-8.933258113596977523e+01
4.671152226562500118e+02,-8.179168143672458768e+01
4.671155156250000005e+02,-7.981798999165667396e+01
4.671158085937499891e+02,-8.161396284665228507e+01
4.671161015625000346e+02,-9.130601671530747865e+01
4.671163945312500232e+02,-8.057206483429914101e+01
4.671166875000000118e+02,-8.669115524253561489e+01
4.671169804687500005e+02,-7.848495627390741447e+01
4.671172734374999891e+02,-7.580604652203598448e+01
4.671175664062500346e+02,-7.476886018822821711e+01
4.671178593750000232e+02,-7.416919845444608939e+01
4.671181523437500118e+02,-7.700482767905191395e+01
4.671184453125000005e+02,-7.897766198044827490e+01
4.671187382812499891e+02,-7.770690164258189725e+01
4.671190312500000346e+02,-8.448955552476517994e+01
4.671193242187500232e+02,-8.503164048020366295e+01
4.671196171875000118e+02,-8.673255261631607027e+01
4.671199101562500005e+02,-8.159607974123628082e+01
4.671202031249999891e+02,-8.804188759092163252e+01
4.671204960937500346e+02,-8.734713703638759341e+01
4.671207890625000232e+02,-7.761584461498496523e+01
4.671210820312500118e+02,-7.594355346083312952e+01
4.671213750000000005e+02,-9.739210721959510408e+01
4.671216679687499891e+02,-7.598306645973922002e+01
4.671219609375000346e+02,-7.486033347746283084e+01
4.671222539062500232e+02,-8.053200002694293858e+01
4.671225468750000118e+02,-8.719747792835718769e+01
4.671228398437500005e+02,-9.211349718267045716e+01
4.671231328124999891e+02,-8.752359965432781053e+01
4.671234257812500346e+02,-7.861884599194864620e+01
4.671237187500000232e+02,-7.468701263014575886e+01
4.671240117187500118e+02,-7.787019186254906344e+01
4.671243046875000005e+02,-8.394008815236928456e+01
4.671245976562499891e+02,-8.340196401770529633e+01
4.671248906250000346e+02,-8.768543266063383612e+01
4.671251835937500232e+02,-7.785886595945132171e+01
4.671254765625000118e+02,-7.802263004578962580e+01
4.671257695312500005e+02,-8.200123751194966815e+01
4.671260624999999891e+02,-7.531789544593313224e+01
4.671263554687500346e+02,-7.663621534363991827e+01
4.671266484375000232e+02,-8.715156292667106186e+01
4.671269414062500118e+02,-8.511099272916554526e+01
4.671272343750000005e+02,-8.194755333647742646e+01
4.671275273437499891e+02,-9.038133273155749237e+01
4.671278203125000346e+02,-8.105117601031898289e+01
4.671281132812500232e+02,-8.127494573959515378e+01
4.671284062500000118e+02,-8.720934848012552720e+01
4.671286992187500005e+02,-8.945826648857179464e+01
4.671289921874999891e+02,-8.275283034062553611e+01
4.671292851562500346e+02,-7.308139048180306929e+01
4.671295781250000232e+02,-7.393458188928724439e+01
4.671298710937500118e+02,-7.769982174281962273e+01
4.671301640625000005e+02,-7.913273452397652363e+01
4.671304570312499891e+02,-7.495971112331216091e+01
4.671307500000000346e+02,-8.255893099449204442e+01
4.671310429687500232e+02,-8.039849948199304208e+01
4.671313359375000118e+02,-7.783247671444290461e+01
4.671316289062500005e+02,-8.015988802230361898e+01
4.671319218749999891e+02,-8.737453011049612428e+01
4.671322148437500346e+02,-8.612942579847756974e+01
4.671325078125000232e+02,-8.258935357673436783e+01
4.671328007812500118e+02,-1.003067963822778950e+02
4.671330937500000005e+02,-7.731477524698861714e+01
4.671333867187499891e+02,-7.905928031385982990e+01
4.671336796875000346e+02,-8.196536925878071145e+01
4.671339726562500232e+02,-8.573874612193527867e+01
4.671342656250000118e+02,-8.549204599653441505e+01
4.671345585937500005e+02,-8.301362613095470522e+01
4.671348515624999891e+02,-7.869361965429294514e+01
4.671351445312500346e+02,-7.892586510432572311e+01
4.671354375000000232e+02,-8.227169298291360633e+01
4.671357304687500118e+02,-8.072203232138076601e+01
4.671360234375000005e+02,-8.184558967885008940e+01
4.671363164062499891e+02,-8.032350272155423454e+01
4.671366093750000346e+02,-7.927613599298238967e+01
4.671369023437500232e+02,-7.516472274484517868e+01
4.671371953125000118e+02,-7.435982184783311766e+01
4.671374882812500005e+02,-7.992903491477716216e+01
4.671377812499999891e+02,-9.045925162153125143e+01
4.671380742187500346e+02,-8.526438202617079298e+01
4.671383671875000232e+02,-9.007529235308223292e+01
4.671386601562500118e+02,-8.033800042229403005e+01
4.671389531250000005e+02,-8.239662951017109549e+01
4.671392460937499891e+02,-7.679828172139447418e+01
4.671395390625000346e+02,-9.399731187402647947e+01
4.671398320312500232e+02,-7.598408306404630252e+01
4.671401250000000118e+02,-7.497939621758587236e+01
4.671404179687500005e+02,-7.931080132751419853e+01
4.671407109374999891e+02,-7.974015354230768082e+01
4.671410039062500346e+02,-7.850867020890247261e+01
4.671412968750000232e+02,-8.359402268918898926e+01
4.671415898437500118e+02,-7.946213153001211538e+01
4.671418828125000005e+02,-7.768288341209364489e+01
4.671421757812499891e+02,-8.700125242220947541e+01
4.671424687500000346e+02,-8.837655672853706790e+01
4.671427617187500232e+02,-1.000536506898191789e+02
4.671430546875000118e+02,-8.547846779447513654e+01
4.671433476562500005e+02,-8.649632412364810818e+01
4.671436406249999891e+02,-8.340632207335495707e+01
4.671439335937500346e+02,-8.033304078840674833e+01
4.671442265625000232e+02,-7.837030084042920919e+01
4.671445195312500118e+02,-8.502819432195761351e+01
4.671448125000000005e+02,-8.502697549945219180e+01
4.671451054687499891e+02,-7.966448935419927579e+01
4.671453984375000346e+02,-8.012378250852660244e+01
4.671456914062500232e+02,-7.976517819419602517e+01
4.671459843750000118e+02,-7.515482595095379281e+01
4.671462773437500005e+02,-8.577888478732052135e+01
4.671465703124999891e+02,-7.483605910272673611e+01
4.671468632812500346e+02,-7.687304990897605705e+01
4.671471562500000232e+02,-9.021446524885485019e+01
4.671474492187500118e+02,-8.173474418189577761e+01
4.671477421875000005e+02,-8.429569190380672694e+01
4.671480351562499891e+02,-7.923280276117557719e+01
4.671483281250000346e+02,-7.756900947750358455e+01
4.671486210937500232e+02,-8.308451051465701198e+01
4.671489140625000118e+02,-8.267142924900575451e+01
4.671492070312500005e+02,-9.292869942719897836e+01
4.671494999999999891e+02,-9.757345230332393271e+01
4.671497929687500346e+02,-8.636400211287040918e+01
4.671500859375000232e+02,-8.326534804324886352e+01
4.671503789062500118e+02,-8.596916672274964810e+01
4.671506718750000005e+02,-8.399354855280897425e+01
4.671509648437499891e+02,-7.924926433503328838e+01
4.671512578125000346e+02,-8.332035390968320598e+01
4.671515507812500232e+02,-7.771816104652327795e+01
4.671518437500000118e+02,-7.765337617367418943e+01
4.671521367187500005e+02,-8.391741906932975326e+01
4.671524296874999891e+02,-8.929928130484120175e+01
4.671527226562500346e+02,-7.643728655081883971e+01
4.671530156250000232e+02,-7.990993871685816430e+01
4.671533085937500118e+02,-8.475922881251399588e+01
4.671536015625000005e+02,-9.242827781375413565e+01
4.671538945312499891e+02,-7.767377465059959718e+01
4.671541875000000346e+02,-7.919648236900428628e+01
4.671544804687500232e+02,-7.609890616784008444e+01
4.671547734375000118e+02,-7.694626531304513151e+01
4.671550664062500005e+02,-7.274656572488235895e+01
4.671553593749999891e+02,-7.781318605247741971e+01
4.671556523437500346e+02,-9.553079919388153485e+01
4.671559453125000232e+02,-8.593509999394784415e+01
4.671562382812500118e+02,-8.179123900640772149e+01
4.671565312500000005e+02,-8.263260415090462629e+01
4.671568242187499891e+02,-8.390533488556843622e+01
4.671571171875000346e+02,-8.200689499003310345e+01
4.671574101562500232e+02,-8.066499649394623361e+01
4.671577031250000118e+02,-8.041796710905015289e+01
4.671579960937500005e+02,-8.959254150343502943e+01
4.671582890624999891e+02,-8.248497690426502515e+01
4.671585820312500346e+02,-7.428287092321973262e+01
4.671588750000000232e+02,-7.429590309202232845e+01
4.671591679687500118e+02,-8.861041949500912551e+01
4.671594609375000005e+02,-7.995216493061664664e+01
4.671597539062499891e+02,-8.200251840650960844e+01
4.671600468750000346e+02,-9.024885757111532314e+01
4.671603398437500232e+02,-8.245895742278464979e+01
4.671606328125000118e+02,-8.182207504263486442e+01
4.671609257812500005e+02,-9.487175982778488503e+01
4.671612187499999891e+02,-7.620188119095294610e+01
4.671615117187500346e+02,-7.221154110520745917e+01
4.671618046875000232e+02,-7.521725801150343216e+01
4.671620976562500118e+02,-8.101050984510638386e+01
4.671623906250000005e+02,-8.095206825095732484e+01
4.671626835937499891e+02,-9.184374843084597728e+01
4.671629765625000346e+02,-7.640757806459873791e+01
4.671632695312500232e+02,-7.722726248973727081e+01
4.671635625000000118e+02,-8.769444457414140004e+01
4.671638554687500005e+02,-8.817571257417580455e+01
4.671641484374999891e+02,-8.106571975216040471e+01
4.671644414062500346e+02,-8.792745007517501676e+01
4.671647343750000232e+02,-8.055794797731103074e+01
4.671650273437500118e+02,-8.234281844164397057e+01
4.671653203125000005e+02,-8.616320697044218946e+01
4.671656132812499891e+02,-8.706919235948535629e+01
4.671659062500000346e+02,-9.958848236634139539e+01
4.671661992187500232e+02,-8.403500232458992514e+01
4.671664921875000118e+02,-7.936250818630655601e+01
4.671667851562500005e+02,-8.507227038102701044e+01
4.671670781249999891e+02,-8.078787359598040041e+01
4.671673710937500346e+02,-9.175445149533689460e+01
4.671676640625000232e+02,-8.440081463146951535e+01
4.671679570312500118e+02,-7.834352371383670288e+01
4.671682500000000005e+02,-8.105343360936149111e+01
4.671685429687499891e+02,-7.584261902542149869e+01
4.671688359375000346e+02,-7.462823478888593343e+01
4.671691289062500232e+02,-7.848517879104990413e+01
4.671694218750000118e+02,-8.721094196480143523e+01
4.671697148437500005e+02,-7.793919185999880028e+01
4.671700078124999891e+02,-7.480203556853935254e+01
4.671703007812500346e+02,-8.786864465795575541e+01
4.671705937500000232e+02,-8.685427828857262966e+01
4.671708867187500118e+02,-9.131353937237463470e+01
4.671711796875000005e+02,-8.619740764846504533e+01
4.671714726562499891e+02,-7.840419055587339869e+01
4.671717656250000346e+02,-7.780890611542972124e+01
4.671720585937500232e+02,-8.987061992258027487e+01
4.671723515625000118e+02,-8.763580222315712831e+01
4.671726445312500005e+02,-8.332032631097568753e+01
4.671729374999999891e+02,-8.565880939810055850e+01
4.671732304687500346e+02,-8.860684627983984285e+01
4.671735234375000232e+02,-8.317653200171081096e+01
4.671738164062500118e+02,-8.452397233601010385e+01
4.671741093750000005e+02,-7.994711970934675094e+01
4.671744023437499891e+02,-7.795515937931371298e+01
4.671746953125000346e+02,-7.984008691744270436e+01
4.671749882812500232e+02,-8.257347440096063451e+01
4.671752812500000118e+02,-8.414561967734377390e+01
4.671755742187500005e+02,-8.209744167511856006e+01
4.671758671874999891e+02,-8.686537362786242511e+01
4.671761601562500346e+02,-8.329763368381385646e+01
4.671764531250000232e+02,-7.661554134760928036e+01
4.671767460937500118e+02,-8.058688921703497954e+01
4.671770390625000005e+02,-7.950090861101026007e+01
4.671773320312499891e+02,-8.212971034973935502e+01
4.671776250000000346e+02,-8.186961779999434441e+01
4.671779179687500232e+02,-7.721625760753043721e+01
4.671782109375000118e+02,-7.842837154208139339e+01
4.671785039062500005e+02,-8.339805567696575395e+01
4.671787968749999891e+02,-8.642237457262213240e+01
4.671790898437500346e+02,-8.310118053193880883e+01
4.671793828125000232e+02,-8.551157947082700161e+01
4.671796757812500118e+02,-8.623671973074635844e+01
4.671799687500000005e+02,-9.009061400389099106e+01
4.671802617187499891e+02,-8.938192081381446030e+01
4.671805546875000346e+02,-8.342047844710978666e+01
4.671808476562500232e+02,-7.930070369353144599e+01
4.671811406250000118e+02,-8.655542885537283837e+01
4.671814335937500005e+02,-9.004680644395648415e+01
4.671817265624999891e+02,-8.238333250196146196e+01
4.671820195312500346e+02,-7.943767851643511335e+01
4.671823125000000232e+02,-7.722284824830785510e+01
4.671826054687500118e+02,-8.222469725120562600e+01
4.671828984375000005e+02,-7.851060155199307644e+01
4.671831914062499891e+02,-7.775746937906463074e+01
4.671834843750000346e+02,-7.698988597751507257e+01
4.671837773437500232e+02,-7.631955522411963955e+01
4.671840703125000118e+02,-8.727621486195238276e+01
4.671843632812500005e+02,-8.266747749720482830e+01
4.671846562499999891e+02,-8.462463378726739904e+01
4.671849492187500346e+02,-7.954038932913843496e+01
4.671852421875000232e+02,-8.265366119291630298e+01
4.671855351562500118e+02,-8.901562371583636946e+01
4.671858281250000005e+02,-7.695205668693506595e+01
4.671861210937499891e+02,-8.889600689798014344e+01
4.671864140625000346e+02,-8.159155652292041339e+01
4.671867070312500232e+02,-8.081718847616863854e+01
4.671870000000000118e+02,-8.406608373262501743e+01
4.671872929687500005e+02,-7.665315003936643734e+01
4.671875859374999891e+02,-7.693093887403773579e+01
4.671878789062500346e+02,-8.003836235631523266e+01
4.671881718750000232e+02,-8.266505038893910751e+01
4.671884648437500118e+02,-7.752249083549466491e+01
4.671887578125000005e+02,-8.518215176060097349e+01
4.671890507812499891e+02,-8.003784483170221620e+01
4.671893437500000346e+02,-7.630342025412124940e+01
4.671896367187500232e+02,-7.796422951897787357e+01
4.671899296875000118e+02,-7.729585419419964865e+01
4.671902226562500005e+02,-7.692681171537580553e+01
4.671905156249999891e+02,-7.607115366841712500e+01
4.671908085937500346e+02,-9.171316422517831768e+01
4.671911015625000232e+02,-8.011505674208657979e+01
4.671913945312500118e+02,-9.156556789095412796e+01
4.671916875000000005e+02,-8.226409302943851287e+01
4.671919804687499891e+02,-8.470943736027295756e+01
4.671922734375000346e+02,-8.402778778590119657e+01
4.671925664062500232e+02,-8.637906682559361116e+01
4.671928593750000118e+02,-1.034207596369658830e+02
4.671931523437500005e+02,-8.653724771472541022e+01
4.671934453124999891e+02,-7.371333331953094614e+01
4.671937382812500346e+02,-7.395789863834241373e+01
4.671940312500000232e+02,-8.114720011676502054e+01
4.671943242187500118e+02,-8.618905376168297039e+01
4.671946171875000005e+02,-7.426898863894788860e+01
4.671949101562499891e+02,-7.199698598519997006e+01
4.671952031250000346e+02,-7.652278569964975929e+01
4.671954960937500232e+02,-7.713826394581724344e+01
4.671957890625000118e+02,-7.543392794777156496e+01
4.671960820312500005e+02,-7.855041966231036099e+01
4.671963749999999891e+02,-8.472947701543805010e+01
4.671966679687500346e+02,-7.709705553477766671e+01
4.671969609375000232e+02,-7.445198222510741459e+01
4.671972539062500118e+02,-7.300550613021856350e+01
4.671975468750000005e+02,-7.230924646784944798e+01
4.671978398437499891e+02,-7.543533680669975183e+01
4.671981328125000346e+02,-7.882455038641167278e+01
4.671984257812500232e+02,-8.558054088938283144e+01
4.671987187500000118e+02,-7.991476012580803001e+01
4.671990117187500005e+02,-7.585593553745184181e+01
4.671993046874999891e+02,-7.894453225245371186e+01
4.671995976562500346e+02,-8.687942847853204853e+01
4.671998906250000232e+02,-8.866905717391301778e+01
4.672001835937500118e+02,-7.879980422197301948e+01
4.672004765625000005e+02,-7.670605798262867836e+01
4.672007695312499891e+02,-8.122652080772830629e+01
4.672010625000000346e+02,-8.089991255078815868e+01
4.672013554687500232e+02,-7.417730158969298770e+01
4.672016484375000118e+02,-7.248743248975371500e+01
4.672019414062500005e+02,-7.622131029517811385e+01
4.672022343749999891e+02,-8.249700676409440803e+01
4.672025273437500346e+02,-7.527094443236967436e+01
4.672028203125000232e+02,-7.337700975446148277e+01
4.672031132812500118e+02,-7.636459031877564030e+01
4.672034062500000005e+02,-8.786865621780816582e+01
4.672036992187499891e+02,-9.324636012971227217e+01
4.672039921875000346e+02,-7.340496770528032755e+01
4.672042851562500232e+02,-7.358152543344831997e+01
4.672045781250000118e+02,-7.493592843906054668e+01
4.672048710937500005e+02,-8.306190243901838244e+01
4.672051640624999891e+02,-7.582841561617846082e+01
4.672054570312500346e+02,-8.017484165701253573e+01
4.672057500000000232e+02,-8.184375109104693991e+01
4.672060429687500118e+02,-8.886073020844153802e+01
4.672063359375000005e+02,-7.464785207117186872e+01
4.672066289062499891e+02,-7.588798540672283366e+01
4.672069218750000346e+02,-7.854909537180057555e+01
4.672072148437500232e+02,-8.957554343496703098e+01
4.672075078125000118e+02,-8.134457562780524142e+01
4.672078007812500005e+02,-7.984280361389825487e+01
4.672080937499999891e+02,-8.455908586959309048e+01
4.672083867187500346e+02,-7.752219198058656957e+01
4.672086796875000232e+02,-7.769514091924800425e+01
4.672089726562500118e+02,-7.653982509777311805e+01
4.672092656250000005e+02,-8.107835836722645695e+01
4.672095585937499891e+02,-9.229056535834119757e+01
4.672098515625000346e+02,-7.877748572792494031e+01
4.672101445312500232e+02,-7.696694658268464195e+01
4.672104375000000118e+02,-9.261409187068900906e+01
4.672107304687500005e+02,-8.448140443110935394e+01
4.672110234374999891e+02,-7.547622807824899382e+01
4.672113164062500346e+02,-8.151170368838643299e+01
4.672116093750000232e+02,-8.409784930662097224e+01
4.672119023437500118e+02,-8.594509157786023934e+01
4.672121953125000005e+02,-9.353233236908275217e+01
4.672124882812499891e+02,-7.694544536352867681e+01
4.672127812500000346e+02,-7.381461775490775779e+01
4.672130742187500232e+02,-7.092596673879120317e+01
4.672133671875000118e+02,-6.883551610943793264e+01
4.672136601562500005e+02,-7.481363337201847230e+01
4.672139531249999891e+02,-8.143080939282054942e+01
4.672142460937500346e+02,-8.386475710560156926e+01
4.672145390625000232e+02,-8.750572827513018126e+01
4.672148320312500118e+02,-7.750783487307646169e+01
4.672151250000000005e+02,-8.090266652016691751e+01
4.672154179687499891e+02,-8.917027358667405679e+01
4.672157109375000346e+02,-7.738831431292348384e+01
4.672160039062500232e+02,-8.018404832808904814e+01
4.672162968750000118e+02,-8.165017945162929891e+01
4.672165898437500005e+02,-8.251776421542859907e+01
4.672168828124999891e+02,-8.784734078309978145e+01
4.672171757812500346e+02,-8.469464607221709684e+01
4.672174687500000232e+02,-8.024500065706374130e+01
4.672177617187500118e+02,-7.398992158471148173e+01
4.672180546875000005e+02,-7.335048998355397032e+01
4.672183476562499891e+02,-7.396149927361895493e+01
4.672186406250000346e+02,-8.391073924067426049e+01
4.672189335937500232e+02,-7.197047926515004690e+01
4.672192265625000118e+02,-7.537618598674494308e+01
4.672195195312500005e+02,-7.605261173649586226e+01
4.672198124999999891e+02,-7.280628723146926973e+01
4.672201054687500346e+02,-8.566107758639823544e+01
4.672203984375000232e+02,-7.329463859377420931e+01
4.672206914062500118e+02,-7.156355556497604198e+01
4.672209843750000005e+02,-7.241637222024903053e+01
4.672212773437499891e+02,-7.405131788222691114e+01
4.672215703125000346e+02,-7.433174490460865513e+01
4.672218632812500232e+02,-7.079192527209060870e+01
4.672221562500000118e+02,-7.171939656047130995e+01
4.672224492187500005e+02,-7.208819009450361648e+01
4.672227421874999891e+02,-7.645726963198855231e+01
4.672230351562500346e+02,-7.917575625309559939e+01
4.672233281250000232e+02,-8.172965188945980231e+01
4.672236210937500118e+02,-8.303678673514652075e+01
4.672239140625000005e+02,-7.541117053284435201e+01
4.672242070312499891e+02,-9.034889006942009360e+01
4.672245000000000346e+02,-7.740049228543020376e+01
4.672247929687500232e+02,-7.804109752253675936e+01
4.672250859375000118e+02,-7.698438419637759011e+01
4.672253789062500005e+02,-7.309601561491535904e+01
4.672256718749999891e+02,-7.796599466768994091e+01
4.672259648437500346e+02,-7.760357022076074429e+01
4.672262578125000232e+02,-7.431447940330079405e+01
4.672265507812500118e+02,-7.950997900340095725e+01
4.672268437500000005e+02,-7.990236678269140214e+01
4.672271367187499891e+02,-7.615897067877988036e+01
4.672274296875000346e+02,-7.352427453209864439e+01
4.672277226562500232e+02,-7.573375540114685123e+01
4.672280156250000118e+02,-8.351328152633431046e+01
4.672283085937500005e+02,-8.453067497152761689e+01
4.672286015624999891e+02,-7.648365986723753451e+01
4.672288945312500346e+02,-7.664506664338749431e+01
4.672291875000000232e+02,-7.806186050081821293e+01
4.672294804687500118e+02,-8.029986736360648081e+01
4.672297734375000005e+02,-7.846294847718195342e+01
4.672300664062499891e+02,-7.856405392780460772e+01
4.672303593750000346e+02,-7.677872059950229300e+01
4.672306523437500232e+02,-7.653874518689602269e+01
4.672309453125000118e+02,-7.362592643982647189e+01
4.672312382812500005e+02,-7.152618793672942843e+01
4.672315312499999891e+02,-7.857040682319465930e+01
4.672318242187500346e+02,-7.492877534948944174e+01
4.672321171875000232e+02,-7.263960552067470644e+01
4.672324101562500118e+02,-7.330224831695255716e+01
4.672327031250000005e+02,-7.867227311582630023e+01
4.672329960937499891e+02,-9.116115397891626060e+01
4.672332890625000346e+02,-7.968843044530188990e+01
4.672335820312500232e+02,-8.337525452274394411e+01
4.672338750000000118e+02,-8.357499755665833163e+01
4.672341679687500005e+02,-7.722084485357680705e+01
4.672344609374999891e+02,-8.771251441044913122e+01
4.672347539062500346e+02,-7.730636346439962381e+01
4.672350468750000232e+02,-7.619000097490203416e+01
4.672353398437500118e+02,-7.730978575428137844e+01
4.672356328125000005e+02,-8.049438447021358911e+01
4.672359257812499891e+02,-8.912993862903610420e+01
4.672362187500000346e+02,-8.363900087190886268e+01
4.672365117187500232e+02,-7.769797763262862134e+01
4.672368046875000118e+02,-7.968112438517644591e+01
4.672370976562500005e+02,-7.568442299357529635e+01
4.672373906249999891e+02,-7.430357275886764512e+01
4.672376835937500346e+02,-7.497595681567933923e+01
4.672379765625000232e+02,-8.176179533577416692e+01
4.672382695312500118e+02,-8.079188823088649940e+01
4.672385625000000005e+02,-7.508970828709408352e+01
4.672388554687499891e+02,-7.701943757776510324e+01
4.672391484375000346e+02,-8.978240698991211843e+01
4.672394414062500232e+02,-8.274768758954117231e+01
4.672397343750000118e+02,-8.488488191598423782e+01
4.672400273437500005e+02,-8.339106368855853191e+01
4.672403203124999891e+02,-9.503355349663911511e+01
4.672406132812500346e+02,-7.577712375140794165e+01
4.672409062500000232e+02,-7.716302918999373617e+01
4.672411992187500118e+02,-7.958252407825837338e+01
4.672414921875000005e+02,-8.347726705913808587e+01
4.672417851562499891e+02,-8.124078111854248618e+01
4.672420781250000346e+02,-7.814525936231288483e+01
4.672423710937500232e+02,-8.151577788106050093e+01
4.672426640625000118e+02,-8.842892913919982334e+01
4.672429570312500005e+02,-7.690767952880042913e+01
4.672432499999999891e+02,-7.431429497812260365e+01
4.672435429687500346e+02,-7.874942961080614623e+01
4.672438359375000232e+02,-8.319639480457024661e+01
4.672441289062500118e+02,-8.161902477993642435e+01
4.672444218750000005e+02,-8.051986776783378730e+01
4.672447148437499891e+02,-7.946162679765657799e+01
4.672450078125000346e+02,-7.328843426274089268e+01
4.672453007812500232e+02,-7.188945816027316482e+01
4.672455937500000118e+02,-7.857902131657102984e+01
4.672458867187500005e+02,-8.286931150245050048e+01
4.672461796874999891e+02,-7.647971763428132874e+01
4.672464726562500346e+02,-8.494502170457904811e+01
4.672467656250000232e+02,-8.432707925315922637e+01
4.672470585937500118e+02,-8.489449830644296924e+01
4.672473515625000005e+02,-8.968200694447102705e+01
4.672476445312499891e+02,-7.755520540040858180e+01
4.672479375000000346e+02,-7.175286651648563918e+01
4.672482304687500232e+02,-7.508227195042141489e+01
4.672485234375000118e+02,-7.960921481320534099e+01
4.672488164062500005e+02,-7.421296297162564315e+01
4.672491093749999891e+02,-8.790612183659781920e+01
4.672494023437500346e+02,-8.028256091793330995e+01
4.672496953125000232e+02,-8.402375567349692176e+01
4.672499882812500118e+02,-8.975094907425648216e+01
4.672502812500000005e+02,-7.527808102825233050e+01
4.672505742187499891e+02,-7.247950487880916626e+01
4.672508671875000346e+02,-8.714407025903510373e+01
4.672511601562500232e+02,-8.646813171977416346e+01
4.672514531250000118e+02,-7.928105473843503148e+01
4.672517460937500005e+02,-7.575416672490726455e+01
4.672520390624999891e+02,-7.851639819564107370e+01
4.672523320312500346e+02,-8.129021619617884653e+01
4.672526250000000232e+02,-7.628510059644409580e+01
4.672529179687500118e+02,-8.345445614375024945e+01
4.672532109375000005e+02,-7.369660404147195720e+01
4.672535039062499891e+02,-7.481752554815956557e+01
4.672537968750000346e+02,-8.242408528950616642e+01
4.672540898437500232e+02,-7.746333870552902567e+01
4.672543828125000118e+02,-7.435460978644056240e+01
4.672546757812500005e+02,-8.149688052148599127e+01
4.672549687499999891e+02,-7.484854573539368516e+01
4.672552617187500346e+02,-7.600588108171999124e+01
4.672555546875000232e+02,-9.121345716012208982e+01
4.672558476562500118e+02,-8.174110892017813512e+01
4.672561406250000005e+02,-7.629860660674853534e+01
4.672564335937499891e+02,-8.546435972332714925e+01
4.672567265625000346e+02,-7.570816781757622493e+01
4.672570195312500232e+02,-7.361896581320459632e+01
4.672573125000000118e+02,-7.258797216750460279e+01
4.672576054687500005e+02,-7.868252090643508723e+01
4.672578984374999891e+02,-7.528676622769468452e+01
4.672581914062500346e+02,-7.666049903689069822e+01
4.672584843750000232e+02,-8.836877672595556987e+01
4.672587773437500118e+02,-7.823416747236932167e+01
4.672590703125000005e+02,-7.230887529860598306e+01
4.672593632812499891e+02,-7.365088159744399832e+01
4.672596562500000346e+02,-9.661778476262867343e+01
4.672599492187500232e+02,-8.536321178638144147e+01
4.672602421875000118e+02,-7.731123329018940638e+01
4.672605351562500005e+02,-7.818415352940660057e+01
4.672608281249999891e+02,-7.570018302347384065e+01
4.672611210937500346e+02,-7.721304201332749528e+01
4.672614140625000232e+02,-7.693339178480067631e+01
4.672617070312500118e+02,-7.364568492280278633e+01
4.672620000000000005e+02,-8.757842675661862586e+01
4.672622929687499891e+02,-7.750393385014457692e+01
4.672625859375000346e+02,-7.289071161739336446e+01
4.672628789062500232e+02,-7.599825370960628845e+01
4.672631718750000118e+02,-7.325295444659960253e+01
4.672634648437500005e+02,-7.166212963844702699e+01
4.672637578124999891e+02,-7.655527101106221721e+01
4.672640507812500346e+02,-7.766996092206682079e+01
4.672643437500000232e+02,-7.525106244743813022e+01
4.672646367187500118e+02,-8.056742206994618982e+01
4.672649296875000005e+02,-8.056712041591043771e+01
4.672652226562499891e+02,-8.083661214968309139e+01
4.672655156250000346e+02,-7.322015705970206056e+01
4.672658085937500232e+02,-6.716441588945265551e+01
4.672661015625000118e+02,-7.175398242091934264e+01
4.672663945312500005e+02,-7.411255275341829929e+01
4.672666874999999891e+02,-7.528707711465401076e+01
4.672669804687500346e+02,-8.349117895956551649e+01
4.672672734375000232e+02,-7.703876558758535964e+01
4.672675664062500118e+02,-8.129029781636418761e+01
4.672678593750000005e+02,-7.851973715868838610e+01
4.672681523437499891e+02,-7.798773859360255756e+01
4.672684453125000346e+02,-7.342548828011726414e+01
4.672687382812500232e+02,-7.438573108273203616e+01
4.672690312500000118e+02,-7.665228300221704671e+01
4.672693242187500005e+02,-8.141906036738488694e+01
4.672696171874999891e+02,-7.458821113462271057e+01
4.672699101562500346e+02,-8.332684773995255512e+01
4.672702031250000232e+02,-7.228415708755760249e+01
4.672704960937500118e+02,-7.541510464686609794e+01
4.672707890625000005e+02,-7.561239895208812811e+01
4.672710820312499891e+02,-7.682449454597490046e+01
4.672713750000000346e+02,-7.430379908111950726e+01
4.672716679687500232e+02,-7.707995644423112935e+01
4.672719609375000118e+02,-8.860219578169129306e+01
4.672722539062500005e+02,-7.867217072815665801e+01
4.672725468749999891e+02,-7.681789981881908602e+01
4.672728398437500346e+02,-8.045065060176395377e+01
4.672731328125000232e+02,-8.429887703095637619e+01
4.672734257812500118e+02,-8.062135544139765386e+01
4.672737187500000005e+02,-7.427925487102271518e+01
4.672740117187499891e+02,-8.290570870194355280e+01
4.672743046875000346e+02,-7.248256043321468667e+01
4.672745976562500232e+02,-7.049086842537442976e+01
4.672748906250000118e+02,-6.905809692732083249e+01
4.672751835937500005e+02,-6.936104125298193424e+01
4.672754765624999891e+02,-6.944538159932351107e+01
4.672757695312500346e+02,-7.644475422513279739e+01
4.672760625000000232e+02,-7.355343828782639548e+01
4.672763554687500118e+02,-7.936244688091319688e+01
4.672766484375000005e+02,-7.832955468760854956e+01
4.672769414062499891e+02,-8.017382290064860229e+01
4.672772343750000346e+02,-8.936979201692014385e+01
4.672775273437500232e+02,-7.886642653821792237e+01
4.672778203125000118e+02,-7.600650134674383196e+01
4.672781132812500005e+02,-7.601559455889218953e+01
4.672784062499999891e+02,-8.628607549065021942e+01
4.672786992187500346e+02,-8.073953485178996914e+01
4.672789921875000232e+02,-8.088089614180006492e+01
4.672792851562500118e+02,-8.905011945577633981e+01
4.672795781250000005e+02,-7.675564897329252290e+01
4.672798710937499891e+02,-8.261871555349217999e+01
4.672801640625000346e+02,-8.499370557349855915e+01
4.672804570312500232e+02,-7.648931286038060762e+01
4.672807500000000118e+02,-7.308162734973097940e+01
4.672810429687500005e+02,-6.933439864137832842e+01
4.672813359374999891e+02,-6.927635336572186020e+01
4.672816289062500346e+02,-7.431373925406204251e+01
4.672819218750000232e+02,-8.045573256303930521e+01
4.672822148437500118e+02,-8.073351334241726818e+01
4.672825078125000005e+02,-8.429435848262397712e+01
4.672828007812499891e+02,-7.379226830042998131e+01
4.672830937500000346e+02,-7.760064622084529162e+01
4.672833867187500232e+02,-8.336190522476610454e+01
4.672836796875000118e+02,-8.034774768167736170e+01
4.672839726562500005e+02,-8.832114881510017312e+01
4.672842656249999891e+02,-7.990312418396305816e+01
4.672845585937500346e+02,-7.403287824063851019e+01
4.672848515625000232e+02,-7.213566526457361761e+01
4.672851445312500118e+02,-8.061066860145055557e+01
4.672854375000000005e+02,-8.931166741572498324e+01
4.672857304687499891e+02,-8.135910296400214747e+01
4.672860234375000346e+02,-8.455429228849848755e+01
4.672863164062500232e+02,-7.476124311526001520e+01
4.672866093750000118e+02,-7.765011541330838440e+01
4.672869023437500005e+02,-7.787954330041233675e+01
4.672871953124999891e+02,-8.008872251369930950e+01
4.672874882812500346e+02,-8.211160738625127919e+01
4.672877812500000232e+02,-8.874412977929671342e+01
4.672880742187500118e+02,-8.160382031680467207e+01
4.672883671875000005e+02,-8.345111384933065324e+01
4.672886601562499891e+02,-7.291871686377182016e+01
4.672889531250000346e+02,-7.767085177106147853e+01
4.672892460937500232e+02,-8.535650182643054507e+01
4.672895390625000118e+02,-8.400557599055296976e+01
4.672898320312500005e+02,-8.253314449301817035e+01
4.672901249999999891e+02,-7.289973074758987082e+01
4.672904179687500346e+02,-7.457732175853985268e+01
4.672907109375000232e+02,-8.740299152145034611e+01
4.672910039062500118e+02,-8.465729498263648622e+01
4.672912968750000005e+02,-9.497533076943119568e+01
4.672915898437499891e+02,-7.191608417341755910e+01
4.672918828125000346e+02,-7.409808134525393086e+01
4.672921757812500232e+02,-7.868458815720489952e+01
4.672924687500000118e+02,-8.138715005660488089e+01
4.672927617187500005e+02,-8.155888256919394053e+01
4.672930546874999891e+02,-7.030992450822475348e+01
4.672933476562500346e+02,-6.846510832080444686e+01
4.672936406250000232e+02,-7.618640199310786443e+01
4.672939335937500118e+02,-7.727425735055811629e+01
4.672942265625000005e+02,-7.847977232969019212e+01
4.672945195312499891e+02,-8.666953488211396461e+01
4.672948125000000346e+02,-8.132884272688025362e+01
4.672951054687500232e+02,-7.636644791709356639e+01
4.672953984375000118e+02,-7.593073208471706437e+01
4.672956914062500005e+02,-7.503877734653647735e+01
4.672959843749999891e+02,-8.075227887688447481e+01
4.672962773437500346e+02,-8.008833344307970492e+01
4.672965703125000232e+02,-8.098778694430149017e+01
4.672968632812500118e+02,-7.739665321028139999e+01
4.672971562500000005e+02,-7.702176204387922098e+01
4.672974492187499891e+02,-9.437907358103777256e+01
4.672977421875000346e+02,-7.666534503605683426e+01
4.672980351562500232e+02,-7.459852594556387828e+01
4.672983281250000118e+02,-7.143713439991564940e+01
4.672986210937500005e+02,-7.487122944069393782e+01
4.672989140624999891e+02,-7.842543081386442338e+01
4.672992070312500346e+02,-7.715495486551755278e+01
4.672995000000000232e+02,-8.530533410929798777e+01
4.672997929687500118e+02,-7.754842067468422329e+01
4.673000859375000005e+02,-7.992398649913505437e+01
4.673003789062499891e+02,-8.059528521642242538e+01
4.673006718750000346e+02,-8.066879858830311889e+01
4.673009648437500232e+02,-7.899279459629772759e+01
4.673012578125000118e+02,-8.325485594968864689e+01
4.673015507812500005e+02,-8.499918631906047040e+01
4.673018437499999891e+02,-7.453160589907749056e+01
4.673021367187500346e+02,-8.083875940880628264e+01
4.673024296875000232e+02,-7.995558007912703147e+01
4.673027226562500118e+02,-8.409594811025181116e+01
4.673030156250000005e+02,-7.919866071749800085e+01
4.673033085937499891e+02,-7.901148366608147455e+01
4.673036015625000346e+02,-7.886358223402964995e+01
4.673038945312500232e+02,-7.279910509495033466e+01
4.673041875000000118e+02,-7.280076522754352197e+01
4.673044804687500005e+02,-7.903707436033906220e+01
4.673047734374999891e+02,-7.920520356367586601e+01
4.673050664062500346e+02,-9.562869118773518551e+01
4.673053593750000232e+02,-8.198710520148098624e+01
4.673056523437500118e+02,-7.785294050072786831e+01
4.673059453125000005e+02,-7.584093925209808162e+01
4.673062382812499891e+02,-8.232328852779798467e+01
4.673065312500000346e+02,-8.750929860120949400e+01
4.673068242187500232e+02,-8.213050470031873829e+01
4.673071171875000118e+02,-8.575439755525511032e+01
4.673074101562500005e+02,-7.718180375106680913e+01
4.673077031249999891e+02,-7.058483761110844057e+01
4.673079960937500346e+02,-7.285399540735566859e+01
4.673082890625000232e+02,-7.783505714578839729e+01
4.673085820312500118e+02,-7.727185620091673002e+01
4.673088750000000005e+02,-8.342191958042229771e+01
4.673091679687499891e+02,-7.526972897635261006e+01
4.673094609375000346e+02,-8.355459302931747345e+01
4.673097539062500232e+02,-8.875358664388647867e+01
4.673100468750000118e+02,-8.459752883376131649e+01
4.673103398437500005e+02,-7.514384625059206257e+01
4.673106328124999891e+02,-7.873177404395094925e+01
4.673109257812500346e+02,-9.283422273371581923e+01
4.673112187500000232e+02,-7.854167297342611676e+01
4.673115117187500118e+02,-8.954072061029808083e+01
4.673118046875000005e+02,-7.792162005418686022e+01
4.673120976562499891e+02,-8.412776636461842372e+01
4.673123906250000346e+02,-7.964886593651414159e+01
4.673126835937500232e+02,-7.248686709770890957e+01
4.673129765625000118e+02,-7.367916699893933696e+01
4.673132695312500005e+02,-8.393307702430985273e+01
4.673135624999999891e+02,-8.481844176501346055e+01
4.673138554687500346e+02,-7.903148098146778011e+01
4.673141484375000232e+02,-7.172069367612303381e+01
4.673144414062500118e+02,-7.262012653592636013e+01
4.673147343750000005e+02,-8.283179092960288870e+01
4.673150273437499891e+02,-7.901309143951549174e+01
4.673153203125000346e+02,-7.934963441339726842e+01
4.673156132812500232e+02,-8.254194200854898611e+01
4.673159062500000118e+02,-7.814872695714723250e+01
4.673161992187500005e+02,-7.827805832839027289e+01
4.673164921874999891e+02,-8.220629054902438781e+01
4.673167851562500346e+02,-7.474848972855672002e+01
4.673170781250000232e+02,-7.687914212626586163e+01
4.673173710937500118e+02,-7.785198324746755816e+01
4.673176640625000005e+02,-8.440541243698918095e+01
4.673179570312499891e+02,-7.944256424115580728e+01
4.673182500000000346e+02,-7.438070066815578230e+01
4.673185429687500232e+02,-7.548630476534241041e+01
4.673188359375000118e+02,-7.339536833702173624e+01
4.673191289062500005e+02,-8.147158315677835105e+01
4.673194218749999891e+02,-7.578320434931120531e+01
4.673197148437500346e+02,-7.876709131700440025e+01
4.673200078125000232e+02,-7.862661385880709020e+01
4.673203007812500118e+02,-7.405846268753299455e+01
4.673205937500000005e+02,-7.556645472978432565e+01
4.673208867187499891e+02,-7.521117041012595905e+01
4.673211796875000346e+02,-7.076222291208597426e+01
4.673214726562500232e+02,-7.684335135797002181e+01
4.673217656250000118e+02,-7.724794643175363262e+01
4.673220585937500005e+02,-7.890496022923909436e+01
4.673223515624999891e+02,-7.619673388621336585e+01
4.673226445312500346e+02,-7.506489718345612516e+01
4.673229375000000232e+02,-7.946639138118462142e+01
4.673232304687500118e+02,-7.988459543710141020e+01
4.673235234375000005e+02,-8.155606799728514034e+01
4.673238164062499891e+02,-7.608405853537203711e+01
4.673241093750000346e+02,-7.741622952465579033e+01
4.673244023437500232e+02,-7.452857594690625831e+01
4.673246953125000118e+02,-7.295094739672688888e+01
4.673249882812500005e+02,-7.313119435983709593e+01
4.673252812499999891e+02,-7.212522654639619191e+01
4.673255742187500346e+02,-7.808913238238002918e+01
4.673258671875000232e+02,-7.942067778000324552e+01
4.673261601562500118e+02,-7.375736772661835516e+01
4.673264531250000005e+02,-7.466998058851525855e+01
4.673267460937499891e+02,-7.254012752576960565e+01
4.673270390625000346e+02,-7.081268808295534711e+01
4.673273320312500232e+02,-7.085502693909364780e+01
4.673276250000000118e+02,-7.605704032030544681e+01
4.673279179687500005e+02,-7.221216380282568537e+01
4.673282109374999891e+02,-7.112648809542397998e+01
4.673285039062500346e+02,-7.029355010001584958e+01
4.673287968750000232e+02,-7.330309082812463828e+01
4.673290898437500118e+02,-7.388618968773998574e+01
4.673293828125000005e+02,-8.089017543499080887e+01
4.673296757812499891e+02,-8.324472457473942200e+01
4.673299687500000346e+02,-7.426595181448114147e+01
4.673302617187500232e+02,-7.389158403845881651e+01
4.673305546875000118e+02,-7.319228541870312199e+01
4.673308476562500005e+02,-7.285925156535390101e+01
4.673311406249999891e+02,-7.543358256639508852e+01
4.673314335937500346e+02,-7.980322271059375794e+01
4.673317265625000232e+02,-7.565343659612810256e+01
4.673320195312500118e+02,-7.371786811923351479e+01
4.673323125000000005e+02,-7.600592816800117646e+01
4.673326054687499891e+02,-7.361641377894355287e+01
4.673328984375000346e+02,-7.719617174392494974e+01
4.673331914062500232e+02,-7.582904267233273288e+01
4.673334843750000118e+02,-8.661586756648723906e+01
4.673337773437500005e+02,-7.531509323037391823e+01
4.673340703124999891e+02,-7.421532314234903538e+01
4.673343632812500346e+02,-7.846720350081751860e+01
4.673346562500000232e+02,-7.484858473445504501e+01
4.673349492187500118e+02,-8.627021870401507897e+01
4.673352421875000005e+02,-9.474170272336094456e+01
4.673355351562499891e+02,-9.635519462843149086e+01
4.673358281250000346e+02,-8.801164008699501551e+01
4.673361210937500232e+02,-8.232097418420514146e+01
4.673364140625000118e+02,-7.394369239453902765e+01
4.673367070312500005e+02,-6.948523304160384839e+01
4.673369999999999891e+02,-6.836040594807823823e+01
4.673372929687500346e+02,-7.913567321921631503e+01
4.673375859375000232e+02,-8.397433419437976454e+01
4.673378789062500118e+02,-7.363659860741456953e+01
4.673381718750000005e+02,-8.178959031550326131e+01
4.673384648437499891e+02,-6.881712560286074165e+01
4.673387578125000346e+02,-7.016274274637409292e+01
4.673390507812500232e+02,-6.995613791883357635e+01
4.673393437500000118e+02,-7.281129792285253188e+01
4.673396367187500005e+02,-7.412390010339797186e+01
4.673399296874999891e+02,-7.283159421918335852e+01
4.673402226562500346e+02,-7.002880582567865986e+01
4.673405156250000232e+02,-7.452233387344031712e+01
4.673408085937500118e+02,-7.659266333240482538e+01
4.673411015625000005e+02,-8.077057726948895322e+01
4.673413945312499891e+02,-7.707450365148118010e+01
4.673416875000000346e+02,-7.140314829412625386e+01
4.673419804687500232e+02,-7.711917391969473101e+01
4.673422734375000118e+02,-7.819533220242858818e+01
4.673425664062500005e+02,-7.813621139174772168e+01
4.673428593749999891e+02,-1.021582637369622262e+02
4.673431523437500346e+02,-7.441264995796346682e+01
4.673434453125000232e+02,-8.182118791023373205e+01
4.673437382812500118e+02,-7.457288063152194013e+01
4.673440312500000005e+02,-7.391955930683985798e+01
4.673443242187499891e+02,-7.724607263655283873e+01
4.673446171875000346e+02,-7.515697706669521949e+01
4.673449101562500232e+02,-8.256254886154444250e+01
4.673452031250000118e+02,-8.331302860367705421e+01
4.673454960937500005e+02,-7.674725904286002276e+01
4.673457890624999891e+02,-7.956967073361587950e+01
4.673460820312500346e+02,-7.814860352502252283e+01
4.673463750000000232e+02,-8.044498616575005201e+01
4.673466679687500118e+02,-7.606497907585760743e+01
4.673469609375000005e+02,-7.207345507444158272e+01
4.673472539062499891e+02,-7.311537311524980964e+01
4.673475468750000346e+02,-7.389340224686060310e+01
4.673478398437500232e+02,-7.663264156274523486e+01
4.673481328125000118e+02,-8.192924495844222577e+01
4.673484257812500005e+02,-8.560067402553667648e+01
4.673487187499999891e+02,-9.545288588030319943e+01
4.673490117187500346e+02,-7.676188890019938071e+01
4.673493046875000232e+02,-7.497141085737052890e+01
4.673495976562500118e+02,-7.257333560773388115e+01
4.673498906250000005e+02,-6.853340932232937632e+01
4.673501835937499891e+02,-7.008006196733420268e+01
4.673504765625000346e+02,-7.231225914596100779e+01
4.673507695312500232e+02,-7.944450846785903764e+01
4.673510625000000118e+02,-7.213904871604736968e+01
4.673513554687500005e+02,-6.871570691940932818e+01
4.673516484374999891e+02,-7.612786921680870478e+01
4.673519414062500346e+02,-8.779687656592814449e+01
4.673522343750000232e+02,-8.713262768426187677e+01
4.673525273437500118e+02,-7.805775748398093583e+01
4.673528203125000005e+02,-7.500017501050650992e+01
4.673531132812499891e+02,-7.071538333870481097e+01
4.673534062500000346e+02,-7.295392933155481785e+01
4.673536992187500232e+02,-8.105841620475190723e+01
4.673539921875000118e+02,-7.432101112088588479e+01
4.673542851562500005e+02,-7.212014169792087159e+01
4.673545781249999891e+02,-6.861001896293977609e+01
4.673548710937500346e+02,-6.964324316244787383e+01
4.673551640625000232e+02,-7.170022753355296175e+01
4.673554570312500118e+02,-7.001518339555742898e+01
4.673557500000000005e+02,-6.902698143681672605e+01
4.673560429687499891e+02,-7.209013146383753678e+01
4.673563359375000346e+02,-8.332354937691309260e+01
4.673566289062500232e+02,-7.943250610058530015e+01
4.673569218750000118e+02,-7.207486957319818544e+01
4.673572148437500005e+02,-7.395560238945979847e+01
4.673575078124999891e+02,-7.337688500781980849e+01
4.673578007812500346e+02,-7.017173593352619321e+01
4.673580937500000232e+02,-7.143035490623663009e+01
4.673583867187500118e+02,-6.899992428559070845e+01
4.673586796875000005e+02,-6.972624843185346322e+01
4.673589726562499891e+02,-7.322568155147234847e+01
4.673592656250000346e+02,-7.582760623499241603e+01
4.673595585937500232e+02,-8.870225181383177926e+01
4.673598515625000118e+02,-7.462163272555430638e+01
4.673601445312500005e+02,-6.702738495887794556e+01
4.673604374999999891e+02,-6.673200931934410107e+01
4.673607304687500346e+02,-6.887614706725790370e+01
4.673610234375000232e+02,-7.468864050056373571e+01
4.673613164062500118e+02,-7.736794706029678537e+01
4.673616093750000005e+02,-7.453313631259698013e+01
4.673619023437499891e+02,-7.343407740593579547e+01
4.673621953125000346e+02,-7.028053870081855337e+01
4.673624882812500232e+02,-7.243580640033178497e+01
4.673627812500000118e+02,-7.445460316727782413e+01
4.673630742187500005e+02,-8.463463149311495215e+01
4.673633671874999891e+02,-7.697250341271160323e+01
4.673636601562500346e+02,-7.756374218445918700e+01
4.673639531250000232e+02,-7.071114634507725327e+01
4.673642460937500118e+02,-7.295524688036950067e+01
4.673645390625000005e+02,-7.142923007409584102e+01
4.673648320312499891e+02,-7.317852401626041114e+01
4.673651250000000346e+02,-8.776954301297575967e+01
4.673654179687500232e+02,-8.800584685044442779e+01
4.673657109375000118e+02,-7.555608038251278913e+01
4.673660039062500005e+02,-6.870780918964685213e+01
4.673662968749999891e+02,-6.762132141369153260e+01
4.673665898437500346e+02,-7.073078640254485094e+01
4.673668828125000232e+02,-7.124903635776018973e+01
4.673671757812500118e+02,-8.617952195221695888e+01
4.673674687500000005e+02,-7.364287313628861398e+01
4.673677617187499891e+02,-7.863899889015326039e+01
4.673680546875000346e+02,-7.757843210389756905e+01
4.673683476562500232e+02,-7.213462213184676841e+01
4.673686406250000118e+02,-7.130751066010016359e+01
4.673689335937500005e+02,-7.837937264316889241e+01
4.673692265624999891e+02,-8.120645439951064759e+01
4.673695195312500346e+02,-8.105244536165395175e+01
4.673698125000000232e+02,-8.893338931465808628e+01
4.673701054687500118e+02,-7.507421573999521058e+01
4.673703984375000005e+02,-7.059953837937975152e+01
4.673706914062499891e+02,-7.117053497294858744e+01
4.673709843750000346e+02,-7.378963907544309109e+01
4.673712773437500232e+02,-7.606115691903346487e+01
4.673715703125000118e+02,-8.911425928432025501e+01
4.673718632812500005e+02,-7.514069368696648610e+01
4.673721562499999891e+02,-7.151408249472810041e+01
4.673724492187500346e+02,-6.919178594455550524e+01
4.673727421875000232e+02,-7.520636576897197756e+01
4.673730351562500118e+02,-8.242081062806521174e+01
4.673733281250000005e+02,-8.641444456197274349e+01
4.673736210937499891e+02,-7.504478995684938525e+01
4.673739140625000346e+02,-7.513366838700629557e+01
4.673742070312500232e+02,-9.186005719705204342e+01
4.673745000000000118e+02,-7.918795686281137591e+01
4.673747929687500005e+02,-7.251502829260513749e+01
4.673750859374999891e+02,-7.476969862440439840e+01
4.673753789062500346e+02,-7.362104337513112284e+01
4.673756718750000232e+02,-7.643227187920012966e+01
4.673759648437500118e+02,-7.495235156578945634e+01
4.673762578125000005e+02,-7.917197055871601208e+01
4.673765507812499891e+02,-6.923186244066459949e+01
4.673768437500000346e+02,-7.075407221646722178e+01
4.673771367187500232e+02,-7.439173748196148495e+01
4.673774296875000118e+02,-7.789701383259510692e+01
4.673777226562500005e+02,-7.942092270293096590e+01
4.673780156249999891e+02,-8.307529763767814757e+01
4.673783085937500346e+02,-7.942794901132505458e+01
4.673786015625000232e+02,-7.873089814431307332e+01
4.673788945312500118e+02,-7.994678162117685360e+01
4.673791875000000005e+02,-7.459805970370157979e+01
4.673794804687499891e+02,-7.296552921655684543e+01
4.673797734375000346e+02,-6.986684064074097478e+01
4.673800664062500232e+02,-6.975671595173126605e+01
4.673803593750000118e+02,-6.784327756971315182e+01
4.673806523437500005e+02,-7.157613297807965580e+01
4.673809453124999891e+02,-8.194061039809312774e+01
4.673812382812500346e+02,-7.622997967962544408e+01
4.673815312500000232e+02,-8.679661368488574169e+01
4.673818242187500118e+02,-9.056236391048088308e+01
4.673821171875000005e+02,-9.127649286804540907e+01
4.673824101562499891e+02,-8.078976681716716257e+01
4.673827031250000346e+02,-8.628388212400538748e+01
4.673829960937500232e+02,-8.027114873785458826e+01
4.673832890625000118e+02,-8.443191227110277453e+01
4.673835820312500005e+02,-8.002711695355587551e+01
4.673838749999999891e+02,-7.147589313131815913e+01
4.673841679687500346e+02,-7.897335347598979638e+01
4.673844609375000232e+02,-9.723706590463592647e+01
4.673847539062500118e+02,-7.629221937844464208e+01
4.673850468750000005e+02,-7.371964541815961525e+01
4.673853398437499891e+02,-7.979491903726287205e+01
4.673856328125000346e+02,-7.305691424263531530e+01
4.673859257812500232e+02,-7.527234752413522756e+01
4.673862187500000118e+02,-7.547740396838901233e+01
4.673865117187500005e+02,-7.128389109876216878e+01
4.673868046874999891e+02,-7.480123251527156469e+01
4.673870976562500346e+02,-8.458546245921249351e+01
4.673873906250000232e+02,-9.257537298737035769e+01
4.673876835937500118e+02,-7.599243497958416071e+01
4.673879765625000005e+02,-7.103861830926535958e+01
4.673882695312499891e+02,-7.963145145573895434e+01
4.673885625000000346e+02,-7.192180201920660920e+01
4.673888554687500232e+02,-7.771886528495662105e+01
4.673891484375000118e+02,-7.866637521249137421e+01
4.673894414062500005e+02,-7.396946093286715040e+01
4.673897343749999891e+02,-6.835281974631038793e+01
4.673900273437500346e+02,-6.759783141362315462e+01
4.673903203125000232e+02,-6.805720782398117308e+01
4.673906132812500118e+02,-7.308478997507580743e+01
4.673909062500000005e+02,-7.412870406578308291e+01
4.673911992187499891e+02,-7.961441480390824665e+01
4.673914921875000346e+02,-7.418106707959331914e+01
4.673917851562500232e+02,-7.832707243771555738e+01
4.673920781250000118e+02,-8.200858388604061133e+01
4.673923710937500005e+02,-6.960086328947639345e+01
4.673926640624999891e+02,-6.919036019629287182e+01
4.673929570312500346e+02,-7.270200843427318205e+01
4.673932500000000232e+02,-7.035556735551600127e+01
4.673935429687500118e+02,-6.826625020740638661e+01
4.673938359375000005e+02,-7.141531513317087843e+01
4.673941289062499891e+02,-8.275965920102348150e+01
4.673944218750000346e+02,-7.511124294689875569e+01
4.673947148437500232e+02,-8.065370879383478098e+01
4.673950078125000118e+02,-8.040820117944278422e+01
4.673953007812500005e+02,-7.094706638558763245e+01
4.673955937499999891e+02,-6.658248204201409237e+01
4.673958867187500346e+02,-7.633425616747284437e+01
4.673961796875000232e+02,-7.463023237321711179e+01
4.673964726562500118e+02,-6.995801355511656539e+01
4.673967656250000005e+02,-8.125025347653775043e+01
4.673970585937499891e+02,-7.255524945269540638e+01
4.673973515625000346e+02,-6.711497799013660881e+01
4.673976445312500232e+02,-7.320976839561997451e+01
4.673979375000000118e+02,-8.490033535599458503e+01
4.673982304687500005e+02,-8.317913619606406428e+01
4.673985234374999891e+02,-7.047073154828490260e+01
4.673988164062500346e+02,-6.853711959416325783e+01
4.673991093750000232e+02,-6.973655316132482085e+01
4.673994023437500118e+02,-6.681062982276917239e+01
4.673996953125000005e+02,-7.308855061216674187e+01
4.673999882812499891e+02,-7.624366749853103897e+01
4.674002812500000346e+02,-7.675462390656076650e+01
4.674005742187500232e+02,-7.121811260022029444e+01
4.674008671875000118e+02,-6.999624744453305425e+01
4.674011601562500005e+02,-7.556395234145087159e+01
4.674014531249999891e+02,-8.180598364664845690e+01
4.674017460937500346e+02,-7.242724050076536457e+01
4.674020390625000232e+02,-6.936020584062023886e+01
4.674023320312500118e+02,-6.782954260753678000e+01
4.674026250000000005e+02,-6.968099854695074669e+01
4.674029179687499891e+02,-7.496043829475696896e+01
4.674032109375000346e+02,-7.117336391564604980e+01
4.674035039062500232e+02,-6.644376166696206099e+01
4.674037968750000118e+02,-7.540441999978381205e+01
4.674040898437500005e+02,-6.718069505656215767e+01
4.674043828124999891e+02,-7.605874365856807628e+01
4.674046757812500346e+02,-6.933366146001053210e+01
4.674049687500000232e+02,-7.122149275045531169e+01
4.674052617187500118e+02,-7.908492385580353812e+01
4.674055546875000005e+02,-7.901171476198429389e+01
4.674058476562499891e+02,-8.358810410796829160e+01
4.674061406250000346e+02,-7.389519941527871083e+01
4.674064335937500232e+02,-6.856403708537052921e+01
4.674067265625000118e+02,-6.975611751540220951e+01
4.674070195312500005e+02,-8.946011815974351578e+01
4.674073124999999891e+02,-8.030833945498650905e+01
4.674076054687500346e+02,-8.286323674943794515e+01
4.674078984375000232e+02,-6.961750051846641441e+01
4.674081914062500118e+02,-6.547489128719747953e+01
4.674084843750000005e+02,-7.020252277767117732e+01
4.674087773437499891e+02,-7.057025625545448122e+01
4.674090703125000346e+02,-7.469289738712633664e+01
4.674093632812500232e+02,-7.350044863886506619e+01
4.674096562500000118e+02,-6.556040560190153599e+01
4.674099492187500005e+02,-6.157573458190015714e+01
4.674102421874999891e+02,-6.201634583596047179e+01
4.674105351562500346e+02,-6.563684978049062124e+01
4.674108281250000232e+02,-7.228786477625217799e+01
4.674111210937500118e+02,-6.958253050559039821e+01
4.674114140625000005e+02,-6.943343585368717186e+01
4.674117070312499891e+02,-6.777629940544829878e+01
4.674120000000000346e+02,-6.202212060111015290e+01
4.674122929687500232e+02,-6.507945073046828099e+01
4.674125859375000118e+02,-7.089667444234518712e+01
4.674128789062500005e+02,-7.895972897264623214e+01
4.674131718749999891e+02,-7.709799269321629822e+01
4.674134648437500346e+02,-6.955486534093176942e+01
4.674137578125000232e+02,-7.325398092027120356e+01
4.674140507812500118e+02,-6.601881798687416847e+01
4.674143437500000005e+02,-7.071673506033975798e+01
4.674146367187499891e+02,-8.742286070791263342e+01
4.674149296875000346e+02,-7.149143162919885697e+01
4.674152226562500232e+02,-6.675930030602873444e+01
4.674155156250000118e+02,-6.446975510065765036e+01
4.674158085937500005e+02,-6.488251356179304707e+01
4.674161015624999891e+02,-6.547889135361501189e+01
4.674163945312500346e+02,-6.757835056910663241e+01
4.674166875000000232e+02,-6.765228958333202058e+01
4.674169804687500118e+02,-7.018927940047595371e+01
4.674172734375000005e+02,-7.307780036742956042e+01
4.674175664062499891e+02,-7.628972450798288207e+01
4.674178593750000346e+02,-8.262892696299562090e+01
4.674181523437500232e+02,-7.410843481223791684e+01
4.674184453125000118e+02,-7.887909710752735748e+01
4.674187382812500005e+02,-6.701148246292856925e+01
4.674190312499999891e+02,-6.464325804389618213e+01
4.674193242187500346e+02,-6.519620657272794517e+01
4.674196171875000232e+02,-6.957697373701724075e+01
4.674199101562500118e+02,-7.072604098370553061e+01
4.674202031250000005e+02,-7.507979401419325427e+01
4.674204960937499891e+02,-7.721901308668962827e+01
4.674207890625000346e+02,-7.749162083648720056e+01
4.674210820312500232e+02,-6.674478029588615868e+01
4.674213750000000118e+02,-6.725030932977328746e+01
4.674216679687500005e+02,-6.797301308742740389e+01
4.674219609374999891e+02,-7.423972096529726628e+01
4.674222539062500346e+02,-7.203309655666834033e+01
4.674225468750000232e+02,-6.980073074784031917e+01
4.674228398437500118e+02,-7.047583345293270440e+01
4.674231328125000005e+02,-7.543688902006850583e+01
4.674234257812499891e+02,-7.020654681946096787e+01
4.674237187500000346e+02,-8.432516157748112562e+01
4.674240117187500232e+02,-1.097013002612930848e+02
4.674243046875000118e+02,-8.287598569734174703e+01
4.674245976562500005e+02,-7.292091929187232324e+01
4.674248906249999891e+02,-7.144182649567061105e+01
4.674251835937500346e+02,-7.265990719375560047e+01
4.674254765625000232e+02,-7.936730154498421541e+01
4.674257695312500118e+02,-7.138173687690570546e+01
4.674260625000000005e+02,-8.408777887662668604e+01
4.674263554687499891e+02,-8.401356621943342873e+01
4.674266484375000346e+02,-7.520680633571360829e+01
4.674269414062500232e+02,-7.434119420357491492e+01
4.674272343750000118e+02,-7.005341888931921801e+01
4.674275273437500005e+02,-8.086305711100733618e+01
4.674278203124999891e+02,-7.989538582793133514e+01
4.674281132812500346e+02,-8.247084678429955318e+01
4.674284062500000232e+02,-7.684622766664071492e+01
4.674286992187500118e+02,-7.464819619004560991e+01
4.674289921875000005e+02,-7.438955722794801773e+01
4.674292851562499891e+02,-7.059840489062057145e+01
4.674295781250000346e+02,-7.414828653706079820e+01
4.674298710937500232e+02,-6.760954583817883190e+01
4.674301640625000118e+02,-6.432253484584785497e+01
4.674304570312500005e+02,-7.525281885838339235e+01
4.674307499999999891e+02,-7.312941483763101758e+01
4.674310429687500346e+02,-7.877031690146108645e+01
4.674313359375000232e+02,-7.410029953334672825e+01
4.674316289062500118e+02,-7.321342507338835048e+01
4.674319218750000005e+02,-7.961718439102145339e+01
4.674322148437499891e+02,-7.826782698825917350e+01
4.674325078125000346e+02,-7.756706699601654975e+01
4.674328007812500232e+02,-7.430482937619524364e+01
4.674330937500000118e+02,-7.407045652567612137e+01
4.674333867187500005e+02,-6.700112422041317473e+01
4.674336796874999891e+02,-6.988911085002230550e+01
4.674339726562500346e+02,-6.928107182354135318e+01
4.674342656250000232e+02,-7.281644107163971569e+01
4.674345585937500118e+02,-7.582321411745016349e+01
4.674348515625000005e+02,-7.616920104149829740e+01
4.674351445312499891e+02,-7.558482366595306701e+01
4.674354375000000346e+02,-7.336605773881129267e+01
4.674357304687500232e+02,-7.576422200155985820e+01
4.674360234375000118e+02,-6.907888180943072598e+01
4.674363164062500005e+02,-7.273761980413138417e+01
4.674366093749999891e+02,-9.043608059908567043e+01
4.674369023437500346e+02,-8.436956426731603642e+01
4.674371953125000232e+02,-6.484806635690604537e+01
4.674374882812500118e+02,-6.311613043412901902e+01
4.674377812500000005e+02,-6.288821910483811450e+01
4.674380742187499891e+02,-7.088150958443291927e+01
4.674383671875000346e+02,-8.558339277194519923e+01
4.674386601562500232e+02,-6.925156848184518310e+01
4.674389531250000118e+02,-8.107912525933409142e+01
4.674392460937500005e+02,-7.014630677430696437e+01
4.674395390624999891e+02,-7.233286829139468921e+01
4.674398320312500346e+02,-7.405341204441158709e+01
4.674401250000000232e+02,-7.933055702560912437e+01
4.674404179687500118e+02,-7.105827408849208382e+01
4.674407109375000005e+02,-7.066485377051031946e+01
4.674410039062499891e+02,-7.381161254087572843e+01
4.674412968750000346e+02,-7.497766530950474362e+01
4.674415898437500232e+02,-7.445654620719355421e+01
4.674418828125000118e+02,-7.586172341471089453e+01
4.674421757812500005e+02,-7.250562145977684736e+01
4.674424687499999891e+02,-8.184504154124682884e+01
4.674427617187500346e+02,-6.955522791359256018e+01
4.674430546875000232e+02,-6.828673243483103761e+01
4.674433476562500118e+02,-7.623719284839174293e+01
4.674436406250000005e+02,-8.815584962704113536e+01
4.674439335937499891e+02,-9.156838518191236176e+01
4.674442265625000346e+02,-8.405092448574741582e+01
4.674445195312500232e+02,-7.663306526380240769e+01
4.674448125000000118e+02,-7.449883828085201287e+01
4.674451054687500005e+02,-6.946894780198164199e+01
4.674453984374999891e+02,-6.932226798719972294e+01
4.674456914062500346e+02,-7.429663386063467101e+01
4.674459843750000232e+02,-7.117894894293115726e+01
4.674462773437500118e+02,-7.741058515347663160e+01
4.674465703125000005e+02,-8.320529800028734257e+01
4.674468632812499891e+02,-7.754213024991332759e+01
4.674471562500000346e+02,-6.970943806485095706e+01
4.674474492187500232e+02,-6.907927678093062696e+01
4.674477421875000118e+02,-7.402443375771376566e+01
4.674480351562500005e+02,-7.288086462472801941e+01
4.674483281249999891e+02,-7.772148885404595831e+01
4.674486210937500346e+02,-7.486567214187788011e+01
4.674489140625000232e+02,-7.303827791248835410e+01
4.674492070312500118e+02,-7.839903459064370850e+01
4.674495000000000005e+02,-7.784858306141900641e+01
4.674497929687499891e+02,-7.155256773375735690e+01
4.674500859375000346e+02,-6.881669421106315099e+01
4.674503789062500232e+02,-7.008202397828776498e+01
4.674506718750000118e+02,-6.994479492075321048e+01
4.674509648437500005e+02,-7.908926111778986012e+01
4.674512578124999891e+02,-8.374233078451129586e+01
4.674515507812500346e+02,-8.164120100599895125e+01
4.674518437500000232e+02,-7.664656741242224314e+01
4.674521367187500118e+02,-7.227858728971669677e+01
4.674524296875000005e+02,-6.807850396262480785e+01
4.674527226562499891e+02,-6.610453997819055871e+01
4.674530156250000346e+02,-7.302223609865441745e+01
4.674533085937500232e+02,-7.726373451772788314e+01
4.674536015625000118e+02,-6.791994514842200203e+01
4.674538945312500005e+02,-6.872537153938401389e+01
4.674541874999999891e+02,-7.833433950550873703e+01
4.674544804687500346e+02,-8.638108844753985238e+01
4.674547734375000232e+02,-7.595710000910506210e+01
4.674550664062500118e+02,-8.249867710982061908e+01
4.674553593750000005e+02,-7.034831826471810245e+01
4.674556523437499891e+02,-6.980545984738087384e+01
4.674559453125000346e+02,-7.070242272919769277e+01
4.674562382812500232e+02,-7.185644094171345841e+01
4.674565312500000118e+02,-7.762251878967303753e+01
4.674568242187500005e+02,-7.949085229801315222e+01
4.674571171874999891e+02,-7.157672004500997787e+01
4.674574101562500346e+02,-6.579627302266500521e+01
4.674577031250000232e+02,-6.393356561861540399e+01
4.674579960937500118e+02,-6.497001165620409324e+01
4.674582890625000005e+02,-7.028663499407940662e+01
4.674585820312499891e+02,-7.799429898129108096e+01
4.674588750000000346e+02,-6.811759726371582246e+01
4.674591679687500232e+02,-6.571207570502258477e+01
4.674594609375000118e+02,-7.290141581304014551e+01
4.674597539062500005e+02,-7.779049739481895642e+01
4.674600468749999891e+02,-7.297380485469207656e+01
4.674603398437500346e+02,-7.429847080436742601e+01
4.674606328125000232e+02,-7.836310061705302132e+01
4.674609257812500118e+02,-7.621211762039862947e+01
4.674612187500000005e+02,-7.648380215342884014e+01
4.674615117187499891e+02,-7.353476122559682437e+01
4.674618046875000346e+02,-8.746707360590244207e+01
4.674620976562500232e+02,-7.217658908196213474e+01
4.674623906250000118e+02,-6.704944950469582921e+01
4.674626835937500005e+02,-6.609441620999562872e+01
4.674629765624999891e+02,-7.231355775933899110e+01
4.674632695312500346e+02,-7.024780130844953874e+01
4.674635625000000232e+02,-6.738675005777923843e+01
4.674638554687500118e+02,-7.109995326623669598e+01
4.674641484375000005e+02,-7.928330958485001645e+01
4.674644414062499891e+02,-7.829973243821126516e+01
4.674647343750000346e+02,-7.189039698758267605e+01
4.674650273437500232e+02,-7.277663812023453715e+01
4.674653203125000118e+02,-7.370251751072392210e+01
4.674656132812500005e+02,-7.036946478009410555e+01
4.674659062499999891e+02,-7.001918184719509952e+01
4.674661992187500346e+02,-7.040664052123312899e+01
4.674664921875000232e+02,-6.935548102143893345e+01
4.674667851562500118e+02,-7.392536867379227772e+01
4.674670781250000005e+02,-7.241222260432093094e+01
4.674673710937499891e+02,-7.005232554542818946e+01
4.674676640625000346e+02,-7.462535520865884564e+01
4.674679570312500232e+02,-6.845354820448955024e+01
4.674682500000000118e+02,-7.501431236088531307e+01
4.674685429687500005e+02,-7.275832796517508427e+01
4.674688359374999891e+02,-7.171844835604386503e+01
4.674691289062500346e+02,-7.334194715513973506e+01
4.674694218750000232e+02,-7.363102530573712556e+01
4.674697148437500118e+02,-8.257056858996740800e+01
4.674700078125000005e+02,-6.861811881472183927e+01
4.674703007812499891e+02,-6.543900249425664128e+01
4.674705937500000346e+02,-6.646707063226257617e+01
4.674708867187500232e+02,-7.495795084236976891e+01
4.674711796875000118e+02,-6.872526459738649862e+01
4.674714726562500005e+02,-7.344813364449872495e+01
4.674717656249999891e+02,-6.674935920168815073e+01
4.674720585937500346e+02,-6.284738616920172660e+01
4.674723515625000232e+02,-6.672625415868174059e+01
4.674726445312500118e+02,-7.448530992899222269e+01
4.674729375000000005e+02,-6.642471752365176485e+01
4.674732304687499891e+02,-6.463901543866522559e+01
4.674735234375000346e+02,-6.178218552052270240e+01
4.674738164062500232e+02,-6.023656612209361327e+01
4.674741093750000118e+02,-6.569634921289420504e+01
4.674744023437500005e+02,-6.605442595373071413e+01
4.674746953124999891e+02,-7.583507738572892265e+01
4.674749882812500346e+02,-7.324964615334604900e+01
4.674752812500000232e+02,-7.453175951789016551e+01
4.674755742187500118e+02,-7.862644307937119947e+01
4.674758671875000005e+02,-7.184034396633114739e+01
4.674761601562499891e+02,-6.573211430490233909e+01
4.674764531250000346e+02,-6.565674404098992056e+01
4.674767460937500232e+02,-7.107522782673134998e+01
4.674770390625000118e+02,-7.935218651877679008e+01
4.674773320312500005e+02,-7.373392001306871180e+01
4.674776249999999891e+02,-6.346697208943772495e+01
4.674779179687500346e+02,-5.955945487281788076e+01
4.674782109375000232e+02,-7.041417327075492949e+01
4.674785039062500118e+02,-7.084287969752917036e+01
4.674787968750000005e+02,-6.809717910250986961e+01
4.674790898437499891e+02,-7.385857741727141956e+01
4.674793828125000346e+02,-6.929689439047575661e+01
4.674796757812500232e+02,-7.322411414213240732e+01
4.674799687500000118e+02,-7.402378876013069942e+01
4.674802617187500005e+02,-7.151654654873793504e+01
4.674805546874999891e+02,-7.847813853279573948e+01
4.674808476562500346e+02,-6.408197062892740803e+01
4.674811406250000232e+02,-6.634957189612339334e+01
4.674814335937500118e+02,-6.533819652504148223e+01
4.674817265625000005e+02,-7.694742384696616000e+01
4.674820195312499891e+02,-6.980872776305594130e+01
4.674823125000000346e+02,-7.401667436309527659e+01
4.674826054687500232e+02,-7.431634626032152369e+01
4.674828984375000118e+02,-7.061557342152421768e+01
4.674831914062500005e+02,-7.323872319906396910e+01
4.674834843749999891e+02,-6.841056585528555445e+01
4.674837773437500346e+02,-8.568603659225026092e+01
4.674840703125000232e+02,-7.069866748242668564e+01
4.674843632812500118e+02,-6.111096765527605612e+01
4.674846562500000005e+02,-6.116479989523746497e+01
4.674849492187499891e+02,-6.907581313948088564e+01
4.674852421875000346e+02,-7.099997681180764175e+01
4.674855351562500232e+02,-6.652190423555974519e+01
4.674858281250000118e+02,-6.623656929275944094e+01
4.674861210937500005e+02,-6.433770882999286300e+01
4.674864140624999891e+02,-7.486077281370926073e+01
4.674867070312500346e+02,-6.872982660562269075e+01
4.674870000000000232e+02,-6.641452547996539124e+01
4.674872929687500118e+02,-6.996024158111814018e+01
4.674875859375000005e+02,-7.129148163363932156e+01
4.674878789062499891e+02,-6.927864867704369090e+01
4.674881718750000346e+02,-6.249177133095870573e+01
4.674884648437500232e+02,-5.929253146601743651e+01
4.674887578125000118e+02,-6.128570602336332485e+01
4.674890507812500005e+02,-6.414078672727404751e+01
4.674893437499999891e+02,-6.903523319822232907e+01
4.674896367187500346e+02,-6.885394943585441752e+01
4.674899296875000232e+02,-6.728365822776365235e+01
4.674902226562500118e+02,-6.762031229333979354e+01
4.674905156250000005e+02,-6.884194057755520646e+01
4.674908085937499891e+02,-6.170125510702873584e+01
4.674911015625000346e+02,-6.589528429912222407e+01
4.674913945312500232e+02,-6.553215761527805228e+01
4.674916875000000118e+02,-6.003382524252021568e+01
4.674919804687500005e+02,-6.013684021781389788e+01
4.674922734374999891e+02,-6.441846536066474016e+01
4.674925664062500346e+02,-6.629768398113583316e+01
4.674928593750000232e+02,-7.115137914777969286e+01
4.674931523437500118e+02,-8.368410610298403185e+01
4.674934453125000005e+02,-6.761564551596212880e+01
4.674937382812499891e+02,-6.659677200960010168e+01
4.674940312500000346e+02,-6.760506438416823016e+01
4.674943242187500232e+02,-6.722850737195953741e+01
4.674946171875000118e+02,-6.989455499609698563e+01
4.674949101562500005e+02,-6.914881399521053140e+01
4.674952031249999891e+02,-6.375729721371718028e+01
4.674954960937500346e+02,-7.494158310229332187e+01
4.674957890625000232e+02,-6.754980555398712738e+01
4.674960820312500118e+02,-6.482857868657629297e+01
4.674963750000000005e+02,-5.999846631368615135e+01
4.674966679687499891e+02,-6.512072286595183357e+01
4.674969609375000346e+02,-5.735717504331539374e+01
4.674972539062500232e+02,-5.357899668437647023e+01
4.674975468750000118e+02,-5.746600112596782139e+01
4.674978398437500005e+02,-6.974525370567175742e+01
4.674981328124999891e+02,-6.259898393239829062e+01
4.674984257812500346e+02,-6.839634434351665959e+01
4.674987187500000232e+02,-6.539818280498589331e+01
4.674990117187500118e+02,-7.327214308719264579e+01
4.674993046875000005e+02,-6.358870902119865320e+01
4.674995976562499891e+02,-6.102076621148989943e+01
4.674998906250000346e+02,-7.051481530698075062e+01
4.675001835937500232e+02,-6.738799601576853604e+01
4.675004765625000118e+02,-7.181334525129071267e+01
4.675007695312500005e+02,-7.718632403982523726e+01
4.675010624999999891e+02,-7.170836393305725665e+01
4.675013554687500346e+02,-6.300197867637418625e+01
4.675016484375000232e+02,-6.236248356621703692e+01
4.675019414062500118e+02,-6.407203075392918379e+01
4.675022343750000005e+02,-6.741522235634757010e+01
4.675025273437499891e+02,-6.746386230889775959e+01
4.675028203125000346e+02,-6.778221936838937722e+01
4.675031132812500232e+02,-6.191894825416164849e+01
4.675034062500000118e+02,-6.285699615341468416e+01
4.675036992187500005e+02,-6.021851226481877717e+01
4.675039921874999891e+02,-6.488901998606203847e+01
4.675042851562500346e+02,-6.777639260998037685e+01
4.675045781250000232e+02,-7.920927848117149495e+01
4.675048710937500118e+02,-6.199824696276717617e+01
4.675051640625000005e+02,-6.029580767595221147e+01
4.675054570312499891e+02,-6.553529702212757968e+01
4.675057500000000346e+02,-7.115899737217874588e+01
4.675060429687500232e+02,-7.108491399764295693e+01
4.675063359375000118e+02,-6.710251214449530721e+01
4.675066289062500005e+02,-7.316023247110837247e+01
4.675069218749999891e+02,-6.705874695320788703e+01
4.675072148437500346e+02,-6.767459740145721980e+01
4.675075078125000232e+02,-6.610768622557864660e+01
4.675078007812500118e+02,-7.613126421101787855e+01
4.675080937500000005e+02,-6.594553967942158579e+01
4.675083867187499891e+02,-7.970500027235534901e+01
4.675086796875000346e+02,-7.369531663577126324e+01
4.675089726562500232e+02,-6.812580421397667862e+01
4.675092656250000118e+02,-6.111280894610179359e+01
4.675095585937500005e+02,-6.413985516265722708e+01
4.675098515624999891e+02,-7.546141432300443341e+01
4.675101445312500346e+02,-8.320709452403187356e+01
4.675104375000000232e+02,-7.080864489514611648e+01
4.675107304687500118e+02,-7.842712223666143245e+01
4.675110234375000005e+02,-7.278313791606262839e+01
4.675113164062499891e+02,-7.016049033581845151e+01
4.675116093750000346e+02,-7.153129856846072698e+01
4.675119023437500232e+02,-8.716013738792726429e+01
4.675121953125000118e+02,-7.569101617680962590e+01
4.675124882812500005e+02,-6.756130787521870218e+01
4.675127812499999891e+02,-6.545040579352799170e+01
4.675130742187500346e+02,-6.698234536577547260e+01
4.675133671875000232e+02,-6.822996504702145160e+01
4.675136601562500118e+02,-6.802236524163174636e+01
4.675139531250000005e+02,-7.108284951362206527e+01
4.675142460937499891e+02,-7.049063643169606053e+01
4.675145390625000346e+02,-6.649552965501521840e+01
4.675148320312500232e+02,-6.559952344514195488e+01
4.675151250000000118e+02,-6.830237117648201206e+01
4.675154179687500005e+02,-7.536516607847738669e+01
4.675157109374999891e+02,-7.420447725384664750e+01
4.675160039062500346e+02,-7.445354098836118339e+01
4.675162968750000232e+02,-7.625412882879174958e+01
4.675165898437500118e+02,-9.001468100557006835e+01
4.675168828125000005e+02,-7.015866761977692079e+01
4.675171757812499891e+02,-7.847027189304418471e+01
4.675174687500000346e+02,-6.471482799839110100e+01
4.675177617187500232e+02,-6.751224573157476527e+01
4.675180546875000118e+02,-6.808682133743775466e+01
4.675183476562500005e+02,-7.788534825215756996e+01
4.675186406249999891e+02,-8.803251547882580041e+01
4.675189335937500346e+02,-8.274485073198840723e+01
4.675192265625000232e+02,-7.584962795757809317e+01
4.675195195312500118e+02,-7.815819553681288312e+01
4.675198125000000005e+02,-8.619086091019138962e+01
4.675201054687499891e+02,-7.093841292071272164e+01
4.675203984375000346e+02,-6.301006894116150647e+01
4.675206914062500232e+02,-8.173379849155772092e+01
4.675209843750000118e+02,-7.022961173186760675e+01
4.675212773437500005e+02,-7.060819751647012765e+01
4.675215703124999891e+02,-6.805975019233119383e+01
4.675218632812500346e+02,-6.635048641538300274e+01
4.675221562500000232e+02,-6.691335856407158644e+01
4.675224492187500118e+02,-6.903666880059027733e+01
4.675227421875000005e+02,-7.543130006096076556e+01
4.675230351562499891e+02,-7.315272314779232943e+01
4.675233281250000346e+02,-6.726540785772161257e+01
4.675236210937500232e+02,-6.900453053918766955e+01
4.675239140625000118e+02,-8.141286258314879376e+01
4.675242070312500005e+02,-6.874724740547533486e+01
4.675244999999999891e+02,-6.804534979725703181e+01
4.675247929687500346e+02,-7.315908491609623354e+01
4.675250859375000232e+02,-6.532329218147900463e+01
4.675253789062500118e+02,-6.431190719729104899e+01
4.675256718750000005e+02,-6.582708462148141848e+01
4.675259648437499891e+02,-6.431952305734979802e+01
4.675262578125000346e+02,-6.005120478672792217e+01
4.675265507812500232e+02,-5.518477688969159090e+01
4.675268437500000118e+02,-5.898793926661998199e+01
4.675271367187500005e+02,-6.628712439079190233e+01
4.675274296874999891e+02,-7.841411714668656430e+01
4.675277226562500346e+02,-7.942840204548174654e+01
4.675280156250000232e+02,-7.077842620577166599e+01
4.675283085937500118e+02,-8.188105534681618281e+01
4.675286015625000005e+02,-7.326492922036429434e+01
4.675288945312499891e+02,-6.292861927263508193e+01
4.675291875000000346e+02,-5.718513974939921241e+01
4.675294804687500232e+02,-5.837254839480027613e+01
4.675297734375000118e+02,-6.373670786761113050e+01
4.675300664062500005e+02,-6.624662095000934414e+01
4.675303593749999891e+02,-7.408967526630364375e+01
4.675306523437500346e+02,-7.012523973746110073e+01
4.675309453125000232e+02,-7.710803138579993288e+01
4.675312382812500118e+02,-6.917434357754831353e+01
4.675315312500000005e+02,-6.921540137544249660e+01
4.675318242187499891e+02,-6.086410880180789462e+01
4.675321171875000346e+02,-6.288740820772208906e+01
4.675324101562500232e+02,-6.443297402996137180e+01
4.675327031250000118e+02,-6.474373086440473912e+01
4.675329960937500005e+02,-6.856642735990004667e+01
4.675332890624999891e+02,-6.201905231343857849e+01
4.675335820312500346e+02,-5.915735278503717609e+01
4.675338750000000232e+02,-6.897225216230205547e+01
4.675341679687500118e+02,-6.538595133449321395e+01
4.675344609375000005e+02,-6.264506479116241877e+01
4.675347539062499891e+02,-6.944949861382001188e+01
4.675350468750000346e+02,-6.672803522587872749e+01
4.675353398437500232e+02,-6.325364647902651427e+01
4.675356328125000118e+02,-6.203261336939667814e+01
4.675359257812500005e+02,-6.054809156028142070e+01
4.675362187499999891e+02,-5.848484605445010232e+01
4.675365117187500346e+02,-5.946866223460691714e+01
4.675368046875000232e+02,-6.355810029299956909e+01
4.675370976562500118e+02,-6.346548599486946785e+01
4.675373906250000005e+02,-7.358656143912557468e+01
4.675376835937499891e+02,-7.021540175644037163e+01
4.675379765625000346e+02,-6.471871730610452289e+01
4.675382695312500232e+02,-6.185028934119372224e+01
4.675385625000000118e+02,-6.425699446216529509e+01
4.675388554687500005e+02,-6.611466091576929216e+01
4.675391484374999891e+02,-6.218519600421835491e+01
4.675394414062500346e+02,-5.723761327555913425e+01
4.675397343750000232e+02,-6.204694836163699989e+01
4.675400273437500118e+02,-7.657177710415872696e+01
4.675403203125000005e+02,-6.525708334725761972e+01
4.675406132812499891e+02,-5.964345437574856135e+01
4.675409062500000346e+02,-5.511172851748182211e+01
4.675411992187500232e+02,-5.145851660315897647e+01
4.675414921875000118e+02,-5.539859540061969057e+01
4.675417851562500005e+02,-6.373225008190455299e+01
4.675420781249999891e+02,-5.858194203709657444e+01
4.675423710937500346e+02,-6.116208217820918946e+01
4.675426640625000232e+02,-6.135374389440673326e+01
4.675429570312500118e+02,-5.975025913514091513e+01
4.675432500000000005e+02,-6.270547338481699029e+01
4.675435429687499891e+02,-6.720195772192089123e+01
4.675438359375000346e+02,-6.451109502727599931e+01
4.675441289062500232e+02,-5.840897340999003262e+01
4.675444218750000118e+02,-6.392698069252808324e+01
4.675447148437500005e+02,-5.451745173487697116e+01
4.675450078124999891e+02,-4.628798770052154055e+01
4.675453007812500346e+02,-4.848287640350523020e+01
4.675455937500000232e+02,-6.271252091933988737e+01
4.675458867187500118e+02,-5.868478077364942180e+01
4.675461796875000005e+02,-5.688589104849958744e+01
4.675464726562499891e+02,-7.093671315978093617e+01
4.675467656250000346e+02,-5.685670435445990734e+01
4.675470585937500232e+02,-5.035592312009330840e+01
4.675473515625000118e+02,-5.304478165183749638e+01
4.675476445312500005e+02,-5.392780841552260540e+01
4.675479374999999891e+02,-5.968190822338897306e+01
4.675482304687500346e+02,-6.369099715818955332e+01
4.675485234375000232e+02,-5.310832582576135508e+01
4.675488164062500118e+02,-5.169384180405779716e+01
4.675491093750000005e+02,-5.317961926805040207e+01
4.675494023437499891e+02,-5.365855433037118161e+01
4.675496953125000346e+02,-5.894382176624637282e+01
4.675499882812500232e+02,-5.559066393705207787e+01
4.675502812500000118e+02,-7.039685497850948082e+01
4.675505742187500005e+02,-5.865634524172784126e+01
4.675508671874999891e+02,-5.709452488370237688e+01
4.675511601562500346e+02,-6.184797049938154601e+01
4.675514531250000232e+02,-5.897711111838590625e+01
4.675517460937500118e+02,-5.961145713216586728e+01
4.675520390625000005e+02,-6.368629915126096819e+01
4.675523320312499891e+02,-6.333917582864390283e+01
4.675526250000000346e+02,-6.504677338724698643e+01
4.675529179687500232e+02,-5.455893575755374769e+01
4.675532109375000118e+02,-5.331109092961796136e+01
4.675535039062500005e+02,-5.229248707047946709e+01
4.675537968749999891e+02,-5.616591740920653564e+01
4.675540898437500346e+02,-5.765631498811643496e+01
4.675543828125000232e+02,-5.589655514625601285e+01
4.675546757812500118e+02,-5.923004712966060481e+01
4.675549687500000005e+02,-5.468974968949342497e+01
4.675552617187499891e+02,-5.731200771834127750e+01
4.675555546875000346e+02,-5.641352297465068233e+01
4.675558476562500232e+02,-6.342778312043662226e+01
4.675561406250000118e+02,-5.450334875414345248e+01
4.675564335937500005e+02,-6.540221104102832328e+01
4.675567265624999891e+02,-5.740352307091905004e+01
4.675570195312500346e+02,-5.435878256101496930e+01
4.675573125000000232e+02,-5.384707725320622984e+01
4.675576054687500118e+02,-5.780267958857685073e+01
4.675578984375000005e+02,-6.249354746842784181e+01
4.675581914062499891e+02,-7.901518406090848146e+01
4.675584843750000346e+02,-5.474023305114253901e+01
4.675587773437500232e+02,-5.371667404809383584e+01
4.675590703125000118e+02,-6.641632983793461165e+01
4.675593632812500005e+02,-6.514759771249444498e+01
4.675596562499999891e+02,-5.653003606456736918e+01
4.675599492187500346e+02,-6.206082466076611581e+01
4.675602421875000232e+02,-5.599822167580680343e+01
4.675605351562500118e+02,-6.695398546219526281e+01
4.675608281250000005e+02,-5.736923419818026559e+01
4.675611210937499891e+02,-5.347102340040740387e+01
4.675614140625000346e+02,-5.609911227165956404e+01
4.675617070312500232e+02,-5.351058210967286755e+01
4.675620000000000118e+02,-5.834178386478776446e+01
4.675622929687500005e+02,-6.066454949137024499e+01
4.675625859374999891e+02,-5.833732004875112409e+01
4.675628789062500346e+02,-5.332665485956177065e+01
4.675631718750000232e+02,-4.988397585979331694e+01
4.675634648437500118e+02,-5.106445369039171567e+01
4.675637578125000005e+02,-5.280947974717206961e+01
4.675640507812499891e+02,-5.604185363698377387e+01
4.675643437500000346e+02,-5.680649820073912792e+01
4.675646367187500232e+02,-5.243717167617889174e+01
4.675649296875000118e+02,-5.186343041759818817e+01
4.675652226562500005e+02,-4.985006592809627080e+01
4.675655156249999891e+02,-5.602911654105666628e+01
4.675658085937500346e+02,-5.297521924316776420e+01
4.675661015625000232e+02,-5.377723249286689366e+01
4.675663945312500118e+02,-5.666056822604925713e+01
4.675666875000000005e+02,-5.773562748392946986e+01
4.675669804687499891e+02,-6.136713705571424526e+01
4.675672734375000346e+02,-6.172861406064104983e+01
4.675675664062500232e+02,-5.884876403213588958e+01
4.675678593750000118e+02,-5.236784789414232932e+01
4.675681523437500005e+02,-5.416661405951073505e+01
4.675684453124999891e+02,-5.714697852452907512e+01
4.675687382812500346e+02,-5.663430782756012150e+01
4.675690312500000232e+02,-6.010184595819056597e+01
4.675693242187500118e+02,-4.972849598647265879e+01
4.675696171875000005e+02,-5.580793381151373467e+01
4.675699101562499891e+02,-5.568546448131649385e+01
4.675702031250000346e+02,-5.946953264058319633e+01
4.675704960937500232e+02,-5.695359689981592055e+01
4.675707890625000118e+02,-5.907385681235690811e+01
4.675710820312500005e+02,-5.928999507336081365e+01
4.675713749999999891e+02,-1.019520037703908883e+02
4.675716679687500346e+02,-5.865616977952920763e+01
4.675719609375000232e+02,-6.053206845342798204e+01
4.675722539062500118e+02,-5.253765869573744141e+01
4.675725468750000005e+02,-5.894171980449034720e+01
4.675728398437499891e+02,-5.115440660713335319e+01
4.675731328125000346e+02,-4.886810221251627695e+01
4.675734257812500232e+02,-5.154711849841767446e+01
4.675737187500000118e+02,-6.511522235527381497e+01
4.675740117187500005e+02,-5.038408746506885905e+01
4.675743046874999891e+02,-5.131945359161962017e+01
4.675745976562500346e+02,-5.787229550220445873e+01
4.675748906250000232e+02,-5.637831252569008456e+01
4.675751835937500118e+02,-5.672821986793557159e+01
4.675754765625000005e+02,-5.150336249421818025e+01
4.675757695312499891e+02,-4.989177351903120439e+01
4.675760625000000346e+02,-4.864392559348005562e+01
4.675763554687500232e+02,-5.312821392685894750e+01
4.675766484375000118e+02,-5.547535548492255231e+01
4.675769414062500005e+02,-5.546351509046866113e+01
4.675772343749999891e+02,-5.878729298792379154e+01
4.675775273437500346e+02,-5.597163585526783436e+01
4.675778203125000232e+02,-5.140030070758774627e+01
4.675781132812500118e+02,-5.030322095798836557e+01
4.675784062500000005e+02,-5.265151669121046751e+01
4.675786992187499891e+02,-6.506796638530565247e+01
4.675789921875000346e+02,-5.708643336413246772e+01
4.675792851562500232e+02,-5.948359178027477867e+01
4.675795781250000118e+02,-6.658198133251944739e+01
4.675798710937500005e+02,-4.964617997165008489e+01
4.675801640624999891e+02,-5.571440429774149550e+01
4.675804570312500346e+02,-6.161776300028432729e+01
4.675807500000000232e+02,-5.569586441556717205e+01
4.675810429687500118e+02,-4.891697606641996998e+01
4.675813359375000005e+02,-4.676239466422762803e+01
4.675816289062499891e+02,-5.069148576248664284e+01
4.675819218750000346e+02,-6.839286464916588670e+01
4.675822148437500232e+02,-6.474824478407265360e+01
4.675825078125000118e+02,-5.916893032858138213e+01
4.675828007812500005e+02,-5.066242565139756238e+01
4.675830937499999891e+02,-5.090828882096123209e+01
4.675833867187500346e+02,-5.276099847819364186e+01
4.675836796875000232e+02,-6.113851956086908501e+01
4.675839726562500118e+02,-5.330721657910799394e+01
4.675842656250000005e+02,-5.357891781689929900e+01
4.675845585937499891e+02,-5.666536709076370926e+01
4.675848515625000346e+02,-6.102321618783147272e+01
4.675851445312500232e+02,-5.574241218045089852e+01
4.675854375000000118e+02,-6.205045565492758897e+01
4.675857304687500005e+02,-5.057355683740237140e+01
4.675860234374999891e+02,-4.979953170818860286e+01
4.675863164062500346e+02,-5.466543118426298520e+01
4.675866093750000232e+02,-6.035399821010137345e+01
4.675869023437500118e+02,-5.796261234286606623e+01
4.675871953125000005e+02,-5.980729161238272695e+01
4.675874882812499891e+02,-5.172066358907408556e+01
4.675877812500000346e+02,-5.993235821205079361e+01
4.675880742187500232e+02,-5.676117929667434936e+01
4.675883671875000118e+02,-5.810270817350516381e+01
4.675886601562500005e+02,-3.907039324678552816e+01
4.675889531249999891e+02,-3.634063142272889024e+01
4.675892460937500346e+02,-4.646768851743814821e+01
4.675895390625000232e+02,-4.918674457691959390e+01
4.675898320312500118e+02,-5.016135528340161187e+01
4.675901250000000005e+02,-5.103428569487117983e+01
4.675904179687499891e+02,-4.996562113670734107e+01
4.675907109375000346e+02,-5.141387482079431237e+01
4.675910039062500232e+02,-4.598815919816081532e+01
4.675912968750000118e+02,-4.620000141671900451e+01
4.675915898437500005e+02,-6.130903178276385290e+01
4.675918828124999891e+02,-5.203993931979344723e+01
4.675921757812500346e+02,-4.917246089820814348e+01
4.675924687500000232e+02,-5.193308899343121254e+01
4.675927617187500118e+02,-4.972982436431016140e+01
4.675930546875000005e+02,-4.981795674193555357e+01
4.675933476562499891e+02,-5.067386362357596141e+01
4.675936406250000346e+02,-6.654596506542564782e+01
4.675939335937500232e+02,-5.123175095937939716e+01
4.675942265625000118e+02,-5.274831975484808311e+01
4.675945195312500005e+02,-5.309419781751353185e+01
4.675948124999999891e+02,-5.948319715792754891e+01
4.675951054687500346e+02,-6.397830768687888536e+01
4.675953984375000232e+02,-8.173183698766388261e+01
4.675956914062500118e+02,-7.507840429600892662e+01
4.675959843750000005e+02,-6.000610984031788320e+01
4.675962773437499891e+02,-6.106456854261170974e+01
4.675965703125000346e+02,-6.123553344590335712e+01
4.675968632812500232e+02,-5.759922114435097740e+01
4.675971562500000118e+02,-5.177088218789420893e+01
4.675974492187500005e+02,-4.694117707824854335e+01
4.675977421874999891e+02,-5.806905996785913260e+01
4.675980351562500346e+02,-4.744242074970878775e+01
4.675983281250000232e+02,-5.332186528198243280e+01
4.675986210937500118e+02,-4.956623470739803139e+01
4.675989140625000005e+02,-5.740411550179583600e+01
4.675992070312499891e+02,-5.271958519883946082e+01
4.675995000000000346e+02,-6.047041635325373932e+01
4.675997929687500232e+02,-6.771981777910416156e+01
4.676000859375000118e+02,-5.825675067342697844e+01
4.676003789062500005e+02,-5.682903667954594340e+01
4.676006718749999891e+02,-5.437271998130314898e+01
4.676009648437500346e+02,-5.219330127264755959e+01
4.676012578125000232e+02,-5.745014135696250435e+01
4.676015507812500118e+02,-6.554493319377823468e+01
4.676018437500000005e+02,-5.741227207338911853e+01
4.676021367187499891e+02,-5.791070290223125028e+01
4.676024296875000346e+02,-5.067144837908054456e+01
4.676027226562500232e+02,-5.151473834322913348e+01
4.676030156250000118e+02,-5.245690477213208425e+01
4.676033085937500005e+02,-5.586307828710685897e+01
4.676036015624999891e+02,-5.891815633031029620e+01
4.676038945312500346e+02,-6.074074070516795132e+01
4.676041875000000232e+02,-7.375711920582975267e+01
4.676044804687500118e+02,-6.312934991332909362e+01
4.676047734375000005e+02,-5.489873520953039332e+01
4.676050664062499891e+02,-6.099395031237416731e+01
4.676053593750000346e+02,-6.626699215207956684e+01
4.676056523437500232e+02,-5.789700939739410046e+01
4.676059453125000118e+02,-7.777014168333074906e+01
4.676062382812500005e+02,-5.905754819776018394e+01
4.676065312499999891e+02,-5.883445148982131911e+01
4.676068242187500346e+02,-4.942265026474953515e+01
4.676071171875000232e+02,-5.364659144322590123e+01
4.676074101562500118e+02,-5.716680807428951994e+01
4.676077031250000005e+02,-6.762346706059889812e+01
4.676079960937499891e+02,-6.121151829806053257e+01
4.676082890625000346e+02,-5.682781444856526321e+01
4.676085820312500232e+02,-5.514872247881044842e+01
4.676088750000000118e+02,-5.380161862995823441e+01
4.676091679687500005e+02,-5.696853979450044392e+01
4.676094609374999891e+02,-6.068241670649969421e+01
4.676097539062500346e+02,-5.595967590791740065e+01
4.676100468750000232e+02,-6.393795482572425470e+01
4.676103398437500118e+02,-5.795101038912940794e+01
4.676106328125000005e+02,-6.421651300190639233e+01
4.676109257812499891e+02,-5.223153845312650390e+01
4.676112187500000346e+02,-5.947665878471752876e+01
4.676115117187500232e+02,-5.598885172645643138e+01
4.676118046875000118e+02,-5.484078694699725531e+01
4.676120976562500005e+02,-5.242779891745465193e+01
4.676123906249999891e+02,-5.266398316614913711e+01
4.676126835937500346e+02,-5.685385169713660503e+01
4.676129765625000232e+02,-5.006429881064948972e+01
4.676132695312500118e+02,-5.565251639649758886e+01
4.676135625000000005e+02,-6.010766292140484524e+01
4.676138554687499891e+02,-5.074624957893118449e+01
4.676141484375000346e+02,-5.584338158947345931e+01
4.676144414062500232e+02,-5.486948383639115434e+01
4.676147343750000118e+02,-5.583025322363609178e+01
4.676150273437500005e+02,-6.655501769043135596e+01
4.676153203124999891e+02,-5.950706766735572018e+01
4.676156132812500346e+02,-7.011836975826037133e+01
4.676159062500000232e+02,-6.126805338140564317e+01
4.676161992187500118e+02,-6.810757886454658205e+01
4.676164921875000005e+02,-5.630491083009943054e+01
4.676167851562499891e+02,-5.246928909764176296e+01
4.676170781250000346e+02,-5.696411438818282136e+01
4.676173710937500232e+02,-6.409856716069123195e+01
4.676176640625000118e+02,-6.233079013402254276e+01
4.676179570312500005e+02,-6.355531874168477913e+01
4.676182499999999891e+02,-5.781987578097044889e+01
4.676185429687500346e+02,-6.572266294860556002e+01
4.676188359375000232e+02,-6.532858678220958382e+01
4.676191289062500118e+02,-6.183751326117608471e+01
4.676194218750000005e+02,-5.759298230046436373e+01
4.676197148437499891e+02,-5.508606284129591302e+01
4.676200078125000346e+02,-5.211445482756124647e+01
4.676203007812500232e+02,-5.523537664373877476e+01
4.676205937500000118e+02,-5.373270731857279259e+01
4.676208867187500005e+02,-5.973703177317098323e+01
4.676211796874999891e+02,-5.914776638277706411e+01
4.676214726562500346e+02,-5.653176533375297907e+01
4.676217656250000232e+02,-5.993786336876611642e+01
4.676220585937500118e+02,-5.668047150939532486e+01
4.676223515625000005e+02,-6.346386013763187606e+01
4.676226445312499891e+02,-7.011034660966116405e+01
4.676229375000000346e+02,-6.533844053400611074e+01
4.676232304687500232e+02,-6.047094985001344014e+01
4.676235234375000118e+02,-5.912432378881725015e+01
4.676238164062500005e+02,-6.086306655186962189e+01
4.676241093749999891e+02,-6.576645389791191576e+01
4.676244023437500346e+02,-5.945477422735733342e+01
4.676246953125000232e+02,-5.561998345515415565e+01
4.676249882812500118e+02,-5.522547442685785057e+01
4.676252812500000005e+02,-5.679570336286843713e+01
4.676255742187499891e+02,-6.636283885447437569e+01
4.676258671875000346e+02,-5.762871678791699992e+01
4.676261601562500232e+02,-6.047870808447535751e+01
4.676264531250000118e+02,-5.695847511648135963e+01
4.676267460937500005e+02,-5.614076170776901620e+01
4.676270390624999891e+02,-5.814862934382156823e+01
4.676273320312500346e+02,-7.386565294747902044e+01
4.676276250000000232e+02,-6.473644636542445596e+01
4.676279179687500118e+02,-5.773735128768051794e+01
4.676282109375000005e+02,-5.931847095048737373e+01
4.676285039062499891e+02,-6.248729175021757953e+01
4.676287968750000346e+02,-6.460021880582172571e+01
4.676290898437500232e+02,-6.046663307342867455e+01
4.676293828125000118e+02,-7.091016934316449749e+01
4.676296757812500005e+02,-6.350619558815728993e+01
4.676299687499999891e+02,-5.702432405298289808e+01
4.676302617187500346e+02,-5.823367909651313568e+01
4.676305546875000232e+02,-5.757291467982378208e+01
4.676308476562500118e+02,-5.961401181403427785e+01
4.676311406250000005e+02,-6.289167098594301564e+01
4.676314335937499891e+02,-6.695874896430245826e+01
4.676317265625000346e+02,-7.315228443159588778e+01
4.676320195312500232e+02,-5.708967596558399293e+01
4.676323125000000118e+02,-5.003866123027489721e+01
4.676326054687500005e+02,-4.855887904297257762e+01
4.676328984374999891e+02,-5.229317436561616006e+01
4.676331914062500346e+02,-5.901524351100987786e+01
4.676334843750000232e+02,-5.390936728992485882e+01
4.676337773437500118e+02,-5.251615911000940429e+01
4.676340703125000005e+02,-5.432002750723129481e+01
4.676343632812499891e+02,-6.193627191470093862e+01
4.676346562500000346e+02,-6.537372696935162253e+01
4.676349492187500232e+02,-5.737343147420838818e+01
4.676352421875000118e+02,-5.919372232543635448e+01
4.676355351562500005e+02,-7.083410015950683203e+01
4.676358281249999891e+02,-5.508311658568374014e+01
4.676361210937500346e+02,-6.152520338765340568e+01
4.676364140625000232e+02,-5.537009671584654313e+01
4.676367070312500118e+02,-5.571296652858173815e+01
4.676370000000000005e+02,-6.331346800675127184e+01
4.676372929687499891e+02,-6.459225157509754922e+01
4.676375859375000346e+02,-6.441353984200446803e+01
4.676378789062500232e+02,-7.098637990784494889e+01
4.676381718750000118e+02,-6.733131358902845420e+01
4.676384648437500005e+02,-6.130710404033170846e+01
4.676387578124999891e+02,-6.264125150972253664e+01
4.676390507812500346e+02,-6.165439699780407778e+01
4.676393437500000232e+02,-7.291101945981563404e+01
4.676396367187500118e+02,-7.289303847808571390e+01
4.676399296875000005e+02,-6.521259540472868821e+01
4.676402226562499891e+02,-5.884685942525738511e+01
4.676405156250000346e+02,-5.861964884085551120e+01
4.676408085937500232e+02,-6.113378002267253919e+01
4.676411015625000118e+02,-6.548757700503212220e+01
4.676413945312500005e+02,-7.000782299336084691e+01
4.676416874999999891e+02,-7.585762679291428867e+01
4.676419804687500346e+02,-7.332601389870339403e+01
4.676422734375000232e+02,-7.258475795614258175e+01
4.676425664062500118e+02,-6.606307950524319494e+01
4.676428593750000005e+02,-6.961908984653013022e+01
4.676431523437499891e+02,-7.453410153296130147e+01
4.676434453125000346e+02,-8.127103198308881815e+01
4.676437382812500232e+02,-6.879290059490722342e+01
4.676440312500000118e+02,-6.508740613976632972e+01
4.676443242187500005e+02,-7.406854616266828373e+01
4.676446171874999891e+02,-6.798931281329031151e+01
4.676449101562500346e+02,-5.980033513146225488e+01
4.676452031250000232e+02,-6.534846686752867129e+01
4.676454960937500118e+02,-6.432553324405964190e+01
4.676457890625000005e+02,-6.662168623523834299e+01
4.676460820312499891e+02,-7.400448530468560193e+01
4.676463750000000346e+02,-6.452539608177363561e+01
4.676466679687500232e+02,-6.403543755252606218e+01
4.676469609375000118e+02,-6.703923092751773538e+01
4.676472539062500005e+02,-6.954989410218617252e+01
4.676475468749999891e+02,-6.920416139265485356e+01
4.676478398437500346e+02,-6.427422619054793529e+01
4.676481328125000232e+02,-6.679747947406384867e+01
4.676484257812500118e+02,-6.640027024985261050e+01
4.676487187500000005e+02,-6.383829406707660326e+01
4.676490117187499891e+02,-6.544565946149374724e+01
4.676493046875000346e+02,-6.626841093418572370e+01
4.676495976562500232e+02,-6.715556677530896934e+01
4.676498906250000118e+02,-7.418835924961156536e+01
4.676501835937500005e+02,-6.761913060697230549e+01
4.676504765624999891e+02,-6.325315818682468461e+01
4.676507695312500346e+02,-5.903719355987122697e+01
4.676510625000000232e+02,-5.447671731840782172e+01
4.676513554687500118e+02,-6.201670058389714768e+01
4.676516484375000005e+02,-6.934371948384631423e+01
4.676519414062499891e+02,-6.988567069601748472e+01
4.676522343750000346e+02,-6.996044752900866115e+01
4.676525273437500232e+02,-6.503414006815103221e+01
4.676528203125000118e+02,-6.284782266954899654e+01
4.676531132812500005e+02,-7.102795534988933923e+01
4.676534062499999891e+02,-6.622141005110903222e+01
4.676536992187500346e+02,-6.463303690303722249e+01
4.676539921875000232e+02,-6.599269217539119836e+01
4.676542851562500118e+02,-7.197794796443085374e+01
4.676545781250000005e+02,-6.602259527681843565e+01
4.676548710937499891e+02,-6.801204079512874046e+01
4.676551640625000346e+02,-7.175703208299110258e+01
4.676554570312500232e+02,-6.764477011145741869e+01
4.676557500000000118e+02,-6.593833059852725853e+01
4.676560429687500005e+02,-7.357653807240313881e+01
4.676563359374999891e+02,-7.035453578159416566e+01
4.676566289062500346e+02,-6.471040534477171491e+01
4.676569218750000232e+02,-6.234183915711325596e+01
4.676572148437500118e+02,-6.653480651442998806e+01
4.676575078125000005e+02,-6.725604224660695252e+01
4.676578007812499891e+02,-6.247981781862907980e+01
4.676580937500000346e+02,-6.147482486355026765e+01
4.676583867187500232e+02,-6.375573541491441887e+01
4.676586796875000118e+02,-6.834347449362826410e+01
4.676589726562500005e+02,-7.732621682426550080e+01
4.676592656249999891e+02,-7.633255570593090056e+01
4.676595585937500346e+02,-7.510552844158215180e+01
4.676598515625000232e+02,-7.917766259203224877e+01
4.676601445312500118e+02,-6.438905570632250885e+01
4.676604375000000005e+02,-6.282146747298888556e+01
4.676607304687499891e+02,-7.027777849603013749e+01
4.676610234375000346e+02,-6.867246790813952373e+01
4.676613164062500232e+02,-7.154779411582563853e+01
4.676616093750000118e+02,-6.876540348375526435e+01
4.676619023437500005e+02,-6.700218177160768107e+01
4.676621953124999891e+02,-7.215346671193711359e+01
4.676624882812500346e+02,-7.755537909394655571e+01
4.676627812500000232e+02,-7.013763109864842704e+01
4.676630742187500118e+02,-6.797012249987565724e+01
4.676633671875000005e+02,-6.665086294259188548e+01
4.676636601562499891e+02,-6.627573422597572517e+01
4.676639531250000346e+02,-7.094913306926733298e+01
4.676642460937500232e+02,-7.297550974248548528e+01
4.676645390625000118e+02,-7.773835538708036097e+01
4.676648320312500005e+02,-7.295228781876021174e+01
4.676651249999999891e+02,-6.635783898374556600e+01
4.676654179687500346e+02,-6.758733642519428031e+01
4.676657109375000232e+02,-7.189437471568227522e+01
4.676660039062500118e+02,-7.514515055231255758e+01
4.676662968750000005e+02,-6.942270112932543213e+01
4.676665898437499891e+02,-6.509613944424141607e+01
4.676668828125000346e+02,-6.996116000439663196e+01
4.676671757812500232e+02,-6.745664334560238728e+01
4.676674687500000118e+02,-6.564188837580189784e+01
4.676677617187500005e+02,-7.279918496025373997e+01
4.676680546874999891e+02,-8.230481578181127134e+01
4.676683476562500346e+02,-6.897420889214288309e+01
4.676686406250000232e+02,-6.216865969861003549e+01
4.676689335937500118e+02,-7.821437613974444503e+01
4.676692265625000005e+02,-6.586905811502131769e+01
4.676695195312499891e+02,-6.450622253580290533e+01
4.676698125000000346e+02,-6.760788627268928508e+01
4.676701054687500232e+02,-7.030096742021822820e+01
4.676703984375000118e+02,-6.597086511301026235e+01
4.676706914062500005e+02,-6.523909623040437111e+01
4.676709843749999891e+02,-6.935768169068323630e+01
4.676712773437500346e+02,-7.928265831850755774e+01
4.676715703125000232e+02,-7.388498177565270453e+01
4.676718632812500118e+02,-7.317102697364988728e+01
4.676721562500000005e+02,-6.827321770599807849e+01
4.676724492187499891e+02,-7.958038185243238161e+01
4.676727421875000346e+02,-6.694778119839449460e+01
4.676730351562500232e+02,-6.793779065784515581e+01
4.676733281250000118e+02,-6.211914267725784811e+01
4.676736210937500005e+02,-6.268523041773082127e+01
4.676739140624999891e+02,-6.429992842859748237e+01
4.676742070312500346e+02,-6.690440307877344139e+01
4.676745000000000232e+02,-7.530435345134561942e+01
4.676747929687500118e+02,-8.467885734908001893e+01
4.676750859375000005e+02,-6.701378124981414430e+01
4.676753789062499891e+02,-7.166490589465213645e+01
4.676756718750000346e+02,-7.686360363936736917e+01
4.676759648437500232e+02,-6.626159060556364011e+01
4.676762578125000118e+02,-6.229163279694597577e+01
4.676765507812500005e+02,-6.766033907266874792e+01
4.676768437499999891e+02,-7.012522625397164688e+01
4.676771367187500346e+02,-7.451250443248682132e+01
4.676774296875000232e+02,-5.820097954947346608e+01
4.676777226562500118e+02,-5.541280639913568962e+01
4.676780156250000005e+02,-6.640660318660027883e+01
4.676783085937499891e+02,-6.270973956657849158e+01
4.676786015625000346e+02,-6.478552497691188705e+01
4.676788945312500232e+02,-6.912690827443709907e+01
4.676791875000000118e+02,-7.117330285748704455e+01
4.676794804687500005e+02,-5.839651544403491812e+01
4.676797734374999891e+02,-6.204286362227396268e+01
4.676800664062500346e+02,-6.473437714288449740e+01
4.676803593750000232e+02,-5.829136404039668662e+01
4.676806523437500118e+02,-6.395347247818911995e+01
4.676809453125000005e+02,-6.399298770532564617e+01
4.676812382812499891e+02,-5.927022139347859309e+01
4.676815312500000346e+02,-6.184002810083401869e+01
4.676818242187500232e+02,-6.486480105087520087e+01
4.676821171875000118e+02,-6.007468323131966059e+01
4.676824101562500005e+02,-6.110430745098777550e+01
4.676827031249999891e+02,-6.341432689588125982e+01
4.676829960937500346e+02,-6.350292753381347666e+01
4.676832890625000232e+02,-6.941006450237316017e+01
4.676835820312500118e+02,-6.684071659948517663e+01
4.676838750000000005e+02,-6.705686205780452269e+01
4.676841679687499891e+02,-6.417735007426583138e+01
4.676844609375000346e+02,-6.536228356165062792e+01
4.676847539062500232e+02,-6.877943925549318749e+01
4.676850468750000118e+02,-6.722033868953423053e+01
4.676853398437500005e+02,-7.115152544806143453e+01
4.676856328124999891e+02,-7.247608398046429556e+01
4.676859257812500346e+02,-6.686825608946227817e+01
4.676862187500000232e+02,-7.380022972383011393e+01
4.676865117187500118e+02,-6.335770294022644578e+01
4.676868046875000005e+02,-6.268089251136309770e+01
4.676870976562499891e+02,-6.663315854359750290e+01
4.676873906250000346e+02,-6.853310771638008703e+01
4.676876835937500232e+02,-6.591373740000025805e+01
4.676879765625000118e+02,-7.330607814831610369e+01
4.676882695312500005e+02,-7.219516339151439865e+01
4.676885624999999891e+02,-8.271172543502329688e+01
4.676888554687500346e+02,-7.125867280708106932e+01
4.676891484375000232e+02,-6.633180413907312811e+01
4.676894414062500118e+02,-7.347632415745481183e+01
4.676897343750000005e+02,-6.783042061411272527e+01
4.676900273437499891e+02,-6.221371632401495333e+01
4.676903203125000346e+02,-5.969740304593550917e+01
4.676906132812500232e+02,-6.157363492332795829e+01
4.676909062500000118e+02,-6.592980894792651725e+01
4.676911992187500005e+02,-8.257082566103076715e+01
4.676914921874999891e+02,-7.029994559836730161e+01
4.676917851562500346e+02,-7.018529401164704495e+01
4.676920781250000232e+02,-7.499114347657229018e+01
4.676923710937500118e+02,-7.300258223345579722e+01
4.676926640625000005e+02,-7.273060776368546954e+01
4.676929570312499891e+02,-6.824457126470257151e+01
4.676932500000000346e+02,-6.242010761009868958e+01
4.676935429687500232e+02,-6.346162071673349203e+01
4.676938359375000118e+02,-6.800216131713619916e+01
4.676941289062500005e+02,-6.824635952764766955e+01
4.676944218749999891e+02,-6.520480416745047592e+01
4.676947148437500346e+02,-6.932487883100202453e+01
4.676950078125000232e+02,-6.515457319091864008e+01
4.676953007812500118e+02,-6.821195287426237996e+01
4.676955937500000005e+02,-8.938690019570039169e+01
4.676958867187499891e+02,-8.321916575313152009e+01
4.676961796875000346e+02,-6.703106033617062565e+01
4.676964726562500232e+02,-6.370100073672535501e+01
4.676967656250000118e+02,-7.469682399801732231e+01
4.676970585937500005e+02,-7.570877665539964596e+01
4.676973515624999891e+02,-7.128069197911810306e+01
4.676976445312500346e+02,-7.176213038499091112e+01
4.676979375000000232e+02,-7.942883953204014347e+01
4.676982304687500118e+02,-6.265996288545620985e+01
4.676985234375000005e+02,-6.389679745855798387e+01
4.676988164062499891e+02,-7.193180922238927621e+01
4.676991093750000346e+02,-7.730066854156146405e+01
4.676994023437500232e+02,-7.027960251408477177e+01
4.676996953125000118e+02,-6.933961495091614324e+01
4.676999882812500005e+02,-6.709339021665888936e+01
4.677002812499999891e+02,-6.694475381139484682e+01
4.677005742187500346e+02,-7.514430201946606758e+01
4.677008671875000232e+02,-7.457941499183606027e+01
4.677011601562500118e+02,-6.547540204525445517e+01
4.677014531250000005e+02,-6.662474040541572151e+01
4.677017460937499891e+02,-8.692450415904983174e+01
4.677020390625000346e+02,-7.958211205310961134e+01
4.677023320312500232e+02,-7.436846791239261734e+01
4.677026250000000118e+02,-7.031269659351569601e+01
4.677029179687500005e+02,-6.857815317391595045e+01
4.677032109374999891e+02,-7.432313303414831296e+01
4.677035039062500346e+02,-6.649740549520704747e+01
4.677037968750000232e+02,-6.975903858054616080e+01
4.677040898437500118e+02,-7.240323619850673253e+01
4.677043828125000005e+02,-8.173729916001569507e+01
4.677046757812499891e+02,-7.875375482195744326e+01
4.677049687500000346e+02,-6.422194508474197505e+01
4.677052617187500232e+02,-6.316437148395215218e+01
4.677055546875000118e+02,-7.017033258596286771e+01
4.677058476562500005e+02,-6.836001389165332398e+01
4.677061406249999891e+02,-6.807652309204914332e+01
4.677064335937500346e+02,-7.324748188388431913e+01
4.677067265625000232e+02,-6.630500406706151750e+01
4.677070195312500118e+02,-7.095730742213142150e+01
4.677073125000000005e+02,-7.404532988750430889e+01
4.677076054687499891e+02,-6.838221897785251713e+01
4.677078984375000346e+02,-7.547940216997253060e+01
4.677081914062500232e+02,-7.194423490192603765e+01
4.677084843750000118e+02,-8.577217206928682458e+01
4.677087773437500005e+02,-7.829960002337726621e+01
4.677090703124999891e+02,-7.719058847020642133e+01
4.677093632812500346e+02,-6.816017144071837208e+01
4.677096562500000232e+02,-6.951715531601780640e+01
4.677099492187500118e+02,-8.608389028459325232e+01
4.677102421875000005e+02,-7.405412018908106120e+01
4.677105351562499891e+02,-7.477857880273360536e+01
4.677108281250000346e+02,-8.019029320803090854e+01
4.677111210937500232e+02,-7.475063763966817021e+01
4.677114140625000118e+02,-7.921062396768439839e+01
4.677117070312500005e+02,-7.796209491108481870e+01
4.677119999999999891e+02,-7.237607262044905099e+01
4.677122929687500346e+02,-7.440570297832836388e+01
4.677125859375000232e+02,-8.406152546394217495e+01
4.677128789062500118e+02,-7.721952340157872641e+01
4.677131718750000005e+02,-8.321342775486876064e+01
4.677134648437499891e+02,-7.525515850398851114e+01
4.677137578125000346e+02,-7.609721604792571270e+01
4.677140507812500232e+02,-7.257561595084725070e+01
4.677143437500000118e+02,-7.510531618169510182e+01
4.677146367187500005e+02,-8.273358392659261540e+01
4.677149296874999891e+02,-7.749583716886276363e+01
4.677152226562500346e+02,-8.083629359166137363e+01
4.677155156250000232e+02,-7.440191464519239162e+01
4.677158085937500118e+02,-7.480213513675218451e+01
4.677161015625000005e+02,-7.021872180278703013e+01
4.677163945312499891e+02,-6.975082080681227126e+01
4.677166875000000346e+02,-7.245352302900766972e+01
4.677169804687500232e+02,-8.351348166377981386e+01
4.677172734375000118e+02,-8.759063520224336230e+01
4.677175664062500005e+02,-7.816752839237602757e+01
4.677178593749999891e+02,-7.001368907502178729e+01
4.677181523437500346e+02,-7.186938775524114931e+01
4.677184453125000232e+02,-7.023432783418147096e+01
4.677187382812500118e+02,-7.058689448648520681e+01
4.677190312500000005e+02,-7.154157767350973529e+01
4.677193242187499891e+02,-6.760087022092942277e+01
4.677196171875000346e+02,-6.709417828422301966e+01
4.677199101562500232e+02,-8.586455986285052688e+01
4.677202031250000118e+02,-7.215386739733517629e+01
4.677204960937500005e+02,-7.572531851162136718e+01
4.677207890624999891e+02,-7.756499975933772362e+01
4.677210820312500346e+02,-7.897097754728436314e+01
4.677213750000000232e+02,-7.540553670920125739e+01
4.677216679687500118e+02,-6.999443361831211519e+01
4.677219609375000005e+02,-6.827237411192504624e+01
4.677222539062499891e+02,-7.825262903837864314e+01
4.677225468750000346e+02,-8.128415197949726689e+01
4.677228398437500232e+02,-7.781147660775567942e+01
4.677231328125000118e+02,-6.985734071572851178e+01
4.677234257812500005e+02,-6.874194143979298133e+01
4.677237187499999891e+02,-7.279106937530309551e+01
4.677240117187500346e+02,-7.346229930828346255e+01
4.677243046875000232e+02,-8.427073302935704646e+01
4.677245976562500118e+02,-8.411329289679905230e+01
4.677248906250000005e+02,-8.758249251490204301e+01
4.677251835937499891e+02,-7.209041787490049558e+01
4.677254765625000346e+02,-7.943992565204793266e+01
4.677257695312500232e+02,-7.156096729665611633e+01
4.677260625000000118e+02,-7.563704079243927936e+01
4.677263554687500005e+02,-7.603118105101516733e+01
4.677266484374999891e+02,-7.242256669071635145e+01
4.677269414062500346e+02,-7.225275582445716793e+01
4.677272343750000232e+02,-7.539536412723705894e+01
4.677275273437500118e+02,-8.172737679978135361e+01
4.677278203125000005e+02,-7.202938077813652740e+01
4.677281132812499891e+02,-6.903667884274565836e+01
4.677284062500000346e+02,-6.881963296320188306e+01
4.677286992187500232e+02,-7.765465914828246241e+01
4.677289921875000118e+02,-7.650809463663348708e+01
4.677292851562500005e+02,-7.570876816565501599e+01
4.677295781249999891e+02,-7.143397572901628223e+01
4.677298710937500346e+02,-7.588581789291539792e+01
4.677301640625000232e+02,-7.358308984343791792e+01
4.677304570312500118e+02,-6.990384263097242012e+01
4.677307500000000005e+02,-7.426284787865080261e+01
4.677310429687499891e+02,-7.581040925919774054e+01
4.677313359375000346e+02,-7.100248373116856726e+01
4.677316289062500232e+02,-7.893460068422621134e+01
4.677319218750000118e+02,-1.053624231758252847e+02
4.677322148437500005e+02,-7.918216087461092911e+01
4.677325078124999891e+02,-7.745129493893392691e+01
4.677328007812500346e+02,-7.427339089195841382e+01
4.677330937500000232e+02,-6.730838971998261400e+01
4.677333867187500118e+02,-7.591183679965251940e+01
4.677336796875000005e+02,-7.543343531937155433e+01
4.677339726562499891e+02,-8.215187017232071298e+01
4.677342656250000346e+02,-7.420635434872687597e+01
4.677345585937500232e+02,-7.362444620219478963e+01
4.677348515625000118e+02,-7.314764045863981323e+01
4.677351445312500005e+02,-7.543684046956236955e+01
4.677354374999999891e+02,-7.215486236799964104e+01
4.677357304687500346e+02,-6.869014118836032878e+01
4.677360234375000232e+02,-7.862836600875357362e+01
4.677363164062500118e+02,-7.427616758111223305e+01
4.677366093750000005e+02,-7.239751112323175164e+01
4.677369023437499891e+02,-7.765865697326472628e+01
4.677371953125000346e+02,-7.371533307451690575e+01
4.677374882812500232e+02,-7.261713692307927204e+01
4.677377812500000118e+02,-9.591374872785033290e+01
4.677380742187500005e+02,-7.451763418518000037e+01
4.677383671874999891e+02,-8.700784280830970374e+01
4.677386601562500346e+02,-8.260691574272790660e+01
4.677389531250000232e+02,-7.976323661945539811e+01
4.677392460937500118e+02,-7.539039436736385369e+01
4.677395390625000005e+02,-7.005135544434321559e+01
4.677398320312499891e+02,-6.731071391227189338e+01
4.677401250000000346e+02,-6.647724173037286732e+01
4.677404179687500232e+02,-6.643011698688900424e+01
4.677407109375000118e+02,-7.047105762678330620e+01
4.677410039062500005e+02,-7.273770188455787888e+01
4.677412968749999891e+02,-6.948730473873069968e+01
4.677415898437500346e+02,-6.665808357381762050e+01
4.677418828125000232e+02,-6.859514350079952294e+01
4.677421757812500118e+02,-7.282051024996542310e+01
4.677424687500000005e+02,-7.254105980110449536e+01
4.677427617187499891e+02,-7.228680247159377359e+01
4.677430546875000346e+02,-8.097214108522651088e+01
4.677433476562500232e+02,-7.186663730865581101e+01
4.677436406250000118e+02,-7.115752520917673962e+01
4.677439335937500005e+02,-7.297077082235853140e+01
4.677442265624999891e+02,-7.352007614738361951e+01
4.677445195312500346e+02,-7.834351622107173796e+01
4.677448125000000232e+02,-6.774732723462139461e+01
4.677451054687500118e+02,-7.778998446291987534e+01
4.677453984375000005e+02,-7.859225632663496697e+01
4.677456914062499891e+02,-7.788321716273989637e+01
4.677459843750000346e+02,-8.252775647238937040e+01
4.677462773437500232e+02,-7.505753744622377610e+01
4.677465703125000118e+02,-7.513790907832897403e+01
4.677468632812500005e+02,-7.275316611762333707e+01
4.677471562499999891e+02,-7.684235148198931142e+01
4.677474492187500346e+02,-7.022834463724312570e+01
4.677477421875000232e+02,-7.031550083859588085e+01
4.677480351562500118e+02,-7.893915587773574316e+01
4.677483281250000005e+02,-6.857385349565105059e+01
4.677486210937499891e+02,-6.551168493923422886e+01
4.677489140625000346e+02,-6.532697721720671780e+01
4.677492070312500232e+02,-6.686513441752525466e+01
4.677495000000000118e+02,-6.705718100570021534e+01
4.677497929687500005e+02,-7.060531211252434503e+01
4.677500859374999891e+02,-6.950743716136869921e+01
4.677503789062500346e+02,-6.765520785854285180e+01
4.677506718750000232e+02,-7.316375910923783010e+01
4.677509648437500118e+02,-7.679844835142583293e+01
4.677512578125000005e+02,-7.424053786668957855e+01
4.677515507812499891e+02,-7.429140136064118849e+01
4.677518437500000346e+02,-7.484023441774502317e+01
4.677521367187500232e+02,-7.005534337047129156e+01
4.677524296875000118e+02,-6.750011075422450801e+01
4.677527226562500005e+02,-6.731113637566160435e+01
4.677530156249999891e+02,-6.870271010834255776e+01
4.677533085937500346e+02,-7.093753869097396603e+01
4.677536015625000232e+02,-7.072730667609326360e+01
4.677538945312500118e+02,-7.487555988719589095e+01
4.677541875000000005e+02,-7.376282001438883640e+01
4.677544804687499891e+02,-6.949448915306908248e+01
4.677547734375000346e+02,-6.829381248952267924e+01
4.677550664062500232e+02,-6.700113149528343115e+01
4.677553593750000118e+02,-7.196139117166677579e+01
4.677556523437500005e+02,-7.545800194982945186e+01
4.677559453124999891e+02,-8.590967598187562260e+01
4.677562382812500346e+02,-8.832670654188083859e+01
4.677565312500000232e+02,-7.171761617241857323e+01
4.677568242187500118e+02,-6.823071570493745241e+01
4.677571171875000005e+02,-6.855451986377934759e+01
4.677574101562499891e+02,-7.247303581593479294e+01
4.677577031250000346e+02,-6.915653658747513077e+01
4.677579960937500232e+02,-6.907718391614385212e+01
4.677582890625000118e+02,-7.652197554727591466e+01
4.677585820312500005e+02,-6.960801883814657742e+01
4.677588749999999891e+02,-7.087921137257950477e+01
4.677591679687500346e+02,-7.667410537576861884e+01
4.677594609375000232e+02,-7.187677208636266357e+01
4.677597539062500118e+02,-7.021632251583645257e+01
4.677600468750000005e+02,-7.023093923539170191e+01
4.677603398437499891e+02,-7.177467321106307452e+01
4.677606328125000346e+02,-8.158895773894968784e+01
4.677609257812500232e+02,-7.880913758441562322e+01
4.677612187500000118e+02,-7.080875374843211034e+01
4.677615117187500005e+02,-6.504161598600065020e+01
4.677618046874999891e+02,-6.559819525089690728e+01
4.677620976562500346e+02,-6.575600658833214140e+01
4.677623906250000232e+02,-6.716550865787982616e+01
4.677626835937500118e+02,-8.353407415597273200e+01
4.677629765625000005e+02,-8.452314526067139866e+01
4.677632695312499891e+02,-7.574129258178348323e+01
4.677635625000000346e+02,-7.560589123469330275e+01
4.677638554687500232e+02,-7.162451637724848297e+01
4.677641484375000118e+02,-7.519569354807396167e+01
4.677644414062500005e+02,-7.018634259430122313e+01
4.677647343749999891e+02,-8.098700070796800787e+01
4.677650273437500346e+02,-7.411397690604171373e+01
4.677653203125000232e+02,-7.309915412880064878e+01
4.677656132812500118e+02,-7.338054797499376036e+01
4.677659062500000005e+02,-8.116191357687571895e+01
4.677661992187499891e+02,-7.975983035492072304e+01
4.677664921875000346e+02,-7.091680039617239117e+01
4.677667851562500232e+02,-8.714512722367473430e+01
4.677670781250000118e+02,-7.650065689115987766e+01
4.677673710937500005e+02,-7.319757684943057541e+01
4.677676640624999891e+02,-6.569492617601346751e+01
4.677679570312500346e+02,-6.400641942723835598e+01
4.677682500000000232e+02,-7.212940544704471790e+01
4.677685429687500118e+02,-7.458707208953013890e+01
4.677688359375000005e+02,-6.753741805853499613e+01
4.677691289062499891e+02,-6.602165662304807370e+01
4.677694218750000346e+02,-6.535018532308052386e+01
4.677697148437500232e+02,-6.527438151755211493e+01
4.677700078125000118e+02,-6.471096196643063081e+01
4.677703007812500005e+02,-7.169797402715103374e+01
4.677705937499999891e+02,-6.778648107569554782e+01
4.677708867187500346e+02,-6.802025255290354266e+01
4.677711796875000232e+02,-7.085851095440892777e+01
4.677714726562500118e+02,-8.242736209755989307e+01
4.677717656250000005e+02,-7.471696301471124002e+01
4.677720585937499891e+02,-7.155843896798315029e+01
4.677723515625000346e+02,-6.859512120968955173e+01
4.677726445312500232e+02,-7.159380087805560322e+01
4.677729375000000118e+02,-8.102506529740369956e+01
4.677732304687500005e+02,-7.335267723623253744e+01
4.677735234374999891e+02,-6.759971472420568261e+01
4.677738164062500346e+02,-7.282223628732853626e+01
4.677741093750000232e+02,-7.928853517002404772e+01
4.677744023437500118e+02,-8.038195210414095015e+01
4.677746953125000005e+02,-7.682860350966281260e+01
4.677749882812499891e+02,-7.793823953282777950e+01
4.677752812500000346e+02,-8.821688797179604080e+01
4.677755742187500232e+02,-7.325245461364622201e+01
4.677758671875000118e+02,-7.346113024287718929e+01
4.677761601562500005e+02,-8.325002588910200529e+01
4.677764531249999891e+02,-6.974254074269219927e+01
4.677767460937500346e+02,-7.732977241391004952e+01
4.677770390625000232e+02,-7.711018988794657503e+01
4.677773320312500118e+02,-7.610841479607329063e+01
4.677776250000000005e+02,-7.249926726522846820e+01
4.677779179687499891e+02,-8.196372362323280925e+01
4.677782109375000346e+02,-7.293188995980383993e+01
4.677785039062500232e+02,-7.705224489082466732e+01
4.677787968750000118e+02,-6.806793378488373492e+01
4.677790898437500005e+02,-6.789342669107954009e+01
4.677793828124999891e+02,-8.806259863601211180e+01
4.677796757812500346e+02,-7.630355619974751846e+01
4.677799687500000232e+02,-7.522479912045595540e+01
4.677802617187500118e+02,-8.239325560265899639e+01
4.677805546875000005e+02,-8.372478724956727092e+01
4.677808476562499891e+02,-8.104412530622209943e+01
4.677811406250000346e+02,-8.355982038444027182e+01
4.677814335937500232e+02,-7.498129003569904683e+01
4.677817265625000118e+02,-7.308756403878652463e+01
4.677820195312500005e+02,-6.715238077123740368e+01
4.677823124999999891e+02,-7.168231732207983953e+01
4.677826054687500346e+02,-7.426600758802482005e+01
4.677828984375000232e+02,-7.066669099223901185e+01
4.677831914062500118e+02,-8.647666698109831884e+01
4.677834843750000005e+02,-8.122323103638719033e+01
4.677837773437499891e+02,-7.629526397976020746e+01
4.677840703125000346e+02,-7.625602726019741340e+01
4.677843632812500232e+02,-7.369039524467238778e+01
4.677846562500000118e+02,-8.094051011087394443e+01
4.677849492187500005e+02,-7.127806689855307809e+01
4.677852421874999891e+02,-7.158709214864117598e+01
4.677855351562500346e+02,-7.341426213716539451e+01
4.677858281250000232e+02,-9.176149890744903814e+01
4.677861210937500118e+02,-7.900533591730528826e+01
4.677864140625000005e+02,-8.741096284283463547e+01
4.677867070312499891e+02,-7.408229521586868316e+01
4.677870000000000346e+02,-7.583605840873072168e+01
4.677872929687500232e+02,-7.689426036542324994e+01
4.677875859375000118e+02,-7.616527723022032603e+01
4.677878789062500005e+02,-7.170130195912376792e+01
4.677881718749999891e+02,-7.326434038163974094e+01
4.677884648437500346e+02,-7.644169838289518282e+01
4.677887578125000232e+02,-7.424151868785594388e+01
4.677890507812500118e+02,-6.848733170065243314e+01
4.677893437500000005e+02,-7.252471474186734213e+01
4.677896367187499891e+02,-7.234284411542287785e+01
4.677899296875000346e+02,-7.066064602786198634e+01
4.677902226562500232e+02,-9.124620876307741923e+01
4.677905156250000118e+02,-8.353293173076714595e+01
4.677908085937500005e+02,-7.286494203380524937e+01
4.677911015624999891e+02,-7.338403805198285568e+01
4.677913945312500346e+02,-7.360750206935371409e+01
4.677916875000000232e+02,-7.911361450751334701e+01
4.677919804687500118e+02,-8.175197504218445488e+01
4.677922734375000005e+02,-7.545432167143687252e+01
4.677925664062499891e+02,-6.915072902693486867e+01
4.677928593750000346e+02,-7.613302671395861410e+01
4.677931523437500232e+02,-7.500898322645164740e+01
4.677934453125000118e+02,-7.929308643429658332e+01
4.677937382812500005e+02,-7.401355586022606303e+01
4.677940312499999891e+02,-7.046540073414304572e+01
4.677943242187500346e+02,-7.159650672309956576e+01
4.677946171875000232e+02,-9.165999587717516306e+01
4.677949101562500118e+02,-7.911089965388909206e+01
4.677952031250000005e+02,-7.261073358116662746e+01
4.677954960937499891e+02,-7.340250165140463423e+01
4.677957890625000346e+02,-7.350015441757861367e+01
4.677960820312500232e+02,-7.935308059063541464e+01
4.677963750000000118e+02,-8.148018193592967862e+01
4.677966679687500005e+02,-7.540274763357066945e+01
4.677969609374999891e+02,-8.610764041648927503e+01
4.677972539062500346e+02,-7.635660079101850783e+01
4.677975468750000232e+02,-7.326279680300322639e+01
4.677978398437500118e+02,-8.528149023509902804e+01
4.677981328125000005e+02,-8.308962705804241011e+01
4.677984257812499891e+02,-7.573923158916686305e+01
4.677987187500000346e+02,-7.480386723638814317e+01
4.677990117187500232e+02,-7.953599010944603265e+01
4.677993046875000118e+02,-8.392281850360335227e+01
4.677995976562500005e+02,-7.513972081069290709e+01
4.677998906249999891e+02,-7.415042106834393110e+01
4.678001835937500346e+02,-7.623803348873217089e+01
4.678004765625000232e+02,-7.079076386362640960e+01
4.678007695312500118e+02,-7.077149107514354398e+01
4.678010625000000005e+02,-7.197181308821245693e+01
4.678013554687499891e+02,-7.344591301714834231e+01
4.678016484375000346e+02,-7.990263147782113151e+01
4.678019414062500232e+02,-7.244802381335163943e+01
4.678022343750000118e+02,-7.264484071269899346e+01
4.678025273437500005e+02,-7.225426258211059860e+01
4.678028203124999891e+02,-7.148292765379108005e+01
4.678031132812500346e+02,-8.394619784264632756e+01
4.678034062500000232e+02,-7.673434548871728111e+01
4.678036992187500118e+02,-7.942762360390632637e+01
4.678039921875000005e+02,-7.563581463350077172e+01
4.678042851562499891e+02,-7.750614034256039986e+01
4.678045781250000346e+02,-8.549484714089558679e+01
4.678048710937500232e+02,-7.990343337066673257e+01
4.678051640625000118e+02,-7.214303207510866400e+01
4.678054570312500005e+02,-6.727512746504935137e+01
4.678057499999999891e+02,-7.063927531743202337e+01
4.678060429687500346e+02,-8.188928616644292902e+01
4.678063359375000232e+02,-8.344771151647087493e+01
4.678066289062500118e+02,-7.823571246658966061e+01
4.678069218750000005e+02,-8.038452517556635257e+01
4.678072148437499891e+02,-8.197094913954303763e+01
4.678075078125000346e+02,-7.850171445179655905e+01
4.678078007812500232e+02,-8.072475378823355641e+01
4.678080937500000118e+02,-8.726959116769373281e+01
4.678083867187500005e+02,-8.455759881323780291e+01
4.678086796874999891e+02,-8.159504304737325242e+01
4.678089726562500346e+02,-8.487825958149647931e+01
4.678092656250000232e+02,-7.478251003476849235e+01
4.678095585937500118e+02,-7.312707924970722217e+01
4.678098515625000005e+02,-7.265796837393051533e+01
4.678101445312499891e+02,-7.834409582778927472e+01
4.678104375000000346e+02,-8.838327426528975650e+01
4.678107304687500232e+02,-8.272643483035531631e+01
4.678110234375000118e+02,-7.173754727702876721e+01
4.678113164062500005e+02,-6.836895789517060962e+01
4.678116093749999891e+02,-6.800240927192562879e+01
4.678119023437500346e+02,-8.142544390812604149e+01
4.678121953125000232e+02,-7.401368852723267366e+01
4.678124882812500118e+02,-7.360234688366544731e+01
4.678127812500000005e+02,-7.402099375961269345e+01
4.678130742187499891e+02,-6.980140582867518617e+01
4.678133671875000346e+02,-6.950436255818307529e+01
4.678136601562500232e+02,-6.937525488908912052e+01
4.678139531250000118e+02,-6.888194854164770220e+01
4.678142460937500005e+02,-7.672007902614973318e+01
4.678145390624999891e+02,-7.192302946223517779e+01
4.678148320312500346e+02,-7.174392795662369338e+01
4.678151250000000232e+02,-7.044696809289575867e+01
4.678154179687500118e+02,-6.782882896051970079e+01
4.678157109375000005e+02,-7.621453331672204001e+01
4.678160039062499891e+02,-8.520528038664738801e+01
4.678162968750000346e+02,-8.132987993806194993e+01
4.678165898437500232e+02,-7.400777247083654231e+01
4.678168828125000118e+02,-8.176419005024999365e+01
4.678171757812500005e+02,-7.347456544514125198e+01
4.678174687499999891e+02,-7.217399442289885769e+01
4.678177617187500346e+02,-8.954571493814263761e+01
4.678180546875000232e+02,-7.240610932044778281e+01
4.678183476562500118e+02,-6.805610550383715918e+01
4.678186406250000005e+02,-7.127366253873078961e+01
4.678189335937499891e+02,-7.339945989533386239e+01
4.678192265625000346e+02,-7.989402468008768210e+01
4.678195195312500232e+02,-7.688732968766549902e+01
4.678198125000000118e+02,-7.173970260200862015e+01
4.678201054687500005e+02,-6.936716856332209602e+01
4.678203984374999891e+02,-7.352361901414082013e+01
4.678206914062500346e+02,-7.209034833341445392e+01
4.678209843750000232e+02,-8.329373548155409424e+01
4.678212773437500118e+02,-7.713224075082158038e+01
4.678215703125000005e+02,-8.193067476173105490e+01
4.678218632812499891e+02,-7.372892250724351015e+01
4.678221562500000346e+02,-8.490856457967061033e+01
4.678224492187500232e+02,-7.240528244100779887e+01
4.678227421875000118e+02,-6.916776810062012260e+01
4.678230351562500005e+02,-7.226606163383711134e+01
4.678233281249999891e+02,-7.361828806996400942e+01
4.678236210937500346e+02,-6.958543204275522953e+01
4.678239140625000232e+02,-7.189161296560513392e+01
4.678242070312500118e+02,-7.695150894657128049e+01
4.678245000000000005e+02,-7.582069398807013272e+01
4.678247929687499891e+02,-8.589823510656276540e+01
4.678250859375000346e+02,-8.198887685104318734e+01
4.678253789062500232e+02,-7.535014938314969868e+01
4.678256718750000118e+02,-7.116140004335156277e+01
4.678259648437500005e+02,-7.607407809271077781e+01
4.678262578124999891e+02,-7.685456091049064753e+01
4.678265507812500346e+02,-7.133724793735882486e+01
4.678268437500000232e+02,-6.824206325147828522e+01
4.678271367187500118e+02,-7.445927738769050563e+01
4.678274296875000005e+02,-7.859388041011331438e+01
4.678277226562499891e+02,-7.319762537816390591e+01
4.678280156250000346e+02,-7.509041669893360904e+01
4.678283085937500232e+02,-7.943801408378574536e+01
4.678286015625000118e+02,-8.729924317485048846e+01
4.678288945312500005e+02,-8.646321135989398954e+01
4.678291874999999891e+02,-8.119516740883668149e+01
4.678294804687500346e+02,-7.685864704337416242e+01
4.678297734375000232e+02,-7.201754783034540708e+01
4.678300664062500118e+02,-8.179155619490821039e+01
4.678303593750000005e+02,-7.893951176158668659e+01
4.678306523437499891e+02,-7.432614213360103861e+01
4.678309453125000346e+02,-7.148858703615213983e+01
4.678312382812500232e+02,-7.395072421612948688e+01
4.678315312500000118e+02,-7.477732995585367348e+01
4.678318242187500005e+02,-7.530924082878240711e+01
4.678321171874999891e+02,-8.609141546180137539e+01
4.678324101562500346e+02,-7.538528087217014217e+01
4.678327031250000232e+02,-7.382259829943082252e+01
4.678329960937500118e+02,-7.593059726108748464e+01
4.678332890625000005e+02,-7.662551123047394697e+01
4.678335820312499891e+02,-7.192797380951009245e+01
4.678338750000000346e+02,-7.554795569728061366e+01
4.678341679687500232e+02,-7.991719927550681746e+01
4.678344609375000118e+02,-8.310448717292598531e+01
4.678347539062500005e+02,-8.092821845381615731e+01
4.678350468749999891e+02,-7.858710466004245632e+01
4.678353398437500346e+02,-7.991967686673832816e+01
4.678356328125000232e+02,-7.379107566987261180e+01
4.678359257812500118e+02,-6.932332327688550322e+01
4.678362187500000005e+02,-7.044746972333290103e+01
4.678365117187499891e+02,-7.703523484159870804e+01
4.678368046875000346e+02,-8.254064571267397810e+01
4.678370976562500232e+02,-7.954109252313241996e+01
4.678373906250000118e+02,-8.366534701944345898e+01
4.678376835937500005e+02,-7.141855491106515785e+01
4.678379765624999891e+02,-7.489579492241153957e+01
4.678382695312500346e+02,-8.287837185187763112e+01
4.678385625000000232e+02,-7.549136748888058435e+01
4.678388554687500118e+02,-6.937186056270900281e+01
4.678391484375000005e+02,-7.114706897589209689e+01
4.678394414062499891e+02,-7.263856184724511422e+01
4.678397343750000346e+02,-6.835917665777076024e+01
4.678400273437500232e+02,-7.363527753518101804e+01
4.678403203125000118e+02,-8.464330020277401445e+01
4.678406132812500005e+02,-7.497472234308064287e+01
4.678409062499999891e+02,-9.135576030681971815e+01
4.678411992187500346e+02,-7.522494224247894579e+01
4.678414921875000232e+02,-7.550804097452696340e+01
4.678417851562500118e+02,-7.477162336610771831e+01
4.678420781250000005e+02,-7.783921207799336628e+01
4.678423710937499891e+02,-8.548058810857813228e+01
4.678426640625000346e+02,-7.706258957913028951e+01
4.678429570312500232e+02,-7.651582643861237898e+01
4.678432500000000118e+02,-7.474090003067330201e+01
4.678435429687500005e+02,-8.013038922652917506e+01
4.678438359374999891e+02,-8.567748231944385395e+01
4.678441289062500346e+02,-8.638665424189156283e+01
4.678444218750000232e+02,-9.087555083608700102e+01
4.678447148437500118e+02,-8.009321962545806173e+01
4.678450078125000005e+02,-7.484674618611745700e+01
4.678453007812499891e+02,-7.294952455822591730e+01
4.678455937500000346e+02,-1.004666487859960711e+02
4.678458867187500232e+02,-7.526450525715846140e+01
4.678461796875000118e+02,-7.230077908357439753e+01
4.678464726562500005e+02,-7.647292341231731427e+01
4.678467656249999891e+02,-7.802432806189790426e+01
4.678470585937500346e+02,-7.583060697306899556e+01
4.678473515625000232e+02,-7.445654265065473965e+01
4.678476445312500118e+02,-7.547061764306894815e+01
4.678479375000000005e+02,-8.430646329379609938e+01
4.678482304687499891e+02,-9.040044513914097024e+01
4.678485234375000346e+02,-7.834862959787196246e+01
4.678488164062500232e+02,-8.804381805353159507e+01
4.678491093750000118e+02,-7.299058500933325888e+01
4.678494023437500005e+02,-7.670422621889805725e+01
4.678496953124999891e+02,-8.048616673945315370e+01
4.678499882812500346e+02,-8.543514902379462228e+01
4.678502812500000232e+02,-7.521586800232510939e+01
4.678505742187500118e+02,-7.274208788126667002e+01
4.678508671875000005e+02,-6.941401081068248402e+01
4.678511601562499891e+02,-7.247069820283523711e+01
4.678514531250000346e+02,-7.967580501538519400e+01
4.678517460937500232e+02,-7.918294029366992959e+01
4.678520390625000118e+02,-7.394953835046065649e+01
4.678523320312500005e+02,-7.409865088835911706e+01
4.678526249999999891e+02,-7.379876765007301742e+01
4.678529179687500346e+02,-7.355138230942729649e+01
4.678532109375000232e+02,-7.605790110379020064e+01
4.678535039062500118e+02,-7.879546891220687144e+01
4.678537968750000005e+02,-7.989819132013431613e+01
4.678540898437499891e+02,-7.505093699545047059e+01
4.678543828125000346e+02,-7.690943351701629638e+01
4.678546757812500232e+02,-8.488272739610629003e+01
4.678549687500000118e+02,-7.759763146273351708e+01
4.678552617187500005e+02,-7.387755113153805553e+01
4.678555546874999891e+02,-8.383160202849799703e+01
4.678558476562500346e+02,-7.843032622764239647e+01
4.678561406250000232e+02,-7.381552159930666335e+01
4.678564335937500118e+02,-7.106464913096283453e+01
4.678567265625000005e+02,-6.881630905106180762e+01
4.678570195312499891e+02,-7.179445159404575350e+01
4.678573125000000346e+02,-7.676841238318968408e+01
4.678576054687500232e+02,-7.771873815011295505e+01
4.678578984375000118e+02,-7.365879158063277998e+01
4.678581914062500005e+02,-7.512700010844868359e+01
4.678584843749999891e+02,-8.507781220754559115e+01
4.678587773437500346e+02,-7.266148572082970247e+01
4.678590703125000232e+02,-7.318763469146713874e+01
4.678593632812500118e+02,-8.708911650678120964e+01
4.678596562500000005e+02,-8.195198575730876200e+01
4.678599492187499891e+02,-8.082837871455080858e+01
4.678602421875000346e+02,-7.818153898435332394e+01
4.678605351562500232e+02,-7.657539637112192565e+01
4.678608281250000118e+02,-7.752615935977925687e+01
4.678611210937500005e+02,-8.715094550010482521e+01
4.678614140624999891e+02,-7.983509940497162916e+01
4.678617070312500346e+02,-8.498360722984379834e+01
4.678620000000000232e+02,-8.863763164414802986e+01
4.678622929687500118e+02,-8.231109767412451106e+01
4.678625859375000005e+02,-8.462807979686724025e+01
4.678628789062499891e+02,-8.008228414749302715e+01
4.678631718750000346e+02,-7.730884937425327053e+01
4.678634648437500232e+02,-7.338887820851519450e+01
4.678637578125000118e+02,-7.712796395131468330e+01
4.678640507812500005e+02,-8.254361305195763521e+01
4.678643437499999891e+02,-8.322061610584353275e+01
4.678646367187500346e+02,-7.809535105805463218e+01
4.678649296875000232e+02,-8.166678879629881749e+01
4.678652226562500118e+02,-7.718511261713383931e+01
4.678655156250000005e+02,-8.544617735215778964e+01
4.678658085937499891e+02,-8.521952171571703616e+01
4.678661015625000346e+02,-7.718487264454020647e+01
4.678663945312500232e+02,-7.581196029338508424e+01
4.678666875000000118e+02,-7.582345222532474338e+01
4.678669804687500005e+02,-7.606477916303268216e+01
4.678672734374999891e+02,-8.115701526831836077e+01
4.678675664062500346e+02,-8.583584717161811284e+01
4.678678593750000232e+02,-8.182278618196450282e+01
4.678681523437500118e+02,-8.963267775539424065e+01
4.678684453125000005e+02,-9.958049726092079368e+01
4.678687382812499891e+02,-8.537796553118070619e+01
4.678690312500000346e+02,-7.731223028823747256e+01
4.678693242187500232e+02,-8.251177266597935045e+01
4.678696171875000118e+02,-8.353842377079958226e+01
4.678699101562500005e+02,-8.023776356056720260e+01
4.678702031249999891e+02,-7.800666890748998128e+01
4.678704960937500346e+02,-7.852835285884265204e+01
4.678707890625000232e+02,-7.850328976655606539e+01
4.678710820312500118e+02,-7.779586349602783457e+01
4.678713750000000005e+02,-7.905851374580686297e+01
4.678716679687499891e+02,-8.249687551309911271e+01
4.678719609375000346e+02,-8.070192575420986714e+01
4.678722539062500232e+02,-7.891023983182664381e+01
4.678725468750000118e+02,-7.988283932257289166e+01
4.678728398437500005e+02,-7.695661969133028890e+01
4.678731328124999891e+02,-8.537019823188025214e+01
4.678734257812500346e+02,-9.006263168813413245e+01
4.678737187500000232e+02,-8.684111070887831829e+01
4.678740117187500118e+02,-9.687865789038434627e+01
4.678743046875000005e+02,-7.850980095029402150e+01
4.678745976562499891e+02,-9.017557876648521642e+01
4.678748906250000346e+02,-8.324994945407370039e+01
4.678751835937500232e+02,-9.143891039289894707e+01
4.678754765625000118e+02,-8.508639185983670927e+01
4.678757695312500005e+02,-7.954198469163183915e+01
4.678760624999999891e+02,-8.511172214792429713e+01
4.678763554687500346e+02,-8.311057734637151384e+01
4.678766484375000232e+02,-7.581032525567587754e+01
4.678769414062500118e+02,-8.467200776249720207e+01
4.678772343750000005e+02,-7.506134787307820488e+01
4.678775273437499891e+02,-7.863119152127393363e+01
4.678778203125000346e+02,-7.858097157713531544e+01
4.678781132812500232e+02,-8.029972023939335202e+01
4.678784062500000118e+02,-7.894895994753068180e+01
4.678786992187500005e+02,-8.305018043970144959e+01
4.678789921874999891e+02,-8.553468975194307689e+01
4.678792851562500346e+02,-7.954270419859140873e+01
4.678795781250000232e+02,-7.801848253051235815e+01
4.678798710937500118e+02,-8.104351932513972656e+01
4.678801640625000005e+02,-7.552455263678626807e+01
4.678804570312499891e+02,-8.307747589147712119e+01
4.678807500000000346e+02,-8.380771237511764582e+01
4.678810429687500232e+02,-8.284194419120581188e+01
4.678813359375000118e+02,-7.945933502832960471e+01
4.678816289062500005e+02,-8.405119971315170346e+01
4.678819218749999891e+02,-8.203001223026392097e+01
4.678822148437500346e+02,-7.831981232929084058e+01
4.678825078125000232e+02,-7.763047679156291281e+01
4.678828007812500118e+02,-7.428032442213097397e+01
4.678830937500000005e+02,-7.149897095818579373e+01
4.678833867187499891e+02,-7.256284645710731240e+01
4.678836796875000346e+02,-7.254173534620505848e+01
4.678839726562500232e+02,-7.214506389023722477e+01
4.678842656250000118e+02,-7.997469247790360214e+01
4.678845585937500005e+02,-7.450828156727092733e+01
4.678848515624999891e+02,-7.868008550127794365e+01
4.678851445312500346e+02,-7.934931284507973714e+01
4.678854375000000232e+02,-7.770185815083932823e+01
4.678857304687500118e+02,-8.633026421465885392e+01
4.678860234375000005e+02,-8.698222859375471216e+01
4.678863164062499891e+02,-8.631068122876254733e+01
4.678866093750000346e+02,-8.177872488160153353e+01
4.678869023437500232e+02,-7.370145250976617035e+01
4.678871953125000118e+02,-7.173599772072509495e+01
4.678874882812500005e+02,-8.333876271537172897e+01
4.678877812499999891e+02,-8.072459075816132668e+01
4.678880742187500346e+02,-7.988809750015460054e+01
4.678883671875000232e+02,-8.599266164211323371e+01
4.678886601562500118e+02,-7.530423205506545514e+01
4.678889531250000005e+02,-7.230583608512979765e+01
4.678892460937499891e+02,-8.003782525580655260e+01
4.678895390625000346e+02,-7.509245096717913270e+01
4.678898320312500232e+02,-7.772067780072359255e+01
4.678901250000000118e+02,-8.335935301197721969e+01
4.678904179687500005e+02,-8.031700306629690544e+01
4.678907109374999891e+02,-8.041122524009138317e+01
4.678910039062500346e+02,-7.636313585554829331e+01
4.678912968750000232e+02,-9.230901593224211865e+01
4.678915898437500118e+02,-7.847065451996928687e+01
4.678918828125000005e+02,-8.320120560513770158e+01
4.678921757812499891e+02,-7.857411667772537101e+01
4.678924687500000346e+02,-7.323458619587670171e+01
4.678927617187500232e+02,-8.638060684999868499e+01
4.678930546875000118e+02,-8.096730440048887090e+01
4.678933476562500005e+02,-8.422376174748518451e+01
4.678936406249999891e+02,-7.564136778162219343e+01
4.678939335937500346e+02,-7.935732530332244039e+01
4.678942265625000232e+02,-7.520280983504216010e+01
4.678945195312500118e+02,-7.293395262638614440e+01
4.678948125000000005e+02,-7.310284465205451454e+01
4.678951054687499891e+02,-7.292549949108371266e+01
4.678953984375000346e+02,-7.650286446305187837e+01
4.678956914062500232e+02,-8.255053547415056414e+01
4.678959843750000118e+02,-7.121401242945543686e+01
4.678962773437500005e+02,-6.944691969303245571e+01
4.678965703124999891e+02,-7.095456784402047390e+01
4.678968632812500346e+02,-7.403526355578881635e+01
4.678971562500000232e+02,-8.312784826740774236e+01
4.678974492187500118e+02,-8.130345888989180025e+01
4.678977421875000005e+02,-7.764587772427594814e+01
4.678980351562499891e+02,-7.689029909137740049e+01
4.678983281250000346e+02,-8.433410110503345436e+01
4.678986210937500232e+02,-7.868718891531379711e+01
4.678989140625000118e+02,-7.307159396467363877e+01
4.678992070312500005e+02,-7.439590778188539844e+01
4.678994999999999891e+02,-7.764082765484731397e+01
4.678997929687500346e+02,-7.349165600607176430e+01
4.679000859375000232e+02,-7.416829403542412535e+01
4.679003789062500118e+02,-7.446661042454070412e+01
4.679006718750000005e+02,-8.267080165619320553e+01
4.679009648437499891e+02,-9.750926948281079376e+01
4.679012578125000346e+02,-8.103258708185623505e+01
4.679015507812500232e+02,-8.027013054817857096e+01
4.679018437500000118e+02,-7.523387911318418730e+01
4.679021367187500005e+02,-8.101020705037846881e+01
4.679024296874999891e+02,-7.392036003759282892e+01
4.679027226562500346e+02,-7.469862403281811680e+01
4.679030156250000232e+02,-7.460594261276825989e+01
4.679033085937500118e+02,-7.609519419203428470e+01
4.679036015625000005e+02,-8.459639346160801665e+01
4.679038945312499891e+02,-7.276357908514751216e+01
4.679041875000000346e+02,-7.320662715702863466e+01
4.679044804687500232e+02,-7.740898439212766391e+01
4.679047734375000118e+02,-7.296132809707684430e+01
4.679050664062500005e+02,-7.858940034795561758e+01
4.679053593749999891e+02,-8.447103855282250606e+01
4.679056523437500346e+02,-7.924944552376251750e+01
4.679059453125000232e+02,-7.488589645230179315e+01
4.679062382812500118e+02,-7.964370122952045961e+01
4.679065312500000005e+02,-7.334381919705009523e+01
4.679068242187499891e+02,-7.258877435827508862e+01
4.679071171875000346e+02,-7.081916880216914478e+01
4.679074101562500232e+02,-7.277968158782498165e+01
4.679077031250000118e+02,-7.383855381395963491e+01
4.679079960937500005e+02,-7.438227591408043793e+01
4.679082890624999891e+02,-7.826985796464282430e+01
4.679085820312500346e+02,-8.442907080197001335e+01
4.679088750000000232e+02,-7.982341211282421511e+01
4.679091679687500118e+02,-7.248591483718061568e+01
4.679094609375000005e+02,-7.230905685717610254e+01
4.679097539062499891e+02,-7.644618845561787168e+01
4.679100468750000346e+02,-8.785991452241606225e+01
4.679103398437500232e+02,-8.104684641567740755e+01
4.679106328125000118e+02,-7.655717625674641624e+01
4.679109257812500005e+02,-7.153053439043068806e+01
4.679112187499999891e+02,-7.462239902678827264e+01
4.679115117187500346e+02,-7.911738961378034674e+01
4.679118046875000232e+02,-7.492317785806841357e+01
4.679120976562500118e+02,-7.627021038938090669e+01
4.679123906250000005e+02,-7.690309133241127881e+01
4.679126835937499891e+02,-7.305086840910225021e+01
4.679129765625000346e+02,-7.174563610963426186e+01
4.679132695312500232e+02,-7.254284087353518373e+01
4.679135625000000118e+02,-7.649593133379671883e+01
4.679138554687500005e+02,-7.657614291030955656e+01
4.679141484374999891e+02,-8.215806795193770995e+01
4.679144414062500346e+02,-7.787041756162312822e+01
4.679147343750000232e+02,-7.403866954641964071e+01
4.679150273437500118e+02,-6.997957319147859323e+01
4.679153203125000005e+02,-7.239501003137013413e+01
4.679156132812499891e+02,-9.192345462177540583e+01
4.679159062500000346e+02,-7.896154025265487064e+01
4.679161992187500232e+02,-8.254346505817460411e+01
4.679164921875000118e+02,-8.284625835718239273e+01
4.679167851562500005e+02,-8.704937924674143801e+01
4.679170781249999891e+02,-8.292703916835984046e+01
4.679173710937500346e+02,-7.767044704397177668e+01
4.679176640625000232e+02,-7.794643038441390104e+01
4.679179570312500118e+02,-8.975894213080334794e+01
4.679182500000000005e+02,-7.379210104962304229e+01
4.679185429687499891e+02,-7.193296369319669736e+01
4.679188359375000346e+02,-7.995312987738223853e+01
4.679191289062500232e+02,-8.011935947768682809e+01
4.679194218750000118e+02,-8.014489452702989070e+01
4.679197148437500005e+02,-7.504318417225503879e+01
4.679200078124999891e+02,-7.286281045729147365e+01
4.679203007812500346e+02,-7.815074632171625524e+01
4.679205937500000232e+02,-7.662392533288274876e+01
4.679208867187500118e+02,-8.938928011011614672e+01
4.679211796875000005e+02,-8.219711751099580965e+01
4.679214726562499891e+02,-8.468142680562434066e+01
4.679217656250000346e+02,-7.972527140903264353e+01
4.679220585937500232e+02,-7.899626081206322681e+01
4.679223515625000118e+02,-7.715386892172358557e+01
4.679226445312500005e+02,-7.601153036118307682e+01
4.679229374999999891e+02,-8.107061721182881797e+01
4.679232304687500346e+02,-8.308695187529656323e+01
4.679235234375000232e+02,-7.545812329558290799e+01
4.679238164062500118e+02,-7.199668678691591595e+01
4.679241093750000005e+02,-7.317861232319481246e+01
4.679244023437499891e+02,-7.388245054387788002e+01
4.679246953125000346e+02,-7.923326097878950236e+01
4.679249882812500232e+02,-8.525069962580916183e+01
4.679252812500000118e+02,-8.376346309949997249e+01
4.679255742187500005e+02,-7.617891986834072782e+01
4.679258671874999891e+02,-7.766185877096509671e+01
4.679261601562500346e+02,-7.545396563508698762e+01
4.679264531250000232e+02,-8.630629890228787815e+01
4.679267460937500118e+02,-7.653829522687799169e+01
4.679270390625000005e+02,-7.051854070386609408e+01
4.679273320312499891e+02,-7.389706594401144457e+01
4.679276250000000346e+02,-8.596658484921277932e+01
4.679279179687500232e+02,-8.058605431723736956e+01
4.679282109375000118e+02,-8.061771400426833623e+01
4.679285039062500005e+02,-7.929397976267372883e+01
4.679287968749999891e+02,-7.498429427761057298e+01
4.679290898437500346e+02,-7.812728198701424276e+01
4.679293828125000232e+02,-7.791047188477072893e+01
4.679296757812500118e+02,-7.559176724443260298e+01
4.679299687500000005e+02,-8.345080427952105140e+01
4.679302617187499891e+02,-7.809529259721938388e+01
4.679305546875000346e+02,-7.523005747211291805e+01
4.679308476562500232e+02,-7.795407420692734490e+01
4.679311406250000118e+02,-9.420555755880469917e+01
4.679314335937500005e+02,-7.765919191694148083e+01
4.679317265624999891e+02,-8.080488758401563132e+01
4.679320195312500346e+02,-8.307322057051715092e+01
4.679323125000000232e+02,-7.789924759159801226e+01
4.679326054687500118e+02,-7.460532680160414998e+01
4.679328984375000005e+02,-7.836887534585474668e+01
4.679331914062499891e+02,-7.924774608573324031e+01
4.679334843750000346e+02,-8.002311109601052408e+01
4.679337773437500232e+02,-8.421471013569116337e+01
4.679340703125000118e+02,-8.849597017944350341e+01
4.679343632812500005e+02,-8.169916197526204371e+01
4.679346562499999891e+02,-7.878567667284804088e+01
4.679349492187500346e+02,-8.025386479498570225e+01
4.679352421875000232e+02,-7.767345221334707617e+01
4.679355351562500118e+02,-8.013118941062245426e+01
4.679358281250000005e+02,-8.313593606717616069e+01
4.679361210937499891e+02,-8.492941979182614887e+01
4.679364140625000346e+02,-9.941721193213270169e+01
4.679367070312500232e+02,-8.396609122759613797e+01
4.679370000000000118e+02,-7.516853419985311291e+01
4.679372929687500005e+02,-8.468360621805472022e+01
4.679375859374999891e+02,-7.989769293347197276e+01
4.679378789062500346e+02,-7.591604535957276312e+01
4.679381718750000232e+02,-7.739024505678997912e+01
4.679384648437500118e+02,-8.990658294729145439e+01
4.679387578125000005e+02,-7.806241008053770258e+01
4.679390507812499891e+02,-7.810662746670649881e+01
4.679393437500000346e+02,-7.527877247233155344e+01
4.679396367187500232e+02,-8.295041528030918698e+01
4.679399296875000118e+02,-7.317846954930624293e+01
4.679402226562500005e+02,-7.225772308370936514e+01
4.679405156249999891e+02,-7.292032501847538128e+01
4.679408085937500346e+02,-7.478720833951297209e+01
4.679411015625000232e+02,-7.867870842517444885e+01
4.679413945312500118e+02,-7.809961629031255370e+01
4.679416875000000005e+02,-7.756296906828777082e+01
4.679419804687499891e+02,-7.849443377702810665e+01
4.679422734375000346e+02,-7.475081438204030349e+01
4.679425664062500232e+02,-7.350122831772421250e+01
4.679428593750000118e+02,-7.619456167494034560e+01
4.679431523437500005e+02,-7.828150891565437064e+01
4.679434453124999891e+02,-7.707551242159809135e+01
4.679437382812500346e+02,-7.066089096832882888e+01
4.679440312500000232e+02,-7.421045741557335873e+01
4.679443242187500118e+02,-8.131537442963811202e+01
4.679446171875000005e+02,-7.906937633489408768e+01
4.679449101562499891e+02,-7.837952416823947033e+01
4.679452031250000346e+02,-8.015753902149357657e+01
4.679454960937500232e+02,-8.235081235352001272e+01
4.679457890625000118e+02,-7.851290881698383828e+01
4.679460820312500005e+02,-8.607688888429022711e+01
4.679463749999999891e+02,-8.076542383019344129e+01
4.679466679687500346e+02,-8.534061626323020278e+01
4.679469609375000232e+02,-7.819146585596236321e+01
4.679472539062500118e+02,-7.686690368560282138e+01
4.679475468750000005e+02,-7.408603800485491320e+01
4.679478398437499891e+02,-7.363417850685971189e+01
4.679481328125000346e+02,-7.335816981886543431e+01
4.679484257812500232e+02,-7.281099996187084855e+01
4.679487187500000118e+02,-7.677891286229260004e+01
4.679490117187500005e+02,-8.565180317134398535e+01
4.679493046874999891e+02,-8.221694234634514942e+01
4.679495976562500346e+02,-8.175005561877253513e+01
4.679498906250000232e+02,-8.177692673289108427e+01
4.679501835937500118e+02,-9.699237175399531452e+01
4.679504765625000005e+02,-8.340509835697287144e+01
4.679507695312499891e+02,-8.055815618806470013e+01
4.679510625000000346e+02,-7.805026090746980572e+01
4.679513554687500232e+02,-7.960934674670433253e+01
4.679516484375000118e+02,-7.745273110497431901e+01
4.679519414062500005e+02,-7.945832369520667271e+01
4.679522343749999891e+02,-7.559807331021823984e+01
4.679525273437500346e+02,-7.731385741832484371e+01
4.679528203125000232e+02,-7.623234871544536873e+01
4.679531132812500118e+02,-7.349215817128741435e+01
4.679534062500000005e+02,-7.320710604605271499e+01
4.679536992187499891e+02,-8.063259616923531325e+01
4.679539921875000346e+02,-1.029278090608899419e+02
4.679542851562500232e+02,-7.315802830495756837e+01
4.679545781250000118e+02,-7.170867028668385501e+01
4.679548710937500005e+02,-8.084767564353944636e+01
4.679551640624999891e+02,-8.695422188897852322e+01
4.679554570312500346e+02,-7.976905253342050628e+01
4.679557500000000232e+02,-8.114389982920998534e+01
4.679560429687500118e+02,-7.539646839075467710e+01
4.679563359375000005e+02,-7.397733007674536054e+01
4.679566289062499891e+02,-7.220985332171918003e+01
4.679569218750000346e+02,-7.102382851750284942e+01
4.679572148437500232e+02,-7.721522648530006450e+01
4.679575078125000118e+02,-9.934673575716550431e+01
4.679578007812500005e+02,-7.748195888629820161e+01
4.679580937499999891e+02,-7.621118074022980693e+01
4.679583867187500346e+02,-7.491071498606487467e+01
4.679586796875000232e+02,-7.247636243706601533e+01
4.679589726562500118e+02,-7.293417460467624380e+01
4.679592656250000005e+02,-7.883323454963178278e+01
4.679595585937499891e+02,-8.167421651965651108e+01
4.679598515625000346e+02,-7.757855362159163803e+01
4.679601445312500232e+02,-7.793306267638104146e+01
4.679604375000000118e+02,-7.978357817385085582e+01
4.679607304687500005e+02,-8.203417301036098763e+01
4.679610234374999891e+02,-8.325253065037665579e+01
4.679613164062500346e+02,-7.716719825262983079e+01
4.679616093750000232e+02,-8.448496750996916660e+01
4.679619023437500118e+02,-7.342753124675799370e+01
4.679621953125000005e+02,-7.234695522973599680e+01
4.679624882812499891e+02,-8.385916994459962837e+01
4.679627812500000346e+02,-7.699649723325015316e+01
4.679630742187500232e+02,-7.437801578823528814e+01
4.679633671875000118e+02,-8.614330820706652503e+01
4.679636601562500005e+02,-8.356954517938177673e+01
4.679639531249999891e+02,-9.162275671454217729e+01
4.679642460937500346e+02,-7.886592537083677712e+01
4.679645390625000232e+02,-7.376927692475275933e+01
4.679648320312500118e+02,-7.378074351951148913e+01
4.679651250000000005e+02,-7.466927320345551777e+01
4.679654179687499891e+02,-8.804494901425596254e+01
4.679657109375000346e+02,-8.008588169851992689e+01
4.679660039062500232e+02,-7.807792723167098359e+01
4.679662968750000118e+02,-7.919033379022864949e+01
4.679665898437500005e+02,-1.013881429508505221e+02
4.679668828124999891e+02,-7.529361000364325207e+01
4.679671757812500346e+02,-7.242619566518843044e+01
4.679674687500000232e+02,-7.409800795214421498e+01
4.679677617187500118e+02,-8.274752583920397342e+01
4.679680546875000005e+02,-8.066216837337114498e+01
4.679683476562499891e+02,-8.111570613149757492e+01
4.679686406250000346e+02,-8.635319396260504732e+01
4.679689335937500232e+02,-8.357677375453602053e+01
4.679692265625000118e+02,-7.711297203726255134e+01
4.679695195312500005e+02,-7.947641131052355945e+01
4.679698124999999891e+02,-8.265467469769235720e+01
4.679701054687500346e+02,-7.944482166105029819e+01
4.679703984375000232e+02,-8.855284649657988894e+01
4.679706914062500118e+02,-7.754101718861575421e+01
4.679709843750000005e+02,-8.418347597766572221e+01
4.679712773437499891e+02,-8.048456040373923770e+01
4.679715703125000346e+02,-7.679367674250789833e+01
4.679718632812500232e+02,-9.022363790745384904e+01
4.679721562500000118e+02,-7.938513325812225219e+01
4.679724492187500005e+02,-8.397673855247994368e+01
4.679727421874999891e+02,-8.478742776961476579e+01
4.679730351562500346e+02,-8.543634252080364888e+01
4.679733281250000232e+02,-7.676232313350683967e+01
4.679736210937500118e+02,-7.612530256714433108e+01
4.679739140625000005e+02,-8.447391934773133926e+01
4.679742070312499891e+02,-8.279704730795685919e+01
4.679745000000000346e+02,-8.369629816950896384e+01
4.679747929687500232e+02,-8.180965695665378234e+01
4.679750859375000118e+02,-7.555042896943194819e+01
4.679753789062500005e+02,-7.993552558829566124e+01
4.679756718749999891e+02,-8.397787470447985925e+01
4.679759648437500346e+02,-7.324305554467669310e+01
4.679762578125000232e+02,-7.515885550100851731e+01
4.679765507812500118e+02,-8.051485899579725469e+01
4.679768437500000005e+02,-7.628166897381791500e+01
4.679771367187499891e+02,-7.865874326603375266e+01
4.679774296875000346e+02,-8.436135257246513675e+01
4.679777226562500232e+02,-7.631460389623102003e+01
4.679780156250000118e+02,-7.631885547690389160e+01
4.679783085937500005e+02,-7.646603850260304114e+01
4.679786015624999891e+02,-7.481746269921769965e+01
4.679788945312500346e+02,-8.194849631650501465e+01
4.679791875000000232e+02,-7.684597220745732216e+01
4.679794804687500118e+02,-7.682403778566727226e+01
4.679797734375000005e+02,-7.836918686481284624e+01
4.679800664062499891e+02,-7.959332359366415233e+01
4.679803593750000346e+02,-7.577515177977140581e+01
4.679806523437500232e+02,-7.645446961492091020e+01
4.679809453125000118e+02,-8.002484364472516631e+01
4.679812382812500005e+02,-8.649406395503099532e+01
4.679815312499999891e+02,-8.379735101070414771e+01
4.679818242187500346e+02,-8.772548304971732591e+01
4.679821171875000232e+02,-8.082928975235753910e+01
4.679824101562500118e+02,-7.774941657506553838e+01
4.679827031250000005e+02,-8.197020662929051582e+01
4.679829960937499891e+02,-7.797684041524119891e+01
4.679832890625000346e+02,-7.645293359712852066e+01
4.679835820312500232e+02,-8.019262082771334121e+01
4.679838750000000118e+02,-8.042876459971364511e+01
4.679841679687500005e+02,-7.964239031129764612e+01
4.679844609374999891e+02,-8.062209406322423888e+01
4.679847539062500346e+02,-8.423596037335371989e+01
4.679850468750000232e+02,-8.202556287935769319e+01
4.679853398437500118e+02,-7.945915761968427660e+01
4.679856328125000005e+02,-7.299964972264919538e+01
4.679859257812499891e+02,-7.225052825034448745e+01
4.679862187500000346e+02,-7.521093477069128141e+01
4.679865117187500232e+02,-8.428975014129574106e+01
4.679868046875000118e+02,-8.173642436023749269e+01
4.679870976562500005e+02,-8.006468433401181528e+01
4.679873906249999891e+02,-8.319617388020255078e+01
4.679876835937500346e+02,-7.990477308189981898e+01
4.679879765625000232e+02,-8.067521588970220137e+01
4.679882695312500118e+02,-1.002653591287826629e+02
4.679885625000000005e+02,-8.896175175318433048e+01
4.679888554687499891e+02,-8.184740984798095553e+01
4.679891484375000346e+02,-8.019266674141894669e+01
4.679894414062500232e+02,-9.252756394339232315e+01
4.679897343750000118e+02,-9.493715740620723409e+01
4.679900273437500005e+02,-8.301340585697042229e+01
4.679903203124999891e+02,-8.900389864297544307e+01
4.679906132812500346e+02,-9.226446345822105854e+01
4.679909062500000232e+02,-9.543362845608426426e+01
4.679911992187500118e+02,-8.334362489887404024e+01
4.679914921875000005e+02,-8.162044845063563514e+01
4.679917851562499891e+02,-9.459092332065780795e+01
4.679920781250000346e+02,-7.963918352582621196e+01
4.679923710937500232e+02,-8.012998730579090534e+01
4.679926640625000118e+02,-7.967511896023697204e+01
4.679929570312500005e+02,-8.240064494173242338e+01
4.679932499999999891e+02,-8.209671337685756498e+01
4.679935429687500346e+02,-8.337533367542945939e+01
4.679938359375000232e+02,-8.850226568016302053e+01
4.679941289062500118e+02,-9.608687289538751486e+01
4.679944218750000005e+02,-7.303618624183680197e+01
4.679947148437499891e+02,-7.364309184347338544e+01
4.679950078125000346e+02,-8.042025611879509484e+01
4.679953007812500232e+02,-8.220120105264881261e+01
4.679955937500000118e+02,-8.766321603187139999e+01
4.679958867187500005e+02,-7.633705910851374199e+01
4.679961796874999891e+02,-7.777114366797917455e+01
4.679964726562500346e+02,-8.194352883165619517e+01
4.679967656250000232e+02,-8.038703029003789879e+01
4.679970585937500118e+02,-7.818647220432571032e+01
4.679973515625000005e+02,-7.879661855812082649e+01
4.679976445312499891e+02,-8.234899434769842230e+01
4.679979375000000346e+02,-8.216993542638570602e+01
4.679982304687500232e+02,-8.075045176661303969e+01
4.679985234375000118e+02,-8.052859005610491749e+01
4.679988164062500005e+02,-8.380135552394551723e+01
4.679991093749999891e+02,-7.986028923150325909e+01
4.679994023437500346e+02,-8.822937776519776776e+01
4.679996953125000232e+02,-7.989869351969032607e+01
4.679999882812500118e+02,-8.735234908174938084e+01
4.680002812500000005e+02,-8.689496538683332005e+01
4.680005742187499891e+02,-8.747443202630239512e+01
4.680008671875000346e+02,-7.812873442144604041e+01
4.680011601562500232e+02,-8.083741092026416197e+01
4.680014531250000118e+02,-8.315740412475327048e+01
4.680017460937500005e+02,-8.034625137511882542e+01
4.680020390624999891e+02,-8.066347499144794142e+01
4.680023320312500346e+02,-8.626122228491706778e+01
4.680026250000000232e+02,-7.954350162099426313e+01
4.680029179687500118e+02,-8.118793029452511689e+01
4.680032109375000005e+02,-8.252737320862820525e+01
4.680035039062499891e+02,-8.441620881727641290e+01
4.680037968750000346e+02,-7.867079083973210629e+01
4.680040898437500232e+02,-8.507352044679278436e+01
4.680043828125000118e+02,-7.982877649697907430e+01
4.680046757812500005e+02,-8.786153815221570085e+01
4.680049687499999891e+02,-8.496486167084788121e+01
4.680052617187500346e+02,-8.510173937685921430e+01
4.680055546875000232e+02,-9.294668491098390462e+01
4.680058476562500118e+02,-8.652816403374114884e+01
4.680061406250000005e+02,-7.851810175395517888e+01
4.680064335937499891e+02,-8.439149124209410502e+01
4.680067265625000346e+02,-9.879530723778768220e+01
4.680070195312500232e+02,-8.528908072377718952e+01
4.680073125000000118e+02,-8.867230517699930203e+01
4.680076054687500005e+02,-9.406618844078833774e+01
4.680078984374999891e+02,-8.879706376068111240e+01
4.680081914062500346e+02,-7.905037869173273180e+01
4.680084843750000232e+02,-7.343976745930527272e+01
4.680087773437500118e+02,-7.520614593490890343e+01
4.680090703125000005e+02,-8.228611496925621793e+01
4.680093632812499891e+02,-8.696480926213237694e+01
4.680096562500000346e+02,-8.013596215554619562e+01
4.680099492187500232e+02,-7.803869602112378345e+01
4.680102421875000118e+02,-8.675026286394036390e+01
4.680105351562500005e+02,-8.613491624409428482e+01
4.680108281249999891e+02,-8.316152386533400431e+01
4.680111210937500346e+02,-8.882813796339473811e+01
4.680114140625000232e+02,-8.721463109127745383e+01
4.680117070312500118e+02,-9.553835466380743924e+01
4.680120000000000005e+02,-8.971147921354061339e+01
4.680122929687499891e+02,-8.848305491398703282e+01
4.680125859375000346e+02,-7.910963409271049329e+01
4.680128789062500232e+02,-7.838412851490993205e+01
4.680131718750000118e+02,-7.846822641699790779e+01
4.680134648437500005e+02,-7.520538000523521305e+01
4.680137578124999891e+02,-7.711810252906877849e+01
4.680140507812500346e+02,-8.623119189115571714e+01
4.680143437500000232e+02,-8.091935448271685516e+01
4.680146367187500118e+02,-8.430043855892564864e+01
4.680149296875000005e+02,-8.996189686993011492e+01
4.680152226562499891e+02,-8.821000610006188936e+01
4.680155156250000346e+02,-8.022905516256616920e+01
4.680158085937500232e+02,-7.954940265046819547e+01
4.680161015625000118e+02,-9.157907298717137223e+01
4.680163945312500005e+02,-8.625783493796852497e+01
4.680166874999999891e+02,-7.845754926656782402e+01
4.680169804687500346e+02,-8.517801170102613639e+01
4.680172734375000232e+02,-9.098298201799502749e+01
4.680175664062500118e+02,-8.708789625782814880e+01
4.680178593750000005e+02,-8.719257560483217162e+01
4.680181523437499891e+02,-8.739818112765468072e+01
4.680184453125000346e+02,-7.639069710916223244e+01
4.680187382812500232e+02,-7.465407172402389335e+01
4.680190312500000118e+02,-7.786973220771341175e+01
4.680193242187500005e+02,-8.233328923780086939e+01
4.680196171874999891e+02,-8.116960878339401120e+01
4.680199101562500346e+02,-7.534812815380061579e+01
4.680202031250000232e+02,-7.781413536058113323e+01
4.680204960937500118e+02,-8.413823028216178557e+01
4.680207890625000005e+02,-7.717477738147526622e+01
4.680210820312499891e+02,-7.564072918896205522e+01
4.680213750000000346e+02,-7.491538260253061310e+01
4.680216679687500232e+02,-7.650964486951770027e+01
4.680219609375000118e+02,-8.032319317261382707e+01
4.680222539062500005e+02,-7.965684943625264225e+01
4.680225468749999891e+02,-8.074598043899221977e+01
4.680228398437500346e+02,-8.608381072841309845e+01
4.680231328125000232e+02,-8.089568521910457832e+01
4.680234257812500118e+02,-8.660093902824107204e+01
4.680237187500000005e+02,-8.415164980357234015e+01
4.680240117187499891e+02,-9.338610057709196610e+01
4.680243046875000346e+02,-8.189303157405539935e+01
4.680245976562500232e+02,-8.077743993119233323e+01
4.680248906250000118e+02,-9.650239593665875759e+01
4.680251835937500005e+02,-8.148529029553833425e+01
4.680254765624999891e+02,-8.127337887197757027e+01
4.680257695312500346e+02,-8.467722842681807549e+01
4.680260625000000232e+02,-8.557214545022355878e+01
4.680263554687500118e+02,-8.930239754276728092e+01
4.680266484375000005e+02,-8.093467507910017389e+01
4.680269414062499891e+02,-8.613830883833909979e+01
4.680272343750000346e+02,-7.906075256167775933e+01
4.680275273437500232e+02,-7.841401628559025028e+01
4.680278203125000118e+02,-8.254387114929726010e+01
4.680281132812500005e+02,-1.002229066793712775e+02
4.680284062499999891e+02,-9.294796107676154406e+01
4.680286992187500346e+02,-7.922835160820326905e+01
4.680289921875000232e+02,-8.728162459989883359e+01
4.680292851562500118e+02,-7.873925447403068745e+01
4.680295781250000005e+02,-7.579868507663574917e+01
4.680298710937499891e+02,-7.790366656152019686e+01
4.680301640625000346e+02,-7.988410334202755791e+01
4.680304570312500232e+02,-8.095055023511959291e+01
4.680307500000000118e+02,-8.711121427378327553e+01
4.680310429687500005e+02,-8.255211665069600713e+01
4.680313359374999891e+02,-8.469229795122461724e+01
4.680316289062500346e+02,-7.764666652234224387e+01
4.680319218750000232e+02,-7.909449535913749685e+01
4.680322148437500118e+02,-8.354068119986307295e+01
4.680325078125000005e+02,-7.730242934206317784e+01
4.680328007812499891e+02,-8.865663578024151548e+01
4.680330937500000346e+02,-8.332020102892767000e+01
4.680333867187500232e+02,-8.958697194008229303e+01
4.680336796875000118e+02,-9.465044144023343620e+01
4.680339726562500005e+02,-7.960611541076582398e+01
4.680342656249999891e+02,-7.482829195374955589e+01
4.680345585937500346e+02,-7.671525124357964387e+01
4.680348515625000232e+02,-8.172224721970550831e+01
4.680351445312500118e+02,-7.748326855718114814e+01
4.680354375000000005e+02,-7.455076787216681566e+01
4.680357304687499891e+02,-7.753679037611968283e+01
4.680360234375000346e+02,-8.620822090252816849e+01
4.680363164062500232e+02,-9.457964059206281604e+01
4.680366093750000118e+02,-9.223528159862735265e+01
4.680369023437500005e+02,-8.568267852749131919e+01
4.680371953124999891e+02,-8.082890573975298310e+01
4.680374882812500346e+02,-7.991470515438795985e+01
4.680377812500000232e+02,-8.707710507654878995e+01
4.680380742187500118e+02,-8.463240141663531801e+01
4.680383671875000005e+02,-8.472058634048794090e+01
4.680386601562499891e+02,-8.452164262141039330e+01
4.680389531250000346e+02,-7.499531273256550890e+01
4.680392460937500232e+02,-7.506421886042632252e+01
4.680395390625000118e+02,-7.827256184536608430e+01
4.680398320312500005e+02,-8.786899498250967611e+01
4.680401249999999891e+02,-8.748577662464667526e+01
4.680404179687500346e+02,-8.714243002155484419e+01
4.680407109375000232e+02,-8.117582646929974999e+01
4.680410039062500118e+02,-7.787008042427062549e+01
4.680412968750000005e+02,-8.105372249519973593e+01
4.680415898437499891e+02,-8.450582485078774653e+01
4.680418828125000346e+02,-8.113134622873806734e+01
4.680421757812500232e+02,-8.884487664494530179e+01
4.680424687500000118e+02,-8.081314545592151433e+01
4.680427617187500005e+02,-8.179334164920243211e+01
4.680430546874999891e+02,-7.938718170456286316e+01
4.680433476562500346e+02,-8.622351597906248344e+01
4.680436406250000232e+02,-7.893667041235930526e+01
4.680439335937500118e+02,-8.018854014435449074e+01
4.680442265625000005e+02,-7.828412452228087659e+01
4.680445195312499891e+02,-8.129903287872988926e+01
4.680448125000000346e+02,-8.687296613735435358e+01
4.680451054687500232e+02,-8.498566168122658837e+01
4.680453984375000118e+02,-7.844503244140278753e+01
4.680456914062500005e+02,-7.584887823276906715e+01
4.680459843749999891e+02,-7.557654517675491945e+01
4.680462773437500346e+02,-7.543760166247261623e+01
4.680465703125000232e+02,-7.841148515199319036e+01
4.680468632812500118e+02,-7.444144062464212652e+01
4.680471562500000005e+02,-7.268565889404321467e+01
4.680474492187499891e+02,-7.511258485025889797e+01
4.680477421875000346e+02,-7.479208869982618069e+01
4.680480351562500232e+02,-7.390729330486809090e+01
4.680483281250000118e+02,-7.576813506731045322e+01
4.680486210937500005e+02,-7.508529607166695996e+01
4.680489140624999891e+02,-7.977877744539503624e+01
4.680492070312500346e+02,-7.778532703530726167e+01
4.680495000000000232e+02,-9.051061835731296412e+01
4.680497929687500118e+02,-8.373044606433479942e+01
4.680500859375000005e+02,-8.487088683219096197e+01
4.680503789062499891e+02,-8.264154054730892085e+01
4.680506718750000346e+02,-8.188893819819624298e+01
4.680509648437500232e+02,-8.349225459621504797e+01
4.680512578125000118e+02,-7.852887656992371035e+01
4.680515507812500005e+02,-8.300836364390602284e+01
4.680518437499999891e+02,-8.141243704275598247e+01
4.680521367187500346e+02,-7.556567161894052731e+01
4.680524296875000232e+02,-7.498537784773446901e+01
4.680527226562500118e+02,-7.832184543547752753e+01
4.680530156250000005e+02,-8.343495151129344833e+01
4.680533085937499891e+02,-7.584135808362798059e+01
4.680536015625000346e+02,-7.439692494432738101e+01
4.680538945312500232e+02,-7.539107372356889414e+01
4.680541875000000118e+02,-7.833794059099589902e+01
4.680544804687500005e+02,-7.905843498571633177e+01
4.680547734374999891e+02,-8.688817650547230187e+01
4.680550664062500346e+02,-8.086346524610030428e+01
4.680553593750000232e+02,-7.805972690032321282e+01
4.680556523437500118e+02,-7.849069406658151138e+01
4.680559453125000005e+02,-8.466664562620644574e+01
4.680562382812499891e+02,-8.038285264077367742e+01
4.680565312500000346e+02,-7.830635334389381796e+01
4.680568242187500232e+02,-8.109603601319030020e+01
4.680571171875000118e+02,-8.466900278668823887e+01
4.680574101562500005e+02,-8.371649419430744388e+01
4.680577031249999891e+02,-8.192153534261557013e+01
4.680579960937500346e+02,-8.186062788014277203e+01
4.680582890625000232e+02,-8.920720830381399935e+01
4.680585820312500118e+02,-8.884178332847442050e+01
4.680588750000000005e+02,-8.598311091301044939e+01
4.680591679687499891e+02,-7.805807869357909112e+01
4.680594609375000346e+02,-7.860805952242954220e+01
4.680597539062500232e+02,-8.150393673147209483e+01
4.680600468750000118e+02,-7.689694804844934595e+01
4.680603398437500005e+02,-7.386744529053308383e+01
4.680606328124999891e+02,-7.816378954192717288e+01
4.680609257812500346e+02,-7.886779890436038443e+01
4.680612187500000232e+02,-7.687177409630672287e+01
4.680615117187500118e+02,-7.758098369030159347e+01
4.680618046875000005e+02,-7.857759389667486971e+01
4.680620976562499891e+02,-8.109591934472952346e+01
4.680623906250000346e+02,-8.097474390251596787e+01
4.680626835937500232e+02,-8.076550780072720670e+01
4.680629765625000118e+02,-7.932301106251917133e+01
4.680632695312500005e+02,-8.012043760405819626e+01
4.680635624999999891e+02,-8.693730614157814784e+01
4.680638554687500346e+02,-8.392053656656935345e+01
4.680641484375000232e+02,-8.708978593667751511e+01
4.680644414062500118e+02,-8.422311566795448812e+01
4.680647343750000005e+02,-7.982016180173960151e+01
4.680650273437499891e+02,-7.606717686312711635e+01
4.680653203125000346e+02,-8.186160954583573357e+01
4.680656132812500232e+02,-8.178288983547631119e+01
4.680659062500000118e+02,-7.784036458276931114e+01
4.680661992187500005e+02,-8.680380115122355278e+01
4.680664921874999891e+02,-7.815295643482531318e+01
4.680667851562500346e+02,-8.218771472201835593e+01
4.680670781250000232e+02,-8.174712620035174382e+01
4.680673710937500118e+02,-9.568977293039743870e+01
4.680676640625000005e+02,-8.531553236839124565e+01
4.680679570312499891e+02,-8.251859381095505341e+01
4.680682500000000346e+02,-8.347658743788028346e+01
4.680685429687500232e+02,-8.100132584419563386e+01
4.680688359375000118e+02,-7.559116657292835839e+01
4.680691289062500005e+02,-7.491732176870087301e+01
4.680694218749999891e+02,-7.964246895489031886e+01
4.680697148437500346e+02,-8.834158620936051420e+01
4.680700078125000232e+02,-9.182759870077646269e+01
4.680703007812500118e+02,-8.308909281289348314e+01
4.680705937500000005e+02,-7.908088591133612510e+01
4.680708867187499891e+02,-8.951745866606545121e+01
4.680711796875000346e+02,-1.004478713192973629e+02
4.680714726562500232e+02,-8.366556742305583327e+01
4.680717656250000118e+02,-7.598740778162314768e+01
4.680720585937500005e+02,-7.519460934237736183e+01
4.680723515624999891e+02,-8.244495178754078779e+01
4.680726445312500346e+02,-7.880202855511383575e+01
4.680729375000000232e+02,-8.164778691040564240e+01
4.680732304687500118e+02,-7.799991702172152941e+01
4.680735234375000005e+02,-7.429269580934698070e+01
4.680738164062499891e+02,-8.263540744877241195e+01
4.680741093750000346e+02,-7.815547556881820412e+01
4.680744023437500232e+02,-8.280881464403677228e+01
4.680746953125000118e+02,-8.052636778245624782e+01
4.680749882812500005e+02,-8.279786764483696970e+01
4.680752812499999891e+02,-8.247730518329431959e+01
4.680755742187500346e+02,-7.824587505219335526e+01
4.680758671875000232e+02,-8.522725155721657586e+01
4.680761601562500118e+02,-7.797651238640823124e+01
4.680764531250000005e+02,-7.482913290668868456e+01
4.680767460937499891e+02,-7.985229861096135551e+01
4.680770390625000346e+02,-7.877178081475454974e+01
4.680773320312500232e+02,-7.836849679677311542e+01
4.680776250000000118e+02,-7.792521025639079824e+01
4.680779179687500005e+02,-7.583880119958946864e+01
4.680782109374999891e+02,-7.430934148297937725e+01
4.680785039062500346e+02,-7.672380235334792076e+01
4.680787968750000232e+02,-8.714347605493796323e+01
4.680790898437500118e+02,-7.639064921412899878e+01
4.680793828125000005e+02,-7.563261916321283707e+01
4.680796757812499891e+02,-9.364938582021765967e+01
4.680799687500000346e+02,-7.708348561178382852e+01
4.680802617187500232e+02,-8.080185698281995599e+01
4.680805546875000118e+02,-7.611817953595677011e+01
4.680808476562500005e+02,-7.956971550009302518e+01
4.680811406249999891e+02,-8.424583582835251150e+01
4.680814335937500346e+02,-8.105204481888043233e+01
4.680817265625000232e+02,-7.767590643200466616e+01
4.680820195312500118e+02,-7.878408175271054859e+01
4.680823125000000005e+02,-8.236740887248514298e+01
4.680826054687499891e+02,-8.144917334177878843e+01
4.680828984375000346e+02,-7.824803093032942058e+01
4.680831914062500232e+02,-8.019047401862363245e+01
4.680834843750000118e+02,-9.859733032828459898e+01
4.680837773437500005e+02,-9.050491141015044150e+01
4.680840703124999891e+02,-8.718178651878496055e+01
4.680843632812500346e+02,-7.910306948868156951e+01
4.680846562500000232e+02,-7.387952974183713195e+01
4.680849492187500118e+02,-7.505118334364865973e+01
4.680852421875000005e+02,-7.813549772501256996e+01
4.680855351562499891e+02,-8.222052960511148001e+01
4.680858281250000346e+02,-8.192643475090243044e+01
4.680861210937500232e+02,-8.018423070492808336e+01
4.680864140625000118e+02,-7.072840723775453853e+01
4.680867070312500005e+02,-7.352169916641936709e+01
4.680869999999999891e+02,-7.722372584586364042e+01
4.680872929687500346e+02,-8.782060501919424667e+01
4.680875859375000232e+02,-8.837163243475517049e+01
4.680878789062500118e+02,-1.014900280150684608e+02
4.680881718750000005e+02,-8.398813405962970080e+01
4.680884648437499891e+02,-8.685258830898014537e+01
4.680887578125000346e+02,-8.642105538885607530e+01
4.680890507812500232e+02,-8.676620410368226999e+01
4.680893437500000118e+02,-8.526149747041881710e+01
4.680896367187500005e+02,-8.679421908791485407e+01
4.680899296874999891e+02,-7.764509523497814314e+01
4.680902226562500346e+02,-8.342455435858261126e+01
4.680905156250000232e+02,-7.767087729680612540e+01
4.680908085937500118e+02,-7.283981889334357618e+01
4.680911015625000005e+02,-7.375108399053773667e+01
4.680913945312499891e+02,-7.691795239675688833e+01
4.680916875000000346e+02,-8.185179157417374540e+01
4.680919804687500232e+02,-8.243833354497567711e+01
4.680922734375000118e+02,-8.159096264436227841e+01
4.680925664062500005e+02,-7.858422976881678323e+01
4.680928593749999891e+02,-7.731942960148211341e+01
4.680931523437500346e+02,-7.498160894698409606e+01
4.680934453125000232e+02,-7.576990798772732205e+01
4.680937382812500118e+02,-8.188409072729866978e+01
4.680940312500000005e+02,-8.012910814255235437e+01
4.680943242187499891e+02,-7.727424802675284354e+01
4.680946171875000346e+02,-7.943099550540102882e+01
4.680949101562500232e+02,-8.119648559187780279e+01
4.680952031250000118e+02,-8.257588428665044944e+01
4.680954960937500005e+02,-9.447411957060658949e+01
4.680957890624999891e+02,-8.089730358137666144e+01
4.680960820312500346e+02,-7.786599987425599068e+01
4.680963750000000232e+02,-8.154585829808507924e+01
4.680966679687500118e+02,-9.524388805640903399e+01
4.680969609375000005e+02,-8.461988301596915107e+01
4.680972539062499891e+02,-7.779650775041648103e+01
4.680975468750000346e+02,-7.904647947862845569e+01
4.680978398437500232e+02,-8.656321047168691507e+01
4.680981328125000118e+02,-7.232952098729373347e+01
4.680984257812500005e+02,-7.397113250287910091e+01
4.680987187499999891e+02,-8.305848309872125412e+01
4.680990117187500346e+02,-8.434915870125368542e+01
4.680993046875000232e+02,-7.767869140412442164e+01
4.680995976562500118e+02,-7.996463831248833287e+01
4.680998906250000005e+02,-8.381766144747490443e+01
4.681001835937499891e+02,-8.721363948293546287e+01
4.681004765625000346e+02,-7.938825507521917757e+01
4.681007695312500232e+02,-8.032680397885673074e+01
4.681010625000000118e+02,-8.256415789135451178e+01
4.681013554687500005e+02,-7.770546638553936702e+01
4.681016484374999891e+02,-8.089131230423987517e+01
4.681019414062500346e+02,-8.203415982599260303e+01
4.681022343750000232e+02,-8.087529513237107892e+01
4.681025273437500118e+02,-7.947725090773616330e+01
4.681028203125000005e+02,-7.490470637229893214e+01
4.681031132812499891e+02,-7.363958797412645652e+01
4.681034062500000346e+02,-7.887358893976295349e+01
4.681036992187500232e+02,-7.947543737684637222e+01
4.681039921875000118e+02,-8.172119521344751547e+01
4.681042851562500005e+02,-8.768648935590778137e+01
4.681045781249999891e+02,-7.612795436819139638e+01
4.681048710937500346e+02,-7.606123916160440501e+01
4.681051640625000232e+02,-8.013145684268482682e+01
4.681054570312500118e+02,-8.624645293214499020e+01
4.681057500000000005e+02,-8.889659598591997280e+01
4.681060429687499891e+02,-1.005839843136326976e+02
4.681063359375000346e+02,-8.163683030494905779e+01
4.681066289062500232e+02,-8.090292394853003088e+01
4.681069218750000118e+02,-8.603142379476648216e+01
4.681072148437500005e+02,-8.883376492370797450e+01
4.681075078124999891e+02,-1.035537607176147219e+02
4.681078007812500346e+02,-8.667427232385831815e+01
4.681080937500000232e+02,-7.924733143065543572e+01
4.681083867187500118e+02,-7.826107195120543736e+01
4.681086796875000005e+02,-8.917768616221033540e+01
4.681089726562499891e+02,-8.955914069836285307e+01
4.681092656250000346e+02,-8.457332870636015798e+01
4.681095585937500232e+02,-8.540969239307611360e+01
4.681098515625000118e+02,-8.412903702696047503e+01
4.681101445312500005e+02,-8.235834651085710334e+01
4.681104374999999891e+02,-8.742336334949810350e+01
4.681107304687500346e+02,-9.236895540316217534e+01
4.681110234375000232e+02,-7.567035953186076824e+01
4.681113164062500118e+02,-7.231654891751934144e+01
4.681116093750000005e+02,-7.634124097910282103e+01
4.681119023437499891e+02,-8.083522127180810912e+01
4.681121953125000346e+02,-7.898278961135740417e+01
4.681124882812500232e+02,-8.165663599371060855e+01
4.681127812500000118e+02,-7.941908163603839910e+01
4.681130742187500005e+02,-8.297943950931704649e+01
4.681133671874999891e+02,-7.828368582080237559e+01
4.681136601562500346e+02,-8.461947417672985239e+01
4.681139531250000232e+02,-8.452550024632309089e+01
4.681142460937500118e+02,-9.043337694197373366e+01
4.681145390625000005e+02,-9.550601162435023639e+01
4.681148320312499891e+02,-8.624661423148887707e+01
4.681151250000000346e+02,-7.863181261765357988e+01
4.681154179687500232e+02,-7.695626812233189185e+01
4.681157109375000118e+02,-7.839434124468868959e+01
4.681160039062500005e+02,-7.721361038984316849e+01
4.681162968749999891e+02,-8.201410892495103155e+01
4.681165898437500346e+02,-8.762852380259523954e+01
4.681168828125000232e+02,-8.317616776807442136e+01
4.681171757812500118e+02,-8.393070321028577041e+01
4.681174687500000005e+02,-7.910464866446677945e+01
4.681177617187499891e+02,-7.412513200657956247e+01
4.681180546875000346e+02,-7.734777406637127228e+01
4.681183476562500232e+02,-8.530313839259477504e+01
4.681186406250000118e+02,-8.393854451280118667e+01
4.681189335937500005e+02,-7.818052425409351258e+01
4.681192265624999891e+02,-7.956272918053596754e+01
4.681195195312500346e+02,-7.744346753652436632e+01
4.681198125000000232e+02,-8.816590805455946622e+01
4.681201054687500118e+02,-8.875853405152679443e+01
4.681203984375000005e+02,-8.864555023625433705e+01
4.681206914062499891e+02,-9.846793119545181128e+01
4.681209843750000346e+02,-8.425003384196294576e+01
4.681212773437500232e+02,-8.733629814806091929e+01
4.681215703125000118e+02,-8.690161592837574744e+01
4.681218632812500005e+02,-7.975238702602806029e+01
4.681221562499999891e+02,-8.035182464725340878e+01
4.681224492187500346e+02,-8.154695372426162692e+01
4.681227421875000232e+02,-8.752225570293293799e+01
4.681230351562500118e+02,-7.675829020122296242e+01
4.681233281250000005e+02,-8.331038849351743636e+01
4.681236210937499891e+02,-8.842072313226169911e+01
4.681239140625000346e+02,-8.580182614498355065e+01
4.681242070312500232e+02,-9.347492189382529659e+01
4.681245000000000118e+02,-8.070943012675911632e+01
4.681247929687500005e+02,-7.723347526383039963e+01
4.681250859374999891e+02,-8.197893043654899259e+01
4.681253789062500346e+02,-8.435286992574611986e+01
4.681256718750000232e+02,-8.466442788127511676e+01
4.681259648437500118e+02,-8.319844167424972170e+01
4.681262578125000005e+02,-1.040472648589419009e+02
4.681265507812499891e+02,-8.514197750732009240e+01
4.681268437500000346e+02,-8.569805056481658312e+01
4.681271367187500232e+02,-8.108924375693582931e+01
4.681274296875000118e+02,-8.661537846965380538e+01
4.681277226562500005e+02,-9.660048535781467649e+01
4.681280156249999891e+02,-9.638244067421787520e+01
4.681283085937500346e+02,-8.522108101804471403e+01
4.681286015625000232e+02,-8.425808152252980676e+01
4.681288945312500118e+02,-8.587615476915475199e+01
4.681291875000000005e+02,-8.890252464054321990e+01
4.681294804687499891e+02,-8.459984277296700839e+01
4.681297734375000346e+02,-9.326948821024053871e+01
4.681300664062500232e+02,-7.990332283634883481e+01
4.681303593750000118e+02,-8.080019986830869527e+01
4.681306523437500005e+02,-8.479391718526028399e+01
4.681309453124999891e+02,-7.798017715354137636e+01
4.681312382812500346e+02,-8.239282571736757177e+01
4.681315312500000232e+02,-7.468473028634599586e+01
4.681318242187500118e+02,-7.541855774552929859e+01
4.681321171875000005e+02,-7.939322382503539188e+01
4.681324101562499891e+02,-7.899705505650298676e+01
4.681327031250000346e+02,-7.891661086310709550e+01
4.681329960937500232e+02,-7.906646384125237148e+01
4.681332890625000118e+02,-8.090394825262529821e+01
4.681335820312500005e+02,-7.841522826553449477e+01
4.681338749999999891e+02,-8.063504802608507305e+01
4.681341679687500346e+02,-8.257202189672973702e+01
4.681344609375000232e+02,-8.694938534627343074e+01
4.681347539062500118e+02,-1.024886163947765993e+02
4.681350468750000005e+02,-8.470842512365507559e+01
4.681353398437499891e+02,-7.831544998247198919e+01
4.681356328125000346e+02,-8.081693465021422185e+01
4.681359257812500232e+02,-8.974277135422596530e+01
4.681362187500000118e+02,-9.041861010381255426e+01
4.681365117187500005e+02,-8.304956533917611239e+01
4.681368046874999891e+02,-8.732963201336946213e+01
4.681370976562500346e+02,-8.937009131246044547e+01
4.681373906250000232e+02,-7.925004193376896922e+01
4.681376835937500118e+02,-7.998329868373934914e+01
4.681379765625000005e+02,-8.189074082595109871e+01
4.681382695312499891e+02,-8.238754894752437963e+01
4.681385625000000346e+02,-8.600627764787874696e+01
4.681388554687500232e+02,-8.955040238374122907e+01
4.681391484375000118e+02,-9.232618791474445175e+01
4.681394414062500005e+02,-8.300860409861046207e+01
4.681397343749999891e+02,-8.094097334160912283e+01
4.681400273437500346e+02,-8.309869360800389870e+01
4.681403203125000232e+02,-8.129742853905825939e+01
4.681406132812500118e+02,-7.830889124920719269e+01
4.681409062500000005e+02,-8.746766240465260012e+01
4.681411992187499891e+02,-9.685638270698373731e+01
4.681414921875000346e+02,-9.240825814577075903e+01
4.681417851562500232e+02,-8.320294023931425897e+01
4.681420781250000118e+02,-8.007969422132902082e+01
4.681423710937500005e+02,-8.314587493185999278e+01
4.681426640624999891e+02,-9.130166999889979706e+01
4.681429570312500346e+02,-8.740071558762366521e+01
4.681432500000000232e+02,-8.209827839483865830e+01
4.681435429687500118e+02,-9.036820174849697196e+01
4.681438359375000005e+02,-8.720548681970667815e+01
4.681441289062499891e+02,-8.677195973682073316e+01
4.681444218750000346e+02,-8.372100000182783219e+01
4.681447148437500232e+02,-7.875990167832333100e+01
4.681450078125000118e+02,-8.376706712670271315e+01
4.681453007812500005e+02,-8.538085908161464488e+01
4.681455937499999891e+02,-9.080453177009779608e+01
4.681458867187500346e+02,-8.378054196606416326e+01
4.681461796875000232e+02,-8.135056891421798753e+01
4.681464726562500118e+02,-9.422356836452563300e+01
4.681467656250000005e+02,-7.809480059730557855e+01
4.681470585937499891e+02,-7.821324471714146398e+01
4.681473515625000346e+02,-8.894526209092681768e+01
4.681476445312500232e+02,-8.574415238987964472e+01
4.681479375000000118e+02,-8.824174344796895753e+01
4.681482304687500005e+02,-8.246082567426429932e+01
4.681485234374999891e+02,-8.024913728465493534e+01
4.681488164062500346e+02,-9.546847044753496903e+01
4.681491093750000232e+02,-8.598788631554448614e+01
4.681494023437500118e+02,-8.842799041396253301e+01
4.681496953125000005e+02,-7.649627842313994108e+01
4.681499882812499891e+02,-8.086302995977378316e+01
4.681502812500000346e+02,-9.216831671467900833e+01
4.681505742187500232e+02,-7.952733122181864189e+01
4.681508671875000118e+02,-8.282671076179832426e+01
4.681511601562500005e+02,-8.243447159068423957e+01
4.681514531249999891e+02,-7.979016737220929656e+01
4.681517460937500346e+02,-8.919111094816193486e+01
4.681520390625000232e+02,-7.804839543992481765e+01
4.681523320312500118e+02,-7.897872587028901137e+01
4.681526250000000005e+02,-9.141989102804387812e+01
4.681529179687499891e+02,-8.767576980784721741e+01
4.681532109375000346e+02,-8.368785544720751091e+01
4.681535039062500232e+02,-8.253753343772878281e+01
4.681537968750000118e+02,-8.032856314623171556e+01
4.681540898437500005e+02,-7.807999573174306818e+01
4.681543828124999891e+02,-8.303028745019354062e+01
4.681546757812500346e+02,-8.597377704833789380e+01
4.681549687500000232e+02,-7.828349441262437836e+01
4.681552617187500118e+02,-7.997493785866249993e+01
4.681555546875000005e+02,-8.476061403623390333e+01
4.681558476562499891e+02,-7.898642250642394913e+01
4.681561406250000346e+02,-7.865142760722295634e+01
4.681564335937500232e+02,-8.411718948128388718e+01
4.681567265625000118e+02,-8.636040490164873518e+01
4.681570195312500005e+02,-8.583037946271019791e+01
4.681573124999999891e+02,-8.067206169347213063e+01
4.681576054687500346e+02,-8.264762459623079849e+01
4.681578984375000232e+02,-8.759832975234624541e+01
4.681581914062500118e+02,-1.031706546218158280e+02
4.681584843750000005e+02,-8.198655048815373902e+01
4.681587773437499891e+02,-7.665996771785900421e+01
4.681590703125000346e+02,-8.358933403535479556e+01
4.681593632812500232e+02,-8.109424666223560507e+01
4.681596562500000118e+02,-7.949566279633741317e+01
4.681599492187500005e+02,-8.245025145033810077e+01
4.681602421874999891e+02,-9.004035846914558761e+01
4.681605351562500346e+02,-7.885367231767949647e+01
4.681608281250000232e+02,-7.738788288984152075e+01
4.681611210937500118e+02,-9.381391395633640684e+01
4.681614140625000005e+02,-8.683328229592763137e+01
4.681617070312499891e+02,-7.973066624414073544e+01
4.681620000000000346e+02,-8.116851862000798690e+01
4.681622929687500232e+02,-8.191151819156692682e+01
4.681625859375000118e+02,-7.883835949490496375e+01
4.681628789062500005e+02,-7.877165303821956854e+01
4.681631718749999891e+02,-8.475723784657168380e+01
4.681634648437500346e+02,-8.176215288947358317e+01
4.681637578125000232e+02,-9.252355140336733541e+01
4.681640507812500118e+02,-8.148734845480255728e+01
4.681643437500000005e+02,-8.566573019221738150e+01
4.681646367187499891e+02,-8.221867874506848750e+01
4.681649296875000346e+02,-8.245671264755509355e+01
4.681652226562500232e+02,-7.923357710741055371e+01
4.681655156250000118e+02,-8.383596011237233370e+01
4.681658085937500005e+02,-8.746602854211931799e+01
4.681661015624999891e+02,-8.174469316379556005e+01
4.681663945312500346e+02,-8.666039742492863240e+01
4.681666875000000232e+02,-9.248870641715944885e+01
4.681669804687500118e+02,-8.512543846694909178e+01
4.681672734375000005e+02,-7.839543543279188498e+01
4.681675664062499891e+02,-8.460874783989990533e+01
4.681678593750000346e+02,-8.090132042619725894e+01
4.681681523437500232e+02,-8.177653283083461133e+01
4.681684453125000118e+02,-8.129058185637448730e+01
4.681687382812500005e+02,-8.270310358312251253e+01
4.681690312499999891e+02,-9.353010063602793878e+01
4.681693242187500346e+02,-9.024150491819922593e+01
4.681696171875000232e+02,-8.522807933452020279e+01
4.681699101562500118e+02,-8.147868310184257723e+01
4.681702031250000005e+02,-8.285901666150722633e+01
4.681704960937499891e+02,-8.188728265112551696e+01
4.681707890625000346e+02,-8.855534532853999963e+01
4.681710820312500232e+02,-8.757666972271294981e+01
4.681713750000000118e+02,-8.510305277859768580e+01
4.681716679687500005e+02,-8.595262567580735436e+01
4.681719609374999891e+02,-8.445745157131703706e+01
4.681722539062500346e+02,-8.054552928222076957e+01
4.681725468750000232e+02,-7.825996243912632622e+01
4.681728398437500118e+02,-7.973604730161099496e+01
4.681731328125000005e+02,-7.996597300838212163e+01
4.681734257812499891e+02,-8.328540658415816722e+01
4.681737187500000346e+02,-8.108409439069487235e+01
4.681740117187500232e+02,-8.146811104455339603e+01
4.681743046875000118e+02,-7.868739066163010420e+01
4.681745976562500005e+02,-8.355306158706832775e+01
4.681748906249999891e+02,-8.280797189660917468e+01
4.681751835937500346e+02,-8.982584236932588340e+01
4.681754765625000232e+02,-9.074595254579872972e+01
4.681757695312500118e+02,-8.648098127618985131e+01
4.681760625000000005e+02,-8.651543927668637934e+01
4.681763554687499891e+02,-8.821167814171690225e+01
4.681766484375000346e+02,-9.027167445885416441e+01
4.681769414062500232e+02,-7.883448586843429950e+01
4.681772343750000118e+02,-7.622164040121596429e+01
4.681775273437500005e+02,-8.490225852431709086e+01
4.681778203124999891e+02,-8.638570677735845038e+01
4.681781132812500346e+02,-8.321557169307712343e+01
4.681784062500000232e+02,-8.450729016779989422e+01
4.681786992187500118e+02,-8.391778989705343861e+01
4.681789921875000005e+02,-7.961351540453543407e+01
4.681792851562499891e+02,-8.357402488936543250e+01
4.681795781250000346e+02,-8.905912909909447706e+01
4.681798710937500232e+02,-8.320026421478632983e+01
4.681801640625000118e+02,-8.314755445795427136e+01
4.681804570312500005e+02,-9.965319693161107750e+01
4.681807499999999891e+02,-8.055924369195724921e+01
4.681810429687500346e+02,-7.724517802444340475e+01
4.681813359375000232e+02,-8.508357153303003884e+01
4.681816289062500118e+02,-7.573257868718125962e+01
4.681819218750000005e+02,-7.809596726758800855e+01
4.681822148437499891e+02,-8.336073331533610542e+01
4.681825078125000346e+02,-8.391236738815015883e+01
4.681828007812500232e+02,-8.656063565182486741e+01
4.681830937500000118e+02,-1.104610510362559239e+02
4.681833867187500005e+02,-8.549237125243064384e+01
4.681836796874999891e+02,-8.640477957123823671e+01
4.681839726562500346e+02,-8.768704431375283548e+01
4.681842656250000232e+02,-8.216268057498220401e+01
4.681845585937500118e+02,-8.394976683773286652e+01
4.681848515625000005e+02,-8.109886988347810188e+01
4.681851445312499891e+02,-8.054247589591285816e+01
4.681854375000000346e+02,-8.191618855917000985e+01
4.681857304687500232e+02,-8.531225412726246304e+01
4.681860234375000118e+02,-8.364114509680170784e+01
4.681863164062500005e+02,-8.963973829944492877e+01
4.681866093749999891e+02,-8.424515241785550757e+01
4.681869023437500346e+02,-7.856662119915222320e+01
4.681871953125000232e+02,-8.909261782062891655e+01
4.681874882812500118e+02,-8.059473205093028980e+01
4.681877812500000005e+02,-9.112300390604575284e+01
4.681880742187499891e+02,-7.806286249099011343e+01
4.681883671875000346e+02,-8.038924827544980189e+01
4.681886601562500232e+02,-7.903692320286702966e+01
4.681889531250000118e+02,-7.895836572340290616e+01
4.681892460937500005e+02,-8.861868419681809428e+01
4.681895390624999891e+02,-9.299062461367344667e+01
4.681898320312500346e+02,-8.577303246205394771e+01
4.681901250000000232e+02,-8.495802161641471173e+01
4.681904179687500118e+02,-9.435133031233098677e+01
4.681907109375000005e+02,-8.527527633043908395e+01
4.681910039062499891e+02,-8.324284808384052781e+01
4.681912968750000346e+02,-8.107140221498931965e+01
4.681915898437500232e+02,-8.521848313624960269e+01
4.681918828125000118e+02,-9.190110404717950132e+01
4.681921757812500005e+02,-8.614781382644279972e+01
4.681924687499999891e+02,-8.227624163265012669e+01
4.681927617187500346e+02,-7.773213030853264627e+01
4.681930546875000232e+02,-7.838756824205481166e+01
4.681933476562500118e+02,-8.575578727377865107e+01
4.681936406250000005e+02,-9.593528881939124631e+01
4.681939335937499891e+02,-8.472462999329866307e+01
4.681942265625000346e+02,-8.299963237684585238e+01
4.681945195312500232e+02,-8.705258671866505438e+01
4.681948125000000118e+02,-8.494297447827185010e+01
4.681951054687500005e+02,-8.052838973478017692e+01
4.681953984374999891e+02,-8.349316474817810274e+01
4.681956914062500346e+02,-7.709602043300914431e+01
4.681959843750000232e+02,-7.657067623014340541e+01
4.681962773437500118e+02,-7.907908847427783883e+01
4.681965703125000005e+02,-7.838821816413167198e+01
4.681968632812499891e+02,-7.887587318823085525e+01
4.681971562500000346e+02,-8.708672949311619504e+01
4.681974492187500232e+02,-8.470811008148791643e+01
4.681977421875000118e+02,-8.149555024435701966e+01
4.681980351562500005e+02,-7.944459792592908798e+01
4.681983281249999891e+02,-7.876201660009171235e+01
4.681986210937500346e+02,-8.578057397209072121e+01
4.681989140625000232e+02,-8.780907009126366347e+01
4.681992070312500118e+02,-7.668931075273137310e+01
4.681995000000000005e+02,-7.928103845756194801e+01
4.681997929687499891e+02,-8.939978356275395299e+01
4.682000859375000346e+02,-9.140189837516712146e+01
4.682003789062500232e+02,-8.431178986363138961e+01
4.682006718750000118e+02,-8.503699188053113289e+01
4.682009648437500005e+02,-8.111539450445341970e+01
4.682012578124999891e+02,-8.457791131040694665e+01
4.682015507812500346e+02,-8.189494536051583395e+01
4.682018437500000232e+02,-8.924497138478999148e+01
4.682021367187500118e+02,-8.770599098778228608e+01
4.682024296875000005e+02,-7.600976544193076734e+01
4.682027226562499891e+02,-7.681590545697102357e+01
4.682030156250000346e+02,-7.983906790233390893e+01
4.682033085937500232e+02,-7.841001977403502110e+01
4.682036015625000118e+02,-8.436386846699106457e+01
4.682038945312500005e+02,-8.226890021596923930e+01
4.682041874999999891e+02,-8.253698759380499439e+01
4.682044804687500346e+02,-8.909364136402163581e+01
4.682047734375000232e+02,-9.112608005376782216e+01
4.682050664062500118e+02,-8.208365454526330041e+01
4.682053593750000005e+02,-8.151094156407236824e+01
4.682056523437499891e+02,-8.195779364927517463e+01
4.682059453125000346e+02,-8.064602361937723174e+01
4.682062382812500232e+02,-8.449957455771388481e+01
4.682065312500000118e+02,-8.515138303592567581e+01
4.682068242187500005e+02,-7.972223067346318714e+01
4.682071171874999891e+02,-8.451603182915519596e+01
4.682074101562500346e+02,-8.934178896825753213e+01
4.682077031250000232e+02,-8.284309897732443062e+01
4.682079960937500118e+02,-9.931397814427276671e+01
4.682082890625000005e+02,-8.599571521832301357e+01
4.682085820312499891e+02,-8.666767572253712615e+01
4.682088750000000346e+02,-8.100555802244733172e+01
4.682091679687500232e+02,-7.794368891290092449e+01
4.682094609375000118e+02,-9.209124139215137461e+01
4.682097539062500005e+02,-7.439317970666927238e+01
4.682100468749999891e+02,-7.595673343230187413e+01
4.682103398437500346e+02,-8.390560156621833698e+01
4.682106328125000232e+02,-8.524074200346814223e+01
4.682109257812500118e+02,-8.303606297138742320e+01
4.682112187500000005e+02,-8.561529578325996681e+01
4.682115117187499891e+02,-7.713895924113815283e+01
4.682118046875000346e+02,-8.165235706198336629e+01
4.682120976562500232e+02,-8.287819813738317976e+01
4.682123906250000118e+02,-7.757329771098595472e+01
4.682126835937500005e+02,-8.411637806719443233e+01
4.682129765624999891e+02,-8.550647866591467050e+01
4.682132695312500346e+02,-8.562008006139096494e+01
4.682135625000000232e+02,-7.541883782557177085e+01
4.682138554687500118e+02,-7.960830063347643204e+01
4.682141484375000005e+02,-8.515603251488188619e+01
4.682144414062499891e+02,-9.472565917088657272e+01
4.682147343750000346e+02,-8.194535180802988350e+01
4.682150273437500232e+02,-8.390870662396238799e+01
4.682153203125000118e+02,-8.456531401109106127e+01
4.682156132812500005e+02,-8.406793650255698935e+01
4.682159062499999891e+02,-7.989606556282407723e+01
4.682161992187500346e+02,-7.637906420745963487e+01
4.682164921875000232e+02,-7.655597306563622340e+01
4.682167851562500118e+02,-7.993780463622519505e+01
4.682170781250000005e+02,-8.406077848981072975e+01
4.682173710937499891e+02,-9.107116547630575099e+01
4.682176640625000346e+02,-8.325032874945165418e+01
4.682179570312500232e+02,-8.295682598266554919e+01
4.682182500000000118e+02,-8.236719597093124889e+01
4.682185429687500005e+02,-8.995278711462937338e+01
4.682188359374999891e+02,-8.329501306763955881e+01
4.682191289062500346e+02,-8.188070026680833280e+01
4.682194218750000232e+02,-7.874669588603248371e+01
4.682197148437500118e+02,-8.078080286796807741e+01
4.682200078125000005e+02,-8.116574795324368097e+01
4.682203007812499891e+02,-7.940477084094329996e+01
4.682205937500000346e+02,-8.202047369594593818e+01
4.682208867187500232e+02,-8.438915783105707646e+01
4.682211796875000118e+02,-8.314597795527843971e+01
4.682214726562500005e+02,-8.313538077474441934e+01
4.682217656249999891e+02,-8.124446232697260939e+01
4.682220585937500346e+02,-7.442380724936319325e+01
4.682223515625000232e+02,-7.717806696474015382e+01
4.682226445312500118e+02,-8.095125681090539160e+01
4.682229375000000005e+02,-7.702774837496319549e+01
4.682232304687499891e+02,-7.983155887999087952e+01
4.682235234375000346e+02,-8.241941742802114845e+01
4.682238164062500232e+02,-9.058358990148141743e+01
4.682241093750000118e+02,-9.976771316819642266e+01
4.682244023437500005e+02,-8.844036661703917446e+01
4.682246953124999891e+02,-8.580011401797436577e+01
4.682249882812500346e+02,-7.886238586045142540e+01
4.682252812500000232e+02,-8.161874749976185228e+01
4.682255742187500118e+02,-8.203313094474042089e+01
4.682258671875000005e+02,-8.244092469205570239e+01
4.682261601562499891e+02,-8.012323922773674667e+01
4.682264531250000346e+02,-7.647426918230210902e+01
4.682267460937500232e+02,-7.828532237725873699e+01
4.682270390625000118e+02,-7.945200606365891360e+01
4.682273320312500005e+02,-8.198280490534497744e+01
4.682276249999999891e+02,-9.323076419725663300e+01
4.682279179687500346e+02,-7.829519242921816158e+01
4.682282109375000232e+02,-8.156112609139789527e+01
4.682285039062500118e+02,-8.579355268158587933e+01
4.682287968750000005e+02,-7.983310503872422714e+01
4.682290898437499891e+02,-8.046084013644016864e+01
4.682293828125000346e+02,-7.678686536072383717e+01
4.682296757812500232e+02,-7.955603057708985659e+01
4.682299687500000118e+02,-7.996424878234930134e+01
4.682302617187500005e+02,-8.622466493718647484e+01
4.682305546874999891e+02,-8.464160459480453369e+01
4.682308476562500346e+02,-7.842203294404535541e+01
4.682311406250000232e+02,-7.789670248460328139e+01
4.682314335937500118e+02,-8.122362724019053815e+01
4.682317265625000005e+02,-1.039824262372055728e+02
4.682320195312499891e+02,-8.096932586326018111e+01
4.682323125000000346e+02,-8.785980994862809723e+01
4.682326054687500232e+02,-9.214418967657456960e+01
4.682328984375000118e+02,-9.119771383644885532e+01
4.682331914062500005e+02,-8.534165516924673511e+01
4.682334843749999891e+02,-9.124627858652168300e+01
4.682337773437500346e+02,-8.900332633547503747e+01
4.682340703125000232e+02,-8.763174694690830790e+01
4.682343632812500118e+02,-7.977890013754179677e+01
4.682346562500000005e+02,-7.581022609351184371e+01
4.682349492187499891e+02,-7.652968663881202360e+01
4.682352421875000346e+02,-7.862629507873043622e+01
4.682355351562500232e+02,-8.788285113323895814e+01
4.682358281250000118e+02,-8.810308254133403238e+01
4.682361210937500005e+02,-9.157383590070652701e+01
4.682364140624999891e+02,-8.684552779617612828e+01
4.682367070312500346e+02,-8.092104445116177658e+01
4.682370000000000232e+02,-8.061790354090530286e+01
4.682372929687500118e+02,-8.867843166497158336e+01
4.682375859375000005e+02,-8.546976675792382139e+01
4.682378789062499891e+02,-9.877682747749041425e+01
4.682381718750000346e+02,-8.445122664760643261e+01
4.682384648437500232e+02,-7.756157645336497808e+01
4.682387578125000118e+02,-8.268591129859530042e+01
4.682390507812500005e+02,-1.019545209475737977e+02
4.682393437499999891e+02,-7.942393650880097766e+01
4.682396367187500346e+02,-7.729716897995800196e+01
4.682399296875000232e+02,-7.959304297605397949e+01
4.682402226562500118e+02,-7.848939147895461588e+01
4.682405156250000005e+02,-8.818833115819009549e+01
4.682408085937499891e+02,-8.752654297006344564e+01
4.682411015625000346e+02,-8.836531232821188553e+01
4.682413945312500232e+02,-8.654325630051049245e+01
4.682416875000000118e+02,-8.100808093333455417e+01
4.682419804687500005e+02,-7.991065286821341829e+01
4.682422734374999891e+02,-9.437521751884339949e+01
4.682425664062500346e+02,-8.752360763505693342e+01
4.682428593750000232e+02,-8.953455894732876175e+01
4.682431523437500118e+02,-8.512994393410687621e+01
4.682434453125000005e+02,-8.302356766064900739e+01
4.682437382812499891e+02,-9.159326720080693462e+01
4.682440312500000346e+02,-9.410063278662912012e+01
4.682443242187500232e+02,-8.491673750366564377e+01
4.682446171875000118e+02,-9.470944007152871791e+01
4.682449101562500005e+02,-8.398934967544805374e+01
4.682452031249999891e+02,-9.131749267562807404e+01
4.682454960937500346e+02,-8.466585429149917275e+01
4.682457890625000232e+02,-8.291597739619022889e+01
4.682460820312500118e+02,-7.812845956618951959e+01
4.682463750000000005e+02,-8.088207942993138033e+01
4.682466679687499891e+02,-8.937680587656983278e+01
4.682469609375000346e+02,-8.553660841744121512e+01
4.682472539062500232e+02,-9.369184051753747156e+01
4.682475468750000118e+02,-8.560604821179813939e+01
4.682478398437500005e+02,-9.476180036697050468e+01
4.682481328124999891e+02,-9.063458003884764480e+01
4.682484257812500346e+02,-8.492578358749611311e+01
4.682487187500000232e+02,-8.082366703606678016e+01
4.682490117187500118e+02,-8.830053730294966385e+01
4.682493046875000005e+02,-8.405064974429258484e+01
4.682495976562499891e+02,-8.681475153064717176e+01
4.682498906250000346e+02,-8.066277055732980727e+01
4.682501835937500232e+02,-8.024572902921852346e+01
4.682504765625000118e+02,-8.589751365568321262e+01
4.682507695312500005e+02,-8.311446419000003516e+01
4.682510624999999891e+02,-8.449927569529975813e+01
4.682513554687500346e+02,-8.009821498051076105e+01
4.682516484375000232e+02,-8.380012129326325976e+01
4.682519414062500118e+02,-8.419447098091922044e+01
4.682522343750000005e+02,-8.451859688181122010e+01
4.682525273437499891e+02,-7.993017832128542466e+01
4.682528203125000346e+02,-7.962031543975686532e+01
4.682531132812500232e+02,-8.250912839226485573e+01
4.682534062500000118e+02,-7.824637202019233939e+01
4.682536992187500005e+02,-8.183803200529817445e+01
4.682539921874999891e+02,-8.546766888753404601e+01
4.682542851562500346e+02,-8.072628903358773300e+01
4.682545781250000232e+02,-8.469036816933581235e+01
4.682548710937500118e+02,-8.242322073694120377e+01
4.682551640625000005e+02,-8.465993288246389170e+01
4.682554570312499891e+02,-9.412932761706525753e+01
4.682557500000000346e+02,-8.199355361168048262e+01
4.682560429687500232e+02,-7.789345784033054088e+01
4.682563359375000118e+02,-8.211950675980874337e+01
4.682566289062500005e+02,-8.460194992664291647e+01
4.682569218749999891e+02,-9.380849132339024266e+01
4.682572148437500346e+02,-8.019822677253593213e+01
4.682575078125000232e+02,-7.936915183089369918e+01
4.682578007812500118e+02,-8.044035492278801769e+01
4.682580937500000005e+02,-7.958065548943545764e+01
4.682583867187499891e+02,-8.135594441963152690e+01
4.682586796875000346e+02,-8.443180478204128292e+01
4.682589726562500232e+02,-8.298073285934137289e+01
4.682592656250000118e+02,-7.632417623837069698e+01
4.682595585937500005e+02,-8.680537036635027448e+01
4.682598515624999891e+02,-8.802880876488914907e+01
4.682601445312500346e+02,-9.466688505913253948e+01
4.682604375000000232e+02,-9.928025639466571306e+01
4.682607304687500118e+02,-8.616749089132218842e+01
4.682610234375000005e+02,-7.833400004339394229e+01
4.682613164062499891e+02,-7.736806973313018432e+01
4.682616093750000346e+02,-8.143979488186565163e+01
4.682619023437500232e+02,-9.730525883457288217e+01
4.682621953125000118e+02,-8.569729662260326108e+01
4.682624882812500005e+02,-9.184559945797403202e+01
4.682627812499999891e+02,-8.461557260609049536e+01
4.682630742187500346e+02,-8.683916543755650252e+01
4.682633671875000232e+02,-8.238654566851874961e+01
4.682636601562500118e+02,-8.229512226968070365e+01
4.682639531250000005e+02,-8.174254430617244793e+01
4.682642460937499891e+02,-7.983959132138733139e+01
4.682645390625000346e+02,-7.956285625874420475e+01
4.682648320312500232e+02,-8.948130850856347251e+01
4.682651250000000118e+02,-8.937545274245184146e+01
4.682654179687500005e+02,-7.950063548691494475e+01
4.682657109374999891e+02,-7.474081967163732543e+01
4.682660039062500346e+02,-7.485542134717461238e+01
4.682662968750000232e+02,-8.445250028406553611e+01
4.682665898437500118e+02,-8.186919153768101864e+01
4.682668828125000005e+02,-8.253536355140965952e+01
4.682671757812499891e+02,-8.300874976442314335e+01
4.682674687500000346e+02,-8.622541186793434065e+01
4.682677617187500232e+02,-8.536994441776906228e+01
4.682680546875000118e+02,-8.502910578575759359e+01
4.682683476562500005e+02,-8.474102427695825668e+01
4.682686406249999891e+02,-8.112731336345497368e+01
4.682689335937500346e+02,-7.758204197776753119e+01
4.682692265625000232e+02,-7.872266777872168575e+01
4.682695195312500118e+02,-8.456796262077523352e+01
4.682698125000000005e+02,-8.872170554221585803e+01
4.682701054687499891e+02,-8.227870518150058388e+01
4.682703984375000346e+02,-7.858555330869785394e+01
4.682706914062500232e+02,-8.121751214831772359e+01
4.682709843750000118e+02,-8.751851580881607617e+01
4.682712773437500005e+02,-8.403015522790371961e+01
4.682715703124999891e+02,-8.665474299212604592e+01
4.682718632812500346e+02,-8.785154336575635625e+01
4.682721562500000232e+02,-8.602955263807845654e+01
4.682724492187500118e+02,-9.286792955354329138e+01
4.682727421875000005e+02,-8.443474312989748398e+01
4.682730351562499891e+02,-8.600856084924913603e+01
4.682733281250000346e+02,-9.806595853646669525e+01
4.682736210937500232e+02,-8.128118002080987026e+01
4.682739140625000118e+02,-8.060987253326557322e+01
4.682742070312500005e+02,-8.220782846173547398e+01
4.682744999999999891e+02,-7.711272560719766034e+01
4.682747929687500346e+02,-7.888674348462988917e+01
4.682750859375000232e+02,-9.199670565474025352e+01
4.682753789062500118e+02,-8.484222016141154654e+01
4.682756718750000005e+02,-8.789198414082025579e+01
4.682759648437499891e+02,-8.487978879580390412e+01
4.682762578125000346e+02,-9.853320776427787564e+01
4.682765507812500232e+02,-9.110504700413628143e+01
4.682768437500000118e+02,-8.253772482906794039e+01
4.682771367187500005e+02,-8.712257403863723937e+01
4.682774296874999891e+02,-8.606827315635818820e+01
4.682777226562500346e+02,-8.697507289424368082e+01
4.682780156250000232e+02,-8.552360490451093256e+01
4.682783085937500118e+02,-8.566201523107230287e+01
4.682786015625000005e+02,-8.756848600939329685e+01
4.682788945312499891e+02,-8.075753986127756434e+01
4.682791875000000346e+02,-8.168423393660553700e+01
4.682794804687500232e+02,-8.710533794639277971e+01
4.682797734375000118e+02,-8.714119898666480424e+01
4.682800664062500005e+02,-9.049102739784329685e+01
4.682803593749999891e+02,-8.334506615494680659e+01
4.682806523437500346e+02,-8.354146035162769124e+01
4.682809453125000232e+02,-8.119513655560901100e+01
4.682812382812500118e+02,-9.177763640736158379e+01
4.682815312500000005e+02,-8.311838717314182645e+01
4.682818242187499891e+02,-8.798669848708362906e+01
4.682821171875000346e+02,-9.122232195142501610e+01
4.682824101562500232e+02,-8.634407750157443218e+01
4.682827031250000118e+02,-8.665823192749512316e+01
4.682829960937500005e+02,-8.774666314661375566e+01
4.682832890624999891e+02,-8.332159833681215844e+01
4.682835820312500346e+02,-8.258772291697653145e+01
4.682838750000000232e+02,-8.319122878053948966e+01
4.682841679687500118e+02,-8.846948091312785323e+01
4.682844609375000005e+02,-8.337636974752257402e+01
4.682847539062499891e+02,-8.119241769423308597e+01
4.682850468750000346e+02,-8.592398578716691304e+01
4.682853398437500232e+02,-8.124976643200920989e+01
4.682856328125000118e+02,-8.512516202657710096e+01
4.682859257812500005e+02,-7.911976661019134838e+01
4.682862187499999891e+02,-8.221533660487322948e+01
4.682865117187500346e+02,-8.724879396355719052e+01
4.682868046875000232e+02,-7.997718477732476572e+01
4.682870976562500118e+02,-7.877830872348911839e+01
4.682873906250000005e+02,-8.132091694401046311e+01
4.682876835937499891e+02,-8.042044879974149296e+01
4.682879765625000346e+02,-8.025992000292066564e+01
4.682882695312500232e+02,-9.093315242804874288e+01
4.682885625000000118e+02,-8.923549574739475077e+01
4.682888554687500005e+02,-8.288508183860982115e+01
4.682891484374999891e+02,-8.616588876651340456e+01
4.682894414062500346e+02,-8.677387050913223732e+01
4.682897343750000232e+02,-8.293347881934460020e+01
4.682900273437500118e+02,-8.254677262101147051e+01
4.682903203125000005e+02,-9.382325492917581755e+01
4.682906132812499891e+02,-9.330121015883135271e+01
4.682909062500000346e+02,-9.488500942919058900e+01
4.682911992187500232e+02,-8.008082141142941168e+01
4.682914921875000118e+02,-8.474585744205781168e+01
4.682917851562500005e+02,-8.396812955982531435e+01
4.682920781249999891e+02,-8.400036583886765129e+01
4.682923710937500346e+02,-9.429438909670041369e+01
4.682926640625000232e+02,-8.756394711713556944e+01
4.682929570312500118e+02,-8.838594724993927798e+01
4.682932500000000005e+02,-8.215331925451378936e+01
4.682935429687499891e+02,-7.927701121245236493e+01
4.682938359375000346e+02,-7.697738090089244167e+01
4.682941289062500232e+02,-8.034756449882314655e+01
4.682944218750000118e+02,-9.086174555030990518e+01
4.682947148437500005e+02,-8.300191095875874225e+01
4.682950078124999891e+02,-8.151771942320831954e+01
4.682953007812500346e+02,-8.608006400468988772e+01
4.682955937500000232e+02,-8.265644780611947340e+01
4.682958867187500118e+02,-8.031043074777942081e+01
4.682961796875000005e+02,-8.435243892848924929e+01
4.682964726562499891e+02,-8.398133676644252432e+01
4.682967656250000346e+02,-9.198203621749416925e+01
4.682970585937500232e+02,-8.206811927988560740e+01
4.682973515625000118e+02,-8.104296504506157817e+01
4.682976445312500005e+02,-8.928541084466999678e+01
4.682979374999999891e+02,-9.089170728487633255e+01
4.682982304687500346e+02,-8.256738530248021846e+01
4.682985234375000232e+02,-8.556685144602025161e+01
4.682988164062500118e+02,-9.206955057257843578e+01
4.682991093750000005e+02,-9.248689417547018365e+01
4.682994023437499891e+02,-8.325764744800503081e+01
4.682996953125000346e+02,-8.808671005006188182e+01
4.682999882812500232e+02,-8.838807530849925342e+01
4.683002812500000118e+02,-8.357136805704030280e+01
4.683005742187500005e+02,-7.962861735073146008e+01
4.683008671874999891e+02,-7.971583885941822700e+01
4.683011601562500346e+02,-8.275109255462473357e+01
4.683014531250000232e+02,-8.293895226020970313e+01
4.683017460937500118e+02,-8.141000746576510494e+01
4.683020390625000005e+02,-8.309444405848347515e+01
4.683023320312499891e+02,-8.136366067844484462e+01
4.683026250000000346e+02,-8.054740813760318474e+01
4.683029179687500232e+02,-8.469412965226038637e+01
4.683032109375000118e+02,-8.155549770751244409e+01
4.683035039062500005e+02,-8.748587463569649003e+01
4.683037968749999891e+02,-8.584221798486808552e+01
4.683040898437500346e+02,-8.532320861591992411e+01
4.683043828125000232e+02,-8.351748517593571819e+01
4.683046757812500118e+02,-8.780853783890532327e+01
4.683049687500000005e+02,-8.779121181130165041e+01
4.683052617187499891e+02,-8.492055170212466919e+01
4.683055546875000346e+02,-9.792346385002359455e+01
4.683058476562500232e+02,-8.627979636913624972e+01
4.683061406250000118e+02,-9.116617241012109218e+01
4.683064335937500005e+02,-8.725439770650072546e+01
4.683067265624999891e+02,-8.120491904990961984e+01
4.683070195312500346e+02,-8.014105955941091963e+01
4.683073125000000232e+02,-8.965636767552535957e+01
4.683076054687500118e+02,-8.318294252391123678e+01
4.683078984375000005e+02,-8.451923692268283617e+01
4.683081914062499891e+02,-8.005144567639064235e+01
4.683084843750000346e+02,-8.333436433153178768e+01
4.683087773437500232e+02,-8.355850152133507436e+01
4.683090703125000118e+02,-8.773294799190043136e+01
4.683093632812500005e+02,-8.426610840540783443e+01
4.683096562499999891e+02,-8.751608416685047587e+01
4.683099492187500346e+02,-8.641201211000834803e+01
4.683102421875000232e+02,-7.653597816107354390e+01
4.683105351562500118e+02,-8.134993848790765014e+01
4.683108281250000005e+02,-9.026467099651141268e+01
4.683111210937499891e+02,-8.430197550211019575e+01
4.683114140625000346e+02,-9.097064868636755364e+01
4.683117070312500232e+02,-9.248671784971143950e+01
4.683120000000000118e+02,-8.097792761783630056e+01
4.683122929687500005e+02,-8.150240125576098649e+01
4.683125859374999891e+02,-8.722717608037577008e+01
4.683128789062500346e+02,-8.604460946140858368e+01
4.683131718750000232e+02,-8.043742990734692455e+01
4.683134648437500118e+02,-8.159921362319292371e+01
4.683137578125000005e+02,-9.065781713688863874e+01
4.683140507812499891e+02,-8.168145046502809237e+01
4.683143437500000346e+02,-8.148588059915988424e+01
4.683146367187500232e+02,-8.531326506418017175e+01
4.683149296875000118e+02,-8.124335640421291771e+01
4.683152226562500005e+02,-8.218868791901468285e+01
4.683155156249999891e+02,-1.001253310119870008e+02
4.683158085937500346e+02,-8.525445040414729192e+01
4.683161015625000232e+02,-8.923469067114196207e+01
4.683163945312500118e+02,-8.326512006444724534e+01
4.683166875000000005e+02,-7.903753035719326192e+01
4.683169804687499891e+02,-7.896366094883076414e+01
4.683172734375000346e+02,-7.673700439866274792e+01
4.683175664062500232e+02,-7.737149703751161667e+01
4.683178593750000118e+02,-8.323270434786036276e+01
4.683181523437500005e+02,-8.837227098531838010e+01
4.683184453124999891e+02,-8.559542402980596876e+01
4.683187382812500346e+02,-8.730950851767855170e+01
4.683190312500000232e+02,-8.507906716739340425e+01
4.683193242187500118e+02,-8.715564725853555217e+01
4.683196171875000005e+02,-8.010257639241557115e+01
4.683199101562499891e+02,-7.858749164205485727e+01
4.683202031250000346e+02,-9.868945749406343282e+01
4.683204960937500232e+02,-8.303207801331835469e+01
4.683207890625000118e+02,-7.934736837331304571e+01
4.683210820312500005e+02,-8.218119286301080706e+01
4.683213749999999891e+02,-8.907512079418833650e+01
4.683216679687500346e+02,-8.420180088635312643e+01
4.683219609375000232e+02,-8.602397767151323649e+01
4.683222539062500118e+02,-8.922300684430874185e+01
4.683225468750000005e+02,-8.802001772069030494e+01
4.683228398437499891e+02,-8.185070532439044655e+01
4.683231328125000346e+02,-7.649842806294404340e+01
4.683234257812500232e+02,-8.101300127350972957e+01
4.683237187500000118e+02,-1.060001173806326165e+02
4.683240117187500005e+02,-9.003476783327431576e+01
4.683243046874999891e+02,-8.965102884377650128e+01
4.683245976562500346e+02,-8.896206563116547272e+01
4.683248906250000232e+02,-8.680374428489415095e+01
4.683251835937500118e+02,-8.353597700127434678e+01
4.683254765625000005e+02,-8.222135885898758545e+01
4.683257695312499891e+02,-9.296769111439543565e+01
4.683260625000000346e+02,-8.898170748653144813e+01
4.683263554687500232e+02,-7.833305904710687173e+01
4.683266484375000118e+02,-8.157278324507487355e+01
4.683269414062500005e+02,-9.193076474660091435e+01
4.683272343749999891e+02,-8.293809503957510287e+01
4.683275273437500346e+02,-8.286445859297798222e+01
4.683278203125000232e+02,-8.683632124407800745e+01
4.683281132812500118e+02,-8.529072548186404390e+01
4.683284062500000005e+02,-8.333441716730412452e+01
4.683286992187499891e+02,-8.386058006532807951e+01
4.683289921875000346e+02,-9.589178759943833086e+01
4.683292851562500232e+02,-8.194135989934957820e+01
4.683295781250000118e+02,-7.805948940492237398e+01
4.683298710937500005e+02,-7.841414209245695588e+01
4.683301640624999891e+02,-8.254350481034551024e+01
4.683304570312500346e+02,-8.574584394317916747e+01
4.683307500000000232e+02,-8.487643242655457243e+01
4.683310429687500118e+02,-8.719844797799717639e+01
4.683313359375000005e+02,-8.699023475440149866e+01
4.683316289062499891e+02,-8.539071891106510748e+01
4.683319218750000346e+02,-8.393556809402377894e+01
4.683322148437500232e+02,-8.441666876804232800e+01
4.683325078125000118e+02,-7.980391563428605650e+01
4.683328007812500005e+02,-8.810463790085378832e+01
4.683330937499999891e+02,-8.606061074664833654e+01
4.683333867187500346e+02,-9.291993114226906414e+01
4.683336796875000232e+02,-7.704917692817163299e+01
4.683339726562500118e+02,-7.920908754276156571e+01
4.683342656250000005e+02,-9.858086084303107555e+01
4.683345585937499891e+02,-8.446954578158420190e+01
4.683348515625000346e+02,-9.083790629971721842e+01
4.683351445312500232e+02,-9.010937248011238410e+01
4.683354375000000118e+02,-8.624905998277236563e+01
4.683357304687500005e+02,-9.931898901691594972e+01
4.683360234374999891e+02,-8.379685430721266926e+01
4.683363164062500346e+02,-8.751473740189072714e+01
4.683366093750000232e+02,-8.913752436367710175e+01
4.683369023437500118e+02,-8.683958873795037903e+01
4.683371953125000005e+02,-8.337453443040740808e+01
4.683374882812499891e+02,-8.305928945855158929e+01
4.683377812500000346e+02,-8.478649567395058284e+01
4.683380742187500232e+02,-8.735241482174507155e+01
4.683383671875000118e+02,-9.307052929252458284e+01
4.683386601562500005e+02,-9.332070659706887739e+01
4.683389531249999891e+02,-9.636475047959288531e+01
4.683392460937500346e+02,-9.745740489048930044e+01
4.683395390625000232e+02,-9.146363577220000707e+01
4.683398320312500118e+02,-8.913622804450916703e+01
4.683401250000000005e+02,-9.599758145729842340e+01
4.683404179687499891e+02,-8.989478867018857500e+01
4.683407109375000346e+02,-8.808139680081950473e+01
4.683410039062500232e+02,-8.620505009449388467e+01
4.683412968750000118e+02,-8.669088375155700987e+01
4.683415898437500005e+02,-9.718429881520692959e+01
4.683418828124999891e+02,-8.352140152170329657e+01
4.683421757812500346e+02,-7.767880871759659556e+01
4.683424687500000232e+02,-7.910218675350682815e+01
4.683427617187500118e+02,-8.004164557159130311e+01
4.683430546875000005e+02,-8.412384155296479094e+01
4.683433476562499891e+02,-8.702226755289592575e+01
4.683436406250000346e+02,-8.924450742459941921e+01
4.683439335937500232e+02,-8.709991348186437676e+01
4.683442265625000118e+02,-8.339617429550528982e+01
4.683445195312500005e+02,-8.611430663111326567e+01
4.683448124999999891e+02,-8.524181131686900414e+01
4.683451054687500346e+02,-8.354887037257529414e+01
4.683453984375000232e+02,-7.906964599955441031e+01
4.683456914062500118e+02,-9.925352112910124447e+01
4.683459843750000005e+02,-7.876029835794204814e+01
4.683462773437499891e+02,-8.195298256166137207e+01
4.683465703125000346e+02,-8.464559209132187334e+01
4.683468632812500232e+02,-8.665077486957611086e+01
4.683471562500000118e+02,-8.213359800908972375e+01
4.683474492187500005e+02,-8.587817561290977153e+01
4.683477421874999891e+02,-8.338482042055224497e+01
4.683480351562500346e+02,-8.210713544514831597e+01
4.683483281250000232e+02,-8.664810340742536710e+01
4.683486210937500118e+02,-8.356955739869596300e+01
4.683489140625000005e+02,-8.716092108451942977e+01
4.683492070312499891e+02,-8.186308132921995195e+01
4.683495000000000346e+02,-8.033950430184388836e+01
4.683497929687500232e+02,-7.944105931378868490e+01
4.683500859375000118e+02,-7.964042006785135186e+01
4.683503789062500005e+02,-8.090736539867509691e+01
4.683506718749999891e+02,-8.360711263025343953e+01
4.683509648437500346e+02,-9.422938045033805565e+01
4.683512578125000232e+02,-8.013000877654597787e+01
4.683515507812500118e+02,-7.801505914009740650e+01
4.683518437500000005e+02,-8.318855291237035487e+01
4.683521367187499891e+02,-8.687269127555813952e+01
4.683524296875000346e+02,-8.600879014581666127e+01
4.683527226562500232e+02,-7.965447157113226240e+01
4.683530156250000118e+02,-7.946704564337483134e+01
4.683533085937500005e+02,-8.292720370449401912e+01
4.683536015624999891e+02,-8.108361953450977921e+01
4.683538945312500346e+02,-8.170297349807557907e+01
4.683541875000000232e+02,-9.476431290297340126e+01
4.683544804687500118e+02,-8.158468652440672031e+01
4.683547734375000005e+02,-7.945768219236722985e+01
4.683550664062499891e+02,-8.518825761242996464e+01
4.683553593750000346e+02,-8.271720256871159904e+01
4.683556523437500232e+02,-7.574959449280920865e+01
4.683559453125000118e+02,-7.961160990141615912e+01
4.683562382812500005e+02,-8.158476257155203371e+01
4.683565312499999891e+02,-8.411520487733740481e+01
4.683568242187500346e+02,-7.903564809964134952e+01
4.683571171875000232e+02,-8.934136608771061105e+01
4.683574101562500118e+02,-8.029324136385930899e+01
4.683577031250000005e+02,-8.085379484223872737e+01
4.683579960937499891e+02,-8.342022672268538486e+01
4.683582890625000346e+02,-8.182398283453309773e+01
4.683585820312500232e+02,-8.230097545407539883e+01
4.683588750000000118e+02,-8.282585198821053041e+01
4.683591679687500005e+02,-8.076930004686934694e+01
4.683594609374999891e+02,-8.240282588132791375e+01
4.683597539062500346e+02,-7.927638685262590457e+01
4.683600468750000232e+02,-8.235011480781025739e+01
4.683603398437500118e+02,-7.980411446703851652e+01
4.683606328125000005e+02,-8.288961526961487891e+01
4.683609257812499891e+02,-9.065997558978757809e+01
4.683612187500000346e+02,-8.530613471456200614e+01
4.683615117187500232e+02,-8.787710554320742062e+01
4.683618046875000118e+02,-8.998060327618378551e+01
4.683620976562500005e+02,-8.964318716403366238e+01
4.683623906249999891e+02,-8.739144322495398853e+01
4.683626835937500346e+02,-8.015627604968729258e+01
4.683629765625000232e+02,-8.254746767663213802e+01
4.683632695312500118e+02,-7.910182927645399786e+01
4.683635625000000005e+02,-7.806789001263834393e+01
4.683638554687499891e+02,-8.222077116906913830e+01
4.683641484375000346e+02,-8.395297773149808052e+01
4.683644414062500232e+02,-7.702476475743151241e+01
4.683647343750000118e+02,-8.447360748151156429e+01
4.683650273437500005e+02,-8.349501289447249519e+01
4.683653203124999891e+02,-9.231666151317563163e+01
4.683656132812500346e+02,-7.964247472076046108e+01
4.683659062500000232e+02,-8.150068225969033620e+01
4.683661992187500118e+02,-8.148849207971434794e+01
4.683664921875000005e+02,-8.469057450689072652e+01
4.683667851562499891e+02,-8.299608253217769516e+01
4.683670781250000346e+02,-8.859897518685957607e+01
4.683673710937500232e+02,-8.263986911567533866e+01
4.683676640625000118e+02,-8.638187853559067264e+01
4.683679570312500005e+02,-9.151085400662719849e+01
4.683682499999999891e+02,-8.279140222593211718e+01
4.683685429687500346e+02,-8.811803495039356449e+01
4.683688359375000232e+02,-9.573157315993206851e+01
4.683691289062500118e+02,-9.674394330660631169e+01
4.683694218750000005e+02,-8.783066038525392116e+01
4.683697148437499891e+02,-1.015680479234485460e+02
4.683700078125000346e+02,-8.306976419706595038e+01
4.683703007812500232e+02,-8.755276901938967171e+01
4.683705937500000118e+02,-8.266413364075907566e+01
4.683708867187500005e+02,-8.005036947732462238e+01
4.683711796874999891e+02,-8.993383698224937461e+01
4.683714726562500346e+02,-8.970778663545610243e+01
4.683717656250000232e+02,-8.617598147497481875e+01
4.683720585937500118e+02,-8.508151258963755481e+01
4.683723515625000005e+02,-9.075679833394113416e+01
4.683726445312499891e+02,-8.728512759750614691e+01
4.683729375000000346e+02,-8.282631726553665885e+01
4.683732304687500232e+02,-8.008524504019042922e+01
4.683735234375000118e+02,-7.943191889675566131e+01
4.683738164062500005e+02,-7.846598070276260728e+01
4.683741093749999891e+02,-8.119228308092635871e+01
4.683744023437500346e+02,-8.668171376145321005e+01
4.683746953125000232e+02,-8.245366727867050827e+01
4.683749882812500118e+02,-8.477630122859756057e+01
4.683752812500000005e+02,-8.080253933868081617e+01
4.683755742187499891e+02,-8.206928002895553220e+01
4.683758671875000346e+02,-8.142783048762119336e+01
4.683761601562500232e+02,-8.148945845579820002e+01
4.683764531250000118e+02,-7.924909254306562900e+01
4.683767460937500005e+02,-7.935224741033043472e+01
4.683770390624999891e+02,-8.287244333456064282e+01
4.683773320312500346e+02,-7.679849242620447569e+01
4.683776250000000232e+02,-8.552946924591468303e+01
4.683779179687500118e+02,-8.298513358372078130e+01
4.683782109375000005e+02,-8.762236865866499613e+01
4.683785039062499891e+02,-8.922369847001186827e+01
4.683787968750000346e+02,-9.496496669349873798e+01
4.683790898437500232e+02,-1.020106171130260009e+02
4.683793828125000118e+02,-8.657797867128888925e+01
4.683796757812500005e+02,-8.185907346590528277e+01
4.683799687499999891e+02,-8.062538252593478205e+01
4.683802617187500346e+02,-8.378483351585472860e+01
4.683805546875000232e+02,-1.014211338523114421e+02
4.683808476562500118e+02,-9.082718145811691102e+01
4.683811406250000005e+02,-8.286741149364831927e+01
4.683814335937499891e+02,-8.355290942445549263e+01
4.683817265625000346e+02,-8.812761413989052528e+01
4.683820195312500232e+02,-8.820100258950355965e+01
4.683823125000000118e+02,-8.457612317159251347e+01
4.683826054687500005e+02,-8.481725299732816836e+01
4.683828984374999891e+02,-8.853270816067660576e+01
4.683831914062500346e+02,-8.365599221790240847e+01
4.683834843750000232e+02,-8.325180370880988789e+01
4.683837773437500118e+02,-8.188896441325796616e+01
4.683840703125000005e+02,-8.693143307904990991e+01
4.683843632812499891e+02,-8.930608828615261530e+01
4.683846562500000346e+02,-9.288362127504809962e+01
4.683849492187500232e+02,-8.983441562307231720e+01
4.683852421875000118e+02,-8.653565773252458371e+01
4.683855351562500005e+02,-7.932375687230677386e+01
4.683858281249999891e+02,-8.712264943233266479e+01
4.683861210937500346e+02,-9.245362134266119369e+01
4.683864140625000232e+02,-8.162854322591951473e+01
4.683867070312500118e+02,-8.000048928926250369e+01
4.683870000000000005e+02,-8.610280402166723945e+01
4.683872929687499891e+02,-8.863999082593240075e+01
4.683875859375000346e+02,-8.553777751760546266e+01
4.683878789062500232e+02,-8.294665759751593725e+01
4.683881718750000118e+02,-8.406517614712106479e+01
4.683884648437500005e+02,-8.370249695547042279e+01
4.683887578124999891e+02,-8.089094843162891380e+01
4.683890507812500346e+02,-7.817210278097046228e+01
4.683893437500000232e+02,-8.093344760004546856e+01
4.683896367187500118e+02,-7.974196682449590412e+01
4.683899296875000005e+02,-8.028835742240312356e+01
4.683902226562499891e+02,-8.030236931090786356e+01
4.683905156250000346e+02,-7.953247433491155505e+01
4.683908085937500232e+02,-8.016820454014700204e+01
4.683911015625000118e+02,-8.162166490306512401e+01
4.683913945312500005e+02,-9.018763116842109184e+01
4.683916874999999891e+02,-8.956302587537025772e+01
4.683919804687500346e+02,-8.833586557666095018e+01
4.683922734375000232e+02,-8.353057928476930272e+01
4.683925664062500118e+02,-8.436182159548943105e+01
4.683928593750000005e+02,-8.783068348211298826e+01
4.683931523437499891e+02,-8.053703920753804368e+01
4.683934453125000346e+02,-8.815038592865064970e+01
4.683937382812500232e+02,-9.300160286021542788e+01
4.683940312500000118e+02,-9.739607184490209590e+01
4.683943242187500005e+02,-8.519257876935245122e+01
4.683946171874999891e+02,-8.534495565519138438e+01
4.683949101562500346e+02,-9.141020616441321067e+01
4.683952031250000232e+02,-8.217285324982685779e+01
4.683954960937500118e+02,-7.863023134009785053e+01
4.683957890625000005e+02,-7.942465846327760914e+01
4.683960820312499891e+02,-8.476602924901177971e+01
4.683963750000000346e+02,-8.220155327725126426e+01
4.683966679687500232e+02,-8.179115570521548761e+01
4.683969609375000118e+02,-7.976421839181683993e+01
4.683972539062500005e+02,-7.840356107374566363e+01
4.683975468749999891e+02,-8.344014456416759629e+01
4.683978398437500346e+02,-9.180904276319991197e+01
4.683981328125000232e+02,-8.511513290471397397e+01
4.683984257812500118e+02,-8.307306332611483413e+01
4.683987187500000005e+02,-9.388462424716622934e+01
4.683990117187499891e+02,-8.546096373841217542e+01
4.683993046875000346e+02,-8.121123814362682936e+01
4.683995976562500232e+02,-8.460089346411842826e+01
4.683998906250000118e+02,-9.235740582011180777e+01
4.684001835937500005e+02,-9.096892398189767448e+01
4.684004765624999891e+02,-9.859840953623263715e+01
4.684007695312500346e+02,-9.097138556676284793e+01
4.684010625000000232e+02,-8.290313302901994064e+01
4.684013554687500118e+02,-8.035693482732435200e+01
4.684016484375000005e+02,-1.021687539525311053e+02
4.684019414062499891e+02,-7.991410382585472405e+01
4.684022343750000346e+02,-7.804690923398266023e+01
4.684025273437500232e+02,-9.132364796121480310e+01
4.684028203125000118e+02,-8.337142118927894785e+01
4.684031132812500005e+02,-8.129174126183175986e+01
4.684034062499999891e+02,-7.880467881945860142e+01
4.684036992187500346e+02,-7.899466609626399816e+01
4.684039921875000232e+02,-8.006808234459889206e+01
4.684042851562500118e+02,-8.587766885686299645e+01
4.684045781250000005e+02,-8.267056331391208346e+01
4.684048710937499891e+02,-8.239920310377743817e+01
4.684051640625000346e+02,-8.996636132715403278e+01
4.684054570312500232e+02,-8.080388294023731532e+01
4.684057500000000118e+02,-8.344908745705455999e+01
4.684060429687500005e+02,-9.029014934177337182e+01
4.684063359374999891e+02,-8.768192104392750252e+01
4.684066289062500346e+02,-8.467198189430510524e+01
4.684069218750000232e+02,-8.658345940027982124e+01
4.684072148437500118e+02,-8.755022115849888564e+01
4.684075078125000005e+02,-9.287448344553456536e+01
4.684078007812499891e+02,-8.985720325035423173e+01
4.684080937500000346e+02,-8.729553687608355972e+01
4.684083867187500232e+02,-9.077818482044703785e+01
4.684086796875000118e+02,-8.704992772223909014e+01
4.684089726562500005e+02,-8.722021264364768456e+01
4.684092656249999891e+02,-8.854539117105940704e+01
4.684095585937500346e+02,-8.693232519953429005e+01
4.684098515625000232e+02,-9.680957410301550681e+01
4.684101445312500118e+02,-8.330854346381869391e+01
4.684104375000000005e+02,-8.378352355692297238e+01
4.684107304687499891e+02,-8.795381688827836797e+01
4.684110234375000346e+02,-8.592407803577745540e+01
4.684113164062500232e+02,-7.951731989677463730e+01
4.684116093750000118e+02,-8.471546419378199744e+01
4.684119023437500005e+02,-7.711344225194385160e+01
4.684121953124999891e+02,-7.848475172100630459e+01
4.684124882812500346e+02,-8.275340129648191123e+01
4.684127812500000232e+02,-8.357464086203074771e+01
4.684130742187500118e+02,-8.055950311075781656e+01
4.684133671875000005e+02,-8.346432016769325912e+01
4.684136601562499891e+02,-8.662283568844665638e+01
4.684139531250000346e+02,-8.611019755032243950e+01
4.684142460937500232e+02,-7.901919339492897620e+01
4.684145390625000118e+02,-8.297398110328536802e+01
4.684148320312500005e+02,-8.609551898331160658e+01
4.684151249999999891e+02,-9.013637536093176550e+01
4.684154179687500346e+02,-9.036763808687916821e+01
4.684157109375000232e+02,-9.405883966282921449e+01
4.684160039062500118e+02,-8.158178782048585731e+01
4.684162968750000005e+02,-8.386653151543677609e+01
4.684165898437499891e+02,-8.867016325406295607e+01
4.684168828125000346e+02,-8.281824497720153033e+01
4.684171757812500232e+02,-8.253608202460955567e+01
4.684174687500000118e+02,-8.218051587511214962e+01
4.684177617187500005e+02,-8.030767912624480687e+01
4.684180546874999891e+02,-8.644455274846613690e+01
4.684183476562500346e+02,-7.919177982501641111e+01
4.684186406250000232e+02,-7.918284799793592299e+01
4.684189335937500118e+02,-8.098846566891013765e+01
4.684192265625000005e+02,-8.060211195514784777e+01
4.684195195312499891e+02,-7.867609638048914178e+01
4.684198125000000346e+02,-8.145337561362474332e+01
4.684201054687500232e+02,-8.246252106548722338e+01
4.684203984375000118e+02,-8.403506059533253847e+01
4.684206914062500005e+02,-8.216459833149058056e+01
4.684209843749999891e+02,-7.943537108192612095e+01
4.684212773437500346e+02,-7.897982357685745569e+01
4.684215703125000232e+02,-8.185417221077949534e+01
4.684218632812500118e+02,-8.488119705178299057e+01
4.684221562500000005e+02,-8.695805263013689057e+01
4.684224492187499891e+02,-8.385717969305792963e+01
4.684227421875000346e+02,-9.571244248151393208e+01
4.684230351562500232e+02,-8.626079683352570271e+01
4.684233281250000118e+02,-8.260902811595070716e+01
4.684236210937500005e+02,-8.532068823507756861e+01
4.684239140624999891e+02,-8.806882120297655092e+01
4.684242070312500346e+02,-8.254305169819241428e+01
4.684245000000000232e+02,-9.133370512913840855e+01
4.684247929687500118e+02,-8.238255815820710382e+01
4.684250859375000005e+02,-8.412994002560168383e+01
4.684253789062499891e+02,-7.985459793795845940e+01
4.684256718750000346e+02,-7.967535901620428263e+01
4.684259648437500232e+02,-8.022655003638797666e+01
4.684262578125000118e+02,-8.291971224679264196e+01
4.684265507812500005e+02,-8.387012571100436276e+01
4.684268437499999891e+02,-9.011790532118710928e+01
4.684271367187500346e+02,-8.332985341602596918e+01
4.684274296875000232e+02,-7.764499973844782232e+01
4.684277226562500118e+02,-8.106888398928397521e+01
4.684280156250000005e+02,-8.411497586065027576e+01
4.684283085937499891e+02,-8.465252852624495006e+01
4.684286015625000346e+02,-8.543647306846315814e+01
4.684288945312500232e+02,-8.448752049349393189e+01
4.684291875000000118e+02,-9.210823057652757484e+01
4.684294804687500005e+02,-1.011619783869592624e+02
4.684297734374999891e+02,-8.582885032977664252e+01
4.684300664062500346e+02,-7.987933999207943714e+01
4.684303593750000232e+02,-8.077813380787709718e+01
4.684306523437500118e+02,-9.374003700572936282e+01
4.684309453125000005e+02,-8.752822728432175836e+01
4.684312382812499891e+02,-8.162244075279119215e+01
4.684315312500000346e+02,-7.895364843923172771e+01
4.684318242187500232e+02,-7.931219181164760812e+01
4.684321171875000118e+02,-8.108089210061031338e+01
4.684324101562500005e+02,-8.530625462922276370e+01
4.684327031249999891e+02,-8.718209246451766603e+01
4.684329960937500346e+02,-8.010729614276692701e+01
4.684332890625000232e+02,-8.968279118043676590e+01
4.684335820312500118e+02,-9.650355662012526636e+01
4.684338750000000005e+02,-8.566652738129243971e+01
4.684341679687499891e+02,-8.050409826249229184e+01
4.684344609375000346e+02,-8.486303825411272328e+01
4.684347539062500232e+02,-8.905472267205368553e+01
4.684350468750000118e+02,-9.425078068618714155e+01
4.684353398437500005e+02,-8.978396342192826296e+01
4.684356328124999891e+02,-8.557231032009241289e+01
4.684359257812500346e+02,-8.661836059656110365e+01
4.684362187500000232e+02,-8.326450556863272823e+01
4.684365117187500118e+02,-8.145574105309049173e+01
4.684368046875000005e+02,-8.107569266856862100e+01
4.684370976562499891e+02,-8.852043113385045103e+01
4.684373906250000346e+02,-8.775601782347627022e+01
4.684376835937500232e+02,-1.037206674496275980e+02
4.684379765625000118e+02,-8.423554384426972774e+01
4.684382695312500005e+02,-8.145920836264050990e+01
4.684385624999999891e+02,-8.762112623951132662e+01
4.684388554687500346e+02,-8.286208332734153714e+01
4.684391484375000232e+02,-8.337505241564832659e+01
4.684394414062500118e+02,-8.976472894733919361e+01
4.684397343750000005e+02,-9.374019275621292024e+01
4.684400273437499891e+02,-8.707893124100236548e+01
4.684403203125000346e+02,-8.152831579244883642e+01
4.684406132812500232e+02,-7.960650059886313556e+01
4.684409062500000118e+02,-8.035993493782393671e+01
4.684411992187500005e+02,-8.376180800431387752e+01
4.684414921874999891e+02,-8.630576452670183585e+01
4.684417851562500346e+02,-8.595736839681714514e+01
4.684420781250000232e+02,-8.884204548476704133e+01
4.684423710937500118e+02,-8.892986228131148607e+01
4.684426640625000005e+02,-8.383452050147820955e+01
4.684429570312499891e+02,-1.078045355136643337e+02
4.684432500000000346e+02,-8.296233630079619559e+01
4.684435429687500232e+02,-9.191449435512255661e+01
4.684438359375000118e+02,-9.037491944693161372e+01
4.684441289062500005e+02,-8.295051076807092727e+01
4.684444218749999891e+02,-8.310202200163001862e+01
4.684447148437500346e+02,-7.837129312019412453e+01
4.684450078125000232e+02,-8.708497591201594901e+01
4.684453007812500118e+02,-9.317976302068956329e+01
4.684455937500000005e+02,-8.521641867692009953e+01
4.684458867187499891e+02,-8.303317540734789759e+01
4.684461796875000346e+02,-9.782297520626671883e+01
4.684464726562500232e+02,-8.997878354576724291e+01
4.684467656250000118e+02,-8.992725674388753987e+01
4.684470585937500005e+02,-8.716226945209913879e+01
4.684473515624999891e+02,-8.041122045930052309e+01
4.684476445312500346e+02,-8.410368813403383115e+01
4.684479375000000232e+02,-9.123479128502722801e+01
4.684482304687500118e+02,-8.391744742094969922e+01
4.684485234375000005e+02,-8.194981963933535951e+01
4.684488164062499891e+02,-9.405580497687472530e+01
4.684491093750000346e+02,-8.683279959812736593e+01
4.684494023437500232e+02,-8.597347700462682951e+01
4.684496953125000118e+02,-7.836566278146767672e+01
4.684499882812500005e+02,-8.526970726211780516e+01
4.684502812499999891e+02,-8.781193106833411832e+01
4.684505742187500346e+02,-8.809515956595404873e+01
4.684508671875000232e+02,-8.401064446973106215e+01
4.684511601562500118e+02,-8.045443989472363455e+01
4.684514531250000005e+02,-7.910123863901857533e+01
4.684517460937499891e+02,-8.529049672227075973e+01
4.684520390625000346e+02,-8.219275666076477194e+01
4.684523320312500232e+02,-8.032912460600294935e+01
4.684526250000000118e+02,-8.482168873525861841e+01
4.684529179687500005e+02,-8.995625685890347256e+01
4.684532109374999891e+02,-8.573133154684164481e+01
4.684535039062500346e+02,-8.290105906777984046e+01
4.684537968750000232e+02,-8.126778353982768976e+01
4.684540898437500118e+02,-8.394695411526313933e+01
4.684543828125000005e+02,-8.344236996064461209e+01
4.684546757812499891e+02,-8.873055129576884781e+01
4.684549687500000346e+02,-8.392667239952547220e+01
4.684552617187500232e+02,-8.912720212466723524e+01
4.684555546875000118e+02,-8.220780542112935052e+01
4.684558476562500005e+02,-8.472334117196921000e+01
4.684561406249999891e+02,-9.393977574443751166e+01
4.684564335937500346e+02,-8.887761679419611482e+01
4.684567265625000232e+02,-8.788061781663260774e+01
4.684570195312500118e+02,-8.401842462132778167e+01
4.684573125000000005e+02,-8.257850969146497278e+01
4.684576054687499891e+02,-8.026357003946310442e+01
4.684578984375000346e+02,-7.926394424406875316e+01
4.684581914062500232e+02,-8.191896159338989492e+01
4.684584843750000118e+02,-8.806754771742251364e+01
4.684587773437500005e+02,-8.430731206042837300e+01
4.684590703124999891e+02,-8.549644118614367017e+01
4.684593632812500346e+02,-8.652929202289621458e+01
4.684596562500000232e+02,-8.156924390403111147e+01
4.684599492187500118e+02,-8.341527204927830041e+01
4.684602421875000005e+02,-8.232999050405980768e+01
4.684605351562499891e+02,-8.206420330343178193e+01
4.684608281250000346e+02,-8.517942215416260865e+01
4.684611210937500232e+02,-8.703999276378627314e+01
4.684614140625000118e+02,-8.492563086044185638e+01
4.684617070312500005e+02,-8.720757445456305845e+01
4.684619999999999891e+02,-1.285132098011684150e+02
4.684622929687500346e+02,-8.241108556293485776e+01
4.684625859375000232e+02,-8.158305823106717014e+01
4.684628789062500118e+02,-9.341461597955841967e+01
4.684631718750000005e+02,-9.531885819403841253e+01
4.684634648437499891e+02,-9.259520450793444013e+01
4.684637578125000346e+02,-8.444380517901122118e+01
4.684640507812500232e+02,-8.475947642820842987e+01
4.684643437500000118e+02,-8.228675258954952199e+01
4.684646367187500005e+02,-8.097710939513515882e+01
4.684649296874999891e+02,-8.987792687044446893e+01
4.684652226562500346e+02,-8.371599826187924975e+01
4.684655156250000232e+02,-8.641491462269931390e+01
4.684658085937500118e+02,-9.160663504610673158e+01
4.684661015625000005e+02,-9.110096897265476912e+01
4.684663945312499891e+02,-8.769042360870338371e+01
4.684666875000000346e+02,-8.080296565450171897e+01
4.684669804687500232e+02,-8.068292721957460856e+01
4.684672734375000118e+02,-8.946261172131116268e+01
4.684675664062500005e+02,-9.729789662732733291e+01
4.684678593749999891e+02,-8.422611157969681983e+01
4.684681523437500346e+02,-8.498304233686432951e+01
4.684684453125000232e+02,-9.387937915611772155e+01
4.684687382812500118e+02,-8.267537624518935502e+01
4.684690312500000005e+02,-7.898935388300095894e+01
4.684693242187499891e+02,-8.117742065461845868e+01
4.684696171875000346e+02,-8.179579386207022651e+01
4.684699101562500232e+02,-8.597793291525690051e+01
4.684702031250000118e+02,-8.482146824440506805e+01
4.684704960937500005e+02,-8.084131583035684798e+01
4.684707890624999891e+02,-8.460748363893692670e+01
4.684710820312500346e+02,-8.534517430193247378e+01
4.684713750000000232e+02,-8.583878720255391670e+01
4.684716679687500118e+02,-8.402153442016759755e+01
4.684719609375000005e+02,-8.142660014885528597e+01
4.684722539062499891e+02,-8.436858386870730442e+01
4.684725468750000346e+02,-9.426108160096957533e+01
4.684728398437500232e+02,-9.126066769921362720e+01
4.684731328125000118e+02,-8.278219440536398110e+01
4.684734257812500005e+02,-7.670243765272518033e+01
4.684737187499999891e+02,-8.215465097319150800e+01
4.684740117187500346e+02,-8.539645313842004271e+01
4.684743046875000232e+02,-8.354289968143231704e+01
4.684745976562500118e+02,-8.130990946217653459e+01
4.684748906250000005e+02,-8.578816041789663416e+01
4.684751835937499891e+02,-8.044354473045390819e+01
4.684754765625000346e+02,-7.862112184892411904e+01
4.684757695312500232e+02,-8.483606795295209224e+01
4.684760625000000118e+02,-9.232690282085738431e+01
4.684763554687500005e+02,-9.047636777030099609e+01
4.684766484374999891e+02,-9.017159736196515496e+01
4.684769414062500346e+02,-8.436938956016516045e+01
4.684772343750000232e+02,-8.644942416671028695e+01
4.684775273437500118e+02,-8.986659570894272520e+01
4.684778203125000005e+02,-8.572030709049192865e+01
4.684781132812499891e+02,-8.769259840827868402e+01
4.684784062500000346e+02,-9.290733472140178151e+01
4.684786992187500232e+02,-9.289761938925778395e+01
4.684789921875000118e+02,-8.019444233911491438e+01
4.684792851562500005e+02,-8.320441162685673930e+01
4.684795781249999891e+02,-8.664672696093916215e+01
4.684798710937500346e+02,-8.674349504302762170e+01
4.684801640625000232e+02,-9.006243484305267089e+01
4.684804570312500118e+02,-8.661456162307210604e+01
4.684807500000000005e+02,-8.579255723482212659e+01
4.684810429687499891e+02,-8.592850752678891979e+01
4.684813359375000346e+02,-8.604853981012905706e+01
4.684816289062500232e+02,-7.868355219655543920e+01
4.684819218750000118e+02,-7.876192739108729768e+01
4.684822148437500005e+02,-8.358571688252625620e+01
4.684825078124999891e+02,-9.039687365927584040e+01
4.684828007812500346e+02,-9.017420272974379714e+01
4.684830937500000232e+02,-8.950974491362865137e+01
4.684833867187500118e+02,-8.550992647993659546e+01
4.684836796875000005e+02,-8.346376814115404841e+01
4.684839726562499891e+02,-8.262601594288528872e+01
4.684842656250000346e+02,-8.528721124756120275e+01
4.684845585937500232e+02,-8.518454623950752591e+01
4.684848515625000118e+02,-7.648813330177014791e+01
4.684851445312500005e+02,-7.817914447057094662e+01
4.684854374999999891e+02,-8.864503576952458275e+01
4.684857304687500346e+02,-8.600992385284655484e+01
4.684860234375000232e+02,-8.024573193702819651e+01
4.684863164062500118e+02,-8.070478626862797000e+01
4.684866093750000005e+02,-9.704486125906724681e+01
4.684869023437499891e+02,-8.564278437297018343e+01
4.684871953125000346e+02,-8.722172965254844712e+01
4.684874882812500232e+02,-8.339037600511500159e+01
4.684877812500000118e+02,-7.738484364024981232e+01
4.684880742187500005e+02,-8.615550233246557355e+01
4.684883671874999891e+02,-8.203107099582607020e+01
4.684886601562500346e+02,-9.641291465746668621e+01
4.684889531250000232e+02,-8.589436161552880833e+01
4.684892460937500118e+02,-8.738160902926648532e+01
4.684895390625000005e+02,-9.027390335035275371e+01
4.684898320312499891e+02,-9.235676103303985940e+01
4.684901250000000346e+02,-8.708464126702449448e+01
4.684904179687500232e+02,-9.281712179785073147e+01
4.684907109375000118e+02,-8.831590389764673432e+01
4.684910039062500005e+02,-9.163096743399334798e+01
4.684912968749999891e+02,-8.673884573017488719e+01
4.684915898437500346e+02,-9.142266931689238163e+01
4.684918828125000232e+02,-8.376012919765014431e+01
4.684921757812500118e+02,-8.435489864009321082e+01
4.684924687500000005e+02,-8.222468645612465821e+01
4.684927617187499891e+02,-8.518242510417842084e+01
4.684930546875000346e+02,-9.673591388485019138e+01
4.684933476562500232e+02,-8.613395737051322953e+01
4.684936406250000118e+02,-8.920212102333778148e+01
4.684939335937500005e+02,-8.509981249789541380e+01
4.684942265624999891e+02,-8.027928742127500072e+01
4.684945195312500346e+02,-9.234402898104031010e+01
4.684948125000000232e+02,-8.132871534914015399e+01
4.684951054687500118e+02,-7.811217830012407148e+01
4.684953984375000005e+02,-8.083414724414060970e+01
4.684956914062499891e+02,-8.188187974245724376e+01
4.684959843750000346e+02,-8.170328256230193631e+01
4.684962773437500232e+02,-9.289024819893387530e+01
4.684965703125000118e+02,-8.930504629936672245e+01
4.684968632812500005e+02,-8.333972742861180905e+01
4.684971562499999891e+02,-8.266989217431203940e+01
4.684974492187500346e+02,-8.676262250273241250e+01
4.684977421875000232e+02,-8.195302032511352763e+01
4.684980351562500118e+02,-8.283080280282905505e+01
4.684983281250000005e+02,-8.681133655267768745e+01
4.684986210937499891e+02,-9.035107806520437634e+01
4.684989140625000346e+02,-8.267716642523532755e+01
4.684992070312500232e+02,-8.042699745289006330e+01
4.684995000000000118e+02,-8.933936105266850802e+01
4.684997929687500005e+02,-8.398102608889013254e+01
4.685000859374999891e+02,-7.994480171428416782e+01
4.685003789062500346e+02,-9.766785776256951124e+01
4.685006718750000232e+02,-7.769505024239498425e+01
4.685009648437500118e+02,-8.530263258384115943e+01
4.685012578125000005e+02,-8.369074123744653093e+01
4.685015507812499891e+02,-8.252265154189721841e+01
4.685018437500000346e+02,-8.084514013230941032e+01
4.685021367187500232e+02,-8.162271440300591507e+01
4.685024296875000118e+02,-8.295871474265032930e+01
4.685027226562500005e+02,-8.312449411484878681e+01
4.685030156249999891e+02,-9.526801676544756958e+01
4.685033085937500346e+02,-8.442945198743910851e+01
4.685036015625000232e+02,-8.353098060834149408e+01
4.685038945312500118e+02,-8.393954553310229016e+01
4.685041875000000005e+02,-8.224288555400352152e+01
4.685044804687499891e+02,-8.188063338277399339e+01
4.685047734375000346e+02,-8.301421531608247051e+01
4.685050664062500232e+02,-8.279109703843391799e+01
4.685053593750000118e+02,-8.941767811036771718e+01
4.685056523437500005e+02,-9.250166956102015092e+01
4.685059453124999891e+02,-9.120176997910635919e+01
4.685062382812500346e+02,-9.499234293821621122e+01
4.685065312500000232e+02,-8.422650623698130801e+01
4.685068242187500118e+02,-9.565715716783559230e+01
4.685071171875000005e+02,-8.527255622421904491e+01
4.685074101562499891e+02,-8.523370007777057822e+01
4.685077031250000346e+02,-8.415124927559577372e+01
4.685079960937500232e+02,-7.765847940226099411e+01
4.685082890625000118e+02,-8.031497678853452271e+01
4.685085820312500005e+02,-9.040583965671530109e+01
4.685088749999999891e+02,-8.476928397463711917e+01
4.685091679687500346e+02,-8.598176151635752262e+01
4.685094609375000232e+02,-9.268890466364196357e+01
4.685097539062500118e+02,-8.768986547629037887e+01
4.685100468750000005e+02,-9.103855105718486129e+01
4.685103398437499891e+02,-8.506420788972796743e+01
4.685106328125000346e+02,-8.521048467662872383e+01
4.685109257812500232e+02,-8.725729755940605514e+01
4.685112187500000118e+02,-8.185840905981017102e+01
4.685115117187500005e+02,-1.009152467980929941e+02
4.685118046874999891e+02,-9.101058137270428006e+01
4.685120976562500346e+02,-8.789642124802135470e+01
4.685123906250000232e+02,-9.917466893133723715e+01
4.685126835937500118e+02,-9.080868728214485941e+01
4.685129765625000005e+02,-8.693364254633090127e+01
4.685132695312499891e+02,-9.086470818268841754e+01
4.685135625000000346e+02,-8.314912353174511850e+01
4.685138554687500232e+02,-8.192849270797594841e+01
4.685141484375000118e+02,-8.742303881866904192e+01
4.685144414062500005e+02,-8.245631451404216250e+01
4.685147343749999891e+02,-8.359188982701940063e+01
4.685150273437500346e+02,-9.324264889399536571e+01
4.685153203125000232e+02,-8.418487683703433788e+01
4.685156132812500118e+02,-7.971816589402395437e+01
4.685159062500000005e+02,-8.578492709450583220e+01
4.685161992187499891e+02,-9.579438185065470179e+01
4.685164921875000346e+02,-8.686014507724269151e+01
4.685167851562500232e+02,-8.613554458595774577e+01
4.685170781250000118e+02,-8.617403554150135392e+01
4.685173710937500005e+02,-9.277884914627927060e+01
4.685176640624999891e+02,-8.641550587417066254e+01
4.685179570312500346e+02,-8.513334354076167187e+01
4.685182500000000232e+02,-8.422564340960283857e+01
4.685185429687500118e+02,-8.468230322264605547e+01
4.685188359375000005e+02,-9.670464222912728758e+01
4.685191289062499891e+02,-9.038096260601861331e+01
4.685194218750000346e+02,-8.412562397009520510e+01
4.685197148437500232e+02,-1.012070464310893527e+02
4.685200078125000118e+02,-8.386321212606299014e+01
4.685203007812500005e+02,-8.688839779739583946e+01
4.685205937499999891e+02,-9.125595855706757220e+01
4.685208867187500346e+02,-8.422493465263954704e+01
4.685211796875000232e+02,-8.381653271773741665e+01
4.685214726562500118e+02,-9.612752380337953184e+01
4.685217656250000005e+02,-8.395098787399560081e+01
4.685220585937499891e+02,-7.888355694934307394e+01
4.685223515625000346e+02,-7.897252662918626243e+01
4.685226445312500232e+02,-9.075162550325046595e+01
4.685229375000000118e+02,-8.072892114391898133e+01
4.685232304687500005e+02,-8.487569219462587000e+01
4.685235234374999891e+02,-9.261105091583903004e+01
4.685238164062500346e+02,-9.726589654787778727e+01
4.685241093750000232e+02,-9.078409066107596459e+01
4.685244023437500118e+02,-8.457009581260734876e+01
4.685246953125000005e+02,-9.873125441369199962e+01
4.685249882812499891e+02,-8.843868877810110973e+01
4.685252812500000346e+02,-8.498415821087475308e+01
4.685255742187500232e+02,-9.590512369772324064e+01
4.685258671875000118e+02,-7.976555602213508678e+01
4.685261601562500005e+02,-8.046846491802776313e+01
4.685264531249999891e+02,-9.594829442382062723e+01
4.685267460937500346e+02,-8.474646160108234483e+01
4.685270390625000232e+02,-8.731780617679243051e+01
4.685273320312500118e+02,-8.272937096862858652e+01
4.685276250000000005e+02,-8.238902481703489400e+01
4.685279179687499891e+02,-8.455681595876292533e+01
4.685282109375000346e+02,-8.073991968189504576e+01
4.685285039062500232e+02,-7.835550192854482532e+01
4.685287968750000118e+02,-7.951350380307077614e+01
4.685290898437500005e+02,-8.469809481183477828e+01
4.685293828124999891e+02,-8.312220458415475832e+01
4.685296757812500346e+02,-8.056125720733442108e+01
4.685299687500000232e+02,-8.389764462774927267e+01
4.685302617187500118e+02,-8.412156750136291805e+01
4.685305546875000005e+02,-8.835665286717853917e+01
4.685308476562499891e+02,-8.122648437668516408e+01
4.685311406250000346e+02,-8.609460014663220306e+01
4.685314335937500232e+02,-1.042728404135416298e+02
4.685317265625000118e+02,-8.676473502648238423e+01
4.685320195312500005e+02,-8.357149114401363477e+01
4.685323124999999891e+02,-8.749112346504540483e+01
4.685326054687500346e+02,-9.508283527331147411e+01
4.685328984375000232e+02,-9.295020733563823967e+01
4.685331914062500118e+02,-8.411055073550441818e+01
4.685334843750000005e+02,-8.261964099335797584e+01
4.685337773437499891e+02,-8.483006344271109356e+01
4.685340703125000346e+02,-8.523479409837604237e+01
4.685343632812500232e+02,-9.206892748523571868e+01
4.685346562500000118e+02,-8.924377037197817231e+01
4.685349492187500005e+02,-8.325345186166542533e+01
4.685352421874999891e+02,-7.983486090515113176e+01
4.685355351562500346e+02,-8.322355610936206460e+01
4.685358281250000232e+02,-8.396594839256383125e+01
4.685361210937500118e+02,-8.695424514843463726e+01
4.685364140625000005e+02,-1.003275822963292541e+02
4.685367070312499891e+02,-9.634933996422097380e+01
4.685370000000000346e+02,-9.131796555590847220e+01
4.685372929687500232e+02,-8.363447325649377717e+01
4.685375859375000118e+02,-8.464646406730489048e+01
4.685378789062500005e+02,-8.666179757127950722e+01
4.685381718749999891e+02,-8.607503502012252738e+01
4.685384648437500346e+02,-8.222777026016626678e+01
4.685387578125000232e+02,-8.718817684691418890e+01
4.685390507812500118e+02,-8.192835275909237680e+01
4.685393437500000005e+02,-7.830926053759182537e+01
4.685396367187499891e+02,-8.255850813120828491e+01
4.685399296875000346e+02,-9.325039023206028332e+01
4.685402226562500232e+02,-8.452081457046254798e+01
4.685405156250000118e+02,-8.274990758372621258e+01
4.685408085937500005e+02,-8.373055777172000091e+01
4.685411015624999891e+02,-8.326109074667397181e+01
4.685413945312500346e+02,-8.222741703722846296e+01
4.685416875000000232e+02,-7.915832017401154985e+01
4.685419804687500118e+02,-7.861744599214235052e+01
4.685422734375000005e+02,-8.898644322168416920e+01
4.685425664062499891e+02,-8.031242228024780161e+01
4.685428593750000346e+02,-8.245158933799984879e+01
4.685431523437500232e+02,-8.528300244991032741e+01
4.685434453125000118e+02,-9.233254439204600317e+01
4.685437382812500005e+02,-8.306529990579149114e+01
4.685440312499999891e+02,-8.425724283928286695e+01
4.685443242187500346e+02,-8.236917383547627480e+01
4.685446171875000232e+02,-8.963587421306735337e+01
4.685449101562500118e+02,-8.782731759837490415e+01
4.685452031250000005e+02,-8.975764068902223869e+01
4.685454960937499891e+02,-1.036787360864739895e+02
4.685457890625000346e+02,-8.682377514257629514e+01
4.685460820312500232e+02,-8.639806704469064869e+01
4.685463750000000118e+02,-8.951982128320400989e+01
4.685466679687500005e+02,-8.312471022167515855e+01
4.685469609374999891e+02,-7.796802422408616451e+01
4.685472539062500346e+02,-8.037319268818889384e+01
4.685475468750000232e+02,-9.056244680878361919e+01
4.685478398437500118e+02,-8.859222030049491536e+01
4.685481328125000005e+02,-7.891743223298615817e+01
4.685484257812499891e+02,-7.961037267341885126e+01
4.685487187500000346e+02,-8.870972018009697990e+01
4.685490117187500232e+02,-9.035183480199044936e+01
4.685493046875000118e+02,-8.486681036192112515e+01
4.685495976562500005e+02,-8.477761327462921770e+01
4.685498906249999891e+02,-9.370378827931122601e+01
4.685501835937500346e+02,-9.003869785201769105e+01
4.685504765625000232e+02,-9.969719452089137235e+01
4.685507695312500118e+02,-8.563005859039334666e+01
4.685510625000000005e+02,-1.015635617335453560e+02
4.685513554687499891e+02,-9.234470831524960488e+01
4.685516484375000346e+02,-7.940940245442266132e+01
4.685519414062500232e+02,-9.121989555393756177e+01
4.685522343750000118e+02,-8.400843034393233211e+01
4.685525273437500005e+02,-8.150042651743427768e+01
4.685528203124999891e+02,-8.614850363867867600e+01
4.685531132812500346e+02,-8.324155541274848247e+01
4.685534062500000232e+02,-8.397204036792415138e+01
4.685536992187500118e+02,-8.647632064076921665e+01
4.685539921875000005e+02,-9.035326427576306685e+01
4.685542851562499891e+02,-9.093015490464122763e+01
4.685545781250000346e+02,-8.557435490110343324e+01
4.685548710937500232e+02,-8.313664221562234502e+01
4.685551640625000118e+02,-8.644839376607825443e+01
4.685554570312500005e+02,-8.822828997948590768e+01
4.685557499999999891e+02,-8.501557619128185195e+01
4.685560429687500346e+02,-8.637774734282126587e+01
4.685563359375000232e+02,-8.338879375209423017e+01
4.685566289062500118e+02,-8.565293415435490942e+01
4.685569218750000005e+02,-9.256394515768707265e+01
4.685572148437499891e+02,-9.331074750298499509e+01
4.685575078125000346e+02,-8.511939578338397894e+01
4.685578007812500232e+02,-9.398298432129240609e+01
4.685580937500000118e+02,-8.190749678914919230e+01
4.685583867187500005e+02,-9.409807101050589040e+01
4.685586796874999891e+02,-8.685908193262829968e+01
4.685589726562500346e+02,-9.455958824678270958e+01
4.685592656250000232e+02,-8.249846412190407818e+01
4.685595585937500118e+02,-8.351514474563693113e+01
4.685598515625000005e+02,-8.895477049204048114e+01
4.685601445312499891e+02,-8.036521761511571071e+01
4.685604375000000346e+02,-8.276174366197093946e+01
4.685607304687500232e+02,-8.829943699522068812e+01
4.685610234375000118e+02,-8.276503985138165831e+01
4.685613164062500005e+02,-8.368362042378527121e+01
4.685616093749999891e+02,-8.820983335855714813e+01
4.685619023437500346e+02,-8.872976660064168186e+01
4.685621953125000232e+02,-8.189598412437146635e+01
4.685624882812500118e+02,-8.419797363654336664e+01
4.685627812500000005e+02,-8.818892035507406035e+01
4.685630742187499891e+02,-9.884931377022917331e+01
4.685633671875000346e+02,-9.809683499868192769e+01
4.685636601562500232e+02,-8.800302670559902651e+01
4.685639531250000118e+02,-9.753661835949516501e+01
4.685642460937500005e+02,-9.296162127488642568e+01
4.685645390624999891e+02,-8.765375090090500976e+01
4.685648320312500346e+02,-8.489578559458348650e+01
4.685651250000000232e+02,-8.000020214194982771e+01
4.685654179687500118e+02,-7.873767828445936345e+01
4.685657109375000005e+02,-7.920711169033771171e+01
4.685660039062499891e+02,-8.224150183121022906e+01
4.685662968750000346e+02,-8.527340531584766836e+01
4.685665898437500232e+02,-8.071596419946723699e+01
4.685668828125000118e+02,-8.100514419474015426e+01
4.685671757812500005e+02,-8.569593806319795704e+01
4.685674687499999891e+02,-8.842746000816092078e+01
4.685677617187500346e+02,-8.351752489205833285e+01
4.685680546875000232e+02,-8.613749719981683484e+01
4.685683476562500118e+02,-9.103694217367917929e+01
4.685686406250000005e+02,-8.689350225950451545e+01
4.685689335937499891e+02,-8.347055891680567186e+01
4.685692265625000346e+02,-8.455994736869401152e+01
4.685695195312500232e+02,-8.225035635349979657e+01
4.685698125000000118e+02,-8.471438632820854764e+01
4.685701054687500005e+02,-8.530309382567665466e+01
4.685703984374999891e+02,-9.725711461610643482e+01
4.685706914062500346e+02,-8.844071348667625898e+01
4.685709843750000232e+02,-9.264567330927678768e+01
4.685712773437500118e+02,-9.219125179790289337e+01
4.685715703125000005e+02,-8.732637672328291956e+01
4.685718632812499891e+02,-9.095202497776821815e+01
4.685721562500000346e+02,-8.235590754325761509e+01
4.685724492187500232e+02,-8.572582965275489641e+01
4.685727421875000118e+02,-9.264806383431873371e+01
4.685730351562500005e+02,-8.199297918582557543e+01
4.685733281249999891e+02,-8.571987782088345398e+01
4.685736210937500346e+02,-8.746123345653950309e+01
4.685739140625000232e+02,-8.568614279398035194e+01
4.685742070312500118e+02,-8.760497193638714464e+01
4.685745000000000005e+02,-8.683980337520786463e+01
4.685747929687499891e+02,-8.741017857097827459e+01
4.685750859375000346e+02,-8.740554943795685006e+01
4.685753789062500232e+02,-8.260905691565569953e+01
4.685756718750000118e+02,-8.147125572789180126e+01
4.685759648437500005e+02,-8.398277818993710753e+01
4.685762578124999891e+02,-8.683091378927001358e+01
4.685765507812500346e+02,-9.615558083337730011e+01
4.685768437500000232e+02,-8.265607901712343164e+01
4.685771367187500118e+02,-8.362622397815880504e+01
4.685774296875000005e+02,-9.039941814680366861e+01
4.685777226562499891e+02,-9.073728495356860435e+01
4.685780156250000346e+02,-9.580533626641270928e+01
4.685783085937500232e+02,-8.951415531031224759e+01
4.685786015625000118e+02,-8.081156522883972571e+01
4.685788945312500005e+02,-7.829605944269724205e+01
4.685791874999999891e+02,-8.341008565975431566e+01
4.685794804687500346e+02,-8.274621733248181954e+01
4.685797734375000232e+02,-8.620825134974913340e+01
4.685800664062500118e+02,-8.479147939014333701e+01
4.685803593750000005e+02,-8.170374315307881830e+01
4.685806523437499891e+02,-8.251801081849296793e+01
4.685809453125000346e+02,-8.764822446908905818e+01
4.685812382812500232e+02,-8.795323058755904810e+01
4.685815312500000118e+02,-8.368422471009394314e+01
4.685818242187500005e+02,-8.210529782441311397e+01
4.685821171874999891e+02,-8.424868093536248637e+01
4.685824101562500346e+02,-8.823245111197742574e+01
4.685827031250000232e+02,-9.236242686817014658e+01
4.685829960937500118e+02,-8.268454150715848527e+01
4.685832890625000005e+02,-8.768756775714358298e+01
4.685835820312499891e+02,-9.244361302057282614e+01
4.685838750000000346e+02,-9.569121355219303382e+01
4.685841679687500232e+02,-9.398346272504483068e+01
4.685844609375000118e+02,-8.406584104105664323e+01
4.685847539062500005e+02,-8.829248986611798955e+01
4.685850468749999891e+02,-8.528839244067144421e+01
4.685853398437500346e+02,-8.223315323321558878e+01
4.685856328125000232e+02,-8.543717153480562843e+01
4.685859257812500118e+02,-8.727828976691552043e+01
4.685862187500000005e+02,-8.198674789637803428e+01
4.685865117187499891e+02,-8.180744470650431310e+01
4.685868046875000346e+02,-8.762111145729994632e+01
4.685870976562500232e+02,-8.603825794768195578e+01
4.685873906250000118e+02,-8.694157693498775075e+01
4.685876835937500005e+02,-8.206977918863560717e+01
4.685879765624999891e+02,-7.691223101616229485e+01
4.685882695312500346e+02,-7.951801837572216414e+01
4.685885625000000232e+02,-8.504733586857983596e+01
4.685888554687500118e+02,-8.404994598322454635e+01
4.685891484375000005e+02,-8.719914048754453972e+01
4.685894414062499891e+02,-9.732379764707017955e+01
4.685897343750000346e+02,-8.191020536824467513e+01
4.685900273437500232e+02,-8.218897556421410400e+01
4.685903203125000118e+02,-8.456254986186122835e+01
4.685906132812500005e+02,-8.569913624177971201e+01
4.685909062499999891e+02,-8.867797303686518262e+01
4.685911992187500346e+02,-8.662162674771852267e+01
4.685914921875000232e+02,-8.102977359573077365e+01
4.685917851562500118e+02,-8.762365642667356269e+01
4.685920781250000005e+02,-8.713620336852247306e+01
4.685923710937499891e+02,-8.964150503806322945e+01
4.685926640625000346e+02,-9.041728299718569417e+01
4.685929570312500232e+02,-8.579441589077886476e+01
4.685932500000000118e+02,-9.234200688287117487e+01
4.685935429687500005e+02,-8.879674104908481524e+01
4.685938359374999891e+02,-8.156021384015090803e+01
4.685941289062500346e+02,-8.225796202877531016e+01
4.685944218750000232e+02,-8.343281658290817404e+01
4.685947148437500118e+02,-8.465108709969628364e+01
4.685950078125000005e+02,-8.225173100651832669e+01
4.685953007812499891e+02,-8.468661009217282754e+01
4.685955937500000346e+02,-9.136536996876465366e+01
4.685958867187500232e+02,-9.721571870525545478e+01
4.685961796875000118e+02,-9.977064283175079140e+01
4.685964726562500005e+02,-9.176178761575593512e+01
4.685967656249999891e+02,-9.035563910055105907e+01
4.685970585937500346e+02,-8.424323984713295488e+01
4.685973515625000232e+02,-8.111166761176696127e+01
4.685976445312500118e+02,-9.295854694322905232e+01
4.685979375000000005e+02,-8.480164776787482595e+01
4.685982304687499891e+02,-8.519860111180875606e+01
4.685985234375000346e+02,-8.473779592286119566e+01
4.685988164062500232e+02,-8.923933607549233216e+01
4.685991093750000118e+02,-9.382250334012252324e+01
4.685994023437500005e+02,-1.041783740986475095e+02
4.685996953124999891e+02,-9.500549981223835516e+01
4.685999882812500346e+02,-9.410789506200559629e+01
4.686002812500000232e+02,-8.286477640971219216e+01
4.686005742187500118e+02,-8.840909215925742615e+01
4.686008671875000005e+02,-9.257843395689971544e+01
4.686011601562499891e+02,-8.199635885503816723e+01
4.686014531250000346e+02,-8.178071911508210690e+01
4.686017460937500232e+02,-8.294054832465418770e+01
4.686020390625000118e+02,-8.947747659727556879e+01
4.686023320312500005e+02,-8.657278008838643757e+01
4.686026249999999891e+02,-1.033899354429921118e+02
4.686029179687500346e+02,-8.816447481297149125e+01
4.686032109375000232e+02,-9.135051432306065067e+01
4.686035039062500118e+02,-8.431825591703891121e+01
4.686037968750000005e+02,-8.206918687449901029e+01
4.686040898437499891e+02,-8.538284538105260424e+01
4.686043828125000346e+02,-9.471548582799687210e+01
4.686046757812500232e+02,-8.567478035869865494e+01
4.686049687500000118e+02,-8.210840340212867261e+01
4.686052617187500005e+02,-8.872673484642824349e+01
4.686055546874999891e+02,-8.348455231047759639e+01
4.686058476562500346e+02,-9.715398345710262618e+01
4.686061406250000232e+02,-8.773144908328515612e+01
4.686064335937500118e+02,-9.021880966228677323e+01
4.686067265625000005e+02,-8.747768546367868225e+01
4.686070195312499891e+02,-8.579084930243877238e+01
4.686073125000000346e+02,-8.788200876371055870e+01
4.686076054687500232e+02,-8.756933630599148444e+01
4.686078984375000118e+02,-8.049307465781312487e+01
4.686081914062500005e+02,-8.626167555431891287e+01
4.686084843749999891e+02,-9.360265491172680186e+01
4.686087773437500346e+02,-8.665333790223266419e+01
4.686090703125000232e+02,-8.193502801996089602e+01
4.686093632812500118e+02,-8.587655210623660196e+01
4.686096562500000005e+02,-8.355165416211939089e+01
4.686099492187499891e+02,-8.308865054340913048e+01
4.686102421875000346e+02,-8.162996626543792900e+01
4.686105351562500232e+02,-8.574111397056159944e+01
4.686108281250000118e+02,-9.255552058675020533e+01
4.686111210937500005e+02,-8.490905705178072083e+01
4.686114140624999891e+02,-8.165336800771400760e+01
4.686117070312500346e+02,-7.947736407304726924e+01
4.686120000000000232e+02,-9.199637416901893516e+01
4.686122929687500118e+02,-9.017766011908480550e+01
4.686125859375000005e+02,-9.048969651553355220e+01
4.686128789062499891e+02,-8.291210281970356277e+01
4.686131718750000346e+02,-9.018425859966885128e+01
4.686134648437500232e+02,-9.397254054786114352e+01
4.686137578125000118e+02,-1.104995488398405712e+02
4.686140507812500005e+02,-8.569491295218101357e+01
4.686143437499999891e+02,-8.186299537442948804e+01
4.686146367187500346e+02,-8.335474506074251622e+01
4.686149296875000232e+02,-8.202349015902035489e+01
4.686152226562500118e+02,-8.294107163807919392e+01
4.686155156250000005e+02,-9.799864702877050604e+01
4.686158085937499891e+02,-8.493585991821645109e+01
4.686161015625000346e+02,-8.827219746455250515e+01
4.686163945312500232e+02,-8.504906395236140781e+01
4.686166875000000118e+02,-8.190495577766617430e+01
4.686169804687500005e+02,-8.569583071338348645e+01
4.686172734374999891e+02,-9.516983777791824650e+01
4.686175664062500346e+02,-9.015723981448002178e+01
4.686178593750000232e+02,-9.693139346954760072e+01
4.686181523437500118e+02,-8.633201264601143521e+01
4.686184453125000005e+02,-8.125595805294693719e+01
4.686187382812499891e+02,-8.467867441291852515e+01
4.686190312500000346e+02,-9.252105833441399341e+01
4.686193242187500232e+02,-8.646205945535430715e+01
4.686196171875000118e+02,-8.450947164246034049e+01
4.686199101562500005e+02,-9.160901188671105899e+01
4.686202031249999891e+02,-9.064763705296533658e+01
4.686204960937500346e+02,-8.291134496320796643e+01
4.686207890625000232e+02,-8.006963309569856335e+01
4.686210820312500118e+02,-8.161642291491347123e+01
4.686213750000000005e+02,-8.947230533277986808e+01
4.686216679687499891e+02,-8.914201498334861640e+01
4.686219609375000346e+02,-8.752385223448055740e+01
4.686222539062500232e+02,-8.663613289082270796e+01
4.686225468750000118e+02,-8.910747457901445046e+01
4.686228398437500005e+02,-8.705183151120701268e+01
4.686231328124999891e+02,-8.398769157667629770e+01
4.686234257812500346e+02,-8.328062342904253512e+01
4.686237187500000232e+02,-9.374632844449443780e+01
4.686240117187500118e+02,-7.952624158500637463e+01
4.686243046875000005e+02,-8.335297784304371760e+01
4.686245976562499891e+02,-8.587521148412687921e+01
4.686248906250000346e+02,-8.733396536360210405e+01
4.686251835937500232e+02,-8.893572307703459501e+01
4.686254765625000118e+02,-8.327530209748300649e+01
4.686257695312500005e+02,-8.054793227914666431e+01
4.686260624999999891e+02,-8.261453850317209913e+01
4.686263554687500346e+02,-8.514114235499562255e+01
4.686266484375000232e+02,-8.437357927876279007e+01
4.686269414062500118e+02,-1.013634992825302845e+02
4.686272343750000005e+02,-8.922995698993932479e+01
4.686275273437499891e+02,-8.808321023579884468e+01
4.686278203125000346e+02,-8.046158495605592975e+01
4.686281132812500232e+02,-7.622435889122530739e+01
4.686284062500000118e+02,-8.269678556934586311e+01
4.686286992187500005e+02,-9.037144536428804997e+01
4.686289921874999891e+02,-9.057366639845599821e+01
4.686292851562500346e+02,-1.019321971567947287e+02
4.686295781250000232e+02,-1.064842934103522367e+02
4.686298710937500118e+02,-8.899407133695532934e+01
4.686301640625000005e+02,-8.569246502815950350e+01
4.686304570312499891e+02,-8.911845263389666627e+01
4.686307500000000346e+02,-8.750436497820003012e+01
4.686310429687500232e+02,-8.368493666779087903e+01
4.686313359375000118e+02,-8.326201855374338834e+01
4.686316289062500005e+02,-8.980574345161684846e+01
4.686319218749999891e+02,-9.132794924195926001e+01
4.686322148437500346e+02,-8.807442738262511739e+01
4.686325078125000232e+02,-8.476894325990323864e+01
4.686328007812500118e+02,-9.775301421083187847e+01
4.686330937500000005e+02,-9.352735720148606902e+01
4.686333867187499891e+02,-8.197478286798144609e+01
4.686336796875000346e+02,-8.265551736167276431e+01
4.686339726562500232e+02,-8.031576897805334170e+01
4.686342656250000118e+02,-8.301537030720038501e+01
4.686345585937500005e+02,-9.908641820852531623e+01
4.686348515624999891e+02,-8.482558381237612366e+01
4.686351445312500346e+02,-8.742687836012609637e+01
4.686354375000000232e+02,-8.656197715807067539e+01
4.686357304687500118e+02,-8.607800869428098167e+01
4.686360234375000005e+02,-9.134259156354686127e+01
4.686363164062499891e+02,-8.146161732407726674e+01
4.686366093750000346e+02,-8.700624949211700709e+01
4.686369023437500232e+02,-8.435460306926424323e+01
4.686371953125000118e+02,-8.110007662006614737e+01
4.686374882812500005e+02,-8.381222789255345162e+01
4.686377812499999891e+02,-8.620587079921233453e+01
4.686380742187500346e+02,-9.381386956231045815e+01
4.686383671875000232e+02,-8.887068833416826408e+01
4.686386601562500118e+02,-9.384873547716449593e+01
4.686389531250000005e+02,-9.440606831338165250e+01
4.686392460937499891e+02,-8.964302352948558905e+01
4.686395390625000346e+02,-9.596198951648065645e+01
4.686398320312500232e+02,-9.512734832885715264e+01
4.686401250000000118e+02,-9.573232712963607582e+01
4.686404179687500005e+02,-8.370683664589846273e+01
4.686407109374999891e+02,-7.864854029911739985e+01
4.686410039062500346e+02,-8.089809349262722549e+01
4.686412968750000232e+02,-8.362207768139752773e+01
4.686415898437500118e+02,-9.468973472254640456e+01
4.686418828125000005e+02,-9.284735714354766856e+01
4.686421757812499891e+02,-9.811498044899082061e+01
4.686424687500000346e+02,-8.963191848200440859e+01
4.686427617187500232e+02,-8.539942030272344198e+01
4.686430546875000118e+02,-9.001753791738002519e+01
4.686433476562500005e+02,-8.449334386841778155e+01
4.686436406249999891e+02,-8.483535504368956026e+01
4.686439335937500346e+02,-8.484807832670334449e+01
4.686442265625000232e+02,-8.344869858346710600e+01
4.686445195312500118e+02,-8.177061966714383345e+01
4.686448125000000005e+02,-8.549103362125757144e+01
4.686451054687499891e+02,-8.512563895687000581e+01
4.686453984375000346e+02,-8.412354926761921092e+01
4.686456914062500232e+02,-8.704734089119199325e+01
4.686459843750000118e+02,-8.807720166484408253e+01
4.686462773437500005e+02,-9.844133753270898524e+01
4.686465703124999891e+02,-9.260721058409345119e+01
4.686468632812500346e+02,-8.584220155216485182e+01
4.686471562500000232e+02,-8.265911946903166552e+01
4.686474492187500118e+02,-8.727269157084882067e+01
4.686477421875000005e+02,-8.187465645503343126e+01
4.686480351562499891e+02,-9.065689603729465773e+01
4.686483281250000346e+02,-8.797691798653438866e+01
4.686486210937500232e+02,-9.904694228472001782e+01
4.686489140625000118e+02,-9.349780755084933048e+01
4.686492070312500005e+02,-8.327614011004988015e+01
4.686494999999999891e+02,-8.264382152757900712e+01
4.686497929687500346e+02,-8.954123026600478852e+01
4.686500859375000232e+02,-8.164935658509064353e+01
4.686503789062500118e+02,-8.726131990362816282e+01
4.686506718750000005e+02,-9.926557460495095597e+01
4.686509648437499891e+02,-8.429452136533343776e+01
4.686512578125000346e+02,-8.825373060214718635e+01
4.686515507812500232e+02,-9.338839382082474572e+01
4.686518437500000118e+02,-8.578665769479484027e+01
4.686521367187500005e+02,-8.628239006398320043e+01
4.686524296874999891e+02,-8.581266786180481176e+01
4.686527226562500346e+02,-8.376493535725907691e+01
4.686530156250000232e+02,-8.358146543049892330e+01
4.686533085937500118e+02,-8.829058414042550851e+01
4.686536015625000005e+02,-8.175098859165481713e+01
4.686538945312499891e+02,-8.410304076626246683e+01
4.686541875000000346e+02,-8.300106275107877707e+01
4.686544804687500232e+02,-8.145407679086275721e+01
4.686547734375000118e+02,-8.375030475684015130e+01
4.686550664062500005e+02,-8.227662123389188764e+01
4.686553593749999891e+02,-8.529108004242134200e+01
4.686556523437500346e+02,-9.428562422924724729e+01
4.686559453125000232e+02,-9.141885392033071867e+01
4.686562382812500118e+02,-8.396341820205660156e+01
4.686565312500000005e+02,-7.843288304212467210e+01
4.686568242187499891e+02,-8.350104377733225647e+01
4.686571171875000346e+02,-9.329402639688312604e+01
4.686574101562500232e+02,-8.129306571754813149e+01
4.686577031250000118e+02,-8.232783803022201141e+01
4.686579960937500005e+02,-8.943463197984357294e+01
4.686582890624999891e+02,-8.751285421203274950e+01
4.686585820312500346e+02,-8.543421908620544514e+01
4.686588750000000232e+02,-8.700401463928858448e+01
4.686591679687500118e+02,-8.469980036675671897e+01
4.686594609375000005e+02,-8.875884690309882785e+01
4.686597539062499891e+02,-9.128277485559125637e+01
4.686600468750000346e+02,-8.785141725151714809e+01
4.686603398437500232e+02,-8.563315799166122133e+01
4.686606328125000118e+02,-8.886674717822175751e+01
4.686609257812500005e+02,-8.391129118257610742e+01
4.686612187499999891e+02,-8.910147585729205844e+01
4.686615117187500346e+02,-8.601838262870023755e+01
4.686618046875000232e+02,-9.912308123402725357e+01
4.686620976562500118e+02,-8.715762252312077862e+01
4.686623906250000005e+02,-8.904365217872326355e+01
4.686626835937499891e+02,-8.869599782962660584e+01
4.686629765625000346e+02,-9.301034186452309882e+01
4.686632695312500232e+02,-8.874247830977876106e+01
4.686635625000000118e+02,-8.792013566621929499e+01
4.686638554687500005e+02,-8.518500746939844248e+01
4.686641484374999891e+02,-9.504694138243056045e+01
4.686644414062500346e+02,-9.189838259431660106e+01
4.686647343750000232e+02,-8.582012268457242499e+01
4.686650273437500118e+02,-8.701315497061094106e+01
4.686653203125000005e+02,-9.617487910790687522e+01
4.686656132812499891e+02,-9.204419981595727052e+01
4.686659062500000346e+02,-8.666584917021687318e+01
4.686661992187500232e+02,-8.982230539470492658e+01
4.686664921875000118e+02,-8.765143728387569411e+01
4.686667851562500005e+02,-8.493489943182963486e+01
4.686670781249999891e+02,-8.146304468900849827e+01
4.686673710937500346e+02,-8.253462612967709333e+01
4.686676640625000232e+02,-9.531237070140096534e+01
4.686679570312500118e+02,-8.898651205403044173e+01
4.686682500000000005e+02,-9.121205250845525825e+01
4.686685429687499891e+02,-9.241176850209059523e+01
4.686688359375000346e+02,-8.778242150621306905e+01
4.686691289062500232e+02,-8.982100431866156498e+01
4.686694218750000118e+02,-8.377628727444276535e+01
4.686697148437500005e+02,-7.854134755583314131e+01
4.686700078124999891e+02,-7.905157560753677615e+01
4.686703007812500346e+02,-9.018956632075244784e+01
4.686705937500000232e+02,-9.589915453175157722e+01
4.686708867187500118e+02,-1.039395603838224815e+02
4.686711796875000005e+02,-8.566110782080755826e+01
4.686714726562499891e+02,-8.328930829351963894e+01
4.686717656250000346e+02,-8.383065098067378074e+01
4.686720585937500232e+02,-8.411017314600701411e+01
4.686723515625000118e+02,-8.658030212604059273e+01
4.686726445312500005e+02,-8.984962251124174770e+01
4.686729374999999891e+02,-8.978178451041721075e+01
4.686732304687500346e+02,-8.467972423529840853e+01
4.686735234375000232e+02,-8.342710556252234255e+01
4.686738164062500118e+02,-8.107382751967574563e+01
4.686741093750000005e+02,-8.200722089594259501e+01
4.686744023437499891e+02,-8.762181930850377398e+01
4.686746953125000346e+02,-8.405771247138866897e+01
4.686749882812500232e+02,-8.473097243958845581e+01
4.686752812500000118e+02,-8.977041495965428908e+01
4.686755742187500005e+02,-8.785335421463480543e+01
4.686758671874999891e+02,-8.299552290647375230e+01
4.686761601562500346e+02,-8.687303197581158543e+01
4.686764531250000232e+02,-9.245112906119823037e+01
4.686767460937500118e+02,-1.006792386211243979e+02
4.686770390625000005e+02,-9.530802582126669620e+01
4.686773320312499891e+02,-8.939766949800116436e+01
4.686776250000000346e+02,-8.793200228873979540e+01
4.686779179687500232e+02,-8.157419743137700152e+01
4.686782109375000118e+02,-7.941021887952166480e+01
4.686785039062500005e+02,-8.600729232097594945e+01
4.686787968749999891e+02,-8.407550541414720158e+01
4.686790898437500346e+02,-8.197589996632191855e+01
4.686793828125000232e+02,-8.205467860372945665e+01
4.686796757812500118e+02,-8.587412066074271877e+01
4.686799687500000005e+02,-8.065743687372500403e+01
4.686802617187499891e+02,-8.058747048495966681e+01
4.686805546875000346e+02,-9.616056582697957822e+01
4.686808476562500232e+02,-8.337340250550313669e+01
4.686811406250000118e+02,-8.556614545044484998e+01
4.686814335937500005e+02,-1.095914745277664224e+02
4.686817265624999891e+02,-8.911988197428814829e+01
4.686820195312500346e+02,-8.557659529081517746e+01
4.686823125000000232e+02,-8.564034740911985466e+01
4.686826054687500118e+02,-1.004343347161436242e+02
4.686828984375000005e+02,-8.684456371768959571e+01
4.686831914062499891e+02,-9.496727390451290773e+01
4.686834843750000346e+02,-9.469352535073822708e+01
4.686837773437500232e+02,-9.413973971014019071e+01
4.686840703125000118e+02,-8.673506905759569463e+01
4.686843632812500005e+02,-8.119865550928111020e+01
4.686846562499999891e+02,-7.887822444031135660e+01
4.686849492187500346e+02,-8.174022141090122773e+01
4.686852421875000232e+02,-9.451471941716663139e+01
4.686855351562500118e+02,-9.311766692372330567e+01
4.686858281250000005e+02,-9.035897389157287307e+01
4.686861210937499891e+02,-1.112539015631522261e+02
4.686864140625000346e+02,-9.903686023632431557e+01
4.686867070312500232e+02,-9.487783921310516178e+01
4.686870000000000118e+02,-8.927659930127917676e+01
4.686872929687500005e+02,-8.347858569093440906e+01
4.686875859374999891e+02,-8.809191970055925935e+01
4.686878789062500346e+02,-8.380015789282900585e+01
4.686881718750000232e+02,-8.614990086855613072e+01
4.686884648437500118e+02,-9.337845420551562370e+01
4.686887578125000005e+02,-8.490705340708812798e+01
4.686890507812499891e+02,-8.389061537603195973e+01
4.686893437500000346e+02,-8.710385032222093571e+01
4.686896367187500232e+02,-9.611095514380680527e+01
4.686899296875000118e+02,-9.602008169877785804e+01
4.686902226562500005e+02,-9.171031155690052117e+01
4.686905156249999891e+02,-8.699825048062180599e+01
4.686908085937500346e+02,-8.297386027727165470e+01
4.686911015625000232e+02,-8.023053631848318901e+01
4.686913945312500118e+02,-8.156378006384137791e+01
4.686916875000000005e+02,-8.374209466589049100e+01
4.686919804687499891e+02,-8.913840251135871995e+01
4.686922734375000346e+02,-9.383790112920348747e+01
4.686925664062500232e+02,-9.177303718164455404e+01
4.686928593750000118e+02,-8.570989213756264746e+01
4.686931523437500005e+02,-9.282481295996365134e+01
4.686934453124999891e+02,-9.489274580910870327e+01
4.686937382812500346e+02,-8.334103228241092154e+01
4.686940312500000232e+02,-8.512235983455417454e+01
4.686943242187500118e+02,-8.411491081143429938e+01
4.686946171875000005e+02,-8.053581377402346675e+01
4.686949101562499891e+02,-8.843245546342593855e+01
4.686952031250000346e+02,-9.179955189872043775e+01
4.686954960937500232e+02,-8.492878132087898280e+01
4.686957890625000118e+02,-8.996023312760470958e+01
4.686960820312500005e+02,-8.312191347988012069e+01
4.686963749999999891e+02,-8.157173862291598709e+01
4.686966679687500346e+02,-8.342933621825488899e+01
4.686969609375000232e+02,-9.950670766718899074e+01
4.686972539062500118e+02,-8.673181323600528003e+01
4.686975468750000005e+02,-8.017082371424096721e+01
4.686978398437499891e+02,-7.984202718886672301e+01
4.686981328125000346e+02,-8.812052503899239753e+01
4.686984257812500232e+02,-8.595867387695366801e+01
4.686987187500000118e+02,-8.658653708338478339e+01
4.686990117187500005e+02,-9.122194235958909303e+01
4.686993046874999891e+02,-9.223267105357609807e+01
4.686995976562500346e+02,-9.320488934307130080e+01
4.686998906250000232e+02,-9.462603768338141208e+01
4.687001835937500118e+02,-8.730039302018724356e+01
4.687004765625000005e+02,-8.705119467795486798e+01
4.687007695312499891e+02,-8.494660538566984087e+01
4.687010625000000346e+02,-8.057421823349446299e+01
4.687013554687500232e+02,-8.553639876651774898e+01
4.687016484375000118e+02,-8.976087060731470046e+01
4.687019414062500005e+02,-9.060503842364055060e+01
4.687022343749999891e+02,-8.928492137919135985e+01
4.687025273437500346e+02,-8.517631031312365053e+01
4.687028203125000232e+02,-8.655584366729780754e+01
4.687031132812500118e+02,-9.026827714412318926e+01
4.687034062500000005e+02,-1.055385575735577532e+02
4.687036992187499891e+02,-9.915554699583378806e+01
4.687039921875000346e+02,-8.262017954941354958e+01
4.687042851562500232e+02,-8.202580302677587554e+01
4.687045781250000118e+02,-8.736161040899659724e+01
4.687048710937500005e+02,-8.779277990503538831e+01
4.687051640624999891e+02,-8.987501005829621192e+01
4.687054570312500346e+02,-1.043913015325074696e+02
4.687057500000000232e+02,-9.548377498389221785e+01
4.687060429687500118e+02,-8.133871971709388049e+01
4.687063359375000005e+02,-8.190572353039462428e+01
4.687066289062499891e+02,-9.483634569302695638e+01
4.687069218750000346e+02,-8.406580923711416631e+01
4.687072148437500232e+02,-1.012438639358450700e+02
4.687075078125000118e+02,-8.271420048264708669e+01
4.687078007812500005e+02,-8.452850442323364177e+01
4.687080937499999891e+02,-9.735451380350284012e+01
4.687083867187500346e+02,-9.139125641346863915e+01
4.687086796875000232e+02,-9.138878418472583576e+01
4.687089726562500118e+02,-8.428761343428956820e+01
4.687092656250000005e+02,-8.499393112449196508e+01
4.687095585937499891e+02,-9.064736547549929924e+01
4.687098515625000346e+02,-9.313650706880918051e+01
4.687101445312500232e+02,-8.807926292153524628e+01
4.687104375000000118e+02,-8.615183200709367384e+01
4.687107304687500005e+02,-8.212704047262506890e+01
4.687110234374999891e+02,-8.642267659114595801e+01
4.687113164062500346e+02,-9.435643324467980619e+01
4.687116093750000232e+02,-8.911775312299909046e+01
4.687119023437500118e+02,-8.742370437024341356e+01
4.687121953125000005e+02,-8.708772796506292480e+01
4.687124882812499891e+02,-8.421795214025557641e+01
4.687127812500000346e+02,-8.761180714255992541e+01
4.687130742187500232e+02,-9.500115224149541859e+01
4.687133671875000118e+02,-8.523324988930028212e+01
4.687136601562500005e+02,-8.917051182670013532e+01
4.687139531249999891e+02,-9.230353143852329367e+01
4.687142460937500346e+02,-8.571034174833961572e+01
4.687145390625000232e+02,-8.888991772034322025e+01
4.687148320312500118e+02,-9.102702781771853324e+01
4.687151250000000005e+02,-8.970497047437275739e+01
4.687154179687499891e+02,-8.876314781158546907e+01
4.687157109375000346e+02,-9.084875291471527703e+01
4.687160039062500232e+02,-8.658204563985731284e+01
4.687162968750000118e+02,-9.376410337525769023e+01
4.687165898437500005e+02,-9.448911889412252663e+01
4.687168828124999891e+02,-8.944306067343561040e+01
4.687171757812500346e+02,-8.480006255603511534e+01
4.687174687500000232e+02,-8.108168647709169363e+01
4.687177617187500118e+02,-8.227119854486215900e+01
4.687180546875000005e+02,-8.401881410974553432e+01
4.687183476562499891e+02,-9.166245274808002819e+01
4.687186406250000346e+02,-9.760856450738447165e+01
4.687189335937500232e+02,-9.354691901088656891e+01
4.687192265625000118e+02,-9.078668767898641079e+01
4.687195195312500005e+02,-8.480002607473993237e+01
4.687198124999999891e+02,-8.132209444979964985e+01
4.687201054687500346e+02,-8.784313459097649002e+01
4.687203984375000232e+02,-9.735856347422728163e+01
4.687206914062500118e+02,-9.300627511965637950e+01
4.687209843750000005e+02,-8.482551355473481181e+01
4.687212773437499891e+02,-9.536043742869962614e+01
4.687215703125000346e+02,-8.176744564209677435e+01
4.687218632812500232e+02,-8.349259059430806929e+01
4.687221562500000118e+02,-9.645964502657845685e+01
4.687224492187500005e+02,-8.099819281783338454e+01
4.687227421874999891e+02,-8.541628795066807811e+01
4.687230351562500346e+02,-9.078374782818514177e+01
4.687233281250000232e+02,-8.264812950243086220e+01
4.687236210937500118e+02,-9.084886088095669265e+01
4.687239140625000005e+02,-9.828274282160251119e+01
4.687242070312499891e+02,-9.754572777449811838e+01
4.687245000000000346e+02,-8.556283506050183973e+01
4.687247929687500232e+02,-8.396013181957289362e+01
4.687250859375000118e+02,-8.700676180751872835e+01
4.687253789062500005e+02,-8.723987868777535937e+01
4.687256718749999891e+02,-8.406245635654903481e+01
4.687259648437500346e+02,-8.418635788243898332e+01
4.687262578125000232e+02,-8.633951177880150851e+01
4.687265507812500118e+02,-1.005205557530833715e+02
4.687268437500000005e+02,-8.956012333076294851e+01
4.687271367187499891e+02,-9.831877602242099101e+01
4.687274296875000346e+02,-8.471544471521323771e+01
4.687277226562500232e+02,-9.433926643298508452e+01
4.687280156250000118e+02,-8.869317615418327705e+01
4.687283085937500005e+02,-8.777761837954014368e+01
4.687286015624999891e+02,-8.880498485167522915e+01
4.687288945312500346e+02,-9.174676570237083695e+01
4.687291875000000232e+02,-8.899761580454040200e+01
4.687294804687500118e+02,-8.723885168709784921e+01
4.687297734375000005e+02,-9.384204720071458894e+01
4.687300664062499891e+02,-8.394736517330360925e+01
4.687303593750000346e+02,-8.596810616274190409e+01
4.687306523437500232e+02,-9.147424772439278229e+01
4.687309453125000118e+02,-9.012742623145790333e+01
4.687312382812500005e+02,-8.934672630656253034e+01
4.687315312499999891e+02,-8.403450658692690922e+01
4.687318242187500346e+02,-7.967207414122943021e+01
4.687321171875000232e+02,-8.577050103979351547e+01
4.687324101562500118e+02,-9.385623328380307839e+01
4.687327031250000005e+02,-8.932537884739647893e+01
4.687329960937499891e+02,-9.066035053796835541e+01
4.687332890625000346e+02,-9.412192889811082352e+01
4.687335820312500232e+02,-9.920065042411619061e+01
4.687338750000000118e+02,-8.385979822972196018e+01
4.687341679687500005e+02,-8.422616168624976751e+01
4.687344609374999891e+02,-1.007795516037779606e+02
4.687347539062500346e+02,-8.390225518497393864e+01
4.687350468750000232e+02,-8.095795507790371914e+01
4.687353398437500118e+02,-8.550362828075711263e+01
4.687356328125000005e+02,-8.551567809819468380e+01
4.687359257812499891e+02,-9.658372926764263866e+01
4.687362187500000346e+02,-9.407795864415483322e+01
4.687365117187500232e+02,-9.055850893773084920e+01
4.687368046875000118e+02,-9.055885003282079992e+01
4.687370976562500005e+02,-1.025929638802140289e+02
4.687373906249999891e+02,-8.985049079984347031e+01
4.687376835937500346e+02,-9.360682961968169025e+01
4.687379765625000232e+02,-8.257032824480759814e+01
4.687382695312500118e+02,-8.149536139049749295e+01
4.687385625000000005e+02,-8.157592931798066616e+01
4.687388554687499891e+02,-9.429083633976576095e+01
4.687391484375000346e+02,-9.109490270124396716e+01
4.687394414062500232e+02,-8.713856006465549342e+01
4.687397343750000118e+02,-8.676194595512055230e+01
4.687400273437500005e+02,-8.739135284381517010e+01
4.687403203124999891e+02,-9.107763086999185020e+01
4.687406132812500346e+02,-8.687098759555817651e+01
4.687409062500000232e+02,-8.425468085165846333e+01
4.687411992187500118e+02,-8.586476455691433785e+01
4.687414921875000005e+02,-8.572113149773068130e+01
4.687417851562499891e+02,-8.349783066229805684e+01
4.687420781250000346e+02,-9.198993153080296281e+01
4.687423710937500232e+02,-9.074056850531469820e+01
4.687426640625000118e+02,-9.438540427428434043e+01
4.687429570312500005e+02,-8.632933539794578337e+01
4.687432499999999891e+02,-9.094013904259946912e+01
4.687435429687500346e+02,-8.705922210879826650e+01
4.687438359375000232e+02,-8.384701973903071348e+01
4.687441289062500118e+02,-8.007235813520918555e+01
4.687444218750000005e+02,-7.846881807621139160e+01
4.687447148437499891e+02,-8.600515686368123625e+01
4.687450078125000346e+02,-8.619101265468316342e+01
4.687453007812500232e+02,-9.590102852700782421e+01
4.687455937500000118e+02,-9.349361008964108066e+01
4.687458867187500005e+02,-8.579335730309048813e+01
4.687461796874999891e+02,-8.525222755256447726e+01
4.687464726562500346e+02,-9.145717891574733471e+01
4.687467656250000232e+02,-8.836913579057426205e+01
4.687470585937500118e+02,-9.072721733335157523e+01
4.687473515625000005e+02,-8.835453440418592663e+01
4.687476445312499891e+02,-8.882352223312280159e+01
4.687479375000000346e+02,-8.606654910609049125e+01
4.687482304687500232e+02,-8.467223805117282609e+01
4.687485234375000118e+02,-8.766631911600879334e+01
4.687488164062500005e+02,-8.539064086788161489e+01
4.687491093749999891e+02,-9.286374108738955613e+01
4.687494023437500346e+02,-9.064880200341656291e+01
4.687496953125000232e+02,-1.117843111144222519e+02
4.687499882812500118e+02,-9.672879236963255778e+01
4.687502812500000005e+02,-8.841707406004996983e+01
4.687505742187499891e+02,-8.674653932734119621e+01
4.687508671875000346e+02,-8.571885821017879437e+01
4.687511601562500232e+02,-8.496334294451771996e+01
4.687514531250000118e+02,-8.257253843657329639e+01
4.687517460937500005e+02,-8.574550487374109764e+01
4.687520390624999891e+02,-9.264669899498363748e+01
4.687523320312500346e+02,-8.361828561603448406e+01
4.687526250000000232e+02,-8.080272099939327290e+01
4.687529179687500118e+02,-8.854401433663707621e+01
4.687532109375000005e+02,-8.566743345074387150e+01
4.687535039062499891e+02,-8.473328692006539598e+01
4.687537968750000346e+02,-8.673226264457896661e+01
4.687540898437500232e+02,-9.729492034076876905e+01
4.687543828125000118e+02,-8.562519970116396451e+01
4.687546757812500005e+02,-8.275648937236897495e+01
4.687549687499999891e+02,-9.383818471134419781e+01
4.687552617187500346e+02,-8.777392789447122823e+01
4.687555546875000232e+02,-9.025270970266971915e+01
4.687558476562500118e+02,-9.256826547455197840e+01
4.687561406250000005e+02,-9.453788836070786772e+01
4.687564335937499891e+02,-9.818015419344462202e+01
4.687567265625000346e+02,-8.877562237646972676e+01
4.687570195312500232e+02,-9.089721718051055177e+01
4.687573125000000118e+02,-8.582074225320522487e+01
4.687576054687500005e+02,-8.738993609544203878e+01
4.687578984374999891e+02,-8.635741141794200360e+01
4.687581914062500346e+02,-8.179661021734482063e+01
4.687584843750000232e+02,-9.300453034950069764e+01
4.687587773437500118e+02,-8.727299030385950118e+01
4.687590703125000005e+02,-9.183159715693605563e+01
4.687593632812499891e+02,-8.912368858439963049e+01
4.687596562500000346e+02,-8.496488180122716471e+01
4.687599492187500232e+02,-8.495844473938313968e+01
4.687602421875000118e+02,-8.639841231436882651e+01
4.687605351562500005e+02,-9.511464540119055755e+01
4.687608281249999891e+02,-8.852248248982904499e+01
4.687611210937500346e+02,-8.985727618637091041e+01
4.687614140625000232e+02,-8.262632614233957895e+01
4.687617070312500118e+02,-8.936070732506335901e+01
