Frequency_MHz,Power_dBHz
4.663620000000000232e+02,-9.765612052891931683e+01
4.663622929687500118e+02,-1.001514787060010434e+02
4.663625859375000005e+02,-9.871956751990104806e+01
4.663628789062499891e+02,-9.195921634809164402e+01
4.663631718750000346e+02,-1.029282332751411957e+02
4.663634648437500232e+02,-1.033917556514152238e+02
4.663637578125000118e+02,-9.191165568895378613e+01
4.663640507812500005e+02,-9.204979137932136268e+01
4.663643437499999891e+02,-9.716476397384712982e+01
4.663646367187500346e+02,-1.019247488134312789e+02
4.663649296875000232e+02,-1.000622484058704913e+02
4.663652226562500118e+02,-1.054670174165175922e+02
4.663655156250000005e+02,-9.623122884115383613e+01
4.663658085937499891e+02,-1.045475602426308370e+02
4.663661015625000346e+02,-1.125337768733676569e+02
4.663663945312500232e+02,-9.428475925439460070e+01
4.663666875000000118e+02,-9.409019417495599669e+01
4.663669804687500005e+02,-1.005179124601822451e+02
4.663672734374999891e+02,-9.944680406414390461e+01
4.663675664062500346e+02,-9.647934725452884663e+01
4.663678593750000232e+02,-9.518319696133131913e+01
4.663681523437500118e+02,-9.496686293470956741e+01
4.663684453125000005e+02,-1.175960937617506090e+02
4.663687382812499891e+02,-1.009431735636861873e+02
4.663690312500000346e+02,-1.011935880887918700e+02
4.663693242187500232e+02,-1.013376202386362195e+02
4.663696171875000118e+02,-1.017015291824630765e+02
4.663699101562500005e+02,-9.684733131624709301e+01
4.663702031249999891e+02,-9.580615307082426568e+01
4.663704960937500346e+02,-9.375747726947250271e+01
4.663707890625000232e+02,-9.227219426621445564e+01
4.663710820312500118e+02,-9.440659849260553926e+01
4.663713750000000005e+02,-1.010058991437350926e+02
4.663716679687499891e+02,-1.001804915943174592e+02
4.663719609375000346e+02,-1.049293902004941401e+02
4.663722539062500232e+02,-1.130259410542239493e+02
4.663725468750000118e+02,-9.943393042457771003e+01
4.663728398437500005e+02,-9.758926415588815928e+01
4.663731328124999891e+02,-1.007659099595922356e+02
4.663734257812500346e+02,-9.479442012700702946e+01
4.663737187500000232e+02,-9.259843029214462717e+01
4.663740117187500118e+02,-9.434623908748969257e+01
4.663743046875000005e+02,-9.802126988929020968e+01
4.663745976562499891e+02,-1.077961208386593057e+02
4.663748906250000346e+02,-9.337459875955333644e+01
4.663751835937500232e+02,-1.069118923896475053e+02
4.663754765625000118e+02,-9.786733521349810871e+01
4.663757695312500005e+02,-9.697658200516568172e+01
4.663760624999999891e+02,-9.987414308462156498e+01
4.663763554687500346e+02,-9.639267459592548448e+01
4.663766484375000232e+02,-9.516839415105536659e+01
4.663769414062500118e+02,-1.042602050462479610e+02
4.663772343750000005e+02,-1.010634157125597454e+02
4.663775273437499891e+02,-9.435617056718780304e+01
4.663778203125000346e+02,-1.036409994850540102e+02
4.663781132812500232e+02,-9.597079430762561003e+01
4.663784062500000118e+02,-9.849058728914371841e+01
4.663786992187500005e+02,-1.085789409195950270e+02
4.663789921874999891e+02,-9.756323485081171043e+01
4.663792851562500346e+02,-9.188249597329159712e+01
4.663795781250000232e+02,-1.020983548585181921e+02
4.663798710937500118e+02,-1.182185520239867742e+02
4.663801640625000005e+02,-9.638730464519369434e+01
4.663804570312499891e+02,-1.021818297980858716e+02
4.663807500000000346e+02,-9.961101403370531671e+01
4.663810429687500232e+02,-9.708266321699723278e+01
4.663813359375000118e+02,-1.050716165617981233e+02
4.663816289062500005e+02,-9.525612630849781226e+01
4.663819218749999891e+02,-9.058836819777133087e+01
4.663822148437500346e+02,-9.726096196514531300e+01
4.663825078125000232e+02,-1.063287897842668031e+02
4.663828007812500118e+02,-9.595347534350624130e+01
4.663830937500000005e+02,-9.791505068600389450e+01
4.663833867187499891e+02,-9.654871344446124226e+01
4.663836796875000346e+02,-9.532455936422627474e+01
4.663839726562500232e+02,-1.046326710696800575e+02
4.663842656250000118e+02,-9.922601029230887093e+01
4.663845585937500005e+02,-9.345067940060077660e+01
4.663848515624999891e+02,-9.476334666596824263e+01
4.663851445312500346e+02,-1.033461430681865778e+02
4.663854375000000232e+02,-9.856952581544005909e+01
4.663857304687500118e+02,-9.823251357155024266e+01
4.663860234375000005e+02,-9.655213016681499028e+01
4.663863164062499891e+02,-9.456223525192024226e+01
4.663866093750000346e+02,-1.000841934213005402e+02
4.663869023437500232e+02,-1.011094255021002795e+02
4.663871953125000118e+02,-9.807145877605748296e+01
4.663874882812500005e+02,-9.611852615534797906e+01
4.663877812499999891e+02,-1.048189173838587607e+02
4.663880742187500346e+02,-1.087732413928399922e+02
4.663883671875000232e+02,-1.042732767289096643e+02
4.663886601562500118e+02,-9.787293848995025769e+01
4.663889531250000005e+02,-9.515153863199188322e+01
4.663892460937499891e+02,-9.536897679880394207e+01
4.663895390625000346e+02,-9.651648029202897305e+01
4.663898320312500232e+02,-1.228985017358451302e+02
4.663901250000000118e+02,-9.544356347867106649e+01
4.663904179687500005e+02,-9.646159833035001441e+01
4.663907109374999891e+02,-1.080147952053210361e+02
4.663910039062500346e+02,-9.928530085396603511e+01
4.663912968750000232e+02,-1.001656187180106201e+02
4.663915898437500118e+02,-9.845606915043751428e+01
4.663918828125000005e+02,-9.927207429062882227e+01
4.663921757812499891e+02,-9.654523251974083564e+01
4.663924687500000346e+02,-1.015458482170437833e+02
4.663927617187500232e+02,-9.443157058704429119e+01
4.663930546875000118e+02,-9.695087413661818232e+01
4.663933476562500005e+02,-1.012074311850879980e+02
4.663936406249999891e+02,-9.891819165751913090e+01
4.663939335937500346e+02,-9.359924652365377540e+01
4.663942265625000232e+02,-9.529564955898050016e+01
4.663945195312500118e+02,-9.798043365072983590e+01
4.663948125000000005e+02,-9.785438420160048167e+01
4.663951054687499891e+02,-9.821034555845783132e+01
4.663953984375000346e+02,-9.832892166572788994e+01
4.663956914062500232e+02,-9.879211891416716185e+01
4.663959843750000118e+02,-1.045533773026918709e+02
4.663962773437500005e+02,-1.031976703333036198e+02
4.663965703124999891e+02,-9.545372846874757045e+01
4.663968632812500346e+02,-9.493386727758617383e+01
4.663971562500000232e+02,-1.039174394738814442e+02
4.663974492187500118e+02,-1.090461292737198562e+02
4.663977421875000005e+02,-1.107921536732440586e+02
4.663980351562499891e+02,-1.057120422871898882e+02
4.663983281250000346e+02,-1.014948548271878224e+02
4.663986210937500232e+02,-1.100623174940867841e+02
4.663989140625000118e+02,-9.762148173116892735e+01
4.663992070312500005e+02,-9.266372466070082226e+01
4.663994999999999891e+02,-9.372304003548958917e+01
4.663997929687500346e+02,-9.936729318645332398e+01
4.664000859375000232e+02,-9.598293695628589717e+01
4.664003789062500118e+02,-9.791439106644610035e+01
4.664006718750000005e+02,-9.689213662929189752e+01
4.664009648437499891e+02,-9.871006325005717486e+01
4.664012578125000346e+02,-1.086607738941834924e+02
4.664015507812500232e+02,-1.005569566796303889e+02
4.664018437500000118e+02,-9.327955553667609934e+01
4.664021367187500005e+02,-9.298395736781115772e+01
4.664024296874999891e+02,-1.017377269218656011e+02
4.664027226562500346e+02,-9.651727964488864586e+01
4.664030156250000232e+02,-9.588297668871803126e+01
4.664033085937500118e+02,-9.700769739670242586e+01
4.664036015625000005e+02,-9.449863762375778720e+01
4.664038945312499891e+02,-9.714596679645674726e+01
4.664041875000000346e+02,-9.959046704924320181e+01
4.664044804687500232e+02,-1.004873584973002210e+02
4.664047734375000118e+02,-1.010385925170252222e+02
4.664050664062500005e+02,-1.046228579647633552e+02
4.664053593749999891e+02,-1.006862997013060124e+02
4.664056523437500346e+02,-9.428449421663258079e+01
4.664059453125000232e+02,-1.030560272116048992e+02
4.664062382812500118e+02,-9.584604139091968023e+01
4.664065312500000005e+02,-9.685273968354479734e+01
4.664068242187499891e+02,-9.823624101801823372e+01
4.664071171875000346e+02,-9.830552851545611759e+01
4.664074101562500232e+02,-1.030966510351420311e+02
4.664077031250000118e+02,-1.102597503810764579e+02
4.664079960937500005e+02,-1.003798846522714712e+02
4.664082890624999891e+02,-9.616279985690077581e+01
4.664085820312500346e+02,-1.013945482997763463e+02
4.664088750000000232e+02,-9.790183356939168391e+01
4.664091679687500118e+02,-9.627791374699030769e+01
4.664094609375000005e+02,-1.061093514433130878e+02
4.664097539062499891e+02,-1.016792509709214301e+02
4.664100468750000346e+02,-9.948157153598137370e+01
4.664103398437500232e+02,-9.870091938977564894e+01
4.664106328125000118e+02,-9.726899193325016313e+01
4.664109257812500005e+02,-9.654063634004239702e+01
4.664112187499999891e+02,-9.717151938671813127e+01
4.664115117187500346e+02,-9.599687083445202518e+01
4.664118046875000232e+02,-9.850988022807490552e+01
4.664120976562500118e+02,-9.759980640722297096e+01
4.664123906250000005e+02,-9.734427919401754536e+01
4.664126835937499891e+02,-1.013013874444505547e+02
4.664129765625000346e+02,-9.917855784548234510e+01
4.664132695312500232e+02,-1.013512705499169755e+02
4.664135625000000118e+02,-1.064726451317088447e+02
4.664138554687500005e+02,-9.750679503973138651e+01
4.664141484374999891e+02,-9.374444466962066258e+01
4.664144414062500346e+02,-9.246407099083732817e+01
4.664147343750000232e+02,-9.313991451477890848e+01
4.664150273437500118e+02,-9.488701649831538987e+01
4.664153203125000005e+02,-1.043577600273579407e+02
4.664156132812499891e+02,-1.005939076223503434e+02
4.664159062500000346e+02,-9.758120290339337544e+01
4.664161992187500232e+02,-1.054425854393594051e+02
4.664164921875000118e+02,-1.172402190298642211e+02
4.664167851562500005e+02,-9.371171941219873247e+01
4.664170781249999891e+02,-9.247637172660569149e+01
4.664173710937500346e+02,-9.201239604565199670e+01
4.664176640625000232e+02,-9.676504129278538358e+01
4.664179570312500118e+02,-1.098632437972937907e+02
4.664182500000000005e+02,-1.174771463866314036e+02
4.664185429687499891e+02,-1.060377430371511451e+02
4.664188359375000346e+02,-1.002762475094761072e+02
4.664191289062500232e+02,-1.037228575031370781e+02
4.664194218750000118e+02,-9.387440451926840979e+01
4.664197148437500005e+02,-9.570276817318716667e+01
4.664200078124999891e+02,-9.405399577514705811e+01
4.664203007812500346e+02,-9.587806157217974601e+01
4.664205937500000232e+02,-1.058474590834811835e+02
4.664208867187500118e+02,-1.038006665644055602e+02
4.664211796875000005e+02,-9.807807674404901377e+01
4.664214726562499891e+02,-1.020203093997560018e+02
4.664217656250000346e+02,-9.740116624626938346e+01
4.664220585937500232e+02,-9.630562910610514393e+01
4.664223515625000118e+02,-1.003017585190749799e+02
4.664226445312500005e+02,-1.048401166112123519e+02
4.664229374999999891e+02,-1.013466379120753516e+02
4.664232304687500346e+02,-9.777868930629196598e+01
4.664235234375000232e+02,-1.046278407141842450e+02
4.664238164062500118e+02,-1.020490816062857675e+02
4.664241093750000005e+02,-1.014512214473025296e+02
4.664244023437499891e+02,-9.687956428125616526e+01
4.664246953125000346e+02,-9.504369537026845194e+01
4.664249882812500232e+02,-9.891312982200747683e+01
4.664252812500000118e+02,-9.419439187089494681e+01
4.664255742187500005e+02,-9.928911882393394706e+01
4.664258671874999891e+02,-9.369828216357974782e+01
4.664261601562500346e+02,-9.673023423187380843e+01
4.664264531250000232e+02,-9.803776143515403874e+01
4.664267460937500118e+02,-1.009016613457654614e+02
4.664270390625000005e+02,-9.469167230661614099e+01
4.664273320312499891e+02,-9.548676495446062518e+01
4.664276250000000346e+02,-9.645989002238809462e+01
4.664279179687500232e+02,-9.166338058620792140e+01
4.664282109375000118e+02,-9.986628660161089499e+01
4.664285039062500005e+02,-1.017381942628226739e+02
4.664287968749999891e+02,-9.958914668572369067e+01
4.664290898437500346e+02,-1.014329755977854433e+02
4.664293828125000232e+02,-9.873289458385521300e+01
4.664296757812500118e+02,-9.411033617246411609e+01
4.664299687500000005e+02,-9.678998009065236374e+01
4.664302617187499891e+02,-9.700659130760098492e+01
4.664305546875000346e+02,-9.316168204385076024e+01
4.664308476562500232e+02,-9.864039030053592683e+01
4.664311406250000118e+02,-1.027092524651475713e+02
4.664314335937500005e+02,-1.037975536273151818e+02
4.664317265624999891e+02,-1.024448597816981135e+02
4.664320195312500346e+02,-1.044270904099029309e+02
4.664323125000000232e+02,-9.945366826683130057e+01
4.664326054687500118e+02,-9.509576715023712268e+01
4.664328984375000005e+02,-9.334788243517641604e+01
4.664331914062499891e+02,-9.674452481889008482e+01
4.664334843750000346e+02,-1.083658188357091348e+02
4.664337773437500232e+02,-1.065346675563630470e+02
4.664340703125000118e+02,-1.021065176925769578e+02
4.664343632812500005e+02,-9.979854052627521810e+01
4.664346562499999891e+02,-1.008884630557156186e+02
4.664349492187500346e+02,-9.812263971637831617e+01
4.664352421875000232e+02,-9.461471282695697482e+01
4.664355351562500118e+02,-9.196955289904998665e+01
4.664358281250000005e+02,-9.783160365559626825e+01
4.664361210937499891e+02,-1.061058189031896575e+02
4.664364140625000346e+02,-1.019615886567733583e+02
4.664367070312500232e+02,-1.059359030403439590e+02
4.664370000000000118e+02,-1.010146148532351731e+02
4.664372929687500005e+02,-9.762299257624118809e+01
4.664375859374999891e+02,-9.887936387671948069e+01
4.664378789062500346e+02,-9.492142404542568102e+01
4.664381718750000232e+02,-9.096949930308051080e+01
4.664384648437500118e+02,-9.406080602565752713e+01
4.664387578125000005e+02,-9.788529916468313274e+01
4.664390507812499891e+02,-1.012457050311005560e+02
4.664393437500000346e+02,-1.040133336965248958e+02
4.664396367187500232e+02,-9.946562819951891754e+01
4.664399296875000118e+02,-9.632300198915912404e+01
4.664402226562500005e+02,-9.608580241716553871e+01
4.664405156249999891e+02,-9.289949252907517518e+01
4.664408085937500346e+02,-9.230267512923296636e+01
4.664411015625000232e+02,-9.666098773669014577e+01
4.664413945312500118e+02,-9.589298038493711829e+01
4.664416875000000005e+02,-9.955246534401453573e+01
4.664419804687499891e+02,-9.986735816399806254e+01
4.664422734375000346e+02,-9.860459115077006231e+01
4.664425664062500232e+02,-9.542043836431525961e+01
4.664428593750000118e+02,-1.021377002482982164e+02
4.664431523437500005e+02,-1.000418621416201859e+02
4.664434453124999891e+02,-9.921758999586982952e+01
4.664437382812500346e+02,-1.063636948399496589e+02
4.664440312500000232e+02,-9.632941421671795013e+01
4.664443242187500118e+02,-1.013931127737569398e+02
4.664446171875000005e+02,-9.739520698815682920e+01
4.664449101562499891e+02,-9.497397006837533695e+01
4.664452031250000346e+02,-1.045117523345174391e+02
4.664454960937500232e+02,-1.079540509760253997e+02
4.664457890625000118e+02,-1.180932613458492710e+02
4.664460820312500005e+02,-1.039743246246194701e+02
4.664463749999999891e+02,-1.089621779365385947e+02
4.664466679687500346e+02,-1.121590232454283722e+02
4.664469609375000232e+02,-1.110925976335880563e+02
4.664472539062500118e+02,-9.565261374313395493e+01
4.664475468750000005e+02,-9.544355392656497372e+01
4.664478398437499891e+02,-1.020724494520289909e+02
4.664481328125000346e+02,-1.081537755182486080e+02
4.664484257812500232e+02,-1.009294223763999128e+02
4.664487187500000118e+02,-9.797542939594181632e+01
4.664490117187500005e+02,-9.726432556089910975e+01
4.664493046874999891e+02,-1.020254246368192383e+02
4.664495976562500346e+02,-1.032056401684018851e+02
4.664498906250000232e+02,-1.006098532770369758e+02
4.664501835937500118e+02,-9.957449580320245275e+01
4.664504765625000005e+02,-1.068111247080721427e+02
4.664507695312499891e+02,-1.046584157588923460e+02
4.664510625000000346e+02,-1.054620093076622140e+02
4.664513554687500232e+02,-1.033232193563185888e+02
4.664516484375000118e+02,-1.004277693070706334e+02
4.664519414062500005e+02,-9.752638882532451703e+01
4.664522343749999891e+02,-9.793933930587520820e+01
4.664525273437500346e+02,-9.713494906512259774e+01
4.664528203125000232e+02,-1.027563683497066762e+02
4.664531132812500118e+02,-1.016863719041448491e+02
4.664534062500000005e+02,-9.765499770365570953e+01
4.664536992187499891e+02,-1.047249827270038054e+02
4.664539921875000346e+02,-1.026653706761028673e+02
4.664542851562500232e+02,-9.828198392230146396e+01
4.664545781250000118e+02,-1.172541601080715168e+02
4.664548710937500005e+02,-9.845104786806848551e+01
4.664551640624999891e+02,-9.758224840358379026e+01
4.664554570312500346e+02,-9.609862707054203668e+01
4.664557500000000232e+02,-1.003336014644847296e+02
4.664560429687500118e+02,-1.020750099712310259e+02
4.664563359375000005e+02,-1.040595438673313708e+02
4.664566289062499891e+02,-1.015650426547878737e+02
4.664569218750000346e+02,-1.050198885283060974e+02
4.664572148437500232e+02,-1.029187459522656241e+02
4.664575078125000118e+02,-1.178224411627510619e+02
4.664578007812500005e+02,-1.055950898185273701e+02
4.664580937499999891e+02,-9.242133600255448300e+01
4.664583867187500346e+02,-9.791341120352475969e+01
4.664586796875000232e+02,-1.005318100262479533e+02
4.664589726562500118e+02,-1.012976815828925794e+02
4.664592656250000005e+02,-1.011218342559874941e+02
4.664595585937499891e+02,-1.035320693857864995e+02
4.664598515625000346e+02,-9.665616076372181453e+01
4.664601445312500232e+02,-1.001754510755717433e+02
4.664604375000000118e+02,-9.769953290088454878e+01
4.664607304687500005e+02,-1.022780500379952286e+02
4.664610234374999891e+02,-1.024827709796096826e+02
4.664613164062500346e+02,-9.845931678017674926e+01
4.664616093750000232e+02,-1.080302358428433394e+02
4.664619023437500118e+02,-1.010200470396107022e+02
4.664621953125000005e+02,-1.029882353418762762e+02
4.664624882812499891e+02,-1.023692209528144019e+02
4.664627812500000346e+02,-1.012949396539028015e+02
4.664630742187500232e+02,-9.350306893474513004e+01
4.664633671875000118e+02,-9.873212806240348982e+01
4.664636601562500005e+02,-1.008510171496814110e+02
4.664639531249999891e+02,-9.349731280757156071e+01
4.664642460937500346e+02,-9.736762520164151624e+01
4.664645390625000232e+02,-1.050370833040769156e+02
4.664648320312500118e+02,-1.087716822965468282e+02
4.664651250000000005e+02,-1.085605084098182544e+02
4.664654179687499891e+02,-1.046507186746550815e+02
4.664657109375000346e+02,-9.952932038166871109e+01
4.664660039062500232e+02,-9.530402629760712330e+01
4.664662968750000118e+02,-9.613633433967319775e+01
4.664665898437500005e+02,-9.408476033138529715e+01
4.664668828124999891e+02,-1.073983212731301364e+02
4.664671757812500346e+02,-1.109763817733860236e+02
4.664674687500000232e+02,-1.146331066455247907e+02
4.664677617187500118e+02,-1.007113536164219738e+02
4.664680546875000005e+02,-9.877614084014123819e+01
4.664683476562499891e+02,-9.871507512615950475e+01
4.664686406250000346e+02,-9.465400010145276610e+01
4.664689335937500232e+02,-9.411300292977556126e+01
4.664692265625000118e+02,-9.094756969437823102e+01
4.664695195312500005e+02,-9.847625969685245195e+01
4.664698124999999891e+02,-1.033469116375184740e+02
4.664701054687500346e+02,-1.008056361297406909e+02
4.664703984375000232e+02,-9.551122558855054478e+01
4.664706914062500118e+02,-9.305265339047950590e+01
4.664709843750000005e+02,-9.991828325260952681e+01
4.664712773437499891e+02,-9.776767497107591964e+01
4.664715703125000346e+02,-9.652109854230337760e+01
4.664718632812500232e+02,-9.449164049669471410e+01
4.664721562500000118e+02,-9.679275705641488514e+01
4.664724492187500005e+02,-9.853836870383716473e+01
4.664727421874999891e+02,-9.875747735955611972e+01
4.664730351562500346e+02,-9.854295781159083845e+01
4.664733281250000232e+02,-9.316543378445766166e+01
4.664736210937500118e+02,-9.986096970732084799e+01
4.664739140625000005e+02,-1.036628066875330774e+02
4.664742070312499891e+02,-1.099841419104661924e+02
4.664745000000000346e+02,-9.912343746602726924e+01
4.664747929687500232e+02,-9.940851504129614113e+01
4.664750859375000118e+02,-9.581173316547736363e+01
4.664753789062500005e+02,-9.337738075797520310e+01
4.664756718749999891e+02,-9.568763825316403882e+01
4.664759648437500346e+02,-9.501993608720694340e+01
4.664762578125000232e+02,-1.022644646005960567e+02
4.664765507812500118e+02,-1.034007862173949661e+02
4.664768437500000005e+02,-9.382018060062105747e+01
4.664771367187499891e+02,-9.513665456814557331e+01
4.664774296875000346e+02,-9.409700422047140478e+01
4.664777226562500232e+02,-9.325444056966324524e+01
4.664780156250000118e+02,-9.098538227137763101e+01
4.664783085937500005e+02,-9.115552074221037060e+01
4.664786015624999891e+02,-9.586385283482429998e+01
4.664788945312500346e+02,-1.057897595139786233e+02
4.664791875000000232e+02,-9.561078773971301814e+01
4.664794804687500118e+02,-9.186716789531486427e+01
4.664797734375000005e+02,-9.810748734587903641e+01
4.664800664062499891e+02,-9.761460669625267883e+01
4.664803593750000346e+02,-9.942436475294231002e+01
4.664806523437500232e+02,-9.623081903293990536e+01
4.664809453125000118e+02,-9.381533605865256220e+01
4.664812382812500005e+02,-9.454058331091148659e+01
4.664815312499999891e+02,-1.010659371635257173e+02
4.664818242187500346e+02,-9.315095001203224001e+01
4.664821171875000232e+02,-9.368663485347153141e+01
4.664824101562500118e+02,-1.006882685105712767e+02
4.664827031250000005e+02,-1.004218024277204506e+02
4.664829960937499891e+02,-9.894220949571422352e+01
4.664832890625000346e+02,-1.061771071992209556e+02
4.664835820312500232e+02,-1.002217309503012785e+02
4.664838750000000118e+02,-1.009464430359629148e+02
4.664841679687500005e+02,-1.090617708157947021e+02
4.664844609374999891e+02,-9.316682671698730189e+01
4.664847539062500346e+02,-9.052273553038476450e+01
4.664850468750000232e+02,-9.609071508522325189e+01
4.664853398437500118e+02,-1.000065149417178390e+02
4.664856328125000005e+02,-1.034733869897392537e+02
4.664859257812499891e+02,-1.036546318282703396e+02
4.664862187500000346e+02,-1.037042533389246870e+02
4.664865117187500232e+02,-1.015175613171595046e+02
4.664868046875000118e+02,-1.023734893474161964e+02
4.664870976562500005e+02,-9.243870821862856246e+01
4.664873906249999891e+02,-9.241370472552182491e+01
4.664876835937500346e+02,-9.229906561051940628e+01
4.664879765625000232e+02,-9.136864049745619809e+01
4.664882695312500118e+02,-9.488962835888216318e+01
4.664885625000000005e+02,-9.471964072011346047e+01
4.664888554687499891e+02,-1.109061753034747824e+02
4.664891484375000346e+02,-9.967658934226932388e+01
4.664894414062500232e+02,-9.800613503383381442e+01
4.664897343750000118e+02,-9.338233005419958488e+01
4.664900273437500005e+02,-9.564194810541314951e+01
4.664903203124999891e+02,-9.494474917320135887e+01
4.664906132812500346e+02,-9.226199334701271937e+01
4.664909062500000232e+02,-9.338550446800304883e+01
4.664911992187500118e+02,-9.636452040807911601e+01
4.664914921875000005e+02,-9.820404483440393051e+01
4.664917851562499891e+02,-9.842980567706234751e+01
4.664920781250000346e+02,-9.881663588482749105e+01
4.664923710937500232e+02,-9.331867005667115222e+01
4.664926640625000118e+02,-9.379151834724805781e+01
4.664929570312500005e+02,-1.113764903020293815e+02
4.664932499999999891e+02,-9.643519800477493220e+01
4.664935429687500346e+02,-9.488266634213940165e+01
4.664938359375000232e+02,-9.625850478550084688e+01
4.664941289062500118e+02,-1.048969439950041931e+02
4.664944218750000005e+02,-1.043669563970419034e+02
4.664947148437499891e+02,-1.061524311034468582e+02
4.664950078125000346e+02,-9.739474226872806639e+01
4.664953007812500232e+02,-9.752525365664146761e+01
4.664955937500000118e+02,-9.712227853627992147e+01
4.664958867187500005e+02,-9.879102365766539151e+01
4.664961796874999891e+02,-1.031781322871390074e+02
4.664964726562500346e+02,-1.065817143629138428e+02
4.664967656250000232e+02,-9.694847660364197850e+01
4.664970585937500118e+02,-9.624095859050018476e+01
4.664973515625000005e+02,-9.475570709151824644e+01
4.664976445312499891e+02,-9.634916244479217085e+01
4.664979375000000346e+02,-1.116710941148556060e+02
4.664982304687500232e+02,-9.940347102142638391e+01
4.664985234375000118e+02,-9.287481874030038398e+01
4.664988164062500005e+02,-9.270774838761442993e+01
4.664991093749999891e+02,-9.479768679466104686e+01
4.664994023437500346e+02,-9.621098834299635882e+01
4.664996953125000232e+02,-9.432515349906508106e+01
4.664999882812500118e+02,-9.841807468875826714e+01
4.665002812500000005e+02,-9.369965858577687357e+01
4.665005742187499891e+02,-9.509630946806100837e+01
4.665008671875000346e+02,-9.783484016434712771e+01
4.665011601562500232e+02,-9.629533349296728773e+01
4.665014531250000118e+02,-9.399621974420087156e+01
4.665017460937500005e+02,-9.277326226747335625e+01
4.665020390624999891e+02,-9.427294971024966230e+01
4.665023320312500346e+02,-9.770455574000301624e+01
4.665026250000000232e+02,-9.865130035117130092e+01
4.665029179687500118e+02,-9.243938528421737999e+01
4.665032109375000005e+02,-9.279038656787324157e+01
4.665035039062499891e+02,-9.647218101965869153e+01
4.665037968750000346e+02,-1.185561855135391198e+02
4.665040898437500232e+02,-1.086491517383395831e+02
4.665043828125000118e+02,-9.918722024402292448e+01
4.665046757812500005e+02,-9.618782704282209295e+01
4.665049687499999891e+02,-9.449496450576553741e+01
4.665052617187500346e+02,-1.024280804809802703e+02
4.665055546875000232e+02,-9.899606108769336288e+01
4.665058476562500118e+02,-9.397022923930592242e+01
4.665061406250000005e+02,-9.727909925146350645e+01
4.665064335937499891e+02,-9.850353168671439619e+01
4.665067265625000346e+02,-9.547140315909545905e+01
4.665070195312500232e+02,-9.600916972989776355e+01
4.665073125000000118e+02,-1.104504960979310226e+02
4.665076054687500005e+02,-9.492574648227221701e+01
4.665078984374999891e+02,-1.005950489245803823e+02
4.665081914062500346e+02,-9.858458833087929918e+01
4.665084843750000232e+02,-9.524485256000269828e+01
4.665087773437500118e+02,-1.150624968996877158e+02
4.665090703125000005e+02,-9.336971357642907776e+01
4.665093632812499891e+02,-9.023464511863360826e+01
4.665096562500000346e+02,-8.923536259338108323e+01
4.665099492187500232e+02,-9.423019212330180494e+01
4.665102421875000118e+02,-9.521859816120048947e+01
4.665105351562500005e+02,-9.895976717442508175e+01
4.665108281249999891e+02,-9.777875272189591271e+01
4.665111210937500346e+02,-9.490748826030605301e+01
4.665114140625000232e+02,-1.011456429623192150e+02
4.665117070312500118e+02,-9.360820744866741450e+01
4.665120000000000005e+02,-9.000675081029065439e+01
4.665122929687499891e+02,-8.911851903269081276e+01
4.665125859375000346e+02,-9.516168237844831879e+01
4.665128789062500232e+02,-9.944155266775007362e+01
4.665131718750000118e+02,-9.487816991770870345e+01
4.665134648437500005e+02,-1.001056988634363876e+02
4.665137578124999891e+02,-1.021785933707441814e+02
4.665140507812500346e+02,-9.653911100133056777e+01
4.665143437500000232e+02,-1.062449152175640279e+02
4.665146367187500118e+02,-9.536229222689047447e+01
4.665149296875000005e+02,-9.304875272225751814e+01
4.665152226562499891e+02,-9.579075746959452431e+01
4.665155156250000346e+02,-1.024460062269128713e+02
4.665158085937500232e+02,-1.047266918873796584e+02
4.665161015625000118e+02,-1.051409403951562638e+02
4.665163945312500005e+02,-1.013068200031371049e+02
4.665166874999999891e+02,-9.283182515981970084e+01
4.665169804687500346e+02,-9.884487327464997009e+01
4.665172734375000232e+02,-9.596617540554339598e+01
4.665175664062500118e+02,-9.963337449752168595e+01
4.665178593750000005e+02,-9.240021835142739803e+01
4.665181523437499891e+02,-9.262269924840607871e+01
4.665184453125000346e+02,-9.829135999304983784e+01
4.665187382812500232e+02,-1.121593466056638277e+02
4.665190312500000118e+02,-9.812883708237593794e+01
4.665193242187500005e+02,-9.176461231677811270e+01
4.665196171874999891e+02,-9.405515645127766788e+01
4.665199101562500346e+02,-1.038850668584580319e+02
4.665202031250000232e+02,-1.074436944919256973e+02
4.665204960937500118e+02,-9.512180683238815959e+01
4.665207890625000005e+02,-9.423391508752716561e+01
4.665210820312499891e+02,-9.456731038844502280e+01
4.665213750000000346e+02,-1.010334433046878644e+02
4.665216679687500232e+02,-1.009990645261295583e+02
4.665219609375000118e+02,-9.047802801352955271e+01
4.665222539062500005e+02,-9.067177832040387386e+01
4.665225468749999891e+02,-1.065580522122598808e+02
4.665228398437500346e+02,-1.081402712254617029e+02
4.665231328125000232e+02,-9.970823000007007408e+01
4.665234257812500118e+02,-9.256506314526431822e+01
4.665237187500000005e+02,-9.364179893402086918e+01
4.665240117187499891e+02,-9.500725065922664214e+01
4.665243046875000346e+02,-9.941319768227812403e+01
4.665245976562500232e+02,-9.009917141828432818e+01
4.665248906250000118e+02,-8.872801209728319805e+01
4.665251835937500005e+02,-9.385513638959565696e+01
4.665254765624999891e+02,-9.803862273632988433e+01
4.665257695312500346e+02,-9.854281882214516486e+01
4.665260625000000232e+02,-1.003837215705526944e+02
4.665263554687500118e+02,-9.957389523212864901e+01
4.665266484375000005e+02,-9.671014317527954063e+01
4.665269414062499891e+02,-9.960137391262625783e+01
4.665272343750000346e+02,-9.822815571039340909e+01
4.665275273437500232e+02,-9.441698387416492722e+01
4.665278203125000118e+02,-9.526637821868327194e+01
4.665281132812500005e+02,-9.399516687288601702e+01
4.665284062499999891e+02,-9.018971598792985844e+01
4.665286992187500346e+02,-9.673796482609301961e+01
4.665289921875000232e+02,-1.027988234685428637e+02
4.665292851562500118e+02,-9.847775444419019664e+01
4.665295781250000005e+02,-9.533351746127539172e+01
4.665298710937499891e+02,-1.126035260235310886e+02
4.665301640625000346e+02,-9.484035760792116321e+01
4.665304570312500232e+02,-9.203574001421034723e+01
4.665307500000000118e+02,-9.155749244049367519e+01
4.665310429687500005e+02,-8.921738042447024952e+01
4.665313359374999891e+02,-9.244760937217647268e+01
4.665316289062500346e+02,-1.012890702083700774e+02
4.665319218750000232e+02,-9.256384337341998503e+01
4.665322148437500118e+02,-9.012109206491111024e+01
4.665325078125000005e+02,-1.006853136804699886e+02
4.665328007812499891e+02,-8.968849422861759990e+01
4.665330937500000346e+02,-8.898856299457618491e+01
4.665333867187500232e+02,-8.890142685817168910e+01
4.665336796875000118e+02,-8.789361942565264485e+01
4.665339726562500005e+02,-9.034511524446267572e+01
4.665342656249999891e+02,-9.557195628908927176e+01
4.665345585937500346e+02,-9.536831908772782640e+01
4.665348515625000232e+02,-9.010206393943840908e+01
4.665351445312500118e+02,-9.656030406945188815e+01
4.665354375000000005e+02,-9.571370477963748158e+01
4.665357304687499891e+02,-9.371496364448293548e+01
4.665360234375000346e+02,-8.755169507821234731e+01
4.665363164062500232e+02,-8.756369715211711480e+01
4.665366093750000118e+02,-9.316954569824865473e+01
4.665369023437500005e+02,-9.350357340782775850e+01
4.665371953124999891e+02,-1.221989567067918472e+02
4.665374882812500346e+02,-9.441132518229676407e+01
4.665377812500000232e+02,-1.051825033989754559e+02
4.665380742187500118e+02,-1.003279328545345805e+02
4.665383671875000005e+02,-9.728687634283814134e+01
4.665386601562499891e+02,-9.200676173816069081e+01
4.665389531250000346e+02,-8.823914728192882251e+01
4.665392460937500232e+02,-9.702922692089541101e+01
4.665395390625000118e+02,-9.412467542329649461e+01
4.665398320312500005e+02,-9.738989092793795521e+01
4.665401249999999891e+02,-9.789563615951163911e+01
4.665404179687500346e+02,-1.062098330561879038e+02
4.665407109375000232e+02,-1.000572045084810355e+02
4.665410039062500118e+02,-1.008648369789702883e+02
4.665412968750000005e+02,-1.032371757024613999e+02
4.665415898437499891e+02,-9.012493461829043895e+01
4.665418828125000346e+02,-9.548471650225454255e+01
4.665421757812500232e+02,-9.371346538800595738e+01
4.665424687500000118e+02,-9.366350066510116790e+01
4.665427617187500005e+02,-1.000861812423191708e+02
4.665430546874999891e+02,-1.030134220473132558e+02
4.665433476562500346e+02,-9.972553218730718072e+01
4.665436406250000232e+02,-9.728199673881104559e+01
4.665439335937500118e+02,-9.728928863403142202e+01
4.665442265625000005e+02,-9.931976091501104520e+01
4.665445195312499891e+02,-1.006243530131499284e+02
4.665448125000000346e+02,-9.829098710111260573e+01
4.665451054687500232e+02,-9.741267615194503549e+01
4.665453984375000118e+02,-1.008444244101071092e+02
4.665456914062500005e+02,-9.902521980358655185e+01
4.665459843749999891e+02,-1.015321538019701961e+02
4.665462773437500346e+02,-9.552324706911542762e+01
4.665465703125000232e+02,-9.508013553053061173e+01
4.665468632812500118e+02,-9.536758733114359643e+01
4.665471562500000005e+02,-9.739761763359909708e+01
4.665474492187499891e+02,-9.697386858965536760e+01
4.665477421875000346e+02,-1.058310168487438148e+02
4.665480351562500232e+02,-1.021484058485191326e+02
4.665483281250000118e+02,-1.037405638820320064e+02
4.665486210937500005e+02,-1.125658731824963610e+02
4.665489140624999891e+02,-1.036941609818703256e+02
4.665492070312500346e+02,-1.126547406231297401e+02
4.665495000000000232e+02,-9.510805356253638365e+01
4.665497929687500118e+02,-9.303521408337603305e+01
4.665500859375000005e+02,-9.417196889539225424e+01
4.665503789062499891e+02,-9.995581599598671119e+01
4.665506718750000346e+02,-1.100038887603605673e+02
4.665509648437500232e+02,-1.007566111763036787e+02
4.665512578125000118e+02,-9.704312307242096836e+01
4.665515507812500005e+02,-1.060547209425719615e+02
4.665518437499999891e+02,-9.592704793591111923e+01
4.665521367187500346e+02,-9.183656628832986257e+01
4.665524296875000232e+02,-9.446535845669876608e+01
4.665527226562500118e+02,-9.081591925336363147e+01
4.665530156250000005e+02,-9.418962434139858431e+01
4.665533085937499891e+02,-1.020468386327816148e+02
4.665536015625000346e+02,-1.012257828804264506e+02
4.665538945312500232e+02,-9.281261229529860657e+01
4.665541875000000118e+02,-9.416347586145232640e+01
4.665544804687500005e+02,-9.745908533063085599e+01
4.665547734374999891e+02,-9.106387630774106867e+01
4.665550664062500346e+02,-9.805234562124670106e+01
4.665553593750000232e+02,-9.293879957304889672e+01
4.665556523437500118e+02,-9.056693115827185636e+01
4.665559453125000005e+02,-9.628155423275788394e+01
4.665562382812499891e+02,-1.025729195668749441e+02
4.665565312500000346e+02,-9.559794342085935170e+01
4.665568242187500232e+02,-9.712394385158468424e+01
4.665571171875000118e+02,-9.881550045919794911e+01
4.665574101562500005e+02,-9.247754587191509756e+01
4.665577031249999891e+02,-9.371217416944614342e+01
4.665579960937500346e+02,-9.623254535800420228e+01
4.665582890625000232e+02,-9.093039784875062992e+01
4.665585820312500118e+02,-9.154917347690934548e+01
4.665588750000000005e+02,-9.408956553963960801e+01
4.665591679687499891e+02,-9.986421031467472176e+01
4.665594609375000346e+02,-9.318056416627022998e+01
4.665597539062500232e+02,-9.231289552912578245e+01
4.665600468750000118e+02,-9.588860825515646980e+01
4.665603398437500005e+02,-9.482037714985325749e+01
4.665606328124999891e+02,-9.929534552702834560e+01
4.665609257812500346e+02,-8.950021214180479490e+01
4.665612187500000232e+02,-8.862368808947505272e+01
4.665615117187500118e+02,-9.139484961645295868e+01
4.665618046875000005e+02,-9.427082145878742381e+01
4.665620976562499891e+02,-9.374871390297428775e+01
4.665623906250000346e+02,-8.849255335308529880e+01
4.665626835937500232e+02,-8.980820196507799835e+01
4.665629765625000118e+02,-9.551409966842514621e+01
4.665632695312500005e+02,-9.846664383137947141e+01
4.665635624999999891e+02,-9.463693408939391816e+01
4.665638554687500346e+02,-9.287268460231921097e+01
4.665641484375000232e+02,-9.640971740166253312e+01
4.665644414062500118e+02,-1.057740130639442384e+02
4.665647343750000005e+02,-1.017586336410250851e+02
4.665650273437499891e+02,-9.028049158007532071e+01
4.665653203125000346e+02,-8.717909200318655394e+01
4.665656132812500232e+02,-8.916857570909867547e+01
4.665659062500000118e+02,-9.419548694514951137e+01
4.665661992187500005e+02,-1.071029805167894580e+02
4.665664921874999891e+02,-9.359425111843199829e+01
4.665667851562500346e+02,-9.825439104733887064e+01
4.665670781250000232e+02,-9.956156520938117183e+01
4.665673710937500118e+02,-1.090406760112595776e+02
4.665676640625000005e+02,-9.507281935476402168e+01
4.665679570312499891e+02,-8.749249078314890937e+01
4.665682500000000346e+02,-8.894401164237240209e+01
4.665685429687500232e+02,-9.882898831702260622e+01
4.665688359375000118e+02,-9.836281292439366553e+01
4.665691289062500005e+02,-1.001414583469375259e+02
4.665694218749999891e+02,-9.172870002582229176e+01
4.665697148437500346e+02,-9.064821833751128111e+01
4.665700078125000232e+02,-9.406795063840598914e+01
4.665703007812500118e+02,-9.817211675049250630e+01
4.665705937500000005e+02,-9.462963080908957636e+01
4.665708867187499891e+02,-9.566191118333237853e+01
4.665711796875000346e+02,-9.409492036590776820e+01
4.665714726562500232e+02,-9.911673716467406337e+01
4.665717656250000118e+02,-1.018455046973108722e+02
4.665720585937500005e+02,-9.158003263810734040e+01
4.665723515624999891e+02,-8.904377146783922115e+01
4.665726445312500346e+02,-9.503253218790391088e+01
4.665729375000000232e+02,-9.826461933021001016e+01
4.665732304687500118e+02,-1.143828897115313339e+02
4.665735234375000005e+02,-9.943897515085994598e+01
4.665738164062499891e+02,-9.727328022526558016e+01
4.665741093750000346e+02,-1.057584470361270235e+02
4.665744023437500232e+02,-1.001131516806863715e+02
4.665746953125000118e+02,-9.426483655802501005e+01
4.665749882812500005e+02,-8.889762707618234572e+01
4.665752812499999891e+02,-9.524446514694987798e+01
4.665755742187500346e+02,-1.033434498007726035e+02
4.665758671875000232e+02,-9.859550742473848572e+01
4.665761601562500118e+02,-9.406606214524609300e+01
4.665764531250000005e+02,-9.216658318492892477e+01
4.665767460937499891e+02,-9.360689317618094663e+01
4.665770390625000346e+02,-8.920817213227292086e+01
4.665773320312500232e+02,-9.267168530280535776e+01
4.665776250000000118e+02,-9.166883862298229246e+01
4.665779179687500005e+02,-1.004206858633904886e+02
4.665782109374999891e+02,-1.000278859881262150e+02
4.665785039062500346e+02,-1.022788204278090234e+02
4.665787968750000232e+02,-9.523993177788443631e+01
4.665790898437500118e+02,-9.369573250139211495e+01
4.665793828125000005e+02,-9.220466450276995829e+01
4.665796757812499891e+02,-8.854624517823764052e+01
4.665799687500000346e+02,-8.792882623007906773e+01
4.665802617187500232e+02,-9.005396663902224930e+01
4.665805546875000118e+02,-9.327911718058621204e+01
4.665808476562500005e+02,-9.448577179541774740e+01
4.665811406249999891e+02,-9.612993427281804770e+01
4.665814335937500346e+02,-9.698567945043576799e+01
4.665817265625000232e+02,-9.953714615808932820e+01
4.665820195312500118e+02,-9.921676389322819034e+01
4.665823125000000005e+02,-9.233409656453164871e+01
4.665826054687499891e+02,-9.054107477758167022e+01
4.665828984375000346e+02,-9.065089034720114114e+01
4.665831914062500232e+02,-9.151098251641616343e+01
4.665834843750000118e+02,-9.523446451718255901e+01
4.665837773437500005e+02,-9.329559826892273122e+01
4.665840703124999891e+02,-9.772258986052224827e+01
4.665843632812500346e+02,-9.759452406156339066e+01
4.665846562500000232e+02,-1.074846727587512589e+02
4.665849492187500118e+02,-9.538424491904552838e+01
4.665852421875000005e+02,-9.038348157158246465e+01
4.665855351562499891e+02,-8.993077400465331550e+01
4.665858281250000346e+02,-9.103498485183467892e+01
4.665861210937500232e+02,-9.769678181146747420e+01
4.665864140625000118e+02,-9.653297391547191353e+01
4.665867070312500005e+02,-9.312344921286907606e+01
4.665869999999999891e+02,-9.383597100940792757e+01
4.665872929687500346e+02,-9.516882850417566431e+01
4.665875859375000232e+02,-9.787203738210756399e+01
4.665878789062500118e+02,-9.277243901013676464e+01
4.665881718750000005e+02,-9.249260436919557549e+01
4.665884648437499891e+02,-9.497085435291981526e+01
4.665887578125000346e+02,-1.095752698777734508e+02
4.665890507812500232e+02,-1.008536551035236783e+02
4.665893437500000118e+02,-9.300203914866020227e+01
4.665896367187500005e+02,-1.028217808481284692e+02
4.665899296874999891e+02,-1.002196629933580425e+02
4.665902226562500346e+02,-9.945830484707170172e+01
4.665905156250000232e+02,-9.580890484948693597e+01
4.665908085937500118e+02,-1.004494327493823533e+02
4.665911015625000005e+02,-9.772075986151247662e+01
4.665913945312499891e+02,-9.710335761619933237e+01
4.665916875000000346e+02,-1.030757576824748298e+02
4.665919804687500232e+02,-1.009892018078746077e+02
4.665922734375000118e+02,-9.951797639213589264e+01
4.665925664062500005e+02,-1.251263585839456596e+02
4.665928593749999891e+02,-9.823346990011744140e+01
4.665931523437500346e+02,-1.147576951487215240e+02
4.665934453125000232e+02,-1.031894518622274859e+02
4.665937382812500118e+02,-9.913269855148827503e+01
4.665940312500000005e+02,-9.299595330026791373e+01
4.665943242187499891e+02,-1.013668468047542035e+02
4.665946171875000346e+02,-9.520411365837694007e+01
4.665949101562500232e+02,-9.025592952619311404e+01
4.665952031250000118e+02,-9.779794274935528620e+01
4.665954960937500005e+02,-1.044972278518582556e+02
4.665957890624999891e+02,-1.094393312746887403e+02
4.665960820312500346e+02,-9.763261267191388981e+01
4.665963750000000232e+02,-9.208487010048486354e+01
4.665966679687500118e+02,-8.922588701685201329e+01
4.665969609375000005e+02,-9.434092721218156896e+01
4.665972539062499891e+02,-9.050275093696379258e+01
4.665975468750000346e+02,-8.552198669203924908e+01
4.665978398437500232e+02,-8.756957456345291746e+01
4.665981328125000118e+02,-9.248819589378817341e+01
4.665984257812500005e+02,-1.056136429197851356e+02
4.665987187499999891e+02,-9.906041275394781565e+01
4.665990117187500346e+02,-9.386829868462605475e+01
4.665993046875000232e+02,-9.609339192947972208e+01
4.665995976562500118e+02,-1.018290242496015310e+02
4.665998906250000005e+02,-9.182374206642670345e+01
4.666001835937499891e+02,-8.563401231904225597e+01
4.666004765625000346e+02,-8.582831414721371743e+01
4.666007695312500232e+02,-8.774128050772317522e+01
4.666010625000000118e+02,-1.017329499800950998e+02
4.666013554687500005e+02,-1.162194782519217426e+02
4.666016484374999891e+02,-8.965738072193968833e+01
4.666019414062500346e+02,-9.641828742787961914e+01
4.666022343750000232e+02,-9.505284933610626297e+01
4.666025273437500118e+02,-9.961835986149964128e+01
4.666028203125000005e+02,-9.075413562353104169e+01
4.666031132812499891e+02,-8.817515555926739523e+01
4.666034062500000346e+02,-8.791753565696441797e+01
4.666036992187500232e+02,-9.333749182090699037e+01
4.666039921875000118e+02,-9.344468200855673956e+01
4.666042851562500005e+02,-9.601943258045400853e+01
4.666045781249999891e+02,-9.554683311326827777e+01
4.666048710937500346e+02,-9.114674441771485647e+01
4.666051640625000232e+02,-9.101430922764238574e+01
4.666054570312500118e+02,-9.966341023423153445e+01
4.666057500000000005e+02,-1.031283656233970873e+02
4.666060429687499891e+02,-9.450891541160817155e+01
4.666063359375000346e+02,-1.019486560271552662e+02
4.666066289062500232e+02,-9.993755529568097984e+01
4.666069218750000118e+02,-1.006158214542730605e+02
4.666072148437500005e+02,-1.219668098294683887e+02
4.666075078124999891e+02,-9.353103858804315962e+01
4.666078007812500346e+02,-9.430137130387018374e+01
4.666080937500000232e+02,-9.479972378462389315e+01
4.666083867187500118e+02,-1.000579216909890334e+02
4.666086796875000005e+02,-1.002998105754011107e+02
4.666089726562499891e+02,-1.006403990436656528e+02
4.666092656250000346e+02,-1.018593122943370304e+02
4.666095585937500232e+02,-9.522262393938589753e+01
4.666098515625000118e+02,-9.353266570374920263e+01
4.666101445312500005e+02,-9.738232194133168207e+01
4.666104374999999891e+02,-1.014908507416568000e+02
4.666107304687500346e+02,-9.376543597650672268e+01
4.666110234375000232e+02,-8.997991970854391752e+01
4.666113164062500118e+02,-9.349324117893121411e+01
4.666116093750000005e+02,-1.022393242113350027e+02
4.666119023437499891e+02,-9.842213574465711190e+01
4.666121953125000346e+02,-9.760662664612418382e+01
4.666124882812500232e+02,-1.012151689585129901e+02
4.666127812500000118e+02,-9.590247327656624066e+01
4.666130742187500005e+02,-9.813057546143086540e+01
4.666133671874999891e+02,-8.994051060085644167e+01
4.666136601562500346e+02,-8.938427698463185322e+01
4.666139531250000232e+02,-1.008973278247103025e+02
4.666142460937500118e+02,-9.490537502894295585e+01
4.666145390625000005e+02,-9.677337210075771168e+01
4.666148320312499891e+02,-1.039368701988201167e+02
4.666151250000000346e+02,-9.862369094833172767e+01
4.666154179687500232e+02,-1.038919979613744573e+02
4.666157109375000118e+02,-9.788393184331370378e+01
4.666160039062500005e+02,-9.371338144175469154e+01
4.666162968749999891e+02,-8.845413867903511118e+01
4.666165898437500346e+02,-9.342693760471331643e+01
4.666168828125000232e+02,-1.033062281552591628e+02
4.666171757812500118e+02,-9.538538031583928500e+01
4.666174687500000005e+02,-9.411871065744361431e+01
4.666177617187499891e+02,-9.553536543191654573e+01
4.666180546875000346e+02,-1.002523759759896649e+02
4.666183476562500232e+02,-9.450236884105936497e+01
4.666186406250000118e+02,-9.206859652572711639e+01
4.666189335937500005e+02,-9.094956399015904935e+01
4.666192265624999891e+02,-9.698017876003956417e+01
4.666195195312500346e+02,-1.015408705059772245e+02
4.666198125000000232e+02,-9.426613245389832230e+01
4.666201054687500118e+02,-9.588424487119365835e+01
4.666203984375000005e+02,-1.017636965375693876e+02
4.666206914062499891e+02,-1.018141112047937469e+02
4.666209843750000346e+02,-9.368258400227693983e+01
4.666212773437500232e+02,-9.040995495613456967e+01
4.666215703125000118e+02,-9.278129440363275648e+01
4.666218632812500005e+02,-1.036702977368781831e+02
4.666221562499999891e+02,-9.803186381497485513e+01
4.666224492187500346e+02,-9.161271014808919233e+01
4.666227421875000232e+02,-8.993358127857840145e+01
4.666230351562500118e+02,-9.528872306051118812e+01
4.666233281250000005e+02,-1.054047530038794491e+02
4.666236210937499891e+02,-9.199884430288523163e+01
4.666239140625000346e+02,-8.938553788318964166e+01
4.666242070312500232e+02,-1.030091151015176507e+02
4.666245000000000118e+02,-9.666194650745472927e+01
4.666247929687500005e+02,-1.028970920107995681e+02
4.666250859374999891e+02,-9.689202576804156308e+01
4.666253789062500346e+02,-9.040438040695087807e+01
4.666256718750000232e+02,-9.372932340495532344e+01
4.666259648437500118e+02,-9.345657718807801473e+01
4.666262578125000005e+02,-9.007278547560161996e+01
4.666265507812499891e+02,-8.799623758271425800e+01
4.666268437500000346e+02,-9.785057879548938331e+01
4.666271367187500232e+02,-9.457813277700080334e+01
4.666274296875000118e+02,-9.670186222328800341e+01
4.666277226562500005e+02,-9.550535765585419767e+01
4.666280156249999891e+02,-8.834971517971693800e+01
4.666283085937500346e+02,-9.275500146837717352e+01
4.666286015625000232e+02,-9.485180403176318009e+01
4.666288945312500118e+02,-8.657976326387185395e+01
4.666291875000000005e+02,-8.614227036102720092e+01
4.666294804687499891e+02,-9.135992546258717084e+01
4.666297734375000346e+02,-1.044495182441854126e+02
4.666300664062500232e+02,-1.036102961475621669e+02
4.666303593750000118e+02,-9.947014512212435022e+01
4.666306523437500005e+02,-9.290863746536595613e+01
4.666309453124999891e+02,-1.031561656658118977e+02
4.666312382812500346e+02,-1.020044115722188138e+02
4.666315312500000232e+02,-8.970426597928677381e+01
4.666318242187500118e+02,-8.883460799025274923e+01
4.666321171875000005e+02,-9.286245004193997943e+01
4.666324101562499891e+02,-9.371526064214556584e+01
4.666327031250000346e+02,-9.124830656099028658e+01
4.666329960937500232e+02,-9.535082135852464091e+01
4.666332890625000118e+02,-9.584173581404685649e+01
4.666335820312500005e+02,-9.606238880225004095e+01
4.666338749999999891e+02,-1.030262684208136648e+02
4.666341679687500346e+02,-9.214389731170200548e+01
4.666344609375000232e+02,-9.549208755756133371e+01
4.666347539062500118e+02,-1.142691292995747006e+02
4.666350468750000005e+02,-9.623866297933156488e+01
4.666353398437499891e+02,-9.124490786641976570e+01
4.666356328125000346e+02,-9.265258056926789720e+01
4.666359257812500232e+02,-9.016047116499328240e+01
4.666362187500000118e+02,-8.765436638662187363e+01
4.666365117187500005e+02,-9.980831503845968200e+01
4.666368046874999891e+02,-9.328779121988799261e+01
4.666370976562500346e+02,-9.527134777179375646e+01
4.666373906250000232e+02,-9.719058799806870752e+01
4.666376835937500118e+02,-9.587309666218281734e+01
4.666379765625000005e+02,-9.445572511940511617e+01
4.666382695312499891e+02,-1.114676488415086624e+02
4.666385625000000346e+02,-9.127573672294462881e+01
4.666388554687500232e+02,-8.697873035901714900e+01
4.666391484375000118e+02,-9.120036324947642470e+01
4.666394414062500005e+02,-9.332478211887439556e+01
4.666397343749999891e+02,-8.874426264110942952e+01
4.666400273437500346e+02,-9.108829920068579611e+01
4.666403203125000232e+02,-9.347275412748626877e+01
4.666406132812500118e+02,-1.017589384986795977e+02
4.666409062500000005e+02,-9.148029329314333324e+01
4.666411992187499891e+02,-8.846200106667878060e+01
4.666414921875000346e+02,-9.149462134408963720e+01
4.666417851562500232e+02,-9.132278577966290811e+01
4.666420781250000118e+02,-9.720934837704790255e+01
4.666423710937500005e+02,-8.991223906098979057e+01
4.666426640624999891e+02,-9.118349302139078816e+01
4.666429570312500346e+02,-9.157658977596409500e+01
4.666432500000000232e+02,-1.059497281507199773e+02
4.666435429687500118e+02,-8.878860296116636164e+01
4.666438359375000005e+02,-8.777269681718117056e+01
4.666441289062499891e+02,-9.561280534690237687e+01
4.666444218750000346e+02,-1.022909502885430868e+02
4.666447148437500232e+02,-9.357219896384178526e+01
4.666450078125000118e+02,-8.827741103614235385e+01
4.666453007812500005e+02,-9.209513523709372862e+01
4.666455937499999891e+02,-9.158534962743702579e+01
4.666458867187500346e+02,-9.584426930823343582e+01
4.666461796875000232e+02,-8.987004886735100229e+01
4.666464726562500118e+02,-8.740465234001919725e+01
4.666467656250000005e+02,-8.643881747418696193e+01
4.666470585937499891e+02,-9.238978351443128645e+01
4.666473515625000346e+02,-9.711125961216488633e+01
4.666476445312500232e+02,-8.957516870956580135e+01
4.666479375000000118e+02,-9.383098773761847156e+01
4.666482304687500005e+02,-9.368605980706591652e+01
4.666485234374999891e+02,-9.166919725893117743e+01
4.666488164062500346e+02,-9.819124010326420660e+01
4.666491093750000232e+02,-9.582330160984417944e+01
4.666494023437500118e+02,-8.917705937233087354e+01
4.666496953125000005e+02,-9.012176338534789011e+01
4.666499882812499891e+02,-9.413626336421887686e+01
4.666502812500000346e+02,-9.093023921209761795e+01
4.666505742187500232e+02,-9.805144809459129362e+01
4.666508671875000118e+02,-9.747640168177385078e+01
4.666511601562500005e+02,-9.591396301455702655e+01
4.666514531249999891e+02,-9.677459761090980805e+01
4.666517460937500346e+02,-9.301067515027895638e+01
4.666520390625000232e+02,-1.001211852490014849e+02
4.666523320312500118e+02,-9.287825854674622406e+01
4.666526250000000005e+02,-1.046134419866498746e+02
4.666529179687499891e+02,-9.717530040993685247e+01
4.666532109375000346e+02,-1.052143766277281003e+02
4.666535039062500232e+02,-9.704554020963755079e+01
4.666537968750000118e+02,-1.009604705347159097e+02
4.666540898437500005e+02,-9.949999848174005024e+01
4.666543828124999891e+02,-9.102157220640458490e+01
4.666546757812500346e+02,-9.252451999332997445e+01
4.666549687500000232e+02,-9.288465335475774509e+01
4.666552617187500118e+02,-9.548383333181460841e+01
4.666555546875000005e+02,-9.262978076758143686e+01
4.666558476562499891e+02,-1.007711219349650236e+02
4.666561406250000346e+02,-9.561128004179794004e+01
4.666564335937500232e+02,-9.438411288829334467e+01
4.666567265625000118e+02,-9.719543538447260289e+01
4.666570195312500005e+02,-9.033269816481245584e+01
4.666573124999999891e+02,-8.883576295723534599e+01
4.666576054687500346e+02,-9.016750621157885348e+01
4.666578984375000232e+02,-8.970266793286860718e+01
4.666581914062500118e+02,-9.396370042517889942e+01
4.666584843750000005e+02,-9.194641198685836514e+01
4.666587773437499891e+02,-1.039531837375429859e+02
4.666590703125000346e+02,-9.515103057784207863e+01
4.666593632812500232e+02,-1.004960953290605516e+02
4.666596562500000118e+02,-9.177286398731752115e+01
4.666599492187500005e+02,-8.737650112067805708e+01
4.666602421874999891e+02,-8.715313286703545259e+01
4.666605351562500346e+02,-8.722510322953743866e+01
4.666608281250000232e+02,-9.024115230189353554e+01
4.666611210937500118e+02,-9.223346452253581162e+01
4.666614140625000005e+02,-9.446695705428635392e+01
4.666617070312499891e+02,-9.088086456804363422e+01
4.666620000000000346e+02,-1.005667055547537672e+02
4.666622929687500232e+02,-1.083799061608863781e+02
4.666625859375000118e+02,-1.032614374221298021e+02
4.666628789062500005e+02,-9.284952482522442097e+01
4.666631718749999891e+02,-9.155186771982980076e+01
4.666634648437500346e+02,-9.679577962067992303e+01
4.666637578125000232e+02,-8.935048083538285368e+01
4.666640507812500118e+02,-9.728044472233460738e+01
4.666643437500000005e+02,-9.834264705141401919e+01
4.666646367187499891e+02,-9.992993965756225805e+01
4.666649296875000346e+02,-9.390666082865571695e+01
4.666652226562500232e+02,-9.324025325847460977e+01
4.666655156250000118e+02,-9.803727758285043592e+01
4.666658085937500005e+02,-9.440028560540949343e+01
4.666661015624999891e+02,-1.024855663180505303e+02
4.666663945312500346e+02,-1.007954491882113359e+02
4.666666875000000232e+02,-1.102057323349690137e+02
4.666669804687500118e+02,-9.486383023575426421e+01
4.666672734375000005e+02,-9.747039408842147168e+01
4.666675664062499891e+02,-9.243306006106135442e+01
4.666678593750000346e+02,-8.894980812604504194e+01
4.666681523437500232e+02,-9.109635665945852168e+01
4.666684453125000118e+02,-1.016975215297400723e+02
4.666687382812500005e+02,-9.810649964063128436e+01
4.666690312499999891e+02,-1.008350222978579325e+02
4.666693242187500346e+02,-9.159272408116191855e+01
4.666696171875000232e+02,-9.872224152356108107e+01
4.666699101562500118e+02,-9.028192445340388872e+01
4.666702031250000005e+02,-9.826241053750231913e+01
4.666704960937499891e+02,-8.969363600904520695e+01
4.666707890625000346e+02,-8.966661145141485179e+01
4.666710820312500232e+02,-9.912547843040175621e+01
4.666713750000000118e+02,-1.066682335723784547e+02
4.666716679687500005e+02,-1.007258641066483449e+02
4.666719609374999891e+02,-9.367681260188616932e+01
4.666722539062500346e+02,-1.153768767487443085e+02
4.666725468750000232e+02,-9.049336091968356754e+01
4.666728398437500118e+02,-9.333963302302906584e+01
4.666731328125000005e+02,-9.893322928784853332e+01
4.666734257812499891e+02,-1.012375554083817519e+02
4.666737187500000346e+02,-9.490298581288820401e+01
4.666740117187500232e+02,-9.798369505286805747e+01
4.666743046875000118e+02,-9.513300351662961418e+01
4.666745976562500005e+02,-9.606676594399962710e+01
4.666748906249999891e+02,-9.910336915745548936e+01
4.666751835937500346e+02,-9.425175109621307001e+01
4.666754765625000232e+02,-9.359894700265813583e+01
4.666757695312500118e+02,-1.012228745934799576e+02
4.666760625000000005e+02,-9.489392926830880981e+01
4.666763554687499891e+02,-9.784607347424764612e+01
4.666766484375000346e+02,-1.053716482306090256e+02
4.666769414062500232e+02,-1.059772233832208883e+02
4.666772343750000118e+02,-1.121297753390064003e+02
4.666775273437500005e+02,-9.693380506155685339e+01
4.666778203124999891e+02,-1.004239976708417572e+02
4.666781132812500346e+02,-1.045221518110336945e+02
4.666784062500000232e+02,-1.032083869391228035e+02
4.666786992187500118e+02,-9.587296314846352630e+01
4.666789921875000005e+02,-9.780746807632341699e+01
4.666792851562499891e+02,-9.740122130807121437e+01
4.666795781250000346e+02,-9.990253931177983304e+01
4.666798710937500232e+02,-1.063329296184536759e+02
4.666801640625000118e+02,-9.500715628320456574e+01
4.666804570312500005e+02,-9.938538452601807194e+01
4.666807499999999891e+02,-1.004555639558100069e+02
4.666810429687500346e+02,-1.036194093709263200e+02
4.666813359375000232e+02,-9.394533731100008822e+01
4.666816289062500118e+02,-9.791482600818874005e+01
4.666819218750000005e+02,-1.005316971463522862e+02
4.666822148437499891e+02,-9.692003793316615656e+01
4.666825078125000346e+02,-9.262568987467714976e+01
4.666828007812500232e+02,-9.329028229604163869e+01
4.666830937500000118e+02,-9.024001232075735857e+01
4.666833867187500005e+02,-9.980108980601369240e+01
4.666836796874999891e+02,-1.112046702268735743e+02
4.666839726562500346e+02,-9.946678059691079454e+01
4.666842656250000232e+02,-1.037784818835446146e+02
4.666845585937500118e+02,-1.028045176694947713e+02
4.666848515625000005e+02,-9.709321505500838612e+01
4.666851445312499891e+02,-9.136139698977389401e+01
4.666854375000000346e+02,-9.435832255479067499e+01
4.666857304687500232e+02,-9.117884690539793269e+01
4.666860234375000118e+02,-9.502397887228524098e+01
4.666863164062500005e+02,-1.023278241453433566e+02
4.666866093749999891e+02,-9.175377006675317659e+01
4.666869023437500346e+02,-9.530305534369931308e+01
4.666871953125000232e+02,-9.982248706336912392e+01
4.666874882812500118e+02,-9.960584196042256622e+01
4.666877812500000005e+02,-9.873302292618745923e+01
4.666880742187499891e+02,-9.410202946753000219e+01
4.666883671875000346e+02,-9.859071752016909329e+01
4.666886601562500232e+02,-9.377827302866903381e+01
4.666889531250000118e+02,-9.373124346000653873e+01
4.666892460937500005e+02,-8.835530055565092766e+01
4.666895390624999891e+02,-8.686380008566374045e+01
4.666898320312500346e+02,-1.005009564967507174e+02
4.666901250000000232e+02,-9.132490239465360560e+01
4.666904179687500118e+02,-9.487830975934707567e+01
4.666907109375000005e+02,-9.386925208807291199e+01
4.666910039062499891e+02,-9.825264300629706327e+01
4.666912968750000346e+02,-9.595370767566342352e+01
4.666915898437500232e+02,-9.268975789742310667e+01
4.666918828125000118e+02,-8.841432986723107490e+01
4.666921757812500005e+02,-8.561916039109503629e+01
4.666924687499999891e+02,-9.490395156606579974e+01
4.666927617187500346e+02,-8.824989245729527454e+01
4.666930546875000232e+02,-8.566745559581954694e+01
4.666933476562500118e+02,-9.859793642664035929e+01
4.666936406250000005e+02,-9.926689800245087270e+01
4.666939335937499891e+02,-9.938709181029743434e+01
4.666942265625000346e+02,-8.852811027649416076e+01
4.666945195312500232e+02,-8.746768294869752935e+01
4.666948125000000118e+02,-8.653778462075825928e+01
4.666951054687500005e+02,-9.568371466667896641e+01
4.666953984374999891e+02,-9.061239567175047682e+01
4.666956914062500346e+02,-8.945085688938320345e+01
4.666959843750000232e+02,-9.095803352746830228e+01
4.666962773437500118e+02,-9.303006087859856166e+01
4.666965703125000005e+02,-1.000905929598720263e+02
4.666968632812499891e+02,-8.883722145474098397e+01
4.666971562500000346e+02,-8.933389653686117526e+01
4.666974492187500232e+02,-9.063829429056846720e+01
4.666977421875000118e+02,-9.491985527711824489e+01
4.666980351562500005e+02,-9.665863120529675712e+01
4.666983281249999891e+02,-9.311244169150215555e+01
4.666986210937500346e+02,-9.023597133678171645e+01
4.666989140625000232e+02,-8.872801954754903875e+01
4.666992070312500118e+02,-9.428013432865368770e+01
4.666995000000000005e+02,-9.278462630971117164e+01
4.666997929687499891e+02,-9.177318204448656047e+01
4.667000859375000346e+02,-9.756367943734181836e+01
4.667003789062500232e+02,-1.186731173903980476e+02
4.667006718750000118e+02,-1.000095191974359352e+02
4.667009648437500005e+02,-9.671344210569284883e+01
4.667012578124999891e+02,-9.309945425262064589e+01
4.667015507812500346e+02,-9.124841821437500755e+01
4.667018437500000232e+02,-9.393947267062280559e+01
4.667021367187500118e+02,-8.931932868789900226e+01
4.667024296875000005e+02,-9.106553958405699234e+01
4.667027226562499891e+02,-1.001017819725746278e+02
4.667030156250000346e+02,-9.930821993125789504e+01
4.667033085937500232e+02,-1.092718523058082951e+02
4.667036015625000118e+02,-8.894786871575922760e+01
4.667038945312500005e+02,-8.822739101368723880e+01
4.667041874999999891e+02,-9.667800861762499665e+01
4.667044804687500346e+02,-1.024630351062054103e+02
4.667047734375000232e+02,-9.310843718210927022e+01
4.667050664062500118e+02,-9.299810229934961114e+01
4.667053593750000005e+02,-9.924322306401465710e+01
4.667056523437499891e+02,-9.421105358147701736e+01
4.667059453125000346e+02,-9.811485671753423787e+01
4.667062382812500232e+02,-9.041147704647762851e+01
4.667065312500000118e+02,-8.874631659777062964e+01
4.667068242187500005e+02,-9.839527021245115179e+01
4.667071171874999891e+02,-9.567139710193914937e+01
4.667074101562500346e+02,-9.144496852478029325e+01
4.667077031250000232e+02,-9.054093268712989584e+01
4.667079960937500118e+02,-9.901220607203582347e+01
4.667082890625000005e+02,-9.189066169607406209e+01
4.667085820312499891e+02,-9.125383133357287591e+01
4.667088750000000346e+02,-9.687395965422915367e+01
4.667091679687500232e+02,-9.060808910753416967e+01
4.667094609375000118e+02,-9.636489491126319251e+01
4.667097539062500005e+02,-9.206158170974700283e+01
4.667100468749999891e+02,-9.554899913983010151e+01
4.667103398437500346e+02,-9.115530720166600531e+01
4.667106328125000232e+02,-9.331778177664693885e+01
4.667109257812500118e+02,-9.093439490954317250e+01
4.667112187500000005e+02,-8.934334894478922706e+01
4.667115117187499891e+02,-9.347635232032361330e+01
4.667118046875000346e+02,-1.056002911745018622e+02
4.667120976562500232e+02,-9.450887100220856496e+01
4.667123906250000118e+02,-9.407156119098344504e+01
4.667126835937500005e+02,-9.088909014508423923e+01
4.667129765624999891e+02,-9.387581341141624591e+01
4.667132695312500346e+02,-9.876003601207645488e+01
4.667135625000000232e+02,-9.362600282610753766e+01
4.667138554687500118e+02,-8.983337133334593716e+01
4.667141484375000005e+02,-8.910220628395569520e+01
4.667144414062499891e+02,-9.400800281792028557e+01
4.667147343750000346e+02,-9.247281946558072718e+01
4.667150273437500232e+02,-9.716920323773335610e+01
4.667153203125000118e+02,-1.000897847687525797e+02
4.667156132812500005e+02,-9.455739612140517636e+01
4.667159062499999891e+02,-9.470580426946098385e+01
4.667161992187500346e+02,-1.023421149536745958e+02
4.667164921875000232e+02,-9.382138994883193561e+01
4.667167851562500118e+02,-8.709502784489492910e+01
4.667170781250000005e+02,-8.711745504766795989e+01
4.667173710937499891e+02,-9.340107193089838233e+01
4.667176640625000346e+02,-9.059771202139319257e+01
4.667179570312500232e+02,-9.180539651162270331e+01
4.667182500000000118e+02,-9.513623525469040487e+01
4.667185429687500005e+02,-1.009064436301090666e+02
4.667188359374999891e+02,-9.964049446595082316e+01
4.667191289062500346e+02,-9.517758986400866661e+01
4.667194218750000232e+02,-9.727903571939560834e+01
4.667197148437500118e+02,-9.697127024700023412e+01
4.667200078125000005e+02,-1.023743508853151098e+02
4.667203007812499891e+02,-1.001422575200291334e+02
4.667205937500000346e+02,-1.041258972986715179e+02
4.667208867187500232e+02,-9.844584593051484944e+01
4.667211796875000118e+02,-9.913217034485691670e+01
4.667214726562500005e+02,-9.878530291067924907e+01
4.667217656249999891e+02,-9.002012510294223091e+01
4.667220585937500346e+02,-8.922264377822756387e+01
4.667223515625000232e+02,-9.347501783383162888e+01
4.667226445312500118e+02,-1.123862159630336919e+02
4.667229375000000005e+02,-9.482983150832630770e+01
4.667232304687499891e+02,-9.589830892838580212e+01
4.667235234375000346e+02,-9.736834587948949604e+01
4.667238164062500232e+02,-9.591445128233567630e+01
4.667241093750000118e+02,-9.615023656951761666e+01
4.667244023437500005e+02,-9.100278791083391638e+01
4.667246953124999891e+02,-8.902228589267841130e+01
4.667249882812500346e+02,-8.781453637079840746e+01
4.667252812500000232e+02,-8.982641147570041085e+01
4.667255742187500118e+02,-9.617617506637868985e+01
4.667258671875000005e+02,-9.322054469579497038e+01
4.667261601562499891e+02,-9.457593375644950129e+01
4.667264531250000346e+02,-9.596449940008642443e+01
4.667267460937500232e+02,-9.466068637165960808e+01
4.667270390625000118e+02,-8.989551748597180847e+01
4.667273320312500005e+02,-9.082432494510840115e+01
4.667276249999999891e+02,-8.891088718672405378e+01
4.667279179687500346e+02,-8.670974029577486419e+01
4.667282109375000232e+02,-9.225646176131650122e+01
4.667285039062500118e+02,-9.905023854873400069e+01
4.667287968750000005e+02,-1.036873332032117645e+02
4.667290898437499891e+02,-9.009487806888949990e+01
4.667293828125000346e+02,-8.581244928807595329e+01
4.667296757812500232e+02,-8.981605982384040487e+01
4.667299687500000118e+02,-9.405357692734963848e+01
4.667302617187500005e+02,-9.567436106479266300e+01
4.667305546874999891e+02,-8.991393288014467089e+01
4.667308476562500346e+02,-9.020848901218820970e+01
4.667311406250000232e+02,-9.432372869604381549e+01
4.667314335937500118e+02,-9.003095256256104051e+01
4.667317265625000005e+02,-9.803360400753662418e+01
4.667320195312499891e+02,-8.662942750911795997e+01
4.667323125000000346e+02,-8.921969050954209024e+01
4.667326054687500232e+02,-9.733084760742302421e+01
4.667328984375000118e+02,-8.789620457456734925e+01
4.667331914062500005e+02,-1.200119147848667183e+02
4.667334843749999891e+02,-9.415651891990168565e+01
4.667337773437500346e+02,-1.003224801705508753e+02
4.667340703125000232e+02,-9.638323119434845410e+01
4.667343632812500118e+02,-9.138997845108791296e+01
4.667346562500000005e+02,-8.705175198476669607e+01
4.667349492187499891e+02,-8.985150480241942716e+01
4.667352421875000346e+02,-8.978203169970305453e+01
4.667355351562500232e+02,-8.515761159807516378e+01
4.667358281250000118e+02,-9.001954049270946712e+01
4.667361210937500005e+02,-9.905419202472612028e+01
4.667364140624999891e+02,-9.304960142315239580e+01
4.667367070312500346e+02,-9.840821807793766141e+01
4.667370000000000232e+02,-9.228235070661845896e+01
4.667372929687500118e+02,-8.942565574157777064e+01
4.667375859375000005e+02,-9.061172200469982840e+01
4.667378789062499891e+02,-8.989912464538156200e+01
4.667381718750000346e+02,-8.625177205036415273e+01
4.667384648437500232e+02,-9.084523263468838650e+01
4.667387578125000118e+02,-9.451849173525900483e+01
4.667390507812500005e+02,-8.805603955638771652e+01
4.667393437499999891e+02,-9.409517844541227305e+01
4.667396367187500346e+02,-9.478602368206908579e+01
4.667399296875000232e+02,-9.655604448734527523e+01
4.667402226562500118e+02,-1.144766401306074641e+02
4.667405156250000005e+02,-9.383921801998461376e+01
4.667408085937499891e+02,-8.990755094901874145e+01
4.667411015625000346e+02,-9.516099516986983531e+01
4.667413945312500232e+02,-9.943771171475538040e+01
4.667416875000000118e+02,-8.705711141975356782e+01
4.667419804687500005e+02,-9.218324353421989770e+01
4.667422734374999891e+02,-9.352064777299604259e+01
4.667425664062500346e+02,-9.000991211223882260e+01
4.667428593750000232e+02,-9.591888106253989577e+01
4.667431523437500118e+02,-9.599467145525136402e+01
4.667434453125000005e+02,-9.379659669803764643e+01
4.667437382812499891e+02,-1.008306482371621513e+02
4.667440312500000346e+02,-9.374436827718696463e+01
4.667443242187500232e+02,-9.601752259718290361e+01
4.667446171875000118e+02,-1.000452894634749867e+02
4.667449101562500005e+02,-9.514702746502973696e+01
4.667452031249999891e+02,-9.016576643724857831e+01
4.667454960937500346e+02,-9.759709552969361823e+01
4.667457890625000232e+02,-9.059394318546137015e+01
4.667460820312500118e+02,-9.280246757488440323e+01
4.667463750000000005e+02,-1.003603204201264703e+02
4.667466679687499891e+02,-9.694102974046941767e+01
4.667469609375000346e+02,-1.056969961468073791e+02
4.667472539062500232e+02,-9.378460623370033034e+01
4.667475468750000118e+02,-9.432005302643037226e+01
4.667478398437500005e+02,-9.364755673148852111e+01
4.667481328124999891e+02,-9.431937459076023345e+01
4.667484257812500346e+02,-9.363015648094747689e+01
4.667487187500000232e+02,-9.168077473167217306e+01
4.667490117187500118e+02,-1.080352602192913167e+02
4.667493046875000005e+02,-1.030348678342554223e+02
4.667495976562499891e+02,-9.654053121828594897e+01
4.667498906250000346e+02,-9.150636923824642111e+01
4.667501835937500232e+02,-8.761443364266173717e+01
4.667504765625000118e+02,-9.483930109534553310e+01
4.667507695312500005e+02,-1.030798379543357726e+02
4.667510624999999891e+02,-9.491766322070468220e+01
4.667513554687500346e+02,-9.657956742313508869e+01
4.667516484375000232e+02,-1.000144313433126513e+02
4.667519414062500118e+02,-1.031463900300931869e+02
4.667522343750000005e+02,-9.411932270553666058e+01
4.667525273437499891e+02,-8.860816185270221013e+01
4.667528203125000346e+02,-8.676826411254710081e+01
4.667531132812500232e+02,-8.977561226951634410e+01
4.667534062500000118e+02,-9.327224168023768414e+01
4.667536992187500005e+02,-1.084737064949469527e+02
4.667539921874999891e+02,-1.109264877675781236e+02
4.667542851562500346e+02,-9.679538812305122519e+01
4.667545781250000232e+02,-1.034547409069615043e+02
4.667548710937500118e+02,-9.744921991549431084e+01
4.667551640625000005e+02,-9.365651764239542842e+01
4.667554570312499891e+02,-9.025672365086950322e+01
4.667557500000000346e+02,-9.210102365456238260e+01
4.667560429687500232e+02,-9.049010361233150945e+01
4.667563359375000118e+02,-9.101435881906130021e+01
4.667566289062500005e+02,-9.669640024400685263e+01
4.667569218749999891e+02,-9.834347899786855862e+01
4.667572148437500346e+02,-1.087940435205228482e+02
4.667575078125000232e+02,-9.593675670429989566e+01
4.667578007812500118e+02,-9.455054180771510630e+01
4.667580937500000005e+02,-1.067086480278423437e+02
4.667583867187499891e+02,-1.042768290635544872e+02
4.667586796875000346e+02,-9.073784023119952735e+01
4.667589726562500232e+02,-8.841881944583134612e+01
4.667592656250000118e+02,-9.813335380075659486e+01
4.667595585937500005e+02,-9.008398706423449198e+01
4.667598515624999891e+02,-9.520772762700538294e+01
4.667601445312500346e+02,-1.030796800281936214e+02
4.667604375000000232e+02,-9.394709589450123133e+01
4.667607304687500118e+02,-1.018273559747863146e+02
4.667610234375000005e+02,-9.834463099445771661e+01
4.667613164062499891e+02,-8.959372662523719555e+01
4.667616093750000346e+02,-8.824951023073444389e+01
4.667619023437500232e+02,-9.951565696438339614e+01
4.667621953125000118e+02,-9.028791978308687760e+01
4.667624882812500005e+02,-1.142713552914163415e+02
4.667627812499999891e+02,-9.266973558398677824e+01
4.667630742187500346e+02,-9.221714894868657098e+01
4.667633671875000232e+02,-9.948785420552493974e+01
4.667636601562500118e+02,-9.345878356591313718e+01
4.667639531250000005e+02,-8.781353051606053839e+01
4.667642460937499891e+02,-8.793014978517362579e+01
4.667645390625000346e+02,-1.014728846497264385e+02
4.667648320312500232e+02,-9.155187231857723873e+01
4.667651250000000118e+02,-9.493574476528264938e+01
4.667654179687500005e+02,-9.915946230598871125e+01
4.667657109374999891e+02,-1.063611230886293697e+02
4.667660039062500346e+02,-1.059604693199030123e+02
4.667662968750000232e+02,-9.272945312744784019e+01
4.667665898437500118e+02,-9.190066456090393388e+01
4.667668828125000005e+02,-9.331192791224790994e+01
4.667671757812499891e+02,-9.667895372687860345e+01
4.667674687500000346e+02,-9.262418720011197593e+01
4.667677617187500232e+02,-9.645630913795579886e+01
4.667680546875000118e+02,-9.878651640500164888e+01
4.667683476562500005e+02,-9.696169257883542514e+01
4.667686406249999891e+02,-9.617036127862105843e+01
4.667689335937500346e+02,-9.853380591197114313e+01
4.667692265625000232e+02,-9.605581816048838562e+01
4.667695195312500118e+02,-9.347337664303375959e+01
4.667698125000000005e+02,-9.024637094958984562e+01
4.667701054687499891e+02,-9.534512904214197704e+01
4.667703984375000346e+02,-1.087177080008347474e+02
4.667706914062500232e+02,-9.715241873064555023e+01
4.667709843750000118e+02,-9.526495614273176216e+01
4.667712773437500005e+02,-9.437598112783534532e+01
4.667715703124999891e+02,-1.009546794631909279e+02
4.667718632812500346e+02,-9.760631787927287917e+01
4.667721562500000232e+02,-1.012144334901891938e+02
4.667724492187500118e+02,-9.831294229284146979e+01
4.667727421875000005e+02,-1.000026183720782882e+02
4.667730351562499891e+02,-9.279983685763045287e+01
4.667733281250000346e+02,-9.667114202320428262e+01
4.667736210937500232e+02,-9.445462022307218319e+01
4.667739140625000118e+02,-8.909670848569994916e+01
4.667742070312500005e+02,-9.540120965577148127e+01
4.667744999999999891e+02,-1.102201713540724057e+02
4.667747929687500346e+02,-9.516333169865391994e+01
4.667750859375000232e+02,-1.025146116305980399e+02
4.667753789062500118e+02,-1.050265495470939641e+02
4.667756718750000005e+02,-9.182854945562694127e+01
4.667759648437499891e+02,-9.786755866405775350e+01
4.667762578125000346e+02,-1.013512663877161089e+02
4.667765507812500232e+02,-8.921059779816516766e+01
4.667768437500000118e+02,-9.089958548505788372e+01
4.667771367187500005e+02,-1.000489364469394502e+02
4.667774296874999891e+02,-9.857181142899867154e+01
4.667777226562500346e+02,-9.911751392142858208e+01
4.667780156250000232e+02,-1.123191355695597053e+02
4.667783085937500118e+02,-8.728579181659009123e+01
4.667786015625000005e+02,-8.859073610089460260e+01
4.667788945312499891e+02,-1.012178608957035664e+02
4.667791875000000346e+02,-9.470903670575739852e+01
4.667794804687500232e+02,-8.840173274492559585e+01
4.667797734375000118e+02,-8.780671434668946063e+01
4.667800664062500005e+02,-8.622887782133241785e+01
4.667803593749999891e+02,-9.447246464034495261e+01
4.667806523437500346e+02,-9.515424443564731405e+01
4.667809453125000232e+02,-8.629470482888049787e+01
4.667812382812500118e+02,-8.738931604183845536e+01
4.667815312500000005e+02,-9.591211491299529257e+01
4.667818242187499891e+02,-8.908285648086089736e+01
4.667821171875000346e+02,-8.893482292608454998e+01
4.667824101562500232e+02,-9.465069643774226904e+01
4.667827031250000118e+02,-9.422590154545446239e+01
4.667829960937500005e+02,-9.679583766662290145e+01
4.667832890624999891e+02,-9.129247244051100552e+01
4.667835820312500346e+02,-8.620879729848786610e+01
4.667838750000000232e+02,-8.797617357744093169e+01
4.667841679687500118e+02,-9.579658145443998762e+01
4.667844609375000005e+02,-1.063576872503528961e+02
4.667847539062499891e+02,-9.142654098621494541e+01
4.667850468750000346e+02,-9.663358791780336787e+01
4.667853398437500232e+02,-9.623717471496070175e+01
4.667856328125000118e+02,-9.433285682552848073e+01
4.667859257812500005e+02,-9.892538226305396165e+01
4.667862187499999891e+02,-9.183583148603894131e+01
4.667865117187500346e+02,-9.169792354317004879e+01
4.667868046875000232e+02,-9.800776722611793446e+01
4.667870976562500118e+02,-9.260763514230293936e+01
4.667873906250000005e+02,-8.923879061831001991e+01
4.667876835937499891e+02,-9.881017228501454497e+01
4.667879765625000346e+02,-9.648631110662421406e+01
4.667882695312500232e+02,-9.615507670810424656e+01
4.667885625000000118e+02,-9.786861723722901729e+01
4.667888554687500005e+02,-9.279177352335851481e+01
4.667891484374999891e+02,-9.592254720224804032e+01
4.667894414062500346e+02,-8.994465678043650314e+01
4.667897343750000232e+02,-9.128563199427617292e+01
4.667900273437500118e+02,-9.058301690000331519e+01
4.667903203125000005e+02,-1.055266284983850369e+02
4.667906132812499891e+02,-8.768419210510731432e+01
4.667909062500000346e+02,-8.785932894187746456e+01
4.667911992187500232e+02,-9.433010448596549224e+01
4.667914921875000118e+02,-9.724105273555487372e+01
4.667917851562500005e+02,-9.596586755899119225e+01
4.667920781249999891e+02,-8.596850652780989321e+01
4.667923710937500346e+02,-8.822409445260825578e+01
4.667926640625000232e+02,-8.659737031402706009e+01
4.667929570312500118e+02,-9.107909885634288116e+01
4.667932500000000005e+02,-9.091896114495752101e+01
4.667935429687499891e+02,-9.253639382122797485e+01
4.667938359375000346e+02,-9.673022647277275610e+01
4.667941289062500232e+02,-9.183574437860137607e+01
4.667944218750000118e+02,-9.378113536498355529e+01
4.667947148437500005e+02,-8.625008085347954534e+01
4.667950078124999891e+02,-8.651535285706182776e+01
4.667953007812500346e+02,-1.022457790749983673e+02
4.667955937500000232e+02,-9.187329163438408841e+01
4.667958867187500118e+02,-9.365569158632638391e+01
4.667961796875000005e+02,-8.842495825117639185e+01
4.667964726562499891e+02,-9.072148992647296950e+01
4.667967656250000346e+02,-9.453329075250776725e+01
4.667970585937500232e+02,-9.336663789619368004e+01
4.667973515625000118e+02,-8.499833262658846422e+01
4.667976445312500005e+02,-8.692799083999076970e+01
4.667979374999999891e+02,-9.759100624875550523e+01
4.667982304687500346e+02,-9.339346852186235992e+01
4.667985234375000232e+02,-8.898156141598299484e+01
4.667988164062500118e+02,-8.977170988237254790e+01
4.667991093750000005e+02,-9.508705715265205072e+01
4.667994023437499891e+02,-1.009014538251894777e+02
4.667996953125000346e+02,-9.186143155858873399e+01
4.667999882812500232e+02,-9.163130950388958240e+01
4.668002812500000118e+02,-1.007835182821733895e+02
4.668005742187500005e+02,-9.710413241244611982e+01
4.668008671874999891e+02,-9.532265687199247850e+01
4.668011601562500346e+02,-9.222809463815903541e+01
4.668014531250000232e+02,-9.913790981612650910e+01
4.668017460937500118e+02,-9.356174795901098662e+01
4.668020390625000005e+02,-8.673327483707021202e+01
4.668023320312499891e+02,-8.393534697590077087e+01
4.668026250000000346e+02,-8.932162596092123863e+01
4.668029179687500232e+02,-1.016532122353351753e+02
4.668032109375000118e+02,-9.871069957073561341e+01
4.668035039062500005e+02,-9.123740788996960305e+01
4.668037968749999891e+02,-8.639968636879402197e+01
4.668040898437500346e+02,-1.002450848717355427e+02
4.668043828125000232e+02,-1.001607167904709002e+02
4.668046757812500118e+02,-8.729157769974628422e+01
4.668049687500000005e+02,-8.429431597341579163e+01
4.668052617187499891e+02,-8.857709919554250177e+01
4.668055546875000346e+02,-9.307482836129420889e+01
4.668058476562500232e+02,-8.868847725041936769e+01
4.668061406250000118e+02,-1.067424854520113513e+02
4.668064335937500005e+02,-9.072577534557797208e+01
4.668067265624999891e+02,-9.503656544714651488e+01
4.668070195312500346e+02,-1.038944577190085425e+02
4.668073125000000232e+02,-9.411535926085267079e+01
4.668076054687500118e+02,-8.826296025875120677e+01
4.668078984375000005e+02,-8.705692546620740302e+01
4.668081914062499891e+02,-9.129793499416467739e+01
4.668084843750000346e+02,-9.281186750723230716e+01
4.668087773437500232e+02,-9.667185675504273945e+01
4.668090703125000118e+02,-9.108439980303585060e+01
4.668093632812500005e+02,-9.706453798031766667e+01
4.668096562499999891e+02,-1.023116546217282234e+02
4.668099492187500346e+02,-1.032239495217250465e+02
4.668102421875000232e+02,-1.017384145284253520e+02
4.668105351562500118e+02,-9.104695306371627339e+01
4.668108281250000005e+02,-9.599438238557640091e+01
4.668111210937499891e+02,-1.099769556276394553e+02
4.668114140625000346e+02,-1.004222677181844574e+02
4.668117070312500232e+02,-9.374873722000234011e+01
4.668120000000000118e+02,-9.445586429753014102e+01
4.668122929687500005e+02,-9.903253632617494873e+01
4.668125859374999891e+02,-9.464502826754788600e+01
4.668128789062500346e+02,-9.362638653298404279e+01
4.668131718750000232e+02,-9.276153251133314370e+01
4.668134648437500118e+02,-1.006238866218781425e+02
4.668137578125000005e+02,-1.062193102417797519e+02
4.668140507812499891e+02,-9.620651210399655895e+01
4.668143437500000346e+02,-9.251340803517717859e+01
4.668146367187500232e+02,-9.018218847605433552e+01
4.668149296875000118e+02,-9.579097433622520441e+01
4.668152226562500005e+02,-9.328037229642572470e+01
4.668155156249999891e+02,-9.543889514694197374e+01
4.668158085937500346e+02,-9.677333397639544899e+01
4.668161015625000232e+02,-9.202522065272971474e+01
4.668163945312500118e+02,-1.018375513173276090e+02
4.668166875000000005e+02,-9.761161683558405855e+01
4.668169804687499891e+02,-9.062207886824961633e+01
4.668172734375000346e+02,-9.138147052985821972e+01
4.668175664062500232e+02,-9.669100414821221534e+01
4.668178593750000118e+02,-9.436382438347609991e+01
4.668181523437500005e+02,-1.071342141405687585e+02
4.668184453124999891e+02,-9.998993490746696011e+01
4.668187382812500346e+02,-8.855458336107552952e+01
4.668190312500000232e+02,-9.501845701413827783e+01
4.668193242187500118e+02,-1.027679197629623928e+02
4.668196171875000005e+02,-9.165667909130777957e+01
4.668199101562499891e+02,-1.018066376624883844e+02
4.668202031250000346e+02,-9.080308469732649712e+01
4.668204960937500232e+02,-9.066698687913137178e+01
4.668207890625000118e+02,-9.866409554107602276e+01
4.668210820312500005e+02,-9.234695002025804911e+01
4.668213749999999891e+02,-9.118489764816777665e+01
4.668216679687500346e+02,-9.275684067057083837e+01
4.668219609375000232e+02,-9.800384147090566955e+01
4.668222539062500118e+02,-9.714044585682054844e+01
4.668225468750000005e+02,-9.200099414365566020e+01
4.668228398437499891e+02,-9.018692917075375703e+01
4.668231328125000346e+02,-9.153486023871474231e+01
4.668234257812500232e+02,-9.007512480527388732e+01
4.668237187500000118e+02,-9.698057684130154144e+01
4.668240117187500005e+02,-1.036722442460360725e+02
4.668243046874999891e+02,-9.787039236678401721e+01
4.668245976562500346e+02,-1.101314777017090449e+02
4.668248906250000232e+02,-1.001096451962621074e+02
4.668251835937500118e+02,-9.842351196126755042e+01
4.668254765625000005e+02,-9.321334892467605471e+01
4.668257695312499891e+02,-9.528611093627608852e+01
4.668260625000000346e+02,-9.259124759146740757e+01
4.668263554687500232e+02,-8.967699640595674282e+01
4.668266484375000118e+02,-9.980847165597937476e+01
4.668269414062500005e+02,-1.214500962617522362e+02
4.668272343749999891e+02,-9.866409744647712898e+01
4.668275273437500346e+02,-9.772857151665436959e+01
4.668278203125000232e+02,-9.793369051307109885e+01
4.668281132812500118e+02,-9.538682542270004205e+01
4.668284062500000005e+02,-9.349999081244354215e+01
4.668286992187499891e+02,-9.260883892768715953e+01
4.668289921875000346e+02,-8.961100500659119916e+01
4.668292851562500232e+02,-9.125734358504288934e+01
4.668295781250000118e+02,-9.935593114434439599e+01
4.668298710937500005e+02,-1.010625014973993814e+02
4.668301640624999891e+02,-9.441057814528048198e+01
4.668304570312500346e+02,-9.611272461844251325e+01
4.668307500000000232e+02,-9.163743926230553427e+01
4.668310429687500118e+02,-9.222432391655297579e+01
4.668313359375000005e+02,-1.005764994278730597e+02
4.668316289062499891e+02,-8.940105657618686053e+01
4.668319218750000346e+02,-8.807033879155457612e+01
4.668322148437500232e+02,-8.940608085943333094e+01
4.668325078125000118e+02,-9.549594814937755416e+01
4.668328007812500005e+02,-9.776506051987340129e+01
4.668330937499999891e+02,-9.163497132666225298e+01
4.668333867187500346e+02,-9.395903487548781641e+01
4.668336796875000232e+02,-9.291498906268124358e+01
4.668339726562500118e+02,-9.857508202523467844e+01
4.668342656250000005e+02,-8.852265767184005085e+01
4.668345585937499891e+02,-8.860339744079743696e+01
4.668348515625000346e+02,-8.834099696605404972e+01
4.668351445312500232e+02,-8.940326625116634318e+01
4.668354375000000118e+02,-1.001361483747234900e+02
4.668357304687500005e+02,-9.071284087169574661e+01
4.668360234374999891e+02,-9.312367458304451873e+01
4.668363164062500346e+02,-9.875602602211094450e+01
4.668366093750000232e+02,-9.253218848957283171e+01
4.668369023437500118e+02,-9.065859334942092573e+01
4.668371953125000005e+02,-9.182348360347383220e+01
4.668374882812499891e+02,-9.436539584804171454e+01
4.668377812500000346e+02,-9.043600487479642425e+01
4.668380742187500232e+02,-9.840067194380463889e+01
4.668383671875000118e+02,-8.937657821303027106e+01
4.668386601562500005e+02,-8.815210735895334437e+01
4.668389531249999891e+02,-1.017093515590707540e+02
4.668392460937500346e+02,-9.058584324305500957e+01
4.668395390625000232e+02,-8.733204598051669620e+01
4.668398320312500118e+02,-8.871060310138169314e+01
4.668401250000000005e+02,-1.001212718294412696e+02
4.668404179687499891e+02,-1.036556573266504842e+02
4.668407109375000346e+02,-9.308176421930158995e+01
4.668410039062500232e+02,-9.030039774742041914e+01
4.668412968750000118e+02,-8.870207257807960843e+01
4.668415898437500005e+02,-9.506884198159579569e+01
4.668418828124999891e+02,-9.719381064787606306e+01
4.668421757812500346e+02,-9.056476744401967949e+01
4.668424687500000232e+02,-8.902719203281291982e+01
4.668427617187500118e+02,-9.155346643138881291e+01
4.668430546875000005e+02,-8.753966748501447626e+01
4.668433476562499891e+02,-8.573515825045119243e+01
4.668436406250000346e+02,-8.828724951106168817e+01
4.668439335937500232e+02,-8.713405861633241045e+01
4.668442265625000118e+02,-8.818923395546052291e+01
4.668445195312500005e+02,-9.065258554356260845e+01
4.668448124999999891e+02,-9.194289182017980977e+01
4.668451054687500346e+02,-8.641854812448821122e+01
4.668453984375000232e+02,-9.461765988999383126e+01
4.668456914062500118e+02,-8.797930705751419111e+01
4.668459843750000005e+02,-8.497333462861840303e+01
4.668462773437499891e+02,-8.745299049676827963e+01
4.668465703125000346e+02,-9.154510837913687737e+01
4.668468632812500232e+02,-9.017215065736372992e+01
4.668471562500000118e+02,-9.053907784267138936e+01
4.668474492187500005e+02,-9.318401703722655327e+01
4.668477421874999891e+02,-9.264323252532292940e+01
4.668480351562500346e+02,-9.293065779997489528e+01
4.668483281250000232e+02,-8.865660123927142422e+01
4.668486210937500118e+02,-8.836519738397809931e+01
4.668489140625000005e+02,-9.857609057962645238e+01
4.668492070312499891e+02,-1.099520065551699020e+02
4.668495000000000346e+02,-9.527352277396936131e+01
4.668497929687500232e+02,-1.132899987211127666e+02
4.668500859375000118e+02,-9.612747667593058054e+01
4.668503789062500005e+02,-9.439458335043589443e+01
4.668506718749999891e+02,-9.543189687346114169e+01
4.668509648437500346e+02,-9.427420575855191487e+01
4.668512578125000232e+02,-8.800705735109282557e+01
4.668515507812500118e+02,-9.372329133375808397e+01
4.668518437500000005e+02,-9.060986842481733561e+01
4.668521367187499891e+02,-8.965899813998603918e+01
4.668524296875000346e+02,-9.699762784336780896e+01
4.668527226562500232e+02,-1.077954060308841377e+02
4.668530156250000118e+02,-9.766996645697057033e+01
4.668533085937500005e+02,-1.072412142621911215e+02
4.668536015624999891e+02,-9.333735940193827219e+01
4.668538945312500346e+02,-8.707213402307898775e+01
4.668541875000000232e+02,-8.647891651935265145e+01
4.668544804687500118e+02,-9.431284393456314774e+01
4.668547734375000005e+02,-9.917467922509479195e+01
4.668550664062499891e+02,-9.492525044523738131e+01
4.668553593750000346e+02,-1.013539971646117266e+02
4.668556523437500232e+02,-9.152934835735047159e+01
4.668559453125000118e+02,-8.968082163611933311e+01
4.668562382812500005e+02,-9.694193920252774888e+01
4.668565312499999891e+02,-9.052563860211256497e+01
4.668568242187500346e+02,-8.853648326223768095e+01
4.668571171875000232e+02,-1.037654402657200876e+02
4.668574101562500118e+02,-9.592829324703266991e+01
4.668577031250000005e+02,-1.032729039686036003e+02
4.668579960937499891e+02,-9.566987273777596101e+01
4.668582890625000346e+02,-8.880185581043363641e+01
4.668585820312500232e+02,-8.992844910414922310e+01
4.668588750000000118e+02,-1.130696287947394296e+02
4.668591679687500005e+02,-1.031890481147057699e+02
4.668594609374999891e+02,-9.696050662956990607e+01
4.668597539062500346e+02,-8.990926136256304346e+01
4.668600468750000232e+02,-8.719248172898501537e+01
4.668603398437500118e+02,-8.834196091458591127e+01
4.668606328125000005e+02,-9.479692229256478697e+01
4.668609257812499891e+02,-9.332102988679091027e+01
4.668612187500000346e+02,-1.011727846489117155e+02
4.668615117187500232e+02,-9.265420632793870936e+01
4.668618046875000118e+02,-9.542197078423248513e+01
4.668620976562500005e+02,-9.130113122371395207e+01
4.668623906249999891e+02,-9.837143670257690076e+01
4.668626835937500346e+02,-9.702451354152940155e+01
4.668629765625000232e+02,-9.150988860062329877e+01
4.668632695312500118e+02,-9.226444418138341064e+01
4.668635625000000005e+02,-9.384682739755817238e+01
4.668638554687499891e+02,-8.971890117803077658e+01
4.668641484375000346e+02,-9.109341219867353345e+01
4.668644414062500232e+02,-8.801005752298985385e+01
4.668647343750000118e+02,-8.706804180493733725e+01
4.668650273437500005e+02,-9.207519257860390383e+01
4.668653203124999891e+02,-9.731018438847330287e+01
4.668656132812500346e+02,-1.004945668292749019e+02
4.668659062500000232e+02,-8.761883285996398740e+01
4.668661992187500118e+02,-9.476662632854751678e+01
4.668664921875000005e+02,-9.330937259702336917e+01
4.668667851562499891e+02,-9.184969037225968691e+01
4.668670781250000346e+02,-9.428649408291664713e+01
4.668673710937500232e+02,-9.071850254616981601e+01
4.668676640625000118e+02,-9.219618546895901545e+01
4.668679570312500005e+02,-9.336855482005596230e+01
4.668682499999999891e+02,-9.765696404642945083e+01
4.668685429687500346e+02,-1.046794202723791756e+02
4.668688359375000232e+02,-9.287859270675939172e+01
4.668691289062500118e+02,-9.251600525323871693e+01
4.668694218750000005e+02,-8.773606772610793314e+01
4.668697148437499891e+02,-8.816222979202676413e+01
4.668700078125000346e+02,-8.916187045394507038e+01
4.668703007812500232e+02,-9.273092374963272277e+01
4.668705937500000118e+02,-9.737274051557031385e+01
4.668708867187500005e+02,-9.967099774557736680e+01
4.668711796874999891e+02,-9.345699285250611865e+01
4.668714726562500346e+02,-9.703971362264717015e+01
4.668717656250000232e+02,-9.099758446824017710e+01
4.668720585937500118e+02,-8.913091757291674355e+01
4.668723515625000005e+02,-8.860795424591606206e+01
4.668726445312499891e+02,-9.379496129096189350e+01
4.668729375000000346e+02,-9.031158976091435875e+01
4.668732304687500232e+02,-8.966354002065898499e+01
4.668735234375000118e+02,-9.037656543479531024e+01
4.668738164062500005e+02,-9.570292433664462806e+01
4.668741093749999891e+02,-1.113688531520419360e+02
4.668744023437500346e+02,-8.950228858680472399e+01
4.668746953125000232e+02,-9.047908524114194506e+01
4.668749882812500118e+02,-8.846679369172370855e+01
4.668752812500000005e+02,-8.836025434459565986e+01
4.668755742187499891e+02,-9.524088461567683339e+01
4.668758671875000346e+02,-9.276163190307848083e+01
4.668761601562500232e+02,-1.029514174112663909e+02
4.668764531250000118e+02,-9.601136782266904390e+01
4.668767460937500005e+02,-9.731159683131645011e+01
4.668770390624999891e+02,-9.401055017540905112e+01
4.668773320312500346e+02,-9.675604395889891407e+01
4.668776250000000232e+02,-9.098893958046787134e+01
4.668779179687500118e+02,-8.589068902492213908e+01
4.668782109375000005e+02,-9.314853615088942718e+01
4.668785039062499891e+02,-1.024177369986493034e+02
4.668787968750000346e+02,-1.014214292929876251e+02
4.668790898437500232e+02,-9.716885938420790580e+01
4.668793828125000118e+02,-8.980109058568186242e+01
4.668796757812500005e+02,-9.407831273751645540e+01
4.668799687499999891e+02,-1.046570099981612714e+02
4.668802617187500346e+02,-9.330343756829201141e+01
4.668805546875000232e+02,-8.586205995444025518e+01
4.668808476562500118e+02,-8.764527193095108260e+01
4.668811406250000005e+02,-9.497681277865802940e+01
4.668814335937499891e+02,-8.954291403138741146e+01
4.668817265625000346e+02,-1.005475766915802467e+02
4.668820195312500232e+02,-9.037651074389185624e+01
4.668823125000000118e+02,-9.290626116191488393e+01
4.668826054687500005e+02,-1.055336208882045099e+02
4.668828984374999891e+02,-9.930827794145243104e+01
4.668831914062500346e+02,-9.524240508554657936e+01
4.668834843750000232e+02,-8.760125317382173193e+01
4.668837773437500118e+02,-9.071034361431016180e+01
4.668840703125000005e+02,-9.461458465195507017e+01
4.668843632812499891e+02,-9.467762855850614301e+01
4.668846562500000346e+02,-9.054783354681917729e+01
4.668849492187500232e+02,-1.013293153014058277e+02
4.668852421875000118e+02,-9.575695658673220123e+01
4.668855351562500005e+02,-9.782124403063868101e+01
4.668858281249999891e+02,-9.494090067810630273e+01
4.668861210937500346e+02,-8.767837983108589128e+01
4.668864140625000232e+02,-8.826281996587565004e+01
4.668867070312500118e+02,-9.477763222040921676e+01
4.668870000000000005e+02,-1.026029024694771721e+02
4.668872929687499891e+02,-9.445913284246424269e+01
4.668875859375000346e+02,-8.877288554104667639e+01
4.668878789062500232e+02,-9.122514980178870303e+01
4.668881718750000118e+02,-9.692796469325806186e+01
4.668884648437500005e+02,-9.277183831958852522e+01
4.668887578124999891e+02,-9.197821822223959032e+01
4.668890507812500346e+02,-8.924875087316662814e+01
4.668893437500000232e+02,-9.214482522282838772e+01
4.668896367187500118e+02,-9.244518501069046579e+01
4.668899296875000005e+02,-9.024824535758583011e+01
4.668902226562499891e+02,-8.803386631723718381e+01
4.668905156250000346e+02,-8.704508996323457382e+01
4.668908085937500232e+02,-9.797105619658124454e+01
4.668911015625000118e+02,-8.830735112235088025e+01
4.668913945312500005e+02,-8.944109370047067387e+01
4.668916874999999891e+02,-9.401568613380668182e+01
4.668919804687500346e+02,-9.767101283730843875e+01
4.668922734375000232e+02,-9.330756221878102963e+01
4.668925664062500118e+02,-9.699528653285042878e+01
4.668928593750000005e+02,-9.543167146627692432e+01
4.668931523437499891e+02,-9.866181915588641971e+01
4.668934453125000346e+02,-9.112866945262965146e+01
4.668937382812500232e+02,-9.000902045631484327e+01
4.668940312500000118e+02,-9.338353143993163030e+01
4.668943242187500005e+02,-9.488529540281751906e+01
4.668946171874999891e+02,-9.452656526790582348e+01
4.668949101562500346e+02,-8.936510927739760746e+01
4.668952031250000232e+02,-9.168794747449743454e+01
4.668954960937500118e+02,-1.063217536797177729e+02
4.668957890625000005e+02,-9.105156019240547494e+01
4.668960820312499891e+02,-1.011491477231165277e+02
4.668963750000000346e+02,-8.817959505383717556e+01
4.668966679687500232e+02,-9.255220642988535928e+01
4.668969609375000118e+02,-9.237254578625362456e+01
4.668972539062500005e+02,-8.693351202589248317e+01
4.668975468749999891e+02,-8.620575569667425953e+01
4.668978398437500346e+02,-8.978118995853168371e+01
4.668981328125000232e+02,-9.852627582025924369e+01
4.668984257812500118e+02,-9.277490092121152543e+01
4.668987187500000005e+02,-8.868624567051314500e+01
4.668990117187499891e+02,-8.677155379571200911e+01
4.668993046875000346e+02,-9.768222536658376498e+01
4.668995976562500232e+02,-1.119212995950943110e+02
4.668998906250000118e+02,-9.129319670111166829e+01
4.669001835937500005e+02,-9.527172221142538433e+01
4.669004765624999891e+02,-1.051295429084793085e+02
4.669007695312500346e+02,-9.712631268683719554e+01
4.669010625000000232e+02,-9.427866670988464648e+01
4.669013554687500118e+02,-8.390137229941700525e+01
4.669016484375000005e+02,-8.516012162305317190e+01
4.669019414062499891e+02,-1.081757830570081893e+02
4.669022343750000346e+02,-1.019327912268525154e+02
4.669025273437500232e+02,-8.807812448475472422e+01
4.669028203125000118e+02,-8.915138809097766170e+01
4.669031132812500005e+02,-8.924638717824777245e+01
4.669034062499999891e+02,-1.001611136800026856e+02
4.669036992187500346e+02,-1.178503240131052792e+02
4.669039921875000232e+02,-9.646837434921359034e+01
4.669042851562500118e+02,-1.159747329887449609e+02
4.669045781250000005e+02,-9.783404920585866194e+01
4.669048710937499891e+02,-9.694971030407697299e+01
4.669051640625000346e+02,-1.069285711689030620e+02
4.669054570312500232e+02,-9.765072358667302410e+01
4.669057500000000118e+02,-9.231981901233484678e+01
4.669060429687500005e+02,-8.959212606657997924e+01
4.669063359374999891e+02,-9.258944183254293137e+01
4.669066289062500346e+02,-8.811830057302238117e+01
4.669069218750000232e+02,-9.043533346754152547e+01
4.669072148437500118e+02,-9.629261929333132741e+01
4.669075078125000005e+02,-9.161307776196233021e+01
4.669078007812499891e+02,-9.446400692269824617e+01
4.669080937500000346e+02,-9.506910162734639869e+01
4.669083867187500232e+02,-9.839478200323353008e+01
4.669086796875000118e+02,-1.033389262664441617e+02
4.669089726562500005e+02,-9.439927041175081968e+01
4.669092656249999891e+02,-8.794977111476046616e+01
4.669095585937500346e+02,-9.002206117956322373e+01
4.669098515625000232e+02,-8.338233070183221685e+01
4.669101445312500118e+02,-8.335542841050335028e+01
4.669104375000000005e+02,-9.160845012328957182e+01
4.669107304687499891e+02,-9.555767644415615791e+01
4.669110234375000346e+02,-9.548188198860323439e+01
4.669113164062500232e+02,-8.693306936860474821e+01
4.669116093750000118e+02,-9.737301290533613951e+01
4.669119023437500005e+02,-9.177589619988134473e+01
4.669121953124999891e+02,-8.846430956101320930e+01
4.669124882812500346e+02,-9.715861244171564692e+01
4.669127812500000232e+02,-8.459827350540676605e+01
4.669130742187500118e+02,-8.738899424908248648e+01
4.669133671875000005e+02,-9.051796139175922917e+01
4.669136601562499891e+02,-1.027361945581049838e+02
4.669139531250000346e+02,-9.448428226207101943e+01
4.669142460937500232e+02,-1.058722870829002858e+02
4.669145390625000118e+02,-9.342216338228953987e+01
4.669148320312500005e+02,-9.490869688466345622e+01
4.669151249999999891e+02,-1.031618309911997073e+02
4.669154179687500346e+02,-8.770765387875616170e+01
4.669157109375000232e+02,-8.655587902654048094e+01
4.669160039062500118e+02,-9.220589280425568290e+01
4.669162968750000005e+02,-1.085350935170140616e+02
4.669165898437499891e+02,-1.088664857131883252e+02
4.669168828125000346e+02,-9.860548869333823063e+01
4.669171757812500232e+02,-1.054319294770841253e+02
4.669174687500000118e+02,-8.818329649294540218e+01
4.669177617187500005e+02,-9.517137471456523201e+01
4.669180546874999891e+02,-9.112087754728720768e+01
4.669183476562500346e+02,-9.317538339248228851e+01
4.669186406250000232e+02,-8.754035715479831481e+01
4.669189335937500118e+02,-8.852698152113043761e+01
4.669192265625000005e+02,-1.039581935676400235e+02
4.669195195312499891e+02,-8.817434028098246301e+01
4.669198125000000346e+02,-9.242345748664982352e+01
4.669201054687500232e+02,-1.006119055435678149e+02
4.669203984375000118e+02,-8.820518992962327331e+01
4.669206914062500005e+02,-8.524095653746259416e+01
4.669209843749999891e+02,-8.974758093250669333e+01
4.669212773437500346e+02,-9.053319066775554802e+01
4.669215703125000232e+02,-8.759923102316099630e+01
4.669218632812500118e+02,-9.035399971419991516e+01
4.669221562500000005e+02,-9.087063934536044485e+01
4.669224492187499891e+02,-9.018697592602865143e+01
4.669227421875000346e+02,-9.248425956132484771e+01
4.669230351562500232e+02,-9.214013879807831131e+01
4.669233281250000118e+02,-8.934856709652017059e+01
4.669236210937500005e+02,-8.966856162831390975e+01
4.669239140624999891e+02,-9.396431329390975407e+01
4.669242070312500346e+02,-9.723209055451745542e+01
4.669245000000000232e+02,-9.726973060283116013e+01
4.669247929687500118e+02,-9.754704665855192047e+01
4.669250859375000005e+02,-9.404877289960673181e+01
4.669253789062499891e+02,-1.012317166921856426e+02
4.669256718750000346e+02,-1.013968109407907150e+02
4.669259648437500232e+02,-9.328371452841537348e+01
4.669262578125000118e+02,-8.981547841973377899e+01
4.669265507812500005e+02,-9.668346714879989179e+01
4.669268437499999891e+02,-8.975351936268012309e+01
4.669271367187500346e+02,-8.754985155819655063e+01
4.669274296875000232e+02,-9.128940461445964161e+01
4.669277226562500118e+02,-1.054282776009315796e+02
4.669280156250000005e+02,-9.643282202621810484e+01
4.669283085937499891e+02,-9.096246407919628041e+01
4.669286015625000346e+02,-1.019551489295756852e+02
4.669288945312500232e+02,-9.005488036285824194e+01
4.669291875000000118e+02,-9.667907297724659088e+01
4.669294804687500005e+02,-9.126049924981963102e+01
4.669297734374999891e+02,-8.832330571850087608e+01
4.669300664062500346e+02,-8.921619631991481469e+01
4.669303593750000232e+02,-9.208330977931866812e+01
4.669306523437500118e+02,-9.579948934957110396e+01
4.669309453125000005e+02,-9.247085117104724361e+01
4.669312382812499891e+02,-9.321253716119954902e+01
4.669315312500000346e+02,-9.336719817059027093e+01
4.669318242187500232e+02,-1.025918057423381811e+02
4.669321171875000118e+02,-9.327089662260786440e+01
4.669324101562500005e+02,-8.914663879300400140e+01
4.669327031249999891e+02,-8.647684933769946269e+01
4.669329960937500346e+02,-8.690655812039008765e+01
4.669332890625000232e+02,-9.155477215939029634e+01
4.669335820312500118e+02,-8.966987664670519109e+01
4.669338750000000005e+02,-8.971578972252044082e+01
4.669341679687499891e+02,-9.022243554953568889e+01
4.669344609375000346e+02,-9.596803718949178119e+01
4.669347539062500232e+02,-9.871229082979317582e+01
4.669350468750000118e+02,-9.193751454271138357e+01
4.669353398437500005e+02,-8.501843773219322031e+01
4.669356328124999891e+02,-8.366927235400807206e+01
4.669359257812500346e+02,-8.795173146374303030e+01
4.669362187500000232e+02,-9.865677683159822209e+01
4.669365117187500118e+02,-8.781850325263432921e+01
4.669368046875000005e+02,-8.756955598705893351e+01
4.669370976562499891e+02,-8.969673266127529132e+01
4.669373906250000346e+02,-9.037201534647921619e+01
4.669376835937500232e+02,-9.159568504529477195e+01
4.669379765625000118e+02,-8.832009975111273548e+01
4.669382695312500005e+02,-8.527499372750098416e+01
4.669385624999999891e+02,-8.854677561179161671e+01
4.669388554687500346e+02,-9.255789987237209004e+01
4.669391484375000232e+02,-9.041792895790392492e+01
4.669394414062500118e+02,-8.802525804693402733e+01
4.669397343750000005e+02,-8.750732101828482712e+01
4.669400273437499891e+02,-8.866503366683716081e+01
4.669403203125000346e+02,-9.148928365885417691e+01
4.669406132812500232e+02,-8.637593971300988471e+01
4.669409062500000118e+02,-8.462646438054005671e+01
4.669411992187500005e+02,-8.954794862318971127e+01
4.669414921874999891e+02,-9.507073227513237157e+01
4.669417851562500346e+02,-9.111483448784214545e+01
4.669420781250000232e+02,-9.215780859547814430e+01
4.669423710937500118e+02,-9.902820578424397979e+01
4.669426640625000005e+02,-8.989132571367220237e+01
4.669429570312499891e+02,-9.000982657115625329e+01
4.669432500000000346e+02,-8.792208162257963977e+01
4.669435429687500232e+02,-8.725211755911416844e+01
4.669438359375000118e+02,-9.140594516707709261e+01
4.669441289062500005e+02,-9.154049809643589697e+01
4.669444218749999891e+02,-9.474812141274837529e+01
4.669447148437500346e+02,-1.036859068984801837e+02
4.669450078125000232e+02,-1.033482992008058829e+02
4.669453007812500118e+02,-1.019854584958807919e+02
4.669455937500000005e+02,-9.262099635748282367e+01
4.669458867187499891e+02,-8.863696295468304243e+01
4.669461796875000346e+02,-8.952970964037875490e+01
4.669464726562500232e+02,-9.374861997081309539e+01
4.669467656250000118e+02,-9.049612415042278712e+01
4.669470585937500005e+02,-9.190331918348309159e+01
4.669473515624999891e+02,-9.278303538721809218e+01
4.669476445312500346e+02,-9.266092508877156320e+01
4.669479375000000232e+02,-8.840332676433803272e+01
4.669482304687500118e+02,-8.910841338651337651e+01
4.669485234375000005e+02,-8.976404990901740177e+01
4.669488164062499891e+02,-9.286703371692951237e+01
4.669491093750000346e+02,-9.455693952246934941e+01
4.669494023437500232e+02,-9.858917673257391812e+01
4.669496953125000118e+02,-9.972211131490077207e+01
4.669499882812500005e+02,-9.564006345768844142e+01
4.669502812499999891e+02,-8.828582323178017077e+01
4.669505742187500346e+02,-8.649337363184031346e+01
4.669508671875000232e+02,-8.952699689138675865e+01
4.669511601562500118e+02,-9.365290327570863838e+01
4.669514531250000005e+02,-9.811134024798093378e+01
4.669517460937499891e+02,-8.907250307382413723e+01
4.669520390625000346e+02,-8.624569656286044506e+01
4.669523320312500232e+02,-9.531219847884328544e+01
4.669526250000000118e+02,-9.776024086682573966e+01
4.669529179687500005e+02,-9.319884796925649084e+01
4.669532109374999891e+02,-8.822188678385181504e+01
4.669535039062500346e+02,-9.036856775850637291e+01
4.669537968750000232e+02,-9.123226534483967498e+01
4.669540898437500118e+02,-9.895874401528352848e+01
4.669543828125000005e+02,-9.493840814113005422e+01
4.669546757812499891e+02,-8.283456044804486851e+01
4.669549687500000346e+02,-8.852453396856701318e+01
4.669552617187500232e+02,-9.128969092624237192e+01
4.669555546875000118e+02,-9.450625882607604922e+01
4.669558476562500005e+02,-9.836290261247997080e+01
4.669561406249999891e+02,-9.786381164755124473e+01
4.669564335937500346e+02,-9.030688111754265890e+01
4.669567265625000232e+02,-8.970000966744026982e+01
4.669570195312500118e+02,-9.731592048779297954e+01
4.669573125000000005e+02,-9.042915889018489395e+01
4.669576054687499891e+02,-9.582065670448393746e+01
4.669578984375000346e+02,-9.069439060405578346e+01
4.669581914062500232e+02,-9.870420771906715629e+01
4.669584843750000118e+02,-8.682859219341253265e+01
4.669587773437500005e+02,-8.824881862729297666e+01
4.669590703124999891e+02,-9.689783838402505012e+01
4.669593632812500346e+02,-9.503089505440337348e+01
4.669596562500000232e+02,-8.639689874589404894e+01
4.669599492187500118e+02,-1.063139864862398838e+02
4.669602421875000005e+02,-9.830921519312154544e+01
4.669605351562499891e+02,-9.287820397966129349e+01
4.669608281250000346e+02,-9.575193180093060619e+01
4.669611210937500232e+02,-8.658369083689228773e+01
4.669614140625000118e+02,-8.584104211491187186e+01
4.669617070312500005e+02,-9.751858199863295340e+01
4.669619999999999891e+02,-9.654525073233838839e+01
4.669622929687500346e+02,-9.872692550607735029e+01
4.669625859375000232e+02,-8.974515676039082734e+01
4.669628789062500118e+02,-9.343047907687869724e+01
4.669631718750000005e+02,-9.641558507093689911e+01
4.669634648437499891e+02,-8.884107709140775455e+01
4.669637578125000346e+02,-8.779755336076851790e+01
4.669640507812500232e+02,-8.894356148566896536e+01
4.669643437500000118e+02,-9.221911697391101370e+01
4.669646367187500005e+02,-9.325255669494426058e+01
4.669649296874999891e+02,-8.688374657068538909e+01
4.669652226562500346e+02,-8.778713023560810313e+01
4.669655156250000232e+02,-1.021614780439170858e+02
4.669658085937500118e+02,-8.680136293998478436e+01
4.669661015625000005e+02,-8.763466227209383419e+01
4.669663945312499891e+02,-1.005938476292220116e+02
4.669666875000000346e+02,-9.210040638562949766e+01
4.669669804687500232e+02,-9.099783050948329333e+01
4.669672734375000118e+02,-1.056024924794569699e+02
4.669675664062500005e+02,-8.612936285953279025e+01
4.669678593749999891e+02,-8.568558139660004258e+01
4.669681523437500346e+02,-9.020503498229095385e+01
4.669684453125000232e+02,-8.597727705349642235e+01
4.669687382812500118e+02,-9.791028297132022828e+01
4.669690312500000005e+02,-8.590184082817329170e+01
4.669693242187499891e+02,-8.731508942901074022e+01
4.669696171875000346e+02,-9.201740963104127502e+01
4.669699101562500232e+02,-9.153642916172205446e+01
4.669702031250000118e+02,-8.741805890126711631e+01
4.669704960937500005e+02,-8.749268067475409794e+01
4.669707890624999891e+02,-8.585520699430509239e+01
4.669710820312500346e+02,-8.449754973980330419e+01
4.669713750000000232e+02,-9.642712563968575523e+01
4.669716679687500118e+02,-1.013431740516720225e+02
4.669719609375000005e+02,-9.827423485366459488e+01
4.669722539062499891e+02,-9.615020690713731710e+01
4.669725468750000346e+02,-8.918352960103601390e+01
4.669728398437500232e+02,-1.043883073464536437e+02
4.669731328125000118e+02,-1.008398711771071987e+02
4.669734257812500005e+02,-9.103648275051980931e+01
4.669737187499999891e+02,-8.496883205470899725e+01
4.669740117187500346e+02,-8.814737291339348246e+01
4.669743046875000232e+02,-9.550825186629241159e+01
4.669745976562500118e+02,-8.496964356803346163e+01
4.669748906250000005e+02,-8.778825883397945518e+01
4.669751835937499891e+02,-9.192785345831218535e+01
4.669754765625000346e+02,-8.981035601194177787e+01
4.669757695312500232e+02,-9.168757346238601258e+01
4.669760625000000118e+02,-9.955442122939507499e+01
4.669763554687500005e+02,-9.319433820385206957e+01
4.669766484374999891e+02,-8.484224733643961258e+01
4.669769414062500346e+02,-8.836228017254057931e+01
4.669772343750000232e+02,-1.011455874415675282e+02
4.669775273437500118e+02,-1.189602026251274651e+02
4.669778203125000005e+02,-9.388149961445590463e+01
4.669781132812499891e+02,-9.941781707960267056e+01
4.669784062500000346e+02,-1.067534658978687787e+02
4.669786992187500232e+02,-9.595614206216025366e+01
4.669789921875000118e+02,-9.913843979993195887e+01
4.669792851562500005e+02,-8.951438073260190720e+01
4.669795781249999891e+02,-8.848883005439638794e+01
4.669798710937500346e+02,-9.149656431648587329e+01
4.669801640625000232e+02,-8.911994770581559067e+01
4.669804570312500118e+02,-8.596569029468292911e+01
4.669807500000000005e+02,-9.364385290630136183e+01
4.669810429687499891e+02,-8.979273166499390868e+01
4.669813359375000346e+02,-8.738476331913378203e+01
4.669816289062500232e+02,-9.703629270168440257e+01
4.669819218750000118e+02,-8.561341871271586967e+01
4.669822148437500005e+02,-8.572211135487742695e+01
4.669825078124999891e+02,-9.409225997747206804e+01
4.669828007812500346e+02,-1.031074843535636489e+02
4.669830937500000232e+02,-9.010043081712885282e+01
4.669833867187500118e+02,-9.111467468354683774e+01
4.669836796875000005e+02,-9.126407651168057100e+01
4.669839726562499891e+02,-9.424847266700274417e+01
4.669842656250000346e+02,-9.340343094987233030e+01
4.669845585937500232e+02,-8.691133324941780813e+01
4.669848515625000118e+02,-8.921987008034915334e+01
4.669851445312500005e+02,-9.592194986025491232e+01
4.669854374999999891e+02,-8.907668385315110982e+01
4.669857304687500346e+02,-9.357394948526605560e+01
4.669860234375000232e+02,-9.125268664680787367e+01
4.669863164062500118e+02,-8.653224030785733589e+01
4.669866093750000005e+02,-9.184573995745361685e+01
4.669869023437499891e+02,-8.897030867306929736e+01
4.669871953125000346e+02,-8.697952700138921500e+01
4.669874882812500232e+02,-8.523721496536866482e+01
4.669877812500000118e+02,-8.698715529328957530e+01
4.669880742187500005e+02,-9.311758804768652453e+01
4.669883671874999891e+02,-9.695594553465357990e+01
4.669886601562500346e+02,-9.282296712828801333e+01
4.669889531250000232e+02,-8.874286433532282103e+01
4.669892460937500118e+02,-9.002077601339070156e+01
4.669895390625000005e+02,-9.765945778803009603e+01
4.669898320312499891e+02,-9.032272072883401393e+01
4.669901250000000346e+02,-8.808768723822687718e+01
4.669904179687500232e+02,-9.073204094221497940e+01
4.669907109375000118e+02,-9.584836472532694529e+01
4.669910039062500005e+02,-9.597182994863175054e+01
4.669912968749999891e+02,-9.379141870781067780e+01
4.669915898437500346e+02,-9.692492616091455204e+01
4.669918828125000232e+02,-8.925100744437578726e+01
4.669921757812500118e+02,-9.360009538493002879e+01
4.669924687500000005e+02,-9.706334500657135322e+01
4.669927617187499891e+02,-9.520165029101602272e+01
4.669930546875000346e+02,-9.366330022338061667e+01
4.669933476562500232e+02,-9.319570730381626333e+01
4.669936406250000118e+02,-9.539486811130124977e+01
4.669939335937500005e+02,-1.025859693420918290e+02
4.669942265624999891e+02,-9.256727997188610857e+01
4.669945195312500346e+02,-9.795738757669982988e+01
4.669948125000000232e+02,-9.274323496708275627e+01
4.669951054687500118e+02,-8.974216547975160552e+01
4.669953984375000005e+02,-9.141471845705081023e+01
4.669956914062499891e+02,-9.209552700786230162e+01
4.669959843750000346e+02,-9.574144536283023399e+01
4.669962773437500232e+02,-9.518820138418200827e+01
4.669965703125000118e+02,-9.423100642494330259e+01
4.669968632812500005e+02,-9.388020715549166084e+01
4.669971562499999891e+02,-9.099133740057725106e+01
4.669974492187500346e+02,-8.711930005156588663e+01
4.669977421875000232e+02,-8.451203357847180087e+01
4.669980351562500118e+02,-8.651875210173545838e+01
4.669983281250000005e+02,-8.612985981932217783e+01
4.669986210937499891e+02,-9.296862861349111995e+01
4.669989140625000346e+02,-9.921419077394764940e+01
4.669992070312500232e+02,-1.009838106239388509e+02
4.669995000000000118e+02,-9.341937791097325317e+01
4.669997929687500005e+02,-8.839260816787904673e+01
4.670000859374999891e+02,-8.833781760202485600e+01
4.670003789062500346e+02,-8.992223942760006139e+01
4.670006718750000232e+02,-8.651381914891783254e+01
4.670009648437500118e+02,-8.167103167581261403e+01
4.670012578125000005e+02,-8.656988725979877586e+01
4.670015507812499891e+02,-9.621370150434935908e+01
4.670018437500000346e+02,-1.008009126249109499e+02
4.670021367187500232e+02,-9.460723429876381374e+01
4.670024296875000118e+02,-8.901788392093097002e+01
4.670027226562500005e+02,-9.056642937713885999e+01
4.670030156249999891e+02,-1.091100736271566660e+02
4.670033085937500346e+02,-9.704560429788926967e+01
4.670036015625000232e+02,-8.540684838124390410e+01
4.670038945312500118e+02,-8.662674208322265201e+01
4.670041875000000005e+02,-9.615239473186500163e+01
4.670044804687499891e+02,-9.586149818955814794e+01
4.670047734375000346e+02,-1.011032731853394750e+02
4.670050664062500232e+02,-9.977327328207339008e+01
4.670053593750000118e+02,-9.688920227690135789e+01
4.670056523437500005e+02,-1.051547690321395265e+02
4.670059453124999891e+02,-9.854999284166098050e+01
4.670062382812500346e+02,-8.854259646377491322e+01
4.670065312500000232e+02,-9.035542794346669382e+01
4.670068242187500118e+02,-9.340097145902957720e+01
4.670071171875000005e+02,-9.301088424235872765e+01
4.670074101562499891e+02,-9.628144181246626943e+01
4.670077031250000346e+02,-1.171197258933699317e+02
4.670079960937500232e+02,-8.994149344776404575e+01
4.670082890625000118e+02,-9.728683367465551157e+01
4.670085820312500005e+02,-9.639883635921377447e+01
4.670088749999999891e+02,-9.547544339790400159e+01
4.670091679687500346e+02,-9.781838582143002725e+01
4.670094609375000232e+02,-9.891995201501458723e+01
4.670097539062500118e+02,-1.009556156191685545e+02
4.670100468750000005e+02,-9.754102089926169583e+01
4.670103398437499891e+02,-9.263933745924497032e+01
4.670106328125000346e+02,-8.760517034580948348e+01
4.670109257812500232e+02,-1.007316670595227208e+02
4.670112187500000118e+02,-9.140148079312240270e+01
4.670115117187500005e+02,-9.231334993088157148e+01
4.670118046874999891e+02,-8.970855172514062303e+01
4.670120976562500346e+02,-9.004703410349125647e+01
4.670123906250000232e+02,-8.949193026012983410e+01
4.670126835937500118e+02,-8.937605652109562016e+01
4.670129765625000005e+02,-9.354185972863109555e+01
4.670132695312499891e+02,-9.369895663613681336e+01
4.670135625000000346e+02,-1.011533413505769090e+02
4.670138554687500232e+02,-9.951949448016888766e+01
4.670141484375000118e+02,-9.361374897018036734e+01
4.670144414062500005e+02,-8.819495613200722062e+01
4.670147343749999891e+02,-8.603033844186271040e+01
4.670150273437500346e+02,-9.230511650819963165e+01
4.670153203125000232e+02,-9.182625654490246347e+01
4.670156132812500118e+02,-1.018888769044048246e+02
4.670159062500000005e+02,-9.489743685164823717e+01
4.670161992187499891e+02,-9.798608889026337465e+01
4.670164921875000346e+02,-9.285654909310085259e+01
4.670167851562500232e+02,-9.177206484844833767e+01
4.670170781250000118e+02,-8.615803699959971595e+01
4.670173710937500005e+02,-8.409850816490137504e+01
4.670176640624999891e+02,-9.216350996597037692e+01
4.670179570312500346e+02,-9.775662409362215044e+01
4.670182500000000232e+02,-1.025419370023116699e+02
4.670185429687500118e+02,-9.870535018298167529e+01
4.670188359375000005e+02,-9.857480258787256844e+01
4.670191289062499891e+02,-8.888400202809465611e+01
4.670194218750000346e+02,-8.835792721930090465e+01
4.670197148437500232e+02,-9.792740574987755053e+01
4.670200078125000118e+02,-8.666548064241510474e+01
4.670203007812500005e+02,-8.605816955106513433e+01
4.670205937499999891e+02,-9.328198678054555160e+01
4.670208867187500346e+02,-1.008847613095606022e+02
4.670211796875000232e+02,-9.489112650199194832e+01
4.670214726562500118e+02,-1.031059742990907182e+02
4.670217656250000005e+02,-9.991300933154177244e+01
4.670220585937499891e+02,-9.661057914563238569e+01
4.670223515625000346e+02,-9.206654019544885159e+01
4.670226445312500232e+02,-1.076695735332946100e+02
4.670229375000000118e+02,-8.817860533398669531e+01
4.670232304687500005e+02,-9.275889939638969395e+01
4.670235234374999891e+02,-9.222081682214192710e+01
4.670238164062500346e+02,-9.820081786136172752e+01
4.670241093750000232e+02,-1.029295504262409366e+02
4.670244023437500118e+02,-9.118490868141110184e+01
4.670246953125000005e+02,-8.488742354093440667e+01
4.670249882812499891e+02,-8.545627683246547690e+01
4.670252812500000346e+02,-9.272937446143080820e+01
4.670255742187500232e+02,-9.039260256685045647e+01
4.670258671875000118e+02,-8.677259483365335768e+01
4.670261601562500005e+02,-9.157459484375854686e+01
4.670264531249999891e+02,-9.658207915702666924e+01
4.670267460937500346e+02,-9.312491546492734074e+01
4.670270390625000232e+02,-9.741697123787317025e+01
4.670273320312500118e+02,-8.354211961720258728e+01
4.670276250000000005e+02,-8.327848043312627624e+01
4.670279179687499891e+02,-8.957623566363702139e+01
4.670282109375000346e+02,-8.897443761362808345e+01
4.670285039062500232e+02,-9.116295800046174236e+01
4.670287968750000118e+02,-9.108970040925728995e+01
4.670290898437500005e+02,-8.705578672157278675e+01
4.670293828124999891e+02,-8.641108431599693063e+01
4.670296757812500346e+02,-8.695249295626521757e+01
4.670299687500000232e+02,-9.237729673423208965e+01
4.670302617187500118e+02,-8.786686531313036141e+01
4.670305546875000005e+02,-9.580148101025801566e+01
4.670308476562499891e+02,-9.157384381987505151e+01
4.670311406250000346e+02,-9.887954163249713702e+01
4.670314335937500232e+02,-9.479105743551740204e+01
4.670317265625000118e+02,-9.045450918282287489e+01
4.670320195312500005e+02,-8.947533741906846672e+01
4.670323124999999891e+02,-1.092315957253345147e+02
4.670326054687500346e+02,-8.775551035088082585e+01
4.670328984375000232e+02,-8.728308437087790139e+01
4.670331914062500118e+02,-9.738315552334283609e+01
4.670334843750000005e+02,-9.764572146229312466e+01
4.670337773437499891e+02,-1.088704479626224497e+02
4.670340703125000346e+02,-9.149170510696723113e+01
4.670343632812500232e+02,-8.807808808562836589e+01
4.670346562500000118e+02,-8.382987057080492832e+01
4.670349492187500005e+02,-8.868219282500825784e+01
4.670352421874999891e+02,-9.548578324453501409e+01
4.670355351562500346e+02,-9.043249248445988542e+01
4.670358281250000232e+02,-8.839441707199867437e+01
4.670361210937500118e+02,-8.761671080780547527e+01
4.670364140625000005e+02,-9.569954128640183910e+01
4.670367070312499891e+02,-8.929855298746130643e+01
4.670370000000000346e+02,-8.892224247256390868e+01
4.670372929687500232e+02,-9.704166952295310011e+01
4.670375859375000118e+02,-9.795821453843467452e+01
4.670378789062500005e+02,-9.852669466014189936e+01
4.670381718749999891e+02,-9.390234488736251706e+01
4.670384648437500346e+02,-8.974842859726287259e+01
4.670387578125000232e+02,-9.651672779306232997e+01
4.670390507812500118e+02,-9.593488333943423640e+01
4.670393437500000005e+02,-9.050824100240743064e+01
4.670396367187499891e+02,-8.481706877835901537e+01
4.670399296875000346e+02,-8.513241655660699791e+01
4.670402226562500232e+02,-8.840940056612672038e+01
4.670405156250000118e+02,-8.755371657098855565e+01
4.670408085937500005e+02,-9.294269573861292599e+01
4.670411015624999891e+02,-1.028103741820057593e+02
4.670413945312500346e+02,-8.825355376008315034e+01
4.670416875000000232e+02,-8.849290870458753488e+01
4.670419804687500118e+02,-9.404283063323988756e+01
4.670422734375000005e+02,-9.058677866887228447e+01
4.670425664062499891e+02,-9.657041563612047241e+01
4.670428593750000346e+02,-8.761420770708232908e+01
4.670431523437500232e+02,-8.749721850677443058e+01
4.670434453125000118e+02,-9.423346871094861399e+01
4.670437382812500005e+02,-9.895521283849967631e+01
4.670440312499999891e+02,-9.188810146982839910e+01
4.670443242187500346e+02,-8.662747277013497182e+01
4.670446171875000232e+02,-8.866489021980606822e+01
4.670449101562500118e+02,-9.184127461446442453e+01
4.670452031250000005e+02,-9.863244094824230501e+01
4.670454960937499891e+02,-9.231079933412885907e+01
4.670457890625000346e+02,-8.602222505467894109e+01
4.670460820312500232e+02,-8.910338831541331217e+01
4.670463750000000118e+02,-9.160547187926650281e+01
4.670466679687500005e+02,-9.680146127673930323e+01
4.670469609374999891e+02,-1.021244748143193846e+02
4.670472539062500346e+02,-9.603193655050864663e+01
4.670475468750000232e+02,-9.020327145333052954e+01
4.670478398437500118e+02,-9.143631762882085923e+01
4.670481328125000005e+02,-8.784027230908613149e+01
4.670484257812499891e+02,-8.817001037345266923e+01
4.670487187500000346e+02,-9.248902157649331457e+01
4.670490117187500232e+02,-9.210451696727405135e+01
4.670493046875000118e+02,-9.424456240220948189e+01
4.670495976562500005e+02,-9.165355683969860934e+01
4.670498906249999891e+02,-8.504171945832580093e+01
4.670501835937500346e+02,-8.314427135671765257e+01
4.670504765625000232e+02,-8.412133566269504570e+01
4.670507695312500118e+02,-9.007440517488845444e+01
4.670510625000000005e+02,-1.039791601033838049e+02
4.670513554687499891e+02,-1.024603965663233396e+02
4.670516484375000346e+02,-9.067008633470047130e+01
4.670519414062500232e+02,-1.082479508185375607e+02
4.670522343750000118e+02,-9.854171872361203555e+01
4.670525273437500005e+02,-8.884640203059518626e+01
4.670528203124999891e+02,-8.683894387981852958e+01
4.670531132812500346e+02,-8.637551733435665824e+01
4.670534062500000232e+02,-8.821307266574723371e+01
4.670536992187500118e+02,-9.640940385713992100e+01
4.670539921875000005e+02,-9.173868277883074995e+01
4.670542851562499891e+02,-9.102245797506105873e+01
4.670545781250000346e+02,-9.407133751051063086e+01
4.670548710937500232e+02,-9.198228683265600125e+01
4.670551640625000118e+02,-9.339579859639218284e+01
4.670554570312500005e+02,-9.261788696352660111e+01
4.670557499999999891e+02,-8.758449083525482592e+01
4.670560429687500346e+02,-9.447120342103491453e+01
4.670563359375000232e+02,-9.449277995151605580e+01
4.670566289062500118e+02,-9.334519459876776182e+01
4.670569218750000005e+02,-1.016059362849943568e+02
4.670572148437499891e+02,-9.321230291012427926e+01
4.670575078125000346e+02,-1.008431646119900620e+02
4.670578007812500232e+02,-9.439353015225918853e+01
4.670580937500000118e+02,-8.844211182300210794e+01
4.670583867187500005e+02,-8.514801952691834686e+01
4.670586796874999891e+02,-9.261535657275418032e+01
4.670589726562500346e+02,-9.071107683156206747e+01
4.670592656250000232e+02,-8.736998743377466781e+01
4.670595585937500118e+02,-8.789378702892859963e+01
4.670598515625000005e+02,-9.223448108840435111e+01
4.670601445312499891e+02,-9.076773521229679886e+01
4.670604375000000346e+02,-9.481694940699135543e+01
4.670607304687500232e+02,-9.529724461410594927e+01
4.670610234375000118e+02,-9.085091890680317306e+01
4.670613164062500005e+02,-9.474625452847885754e+01
4.670616093749999891e+02,-9.324186594892080393e+01
4.670619023437500346e+02,-8.656538080471982255e+01
4.670621953125000232e+02,-8.777432443020359187e+01
4.670624882812500118e+02,-1.018760351119844074e+02
4.670627812500000005e+02,-9.111319353791904518e+01
4.670630742187499891e+02,-9.294977806750289062e+01
4.670633671875000346e+02,-8.995785823343365450e+01
4.670636601562500232e+02,-8.661161046457975488e+01
4.670639531250000118e+02,-9.297170734923309965e+01
4.670642460937500005e+02,-1.000413781070628829e+02
4.670645390624999891e+02,-9.321501837491786091e+01
4.670648320312500346e+02,-8.626019399228121642e+01
4.670651250000000232e+02,-9.255297234804766049e+01
4.670654179687500118e+02,-8.707651396122132326e+01
4.670657109375000005e+02,-8.434504380447080507e+01
4.670660039062499891e+02,-8.437655087362773543e+01
4.670662968750000346e+02,-9.028345030483561118e+01
4.670665898437500232e+02,-9.746760381172011023e+01
4.670668828125000118e+02,-9.720286328134130827e+01
4.670671757812500005e+02,-9.109358836353435152e+01
4.670674687499999891e+02,-8.962945232038040899e+01
4.670677617187500346e+02,-9.418212084157401875e+01
4.670680546875000232e+02,-9.417712835140378047e+01
4.670683476562500118e+02,-8.462069980830020199e+01
4.670686406250000005e+02,-8.203440979779639974e+01
4.670689335937499891e+02,-8.779633500135297197e+01
4.670692265625000346e+02,-8.979281230657855417e+01
4.670695195312500232e+02,-9.578548524845894008e+01
4.670698125000000118e+02,-9.428596391321661940e+01
4.670701054687500005e+02,-9.251339432524417816e+01
4.670703984374999891e+02,-9.022494813279648440e+01
4.670706914062500346e+02,-9.628624588679829799e+01
4.670709843750000232e+02,-8.533068542489873209e+01
4.670712773437500118e+02,-8.234814412912081139e+01
4.670715703125000005e+02,-8.818720151447239175e+01
4.670718632812499891e+02,-8.603383404160241810e+01
4.670721562500000346e+02,-9.223346376068852237e+01
4.670724492187500232e+02,-9.367059066121828437e+01
4.670727421875000118e+02,-9.367316947744279787e+01
4.670730351562500005e+02,-9.880243217122044541e+01
4.670733281249999891e+02,-1.051328618211089463e+02
4.670736210937500346e+02,-9.576611821544160819e+01
4.670739140625000232e+02,-9.121852630720809429e+01
4.670742070312500118e+02,-1.046422163531916567e+02
4.670745000000000005e+02,-9.548608105192236906e+01
4.670747929687499891e+02,-8.583192670732600504e+01
4.670750859375000346e+02,-8.845703660015126957e+01
4.670753789062500232e+02,-9.123195006165317977e+01
4.670756718750000118e+02,-8.922665876926886597e+01
4.670759648437500005e+02,-9.497875849070943843e+01
4.670762578124999891e+02,-8.966826760294908638e+01
4.670765507812500346e+02,-8.894400031130139439e+01
4.670768437500000232e+02,-8.593755037892350401e+01
4.670771367187500118e+02,-8.646923194127307966e+01
4.670774296875000005e+02,-8.726900409676018455e+01
4.670777226562499891e+02,-1.006143208253229488e+02
4.670780156250000346e+02,-8.942842205922181620e+01
4.670783085937500232e+02,-9.336958486886381081e+01
4.670786015625000118e+02,-1.034443789763956261e+02
4.670788945312500005e+02,-8.564327939608155305e+01
4.670791874999999891e+02,-8.315260744820990624e+01
4.670794804687500346e+02,-9.239586833433963875e+01
4.670797734375000232e+02,-9.229193456321816313e+01
4.670800664062500118e+02,-9.674542878248878708e+01
4.670803593750000005e+02,-9.519503413639046130e+01
4.670806523437499891e+02,-9.548692777046980495e+01
4.670809453125000346e+02,-9.295852245484446996e+01
4.670812382812500232e+02,-9.041544912211158191e+01
4.670815312500000118e+02,-8.928984391906064388e+01
4.670818242187500005e+02,-9.860121668565746234e+01
4.670821171874999891e+02,-9.248208629283767834e+01
4.670824101562500346e+02,-8.784076271812956804e+01
4.670827031250000232e+02,-9.983721796695886042e+01
4.670829960937500118e+02,-8.673044046236405791e+01
4.670832890625000005e+02,-8.861870426936148704e+01
4.670835820312499891e+02,-8.742999456262616320e+01
4.670838750000000346e+02,-8.768355368079889445e+01
4.670841679687500232e+02,-8.884660915907082313e+01
4.670844609375000118e+02,-8.963669329247964868e+01
4.670847539062500005e+02,-8.798313166452807366e+01
4.670850468749999891e+02,-9.143245865986359888e+01
4.670853398437500346e+02,-1.061412914701977570e+02
4.670856328125000232e+02,-9.908396409952317185e+01
4.670859257812500118e+02,-9.111979592387724836e+01
4.670862187500000005e+02,-9.300337789253472920e+01
4.670865117187499891e+02,-9.761636403735265333e+01
4.670868046875000346e+02,-8.816142036332425391e+01
4.670870976562500232e+02,-8.695868958352910738e+01
4.670873906250000118e+02,-9.001925236166312061e+01
4.670876835937500005e+02,-8.994203599926709103e+01
4.670879765624999891e+02,-9.685139850201056788e+01
4.670882695312500346e+02,-8.728601264639345914e+01
4.670885625000000232e+02,-8.966293935558778117e+01
4.670888554687500118e+02,-9.436982183949396585e+01
4.670891484375000005e+02,-9.349838718671404081e+01
4.670894414062499891e+02,-9.062238864453925657e+01
4.670897343750000346e+02,-9.174556890662886133e+01
4.670900273437500232e+02,-9.653725393280043932e+01
4.670903203125000118e+02,-8.989976160090404278e+01
4.670906132812500005e+02,-8.704455764802061424e+01
4.670909062499999891e+02,-7.799555140915290963e+01
4.670911992187500346e+02,-7.370772860843233332e+01
4.670914921875000232e+02,-7.871952978789016697e+01
4.670917851562500118e+02,-8.642841989312435658e+01
4.670920781250000005e+02,-7.967377293642493896e+01
4.670923710937499891e+02,-8.436384695434453818e+01
4.670926640625000346e+02,-8.746551343942968515e+01
4.670929570312500232e+02,-8.268558971102112309e+01
4.670932500000000118e+02,-8.896413294834343333e+01
4.670935429687500005e+02,-9.011740898174615211e+01
4.670938359374999891e+02,-9.316163079159046845e+01
4.670941289062500346e+02,-8.972540709302646178e+01
4.670944218750000232e+02,-9.163694652701971677e+01
4.670947148437500118e+02,-8.910132053137851926e+01
4.670950078125000005e+02,-8.882154054579272895e+01
4.670953007812499891e+02,-9.357792772956091198e+01
4.670955937500000346e+02,-1.014493068331846928e+02
4.670958867187500232e+02,-9.432511352349814615e+01
4.670961796875000118e+02,-8.728986321030944850e+01
4.670964726562500005e+02,-8.631126946779414766e+01
4.670967656249999891e+02,-8.515888900439698261e+01
4.670970585937500346e+02,-8.500180916244609364e+01
4.670973515625000232e+02,-8.709621840711176333e+01
4.670976445312500118e+02,-1.041779103643563218e+02
4.670979375000000005e+02,-9.789646730924428653e+01
4.670982304687499891e+02,-9.513849436376011681e+01
4.670985234375000346e+02,-9.537178813211555450e+01
4.670988164062500232e+02,-8.538948869681483700e+01
4.670991093750000118e+02,-9.411645591952068912e+01
4.670994023437500005e+02,-8.471101678035421401e+01
4.670996953124999891e+02,-8.685115047856542958e+01
4.670999882812500346e+02,-8.697912330703221073e+01
4.671002812500000232e+02,-9.507997371115865803e+01
4.671005742187500118e+02,-9.930342734008121397e+01
4.671008671875000005e+02,-9.301005216738266768e+01
4.671011601562499891e+02,-9.289581274231032637e+01
4.671014531250000346e+02,-9.183100022179573330e+01
4.671017460937500232e+02,-8.563443976564842330e+01
4.671020390625000118e+02,-8.742867688894529010e+01
4.671023320312500005e+02,-8.281802852119120928e+01
4.671026249999999891e+02,-8.817832363178305854e+01
4.671029179687500346e+02,-9.377465502739642034e+01
4.671032109375000232e+02,-8.978052085910775304e+01
4.671035039062500118e+02,-8.707257851698430784e+01
4.671037968750000005e+02,-9.524607832944377606e+01
4.671040898437499891e+02,-9.795202572825459697e+01
4.671043828125000346e+02,-8.698970484042071405e+01
4.671046757812500232e+02,-8.840417916268472709e+01
4.671049687500000118e+02,-8.455077640281315610e+01
4.671052617187500005e+02,-9.265081595711015439e+01
4.671055546874999891e+02,-9.787396221419768949e+01
4.671058476562500346e+02,-9.778253739074347095e+01
4.671061406250000232e+02,-1.061604008320669692e+02
4.671064335937500118e+02,-9.791783433706146411e+01
4.671067265625000005e+02,-9.635513024678334659e+01
4.671070195312499891e+02,-9.464648939967196384e+01
4.671073125000000346e+02,-9.166360971820637360e+01
4.671076054687500232e+02,-8.787206177952170094e+01
4.671078984375000118e+02,-9.025389118106718911e+01
4.671081914062500005e+02,-8.654963515995561352e+01
4.671084843749999891e+02,-9.168372401954283646e+01
4.671087773437500346e+02,-1.059321682466635082e+02
4.671090703125000232e+02,-8.911753930274812774e+01
4.671093632812500118e+02,-8.484405286332658136e+01
4.671096562500000005e+02,-8.736392807461795940e+01
4.671099492187499891e+02,-8.612808220615383448e+01
4.671102421875000346e+02,-8.387247576289838946e+01
4.671105351562500232e+02,-8.518460353734698742e+01
4.671108281250000118e+02,-8.626066114829586695e+01
4.671111210937500005e+02,-9.016480362285759043e+01
4.671114140624999891e+02,-8.934659898547415935e+01
4.671117070312500346e+02,-9.181996089173124176e+01
4.671120000000000232e+02,-9.261277532682564129e+01
4.671122929687500118e+02,-8.503374770294621499e+01
4.671125859375000005e+02,-9.308355791506957644e+01
4.671128789062499891e+02,-8.530206605616648119e+01
4.671131718750000346e+02,-8.393467836268960980e+01
4.671134648437500232e+02,-8.925460467352735350e+01
4.671137578125000118e+02,-9.158282954592593228e+01
4.671140507812500005e+02,-9.238875401298157897e+01
4.671143437499999891e+02,-8.768951154404511783e+01
4.671146367187500346e+02,-8.952680424463316911e+01
4.671149296875000232e+02,-8.880898820310790143e+01
4.671152226562500118e+02,-8.398390182418074801e+01
4.671155156250000005e+02,-8.817119563031526752e+01
4.671158085937499891e+02,-9.067646282287589088e+01
4.671161015625000346e+02,-9.922621170901422261e+01
4.671163945312500232e+02,-9.110479111570568023e+01
4.671166875000000118e+02,-9.081003343519944337e+01
4.671169804687500005e+02,-8.698528669480695896e+01
4.671172734374999891e+02,-8.750505604324239073e+01
4.671175664062500346e+02,-8.709887105690009435e+01
4.671178593750000232e+02,-9.360370149060729261e+01
4.671181523437500118e+02,-9.964567600943024672e+01
4.671184453125000005e+02,-8.854533303120516052e+01
4.671187382812499891e+02,-8.367609181731081947e+01
4.671190312500000346e+02,-8.934743735913608020e+01
4.671193242187500232e+02,-9.394202727234755912e+01
4.671196171875000118e+02,-9.033412837961861896e+01
4.671199101562500005e+02,-8.772764738354356950e+01
4.671202031249999891e+02,-9.432312411689119358e+01
4.671204960937500346e+02,-8.644387983356386940e+01
4.671207890625000232e+02,-8.884058176917793048e+01
4.671210820312500118e+02,-8.990917193398283302e+01
4.671213750000000005e+02,-8.180829008909523736e+01
4.671216679687499891e+02,-8.687066353272095398e+01
4.671219609375000346e+02,-9.077003482034150750e+01
4.671222539062500232e+02,-9.287435367016391297e+01
4.671225468750000118e+02,-9.374225517653090378e+01
4.671228398437500005e+02,-9.485610651076044064e+01
4.671231328124999891e+02,-9.159754912188139997e+01
4.671234257812500346e+02,-8.621309427475375742e+01
4.671237187500000232e+02,-8.981794529420520234e+01
4.671240117187500118e+02,-8.693169776189100162e+01
4.671243046875000005e+02,-8.848486104226967086e+01
4.671245976562499891e+02,-8.921389576361860918e+01
4.671248906250000346e+02,-9.807724871249305920e+01
4.671251835937500232e+02,-9.416442813751592666e+01
4.671254765625000118e+02,-8.685963633011778029e+01
4.671257695312500005e+02,-8.924624856416330942e+01
4.671260624999999891e+02,-8.492179899192788639e+01
4.671263554687500346e+02,-8.672983444041409484e+01
4.671266484375000232e+02,-8.782041742560247144e+01
4.671269414062500118e+02,-9.289704276600808441e+01
4.671272343750000005e+02,-9.131673300838622254e+01
4.671275273437499891e+02,-9.567000760651316682e+01
4.671278203125000346e+02,-9.627623561664688623e+01
4.671281132812500232e+02,-8.621912212809647258e+01
4.671284062500000118e+02,-9.207442047320338929e+01
4.671286992187500005e+02,-8.885192022414530300e+01
4.671289921874999891e+02,-8.480246870104544143e+01
4.671292851562500346e+02,-8.476284934808791149e+01
4.671295781250000232e+02,-8.309070148928482524e+01
4.671298710937500118e+02,-8.506167582513612047e+01
4.671301640625000005e+02,-9.056964465942512277e+01
4.671304570312499891e+02,-1.201599081932213551e+02
4.671307500000000346e+02,-9.196398560901320707e+01
4.671310429687500232e+02,-8.548934344227657789e+01
4.671313359375000118e+02,-8.857254871449205780e+01
4.671316289062500005e+02,-8.831767848813981914e+01
4.671319218749999891e+02,-8.921406419188436132e+01
4.671322148437500346e+02,-8.997794596608464701e+01
4.671325078125000232e+02,-8.624320163340719603e+01
4.671328007812500118e+02,-8.928596292315957328e+01
4.671330937500000005e+02,-8.873160562026751563e+01
4.671333867187499891e+02,-8.616542398291558413e+01
4.671336796875000346e+02,-8.778575715157124648e+01
4.671339726562500232e+02,-9.306489330008318461e+01
4.671342656250000118e+02,-8.826877965789707048e+01
4.671345585937500005e+02,-9.095630434636311179e+01
4.671348515624999891e+02,-9.165651103245059517e+01
4.671351445312500346e+02,-8.818828674441769522e+01
4.671354375000000232e+02,-9.404854214218013908e+01
4.671357304687500118e+02,-9.360847672948199261e+01
4.671360234375000005e+02,-9.318722938237597475e+01
4.671363164062499891e+02,-8.697132813644941507e+01
4.671366093750000346e+02,-8.782556360005473550e+01
4.671369023437500232e+02,-8.663905057624248229e+01
4.671371953125000118e+02,-9.727474655437646334e+01
4.671374882812500005e+02,-8.926376244124442394e+01
4.671377812499999891e+02,-8.875909495973689900e+01
4.671380742187500346e+02,-8.473591536755067466e+01
4.671383671875000232e+02,-9.365075552418524296e+01
4.671386601562500118e+02,-8.475151410712078359e+01
4.671389531250000005e+02,-8.142263768023455839e+01
4.671392460937499891e+02,-8.571093851866065449e+01
4.671395390625000346e+02,-8.936721089055696154e+01
4.671398320312500232e+02,-9.433977475856011097e+01
4.671401250000000118e+02,-8.791043512524953485e+01
4.671404179687500005e+02,-8.622577625843369731e+01
4.671407109374999891e+02,-8.888323831146348653e+01
4.671410039062500346e+02,-1.134885955731142815e+02
4.671412968750000232e+02,-8.649385902207809806e+01
4.671415898437500118e+02,-8.755441453261767037e+01
4.671418828125000005e+02,-8.946557179435266960e+01
4.671421757812499891e+02,-8.545394438706051687e+01
4.671424687500000346e+02,-9.115781240773318927e+01
4.671427617187500232e+02,-8.824554555836245129e+01
4.671430546875000118e+02,-9.368059192621906561e+01
4.671433476562500005e+02,-8.635176713537488524e+01
4.671436406249999891e+02,-8.635112798929290534e+01
4.671439335937500346e+02,-9.294048165343809842e+01
4.671442265625000232e+02,-1.165817426482298345e+02
4.671445195312500118e+02,-8.988913269870870693e+01
4.671448125000000005e+02,-8.775607819496600825e+01
4.671451054687499891e+02,-9.159947256238788782e+01
4.671453984375000346e+02,-8.690929848098191712e+01
4.671456914062500232e+02,-9.247580390623438973e+01
4.671459843750000118e+02,-8.234340289346322095e+01
4.671462773437500005e+02,-8.084044517211452785e+01
4.671465703124999891e+02,-8.809550916928331787e+01
4.671468632812500346e+02,-8.870633617635215273e+01
4.671471562500000232e+02,-8.795261446029346075e+01
4.671474492187500118e+02,-8.946106010245712525e+01
4.671477421875000005e+02,-8.703578881875833417e+01
4.671480351562499891e+02,-8.706962064128038037e+01
4.671483281250000346e+02,-8.505553397843000596e+01
4.671486210937500232e+02,-8.780356026282107962e+01
4.671489140625000118e+02,-9.155100120540765829e+01
4.671492070312500005e+02,-9.221494900180613286e+01
4.671494999999999891e+02,-9.181923205574892677e+01
4.671497929687500346e+02,-8.864347853759323925e+01
4.671500859375000232e+02,-9.312701399739275132e+01
4.671503789062500118e+02,-9.094178724118576440e+01
4.671506718750000005e+02,-8.933694437339268291e+01
4.671509648437499891e+02,-8.632018419158734446e+01
4.671512578125000346e+02,-9.008182630320459339e+01
4.671515507812500232e+02,-8.658035104449020025e+01
4.671518437500000118e+02,-7.978074026369137073e+01
4.671521367187500005e+02,-8.472780330068235344e+01
4.671524296874999891e+02,-9.174955260679018920e+01
4.671527226562500346e+02,-9.221497185505542404e+01
4.671530156250000232e+02,-9.253241198639115339e+01
4.671533085937500118e+02,-7.989662516118735880e+01
4.671536015625000005e+02,-8.330158490181597131e+01
4.671538945312499891e+02,-8.851002063953251309e+01
4.671541875000000346e+02,-9.533611593421603914e+01
4.671544804687500232e+02,-8.921783335108409574e+01
4.671547734375000118e+02,-8.524670358613698795e+01
4.671550664062500005e+02,-9.258198458362474526e+01
4.671553593749999891e+02,-9.434378617657004895e+01
4.671556523437500346e+02,-9.597385035874013681e+01
4.671559453125000232e+02,-8.687757270669584386e+01
4.671562382812500118e+02,-8.510310084287532106e+01
4.671565312500000005e+02,-8.535023553536200325e+01
4.671568242187499891e+02,-8.293469434082375358e+01
4.671571171875000346e+02,-8.385671879434025300e+01
4.671574101562500232e+02,-9.473443451498334866e+01
4.671577031250000118e+02,-9.811161064473132853e+01
4.671579960937500005e+02,-9.127566823813971553e+01
4.671582890624999891e+02,-8.581916987781045236e+01
4.671585820312500346e+02,-8.642475361472014583e+01
4.671588750000000232e+02,-8.713112758340132302e+01
4.671591679687500118e+02,-9.147699486013817705e+01
4.671594609375000005e+02,-8.372799783152950681e+01
4.671597539062499891e+02,-7.908328946686793870e+01
4.671600468750000346e+02,-8.760462597493324211e+01
4.671603398437500232e+02,-8.628952862368089427e+01
4.671606328125000118e+02,-8.744961945486856791e+01
4.671609257812500005e+02,-8.700286056780558397e+01
4.671612187499999891e+02,-8.755352473357730503e+01
4.671615117187500346e+02,-8.867327084213820854e+01
4.671618046875000232e+02,-9.031093879385808521e+01
4.671620976562500118e+02,-8.557139583499858304e+01
4.671623906250000005e+02,-8.211767323640339100e+01
4.671626835937499891e+02,-8.824433334541734553e+01
4.671629765625000346e+02,-1.050102276932898349e+02
4.671632695312500232e+02,-9.506542320202282781e+01
4.671635625000000118e+02,-9.005253971130755986e+01
4.671638554687500005e+02,-8.852397828185416984e+01
4.671641484374999891e+02,-9.172084083437468394e+01
4.671644414062500346e+02,-8.736861792879150812e+01
4.671647343750000232e+02,-8.447749835693369391e+01
4.671650273437500118e+02,-8.563299695427585334e+01
4.671653203125000005e+02,-1.004015052403030381e+02
4.671656132812499891e+02,-8.465158756875538870e+01
4.671659062500000346e+02,-8.867574584573935681e+01
4.671661992187500232e+02,-9.371436810495578129e+01
4.671664921875000118e+02,-8.942844394494450455e+01
4.671667851562500005e+02,-9.125509519885845577e+01
4.671670781249999891e+02,-8.847361454759550270e+01
4.671673710937500346e+02,-9.163146067826446028e+01
4.671676640625000232e+02,-9.744342977448589238e+01
4.671679570312500118e+02,-9.677262530651135819e+01
4.671682500000000005e+02,-8.759265860813029292e+01
4.671685429687499891e+02,-8.842538685807332399e+01
4.671688359375000346e+02,-8.740126591874222584e+01
4.671691289062500232e+02,-9.730612109730529369e+01
4.671694218750000118e+02,-1.044743511407143330e+02
4.671697148437500005e+02,-1.020253525535220831e+02
4.671700078124999891e+02,-1.038497131899295880e+02
4.671703007812500346e+02,-9.358817619968796464e+01
4.671705937500000232e+02,-9.760102781813858996e+01
4.671708867187500118e+02,-9.448988318656107310e+01
4.671711796875000005e+02,-8.413903991484011158e+01
4.671714726562499891e+02,-8.413562898785710331e+01
4.671717656250000346e+02,-8.863307415192075212e+01
4.671720585937500232e+02,-9.663612517375631228e+01
4.671723515625000118e+02,-9.750151800105443556e+01
4.671726445312500005e+02,-9.296818754791887329e+01
4.671729374999999891e+02,-8.622148914823965526e+01
4.671732304687500346e+02,-8.480890041556249059e+01
4.671735234375000232e+02,-9.301829737756546024e+01
4.671738164062500118e+02,-9.478747844500341557e+01
4.671741093750000005e+02,-9.254788452875445159e+01
4.671744023437499891e+02,-8.684476348502855103e+01
4.671746953125000346e+02,-9.569140070559201661e+01
4.671749882812500232e+02,-9.308239952692296981e+01
4.671752812500000118e+02,-9.500587363714612366e+01
4.671755742187500005e+02,-8.765591584719760476e+01
4.671758671874999891e+02,-8.761443125156776546e+01
4.671761601562500346e+02,-9.891617474522593056e+01
4.671764531250000232e+02,-8.789863503539902467e+01
4.671767460937500118e+02,-9.003765671511787616e+01
4.671770390625000005e+02,-9.249516287469161568e+01
4.671773320312499891e+02,-8.974067498777921514e+01
4.671776250000000346e+02,-9.080588213897004835e+01
4.671779179687500232e+02,-8.787345686285732427e+01
4.671782109375000118e+02,-9.076722737452618617e+01
4.671785039062500005e+02,-9.246859792890293761e+01
4.671787968749999891e+02,-8.452852736605366601e+01
4.671790898437500346e+02,-8.406298678892639487e+01
4.671793828125000232e+02,-8.797999722970786252e+01
4.671796757812500118e+02,-8.753866894362556650e+01
4.671799687500000005e+02,-8.155174834656210692e+01
4.671802617187499891e+02,-8.412366798664605483e+01
4.671805546875000346e+02,-9.324070241290087324e+01
4.671808476562500232e+02,-8.676607235730891432e+01
4.671811406250000118e+02,-8.914474779630700141e+01
4.671814335937500005e+02,-9.143159676592580354e+01
4.671817265624999891e+02,-8.416284479903819715e+01
4.671820195312500346e+02,-8.754432843817599519e+01
4.671823125000000232e+02,-9.215191858464919505e+01
4.671826054687500118e+02,-8.671975908549960366e+01
4.671828984375000005e+02,-9.112706902966849043e+01
4.671831914062499891e+02,-8.824006435431653017e+01
4.671834843750000346e+02,-9.722519965360503136e+01
4.671837773437500232e+02,-9.972704339706071153e+01
4.671840703125000118e+02,-9.288263232515633661e+01
4.671843632812500005e+02,-8.498100153517982847e+01
4.671846562499999891e+02,-8.806599740039405333e+01
4.671849492187500346e+02,-1.001564745102451468e+02
4.671852421875000232e+02,-8.982121650028118154e+01
4.671855351562500118e+02,-8.893834853032853971e+01
4.671858281250000005e+02,-9.520244835088092827e+01
4.671861210937499891e+02,-8.837902516289955202e+01
4.671864140625000346e+02,-9.160955797261736677e+01
4.671867070312500232e+02,-9.188788026062874792e+01
4.671870000000000118e+02,-8.463822504899638943e+01
4.671872929687500005e+02,-8.592440048623659266e+01
4.671875859374999891e+02,-8.722619775566307965e+01
4.671878789062500346e+02,-9.799963392378494120e+01
4.671881718750000232e+02,-9.946315054855017479e+01
4.671884648437500118e+02,-9.085757996224560884e+01
4.671887578125000005e+02,-9.450309163415766989e+01
4.671890507812499891e+02,-8.703913217554139692e+01
4.671893437500000346e+02,-9.719039340299309515e+01
4.671896367187500232e+02,-8.777530667930170694e+01
4.671899296875000118e+02,-8.708609952611347182e+01
4.671902226562500005e+02,-8.488467788893301247e+01
4.671905156249999891e+02,-8.740979022289772615e+01
4.671908085937500346e+02,-9.328635159698991686e+01
4.671911015625000232e+02,-8.990749725411178872e+01
4.671913945312500118e+02,-9.199158594234233988e+01
4.671916875000000005e+02,-8.752283243826855141e+01
4.671919804687499891e+02,-9.011483503852187482e+01
4.671922734375000346e+02,-9.250311175520857887e+01
4.671925664062500232e+02,-8.715502120815568787e+01
4.671928593750000118e+02,-9.531421763910914535e+01
4.671931523437500005e+02,-9.135298250660305541e+01
4.671934453124999891e+02,-9.668326572862784474e+01
4.671937382812500346e+02,-8.724333473153504315e+01
4.671940312500000232e+02,-8.300082435791472335e+01
4.671943242187500118e+02,-8.389366167196595825e+01
4.671946171875000005e+02,-8.927853749944560491e+01
4.671949101562499891e+02,-8.428625189258455919e+01
4.671952031250000346e+02,-8.854430800873015528e+01
4.671954960937500232e+02,-8.235990672528927803e+01
4.671957890625000118e+02,-8.404577917149759969e+01
4.671960820312500005e+02,-8.940090308139970432e+01
4.671963749999999891e+02,-8.789701167920287617e+01
4.671966679687500346e+02,-8.075849314851896565e+01
4.671969609375000232e+02,-8.126993964973080153e+01
4.671972539062500118e+02,-9.109758232034401715e+01
4.671975468750000005e+02,-9.216733344692164565e+01
4.671978398437499891e+02,-8.848696512611850551e+01
4.671981328125000346e+02,-8.705557452611431302e+01
4.671984257812500232e+02,-8.944136504467479654e+01
4.671987187500000118e+02,-9.889720127480418910e+01
4.671990117187500005e+02,-9.547300188745062144e+01
4.671993046874999891e+02,-9.232617123771353818e+01
4.671995976562500346e+02,-9.122594400394598324e+01
4.671998906250000232e+02,-8.513585314444387109e+01
4.672001835937500118e+02,-8.317144001695089628e+01
4.672004765625000005e+02,-8.685722202710829265e+01
4.672007695312499891e+02,-9.844329187724727603e+01
4.672010625000000346e+02,-8.128538355903640422e+01
4.672013554687500232e+02,-8.353710938680805498e+01
4.672016484375000118e+02,-9.166808065324416077e+01
4.672019414062500005e+02,-9.414578232509869338e+01
4.672022343749999891e+02,-9.473857040178016575e+01
4.672025273437500346e+02,-9.432443971295613494e+01
4.672028203125000232e+02,-8.849410882234181486e+01
4.672031132812500118e+02,-8.511752479438193575e+01
4.672034062500000005e+02,-9.131685250736275350e+01
4.672036992187499891e+02,-8.441680970728728539e+01
4.672039921875000346e+02,-8.637868597391418746e+01
4.672042851562500232e+02,-8.225024811832660987e+01
4.672045781250000118e+02,-8.185495995129798530e+01
4.672048710937500005e+02,-9.492186564842734242e+01
4.672051640624999891e+02,-9.202939562102687887e+01
4.672054570312500346e+02,-8.856882463322071430e+01
4.672057500000000232e+02,-9.340309601566532649e+01
4.672060429687500118e+02,-8.851500512074670723e+01
4.672063359375000005e+02,-9.072000653818612648e+01
4.672066289062499891e+02,-1.037309101244096894e+02
4.672069218750000346e+02,-8.703565583141346451e+01
4.672072148437500232e+02,-8.242133144535810629e+01
4.672075078125000118e+02,-8.250322480622369881e+01
4.672078007812500005e+02,-9.120015074939243505e+01
4.672080937499999891e+02,-8.447908908007730133e+01
4.672083867187500346e+02,-7.878884131052339512e+01
4.672086796875000232e+02,-7.981173465682037715e+01
4.672089726562500118e+02,-8.591426071311954615e+01
4.672092656250000005e+02,-8.148947154951152072e+01
4.672095585937499891e+02,-9.256716273977426113e+01
4.672098515625000346e+02,-8.949519660050819425e+01
4.672101445312500232e+02,-9.002809921059201770e+01
4.672104375000000118e+02,-8.266190136428676283e+01
4.672107304687500005e+02,-8.557000552051758291e+01
4.672110234374999891e+02,-9.556680624507538369e+01
4.672113164062500346e+02,-9.007450636724222193e+01
4.672116093750000232e+02,-8.322191317904854202e+01
4.672119023437500118e+02,-8.487099800892019630e+01
4.672121953125000005e+02,-9.582852877523654911e+01
4.672124882812499891e+02,-7.956700354492517135e+01
4.672127812500000346e+02,-8.521897236896072059e+01
4.672130742187500232e+02,-8.235115154235057844e+01
4.672133671875000118e+02,-8.113954247794930552e+01
4.672136601562500005e+02,-8.134170712871949149e+01
4.672139531249999891e+02,-7.677886378380917165e+01
4.672142460937500346e+02,-8.113045703684272780e+01
4.672145390625000232e+02,-8.015422874434990774e+01
4.672148320312500118e+02,-7.942286355394044506e+01
4.672151250000000005e+02,-7.968422789131069806e+01
4.672154179687499891e+02,-8.494035345354834021e+01
4.672157109375000346e+02,-8.101362860272686817e+01
4.672160039062500232e+02,-8.113075993550680209e+01
4.672162968750000118e+02,-8.684245322315487670e+01
4.672165898437500005e+02,-8.343808602668468666e+01
4.672168828124999891e+02,-8.987001931772296359e+01
4.672171757812500346e+02,-9.056377541275615783e+01
4.672174687500000232e+02,-8.390818623892451456e+01
4.672177617187500118e+02,-9.043099455265389963e+01
4.672180546875000005e+02,-8.231801298578611181e+01
4.672183476562499891e+02,-8.904847954200052129e+01
4.672186406250000346e+02,-8.385973264492120904e+01
4.672189335937500232e+02,-8.191508329767725627e+01
4.672192265625000118e+02,-8.421436465614237932e+01
4.672195195312500005e+02,-8.404591279719889485e+01
4.672198124999999891e+02,-1.022292068433966108e+02
4.672201054687500346e+02,-8.534998063735292817e+01
4.672203984375000232e+02,-8.039424946619961077e+01
4.672206914062500118e+02,-8.041498070787224606e+01
4.672209843750000005e+02,-8.037896637716943360e+01
4.672212773437499891e+02,-7.746241044558539102e+01
4.672215703125000346e+02,-8.670879307776367284e+01
4.672218632812500232e+02,-9.976269423239672562e+01
4.672221562500000118e+02,-8.449908885062335173e+01
4.672224492187500005e+02,-8.061836190642603128e+01
4.672227421874999891e+02,-7.851232100241281842e+01
4.672230351562500346e+02,-8.096906032130989672e+01
4.672233281250000232e+02,-8.013192908762357547e+01
4.672236210937500118e+02,-7.888597799559330781e+01
4.672239140625000005e+02,-9.060718171208316107e+01
4.672242070312499891e+02,-8.756622381444110204e+01
4.672245000000000346e+02,-1.091783852725117470e+02
4.672247929687500232e+02,-1.004405757909223951e+02
4.672250859375000118e+02,-8.858588253649929811e+01
4.672253789062500005e+02,-8.685766191360478672e+01
4.672256718749999891e+02,-9.686528856964443435e+01
4.672259648437500346e+02,-8.270722226234083507e+01
4.672262578125000232e+02,-8.129208065402251293e+01
4.672265507812500118e+02,-8.715525148113513865e+01
4.672268437500000005e+02,-8.523635014266305632e+01
4.672271367187499891e+02,-8.393758341102750364e+01
4.672274296875000346e+02,-1.003750176973811250e+02
4.672277226562500232e+02,-8.234726834259483041e+01
4.672280156250000118e+02,-8.410174067238540374e+01
4.672283085937500005e+02,-8.434194077048501015e+01
4.672286015624999891e+02,-8.241334945922869792e+01
4.672288945312500346e+02,-8.391256861226965214e+01
4.672291875000000232e+02,-8.448637693071363231e+01
4.672294804687500118e+02,-9.307327003136803967e+01
4.672297734375000005e+02,-9.213309908021722094e+01
4.672300664062499891e+02,-8.900391158008466164e+01
4.672303593750000346e+02,-9.841669519956981560e+01
4.672306523437500232e+02,-8.762157363539996879e+01
4.672309453125000118e+02,-8.506881631273316202e+01
4.672312382812500005e+02,-8.773678430954723240e+01
4.672315312499999891e+02,-8.718183695895207563e+01
4.672318242187500346e+02,-8.650068411709096949e+01
4.672321171875000232e+02,-8.962604130532311331e+01
4.672324101562500118e+02,-8.287126299684550190e+01
4.672327031250000005e+02,-8.114435463943411264e+01
4.672329960937499891e+02,-9.934262600480813887e+01
4.672332890625000346e+02,-9.116039442597978848e+01
4.672335820312500232e+02,-8.992162048542414254e+01
4.672338750000000118e+02,-8.825156496570437525e+01
4.672341679687500005e+02,-8.915676906729873963e+01
4.672344609374999891e+02,-9.476527725038353367e+01
4.672347539062500346e+02,-8.658844604173425807e+01
4.672350468750000232e+02,-8.537613237244767106e+01
4.672353398437500118e+02,-8.629075150345559564e+01
4.672356328125000005e+02,-8.608126203630150997e+01
4.672359257812499891e+02,-8.832083878113670039e+01
4.672362187500000346e+02,-9.390901365505763465e+01
4.672365117187500232e+02,-9.048020299835384606e+01
4.672368046875000118e+02,-8.611869400808456021e+01
4.672370976562500005e+02,-8.272862903559740744e+01
4.672373906249999891e+02,-8.457743841944092367e+01
4.672376835937500346e+02,-8.914726561675409755e+01
4.672379765625000232e+02,-8.295590713850853604e+01
4.672382695312500118e+02,-8.160023262629634644e+01
4.672385625000000005e+02,-8.797035431102642633e+01
4.672388554687499891e+02,-8.836846026067645710e+01
4.672391484375000346e+02,-9.061441827781494851e+01
4.672394414062500232e+02,-9.339195877293123260e+01
4.672397343750000118e+02,-8.704396073412073065e+01
4.672400273437500005e+02,-8.436976091473474071e+01
4.672403203124999891e+02,-9.553333345831681811e+01
4.672406132812500346e+02,-8.707806839782988106e+01
4.672409062500000232e+02,-8.640496054986165575e+01
4.672411992187500118e+02,-9.529726686121124146e+01
4.672414921875000005e+02,-8.558551764196488421e+01
4.672417851562499891e+02,-9.769825141148368175e+01
4.672420781250000346e+02,-1.031118965188077823e+02
4.672423710937500232e+02,-8.841719287547428507e+01
4.672426640625000118e+02,-8.902855406855411502e+01
4.672429570312500005e+02,-9.470463084597878378e+01
4.672432499999999891e+02,-8.651869493136814526e+01
4.672435429687500346e+02,-8.784271076204426265e+01
4.672438359375000232e+02,-1.009604792836967135e+02
4.672441289062500118e+02,-8.841109017817134941e+01
4.672444218750000005e+02,-8.490291876463645337e+01
4.672447148437499891e+02,-8.407167692355058364e+01
4.672450078125000346e+02,-9.118803945950625689e+01
4.672453007812500232e+02,-9.387618454463721207e+01
4.672455937500000118e+02,-9.766912543457303286e+01
4.672458867187500005e+02,-9.535041018644470512e+01
4.672461796874999891e+02,-9.879892680158620522e+01
4.672464726562500346e+02,-8.935423934261250167e+01
4.672467656250000232e+02,-8.846717076791634327e+01
4.672470585937500118e+02,-8.914835381807029080e+01
4.672473515625000005e+02,-8.863804177480662361e+01
4.672476445312499891e+02,-9.938004485356222517e+01
4.672479375000000346e+02,-8.898073159787003306e+01
4.672482304687500232e+02,-9.157730963584108963e+01
4.672485234375000118e+02,-9.084029133692689584e+01
4.672488164062500005e+02,-9.099564858448883342e+01
4.672491093749999891e+02,-8.958068563072566803e+01
4.672494023437500346e+02,-8.530792872533764637e+01
4.672496953125000232e+02,-8.823341870044272639e+01
4.672499882812500118e+02,-9.493678235641995400e+01
4.672502812500000005e+02,-9.059554085727003780e+01
4.672505742187499891e+02,-8.583222244238690735e+01
4.672508671875000346e+02,-8.613977293694367177e+01
4.672511601562500232e+02,-9.293192431092938932e+01
4.672514531250000118e+02,-8.847899711934674372e+01
4.672517460937500005e+02,-9.015545040113687492e+01
4.672520390624999891e+02,-8.510046174142146924e+01
4.672523320312500346e+02,-8.298065549899554583e+01
4.672526250000000232e+02,-8.755070124835492607e+01
4.672529179687500118e+02,-9.351836232641323932e+01
4.672532109375000005e+02,-9.198234847120272661e+01
4.672535039062499891e+02,-8.784330741380301788e+01
4.672537968750000346e+02,-9.878740174566472376e+01
4.672540898437500232e+02,-9.627589428431816998e+01
4.672543828125000118e+02,-8.974744328686406902e+01
4.672546757812500005e+02,-9.041922731622059928e+01
4.672549687499999891e+02,-9.981954424148001692e+01
4.672552617187500346e+02,-8.737045464515999527e+01
4.672555546875000232e+02,-8.461483940053794583e+01
4.672558476562500118e+02,-9.574852088136654515e+01
4.672561406250000005e+02,-1.059404899652840299e+02
4.672564335937499891e+02,-9.571757247306059924e+01
4.672567265625000346e+02,-1.002512363394696280e+02
4.672570195312500232e+02,-8.730899355229644243e+01
4.672573125000000118e+02,-8.710395975834435944e+01
4.672576054687500005e+02,-9.079819505634164045e+01
4.672578984374999891e+02,-8.619694541919821518e+01
4.672581914062500346e+02,-8.260597680289930622e+01
4.672584843750000232e+02,-8.626421777041196037e+01
4.672587773437500118e+02,-8.806730049186306530e+01
4.672590703125000005e+02,-9.843548608020756774e+01
4.672593632812499891e+02,-8.792028986114044642e+01
4.672596562500000346e+02,-8.628322099417232494e+01
4.672599492187500232e+02,-9.058376981588861554e+01
4.672602421875000118e+02,-9.463530268649373056e+01
4.672605351562500005e+02,-8.532906075520956790e+01
4.672608281249999891e+02,-8.409209397053101043e+01
4.672611210937500346e+02,-8.802258021464876947e+01
4.672614140625000232e+02,-9.236204565587269144e+01
4.672617070312500118e+02,-9.146805333427538187e+01
4.672620000000000005e+02,-1.035690563053460949e+02
4.672622929687499891e+02,-9.340557577136054590e+01
4.672625859375000346e+02,-1.048149479685679921e+02
4.672628789062500232e+02,-8.703283449396700178e+01
4.672631718750000118e+02,-8.172789175547551110e+01
4.672634648437500005e+02,-8.403155581301896859e+01
4.672637578124999891e+02,-8.903395319233646887e+01
4.672640507812500346e+02,-1.036252971344609080e+02
4.672643437500000232e+02,-8.895280944287159741e+01
4.672646367187500118e+02,-9.959082324359427218e+01
4.672649296875000005e+02,-1.011801927072856557e+02
4.672652226562499891e+02,-8.974802100357821644e+01
4.672655156250000346e+02,-8.563169976922360149e+01
4.672658085937500232e+02,-8.254694550844973833e+01
4.672661015625000118e+02,-8.453002916514304843e+01
4.672663945312500005e+02,-8.495688240784636491e+01
4.672666874999999891e+02,-8.402573379969081202e+01
4.672669804687500346e+02,-9.214277816976562008e+01
4.672672734375000232e+02,-9.679501248789775047e+01
4.672675664062500118e+02,-1.107586035638126845e+02
4.672678593750000005e+02,-8.955908383353325064e+01
4.672681523437499891e+02,-8.986928076108813457e+01
4.672684453125000346e+02,-9.539280233079560389e+01
4.672687382812500232e+02,-9.104855895367764163e+01
4.672690312500000118e+02,-8.183807135725399462e+01
4.672693242187500005e+02,-1.117372308310090432e+02
4.672696171874999891e+02,-8.305503482659510439e+01
4.672699101562500346e+02,-9.042160036000724688e+01
4.672702031250000232e+02,-9.295943030992860656e+01
4.672704960937500118e+02,-8.166160464751393988e+01
4.672707890625000005e+02,-7.882932403834806223e+01
4.672710820312499891e+02,-9.114861687672858181e+01
4.672713750000000346e+02,-8.297146072497376679e+01
4.672716679687500232e+02,-9.184946958576374243e+01
4.672719609375000118e+02,-9.015278433506031774e+01
4.672722539062500005e+02,-9.147440432811164612e+01
4.672725468749999891e+02,-9.203961034888500592e+01
4.672728398437500346e+02,-9.309378753825177455e+01
4.672731328125000232e+02,-9.175763746451767133e+01
4.672734257812500118e+02,-8.716517203256262292e+01
4.672737187500000005e+02,-9.362073609624795267e+01
4.672740117187499891e+02,-9.374524579095006516e+01
4.672743046875000346e+02,-8.500337665399997888e+01
4.672745976562500232e+02,-9.682814541916701501e+01
4.672748906250000118e+02,-8.890520817358068939e+01
4.672751835937500005e+02,-8.812376656562456390e+01
4.672754765624999891e+02,-8.059200797892550838e+01
4.672757695312500346e+02,-8.629268088498844236e+01
4.672760625000000232e+02,-7.587621612462746157e+01
4.672763554687500118e+02,-7.759954497934299411e+01
4.672766484375000005e+02,-8.024939896588080046e+01
4.672769414062499891e+02,-8.159149778859523394e+01
4.672772343750000346e+02,-8.975364898624972909e+01
4.672775273437500232e+02,-9.065648243170292631e+01
4.672778203125000118e+02,-8.934146936795499983e+01
4.672781132812500005e+02,-8.588476084951776102e+01
4.672784062499999891e+02,-8.263208720432864141e+01
4.672786992187500346e+02,-7.980761810786027866e+01
4.672789921875000232e+02,-8.066008486341024764e+01
4.672792851562500118e+02,-8.643175584237098974e+01
4.672795781250000005e+02,-7.951001344240553692e+01
4.672798710937499891e+02,-8.158073971886889808e+01
4.672801640625000346e+02,-7.823828368410090661e+01
4.672804570312500232e+02,-8.556002781360149356e+01
4.672807500000000118e+02,-8.525970324822496593e+01
4.672810429687500005e+02,-8.024105910781499063e+01
4.672813359374999891e+02,-8.652487370560626800e+01
4.672816289062500346e+02,-7.925919844514052670e+01
4.672819218750000232e+02,-8.019901809660623826e+01
4.672822148437500118e+02,-8.080666851181490529e+01
4.672825078125000005e+02,-8.840032920146329332e+01
4.672828007812499891e+02,-7.600685338227646071e+01
4.672830937500000346e+02,-7.694912866321428169e+01
4.672833867187500232e+02,-7.290183207557031153e+01
4.672836796875000118e+02,-7.771397571495154466e+01
4.672839726562500005e+02,-8.838476914622177105e+01
4.672842656249999891e+02,-8.146831078256455783e+01
4.672845585937500346e+02,-7.914539603978847992e+01
4.672848515625000232e+02,-7.632472397608877657e+01
4.672851445312500118e+02,-7.666814271248911439e+01
4.672854375000000005e+02,-7.914503917189850313e+01
4.672857304687499891e+02,-7.558627067012896816e+01
4.672860234375000346e+02,-8.002710470929288533e+01
4.672863164062500232e+02,-8.778033140187055494e+01
4.672866093750000118e+02,-9.715532182730802901e+01
4.672869023437500005e+02,-8.879617577871222522e+01
4.672871953124999891e+02,-8.251951559083295251e+01
4.672874882812500346e+02,-7.788857229300664642e+01
4.672877812500000232e+02,-8.504535882824555415e+01
4.672880742187500118e+02,-8.723103015355270884e+01
4.672883671875000005e+02,-8.323241446085265238e+01
4.672886601562499891e+02,-8.681797499441429977e+01
4.672889531250000346e+02,-9.842700667683480731e+01
4.672892460937500232e+02,-8.087110952315529744e+01
4.672895390625000118e+02,-8.540413296495950135e+01
4.672898320312500005e+02,-9.576316651300926708e+01
4.672901249999999891e+02,-9.179365460246825137e+01
4.672904179687500346e+02,-8.650457447862598315e+01
4.672907109375000232e+02,-9.246775492036518074e+01
4.672910039062500118e+02,-9.507251840898624096e+01
4.672912968750000005e+02,-8.717201281901729715e+01
4.672915898437499891e+02,-9.710848321637072900e+01
4.672918828125000346e+02,-9.411778456249849967e+01
4.672921757812500232e+02,-9.241430745681435610e+01
4.672924687500000118e+02,-8.825841952260630308e+01
4.672927617187500005e+02,-8.617933984597179631e+01
4.672930546874999891e+02,-9.450642217967126157e+01
4.672933476562500346e+02,-8.671518040128069060e+01
4.672936406250000232e+02,-8.483258261293364910e+01
4.672939335937500118e+02,-8.223943686369692330e+01
4.672942265625000005e+02,-8.627188021173070354e+01
4.672945195312499891e+02,-8.754012687450423869e+01
4.672948125000000346e+02,-8.644136441036260976e+01
4.672951054687500232e+02,-8.534762793066852282e+01
4.672953984375000118e+02,-8.915573632368355561e+01
4.672956914062500005e+02,-8.319770399190298349e+01
4.672959843749999891e+02,-8.373754552838269660e+01
4.672962773437500346e+02,-9.464166470324238389e+01
4.672965703125000232e+02,-8.798794447700053922e+01
4.672968632812500118e+02,-8.769554662023938363e+01
4.672971562500000005e+02,-8.615329160556311194e+01
4.672974492187499891e+02,-9.221348754109114054e+01
4.672977421875000346e+02,-9.033590078358901110e+01
4.672980351562500232e+02,-8.842030919954609658e+01
4.672983281250000118e+02,-8.829930539251211030e+01
4.672986210937500005e+02,-9.156799574296529443e+01
4.672989140624999891e+02,-9.894295299335850302e+01
4.672992070312500346e+02,-8.605797352248623611e+01
4.672995000000000232e+02,-8.829126967832388573e+01
4.672997929687500118e+02,-8.851722246675977601e+01
4.673000859375000005e+02,-9.170172806002784682e+01
4.673003789062499891e+02,-8.792535675511669524e+01
4.673006718750000346e+02,-8.537354672800198330e+01
4.673009648437500232e+02,-9.033891927159551472e+01
4.673012578125000118e+02,-9.436023373151047622e+01
4.673015507812500005e+02,-9.440259363586336860e+01
4.673018437499999891e+02,-9.809230458668075414e+01
4.673021367187500346e+02,-9.283160750162235786e+01
4.673024296875000232e+02,-8.870990419996130072e+01
4.673027226562500118e+02,-8.728920411791206391e+01
4.673030156250000005e+02,-8.396086347013876150e+01
4.673033085937499891e+02,-8.082262820005789195e+01
4.673036015625000346e+02,-8.447134972516548146e+01
4.673038945312500232e+02,-8.949404928848620955e+01
4.673041875000000118e+02,-8.885029877650084984e+01
4.673044804687500005e+02,-8.924491157996870072e+01
4.673047734374999891e+02,-9.188203418978798709e+01
4.673050664062500346e+02,-9.197855986410610285e+01
4.673053593750000232e+02,-8.852239294958998528e+01
4.673056523437500118e+02,-9.751258459111963361e+01
4.673059453125000005e+02,-8.888736122593562072e+01
4.673062382812499891e+02,-9.049205783688185534e+01
4.673065312500000346e+02,-1.041562437758900472e+02
4.673068242187500232e+02,-9.390901512119938843e+01
4.673071171875000118e+02,-9.433572911189394006e+01
4.673074101562500005e+02,-8.874441229971340306e+01
4.673077031249999891e+02,-9.107359286769511186e+01
4.673079960937500346e+02,-8.703814503588293405e+01
4.673082890625000232e+02,-8.336308220323820706e+01
4.673085820312500118e+02,-8.335056238593384137e+01
4.673088750000000005e+02,-8.865758470267294911e+01
4.673091679687499891e+02,-9.878281613497460967e+01
4.673094609375000346e+02,-9.000245160330689487e+01
4.673097539062500232e+02,-8.971129100152394642e+01
4.673100468750000118e+02,-9.055580057853003950e+01
4.673103398437500005e+02,-9.455109884822263666e+01
4.673106328124999891e+02,-8.714126956716575023e+01
4.673109257812500346e+02,-8.341591082746843711e+01
4.673112187500000232e+02,-8.041736563630507817e+01
4.673115117187500118e+02,-8.658673855002848541e+01
4.673118046875000005e+02,-8.628107688460197267e+01
4.673120976562499891e+02,-8.735039426695017539e+01
4.673123906250000346e+02,-9.318228195183769458e+01
4.673126835937500232e+02,-8.947004346594333413e+01
4.673129765625000118e+02,-9.160071625547217877e+01
4.673132695312500005e+02,-9.373444193664036561e+01
4.673135624999999891e+02,-8.946396839599020723e+01
4.673138554687500346e+02,-8.290981598903151450e+01
4.673141484375000232e+02,-8.572876411373312067e+01
4.673144414062500118e+02,-9.893235700362062346e+01
4.673147343750000005e+02,-9.137802830193231785e+01
4.673150273437499891e+02,-9.342208618753872429e+01
4.673153203125000346e+02,-8.808679272825781936e+01
4.673156132812500232e+02,-9.408618958806358989e+01
4.673159062500000118e+02,-9.340963157557669660e+01
4.673161992187500005e+02,-9.127844714834265005e+01
4.673164921874999891e+02,-8.489058437192710471e+01
4.673167851562500346e+02,-8.214007622136895748e+01
4.673170781250000232e+02,-8.739153831190817812e+01
4.673173710937500118e+02,-8.689372888600830436e+01
4.673176640625000005e+02,-8.853056827132535034e+01
4.673179570312499891e+02,-9.430905369379505032e+01
4.673182500000000346e+02,-1.024323679071683273e+02
4.673185429687500232e+02,-8.909734915591917570e+01
4.673188359375000118e+02,-8.767195029487702129e+01
4.673191289062500005e+02,-8.247197592746576333e+01
4.673194218749999891e+02,-8.133806578639777740e+01
4.673197148437500346e+02,-8.950006869892270345e+01
4.673200078125000232e+02,-9.142485467197019489e+01
4.673203007812500118e+02,-8.909846258439458211e+01
4.673205937500000005e+02,-8.814977651345402876e+01
4.673208867187499891e+02,-8.454115050944579934e+01
4.673211796875000346e+02,-8.362504861879398277e+01
4.673214726562500232e+02,-8.754310954387635491e+01
4.673217656250000118e+02,-8.564362222898296295e+01
4.673220585937500005e+02,-8.679103093805267122e+01
4.673223515624999891e+02,-9.903627140651619243e+01
4.673226445312500346e+02,-9.841489288111125688e+01
4.673229375000000232e+02,-9.160670211806220209e+01
4.673232304687500118e+02,-8.647854162248130194e+01
4.673235234375000005e+02,-8.275467084823071673e+01
4.673238164062499891e+02,-8.509155944980491881e+01
4.673241093750000346e+02,-8.965466469442370112e+01
4.673244023437500232e+02,-1.023263321573771947e+02
4.673246953125000118e+02,-9.379612357471158646e+01
4.673249882812500005e+02,-9.014112021901242144e+01
4.673252812499999891e+02,-8.903944059645446885e+01
4.673255742187500346e+02,-9.456098456165875632e+01
4.673258671875000232e+02,-9.251343235328135961e+01
4.673261601562500118e+02,-8.543380707670050356e+01
4.673264531250000005e+02,-8.691693214046834726e+01
4.673267460937499891e+02,-8.613000455821344303e+01
4.673270390625000346e+02,-8.102252296132725462e+01
4.673273320312500232e+02,-8.255701395756446459e+01
4.673276250000000118e+02,-1.060809471447530257e+02
4.673279179687500005e+02,-9.269782954267083142e+01
4.673282109374999891e+02,-8.920787421733396627e+01
4.673285039062500346e+02,-9.373131693886917049e+01
4.673287968750000232e+02,-9.689660982181210613e+01
4.673290898437500118e+02,-1.013512590817464201e+02
4.673293828125000005e+02,-1.001278024308512897e+02
4.673296757812499891e+02,-8.410322981999897252e+01
4.673299687500000346e+02,-8.287166385750441577e+01
4.673302617187500232e+02,-9.123326831251969793e+01
4.673305546875000118e+02,-8.521797129399081427e+01
4.673308476562500005e+02,-8.855382258518133654e+01
4.673311406249999891e+02,-8.952337828763738514e+01
4.673314335937500346e+02,-1.151997601756386302e+02
4.673317265625000232e+02,-8.553642392576186637e+01
4.673320195312500118e+02,-8.710695973364056499e+01
4.673323125000000005e+02,-9.741163359138698752e+01
4.673326054687499891e+02,-8.468299070265058504e+01
4.673328984375000346e+02,-8.319506853417549053e+01
4.673331914062500232e+02,-8.675964530181296652e+01
4.673334843750000118e+02,-9.081191366268321019e+01
4.673337773437500005e+02,-9.649067475923276049e+01
4.673340703124999891e+02,-9.842409894913481594e+01
4.673343632812500346e+02,-8.689126941115338809e+01
4.673346562500000232e+02,-8.427229548185069063e+01
4.673349492187500118e+02,-8.935439872037034093e+01
4.673352421875000005e+02,-8.532161820530910745e+01
4.673355351562499891e+02,-8.175031453051880703e+01
4.673358281250000346e+02,-8.198978383831823180e+01
4.673361210937500232e+02,-9.037379449120307129e+01
4.673364140625000118e+02,-1.070849896341711371e+02
4.673367070312500005e+02,-9.119955044156984059e+01
4.673369999999999891e+02,-8.366741315347351815e+01
4.673372929687500346e+02,-8.289598560491653245e+01
4.673375859375000232e+02,-8.419521397762545689e+01
4.673378789062500118e+02,-8.264761251615493620e+01
4.673381718750000005e+02,-8.269176666884104066e+01
4.673384648437499891e+02,-8.080135177953550851e+01
4.673387578125000346e+02,-8.618666185955923709e+01
4.673390507812500232e+02,-8.421576340095182900e+01
4.673393437500000118e+02,-9.348416819160958369e+01
4.673396367187500005e+02,-7.965335214070645975e+01
4.673399296874999891e+02,-6.885360926842156459e+01
4.673402226562500346e+02,-7.300466731990816527e+01
4.673405156250000232e+02,-8.606001757880403602e+01
4.673408085937500118e+02,-7.970016374344923804e+01
4.673411015625000005e+02,-7.977005979911413647e+01
4.673413945312499891e+02,-8.770203878545224541e+01
4.673416875000000346e+02,-8.970509868218525185e+01
4.673419804687500232e+02,-9.221918391460658881e+01
4.673422734375000118e+02,-7.991193799379233553e+01
4.673425664062500005e+02,-8.055297814547189716e+01
4.673428593749999891e+02,-8.415390508707595529e+01
4.673431523437500346e+02,-8.688611539797399530e+01
4.673434453125000232e+02,-8.740601616964366372e+01
4.673437382812500118e+02,-8.097503557525838858e+01
4.673440312500000005e+02,-7.955175351036629650e+01
4.673443242187499891e+02,-8.850546372336715706e+01
4.673446171875000346e+02,-9.905282887416119308e+01
4.673449101562500232e+02,-8.073023935786416416e+01
4.673452031250000118e+02,-7.892996583094269170e+01
4.673454960937500005e+02,-7.808098746698507853e+01
4.673457890624999891e+02,-7.849481833990920165e+01
4.673460820312500346e+02,-8.378910716078590326e+01
4.673463750000000232e+02,-8.547731419778284589e+01
4.673466679687500118e+02,-8.093788898653295405e+01
4.673469609375000005e+02,-8.127923382088985704e+01
4.673472539062499891e+02,-8.475944778464990748e+01
4.673475468750000346e+02,-8.493981135356429490e+01
4.673478398437500232e+02,-8.211582521407584068e+01
4.673481328125000118e+02,-7.774869039883841992e+01
4.673484257812500005e+02,-8.218672359886650725e+01
4.673487187499999891e+02,-8.724591499837087838e+01
4.673490117187500346e+02,-8.213691318639951078e+01
4.673493046875000232e+02,-8.752110095252545818e+01
4.673495976562500118e+02,-8.059429989881436995e+01
4.673498906250000005e+02,-7.950428769852564415e+01
4.673501835937499891e+02,-7.921683220007194848e+01
4.673504765625000346e+02,-8.197873778506205156e+01
4.673507695312500232e+02,-8.613448350564527800e+01
4.673510625000000118e+02,-9.428465349149091423e+01
4.673513554687500005e+02,-9.435460454571986588e+01
4.673516484374999891e+02,-9.460027734072244243e+01
4.673519414062500346e+02,-8.355820831999147913e+01
4.673522343750000232e+02,-9.488298466456383551e+01
4.673525273437500118e+02,-8.350031332075757007e+01
4.673528203125000005e+02,-7.826308157351499517e+01
4.673531132812499891e+02,-8.301402677501029359e+01
4.673534062500000346e+02,-9.180713116293495091e+01
4.673536992187500232e+02,-8.349960882407792440e+01
4.673539921875000118e+02,-8.202254357803339246e+01
4.673542851562500005e+02,-9.560812503755715852e+01
4.673545781249999891e+02,-8.725117682316287926e+01
4.673548710937500346e+02,-8.318535380844153337e+01
4.673551640625000232e+02,-9.950995734065563170e+01
4.673554570312500118e+02,-8.562786447204997842e+01
4.673557500000000005e+02,-8.794962157297496219e+01
4.673560429687499891e+02,-9.730094167718141307e+01
4.673563359375000346e+02,-8.693991279714568066e+01
4.673566289062500232e+02,-9.253237034958056029e+01
4.673569218750000118e+02,-7.527084604794056588e+01
4.673572148437500005e+02,-7.657576554808407820e+01
4.673575078124999891e+02,-8.422686354058996017e+01
4.673578007812500346e+02,-8.329969379338896829e+01
4.673580937500000232e+02,-8.218680472058053965e+01
4.673583867187500118e+02,-8.470418190394465796e+01
4.673586796875000005e+02,-8.400939346400910779e+01
4.673589726562499891e+02,-8.590380020798789928e+01
4.673592656250000346e+02,-8.488857591734210928e+01
4.673595585937500232e+02,-8.047764670770050088e+01
4.673598515625000118e+02,-8.650889232082469960e+01
4.673601445312500005e+02,-9.418585931163291036e+01
4.673604374999999891e+02,-9.833795624412445591e+01
4.673607304687500346e+02,-8.516101978942552364e+01
4.673610234375000232e+02,-8.773496651075076613e+01
4.673613164062500118e+02,-8.662558220487753147e+01
4.673616093750000005e+02,-1.011820312484099702e+02
4.673619023437499891e+02,-9.428491587957849163e+01
4.673621953125000346e+02,-8.620262617549501272e+01
4.673624882812500232e+02,-8.910063010335875333e+01
4.673627812500000118e+02,-8.667274154533815533e+01
4.673630742187500005e+02,-8.432714799486470270e+01
4.673633671874999891e+02,-8.677220764832816258e+01
4.673636601562500346e+02,-9.753544477397451828e+01
4.673639531250000232e+02,-8.669363024203067880e+01
4.673642460937500118e+02,-8.817470206924519971e+01
4.673645390625000005e+02,-8.730388779417390310e+01
4.673648320312499891e+02,-8.621653553982852713e+01
4.673651250000000346e+02,-8.902451307589390694e+01
4.673654179687500232e+02,-8.330083688192510749e+01
4.673657109375000118e+02,-8.166905392214806625e+01
4.673660039062500005e+02,-8.234986594056358911e+01
4.673662968749999891e+02,-9.524757355442245910e+01
4.673665898437500346e+02,-9.012109386905507336e+01
4.673668828125000232e+02,-8.911416513534467754e+01
4.673671757812500118e+02,-9.327057276491048299e+01
4.673674687500000005e+02,-8.549735711044132813e+01
4.673677617187499891e+02,-8.175226663663168836e+01
4.673680546875000346e+02,-8.712365239065505307e+01
4.673683476562500232e+02,-8.534518539507615742e+01
4.673686406250000118e+02,-8.337632146643444742e+01
4.673689335937500005e+02,-8.790367122096917285e+01
4.673692265624999891e+02,-8.535484667488374555e+01
4.673695195312500346e+02,-8.367933776349102004e+01
4.673698125000000232e+02,-8.790816350940087887e+01
4.673701054687500118e+02,-8.970094339591656762e+01
4.673703984375000005e+02,-9.025887794291180910e+01
4.673706914062499891e+02,-9.010709132806593402e+01
4.673709843750000346e+02,-9.168141725526763253e+01
4.673712773437500232e+02,-9.709566486341759628e+01
4.673715703125000118e+02,-9.221549162085197793e+01
4.673718632812500005e+02,-1.051881440445742726e+02
4.673721562499999891e+02,-8.704448309311678145e+01
4.673724492187500346e+02,-8.327017941083656183e+01
4.673727421875000232e+02,-8.352319260325911898e+01
4.673730351562500118e+02,-9.651059377279145224e+01
4.673733281250000005e+02,-8.746916260548255195e+01
4.673736210937499891e+02,-9.167130295746449065e+01
4.673739140625000346e+02,-9.102922379715109003e+01
4.673742070312500232e+02,-8.400098776496484732e+01
4.673745000000000118e+02,-9.325176567953607787e+01
4.673747929687500005e+02,-8.871000816492964702e+01
4.673750859374999891e+02,-8.672916932194625872e+01
4.673753789062500346e+02,-8.533055228730671615e+01
4.673756718750000232e+02,-8.922659110743596500e+01
4.673759648437500118e+02,-8.565979396413133884e+01
4.673762578125000005e+02,-8.458519771443690161e+01
4.673765507812499891e+02,-1.069872699861611096e+02
4.673768437500000346e+02,-8.911754841717736042e+01
4.673771367187500232e+02,-9.776894420565297139e+01
4.673774296875000118e+02,-8.519233057169265066e+01
4.673777226562500005e+02,-8.487544629919285910e+01
4.673780156249999891e+02,-9.229456384273690617e+01
4.673783085937500346e+02,-8.957074981150580584e+01
4.673786015625000232e+02,-8.842734402439766939e+01
4.673788945312500118e+02,-8.494476133170954313e+01
4.673791875000000005e+02,-9.082428519100386666e+01
4.673794804687499891e+02,-1.057032418043908137e+02
4.673797734375000346e+02,-9.111657065773374597e+01
4.673800664062500232e+02,-8.301739301791121761e+01
4.673803593750000118e+02,-8.033397924186039063e+01
4.673806523437500005e+02,-8.468453205623032432e+01
4.673809453124999891e+02,-8.829334518028935008e+01
4.673812382812500346e+02,-8.553990588435908649e+01
4.673815312500000232e+02,-8.965230201409329425e+01
4.673818242187500118e+02,-8.322018454544702593e+01
4.673821171875000005e+02,-8.410833291594344985e+01
4.673824101562499891e+02,-8.462885428966518475e+01
4.673827031250000346e+02,-9.140300464654629309e+01
4.673829960937500232e+02,-8.549583317668751192e+01
4.673832890625000118e+02,-8.814555481763817113e+01
4.673835820312500005e+02,-8.564744556406128595e+01
4.673838749999999891e+02,-8.255244888630213040e+01
4.673841679687500346e+02,-8.775236596860052884e+01
4.673844609375000232e+02,-8.424237144247527453e+01
4.673847539062500118e+02,-8.214511282453186425e+01
4.673850468750000005e+02,-8.168480601026260501e+01
4.673853398437499891e+02,-8.383581238191979423e+01
4.673856328125000346e+02,-9.688149419165419829e+01
4.673859257812500232e+02,-1.013577623962142837e+02
4.673862187500000118e+02,-8.699678119372207163e+01
4.673865117187500005e+02,-1.011817627762129490e+02
4.673868046874999891e+02,-8.746643169210963720e+01
4.673870976562500346e+02,-8.857173570800846107e+01
4.673873906250000232e+02,-8.712684143873005382e+01
4.673876835937500118e+02,-9.406814480845173421e+01
4.673879765625000005e+02,-9.240349660080995875e+01
4.673882695312499891e+02,-8.501256737549469733e+01
4.673885625000000346e+02,-8.731574829482264022e+01
4.673888554687500232e+02,-9.524808194104507209e+01
4.673891484375000118e+02,-8.893346677430614022e+01
4.673894414062500005e+02,-8.740056029100071555e+01
4.673897343749999891e+02,-9.504438423670541169e+01
4.673900273437500346e+02,-9.408051028123360027e+01
4.673903203125000232e+02,-8.563072975702510803e+01
4.673906132812500118e+02,-8.027728942156451808e+01
4.673909062500000005e+02,-8.574573052542970686e+01
4.673911992187499891e+02,-8.344519094246201973e+01
4.673914921875000346e+02,-8.878260912317479381e+01
4.673917851562500232e+02,-8.736829403793674942e+01
4.673920781250000118e+02,-8.536585539984022830e+01
4.673923710937500005e+02,-9.503403641117772338e+01
4.673926640624999891e+02,-8.957340349818488789e+01
4.673929570312500346e+02,-7.958478315693704985e+01
4.673932500000000232e+02,-7.871258081030036635e+01
4.673935429687500118e+02,-8.240986666120649318e+01
4.673938359375000005e+02,-8.994337786011800517e+01
4.673941289062499891e+02,-8.843190210199735191e+01
4.673944218750000346e+02,-9.493331071358555562e+01
4.673947148437500232e+02,-8.287775827788890126e+01
4.673950078125000118e+02,-7.768115650629376034e+01
4.673953007812500005e+02,-7.802952003476106313e+01
4.673955937499999891e+02,-8.105171846355311516e+01
4.673958867187500346e+02,-8.862456081177597866e+01
4.673961796875000232e+02,-8.072956834772917034e+01
4.673964726562500118e+02,-8.019774415563047398e+01
4.673967656250000005e+02,-9.563536181226295696e+01
4.673970585937499891e+02,-8.651798173626301036e+01
4.673973515625000346e+02,-8.153817639076984847e+01
4.673976445312500232e+02,-9.142239764959441573e+01
4.673979375000000118e+02,-8.748443944800052918e+01
4.673982304687500005e+02,-7.886927490937365803e+01
4.673985234374999891e+02,-9.443058998292073625e+01
4.673988164062500346e+02,-8.586446416948589899e+01
4.673991093750000232e+02,-8.167466131984811284e+01
4.673994023437500118e+02,-8.282470742964115118e+01
4.673996953125000005e+02,-8.440035117436110568e+01
4.673999882812499891e+02,-9.303301888129101371e+01
4.674002812500000346e+02,-8.488993907348071843e+01
4.674005742187500232e+02,-7.982282762488145522e+01
4.674008671875000118e+02,-8.545312098940014778e+01
4.674011601562500005e+02,-8.372786589898902321e+01
4.674014531249999891e+02,-7.764368587906302821e+01
4.674017460937500346e+02,-8.094059184029035237e+01
4.674020390625000232e+02,-7.573655965118481959e+01
4.674023320312500118e+02,-7.703422915328194165e+01
4.674026250000000005e+02,-8.356424818904309859e+01
4.674029179687499891e+02,-8.256494410661153438e+01
4.674032109375000346e+02,-8.331330569607034420e+01
4.674035039062500232e+02,-9.002245597474241379e+01
4.674037968750000118e+02,-8.513144914001217956e+01
4.674040898437500005e+02,-9.089510940242993797e+01
4.674043828124999891e+02,-8.332288419937270874e+01
4.674046757812500346e+02,-7.501813721169979488e+01
4.674049687500000232e+02,-7.816491212257056986e+01
4.674052617187500118e+02,-7.983066627304124552e+01
4.674055546875000005e+02,-7.899094883308849546e+01
4.674058476562499891e+02,-8.400808756629196239e+01
4.674061406250000346e+02,-8.308807763007634151e+01
4.674064335937500232e+02,-8.691929311769334277e+01
4.674067265625000118e+02,-8.849211991090004403e+01
4.674070195312500005e+02,-8.882327699694899081e+01
4.674073124999999891e+02,-8.301446847278496932e+01
4.674076054687500346e+02,-8.278892268257644105e+01
4.674078984375000232e+02,-8.003849971712165257e+01
4.674081914062500118e+02,-8.808596915200233468e+01
4.674084843750000005e+02,-8.216763318306819031e+01
4.674087773437499891e+02,-7.989688274688934655e+01
4.674090703125000346e+02,-9.692487350735838447e+01
4.674093632812500232e+02,-8.329660878923132827e+01
4.674096562500000118e+02,-8.686590401226294489e+01
4.674099492187500005e+02,-8.448827600967577212e+01
4.674102421874999891e+02,-8.313213936331064247e+01
4.674105351562500346e+02,-8.286523733928754609e+01
4.674108281250000232e+02,-8.569595239510745444e+01
4.674111210937500118e+02,-9.487268201755676955e+01
4.674114140625000005e+02,-9.079035766443966793e+01
4.674117070312499891e+02,-7.918062709502363816e+01
4.674120000000000346e+02,-9.431454916245408526e+01
4.674122929687500232e+02,-8.228593958708857770e+01
4.674125859375000118e+02,-8.276303407671323953e+01
4.674128789062500005e+02,-8.403719265770607194e+01
4.674131718749999891e+02,-8.394669790653085784e+01
4.674134648437500346e+02,-7.835374491202242098e+01
4.674137578125000232e+02,-7.829232961336023777e+01
4.674140507812500118e+02,-7.860969057271360327e+01
4.674143437500000005e+02,-8.443873746845409300e+01
4.674146367187499891e+02,-7.493519856647841948e+01
4.674149296875000346e+02,-7.571269547564972413e+01
4.674152226562500232e+02,-8.156066094828062774e+01
4.674155156250000118e+02,-9.281047844013536974e+01
4.674158085937500005e+02,-8.320495566535828402e+01
4.674161015624999891e+02,-7.918503515803566017e+01
4.674163945312500346e+02,-8.080389458986775253e+01
4.674166875000000232e+02,-7.510515593288413072e+01
4.674169804687500118e+02,-7.698047385073219573e+01
4.674172734375000005e+02,-8.228139297126006113e+01
4.674175664062499891e+02,-7.422403727704497101e+01
4.674178593750000346e+02,-8.037384140539622024e+01
4.674181523437500232e+02,-8.725274126730136004e+01
4.674184453125000118e+02,-8.476330889946225966e+01
4.674187382812500005e+02,-8.896562991593410175e+01
4.674190312499999891e+02,-6.522373106363269812e+01
4.674193242187500346e+02,-6.144743949123746063e+01
4.674196171875000232e+02,-7.236160989455424897e+01
4.674199101562500118e+02,-8.232901288036764242e+01
4.674202031250000005e+02,-9.070217268179820280e+01
4.674204960937499891e+02,-8.219313945412108069e+01
4.674207890625000346e+02,-7.964898785400097836e+01
4.674210820312500232e+02,-8.106552633519686424e+01
4.674213750000000118e+02,-8.235048989632126393e+01
4.674216679687500005e+02,-8.006787349264837417e+01
4.674219609374999891e+02,-8.703376352182689857e+01
4.674222539062500346e+02,-8.840217479997052408e+01
4.674225468750000232e+02,-9.328082764407680827e+01
4.674228398437500118e+02,-8.805580309242800752e+01
4.674231328125000005e+02,-7.932908081602437278e+01
4.674234257812499891e+02,-8.028951864421857465e+01
4.674237187500000346e+02,-8.077483539818581448e+01
4.674240117187500232e+02,-9.932985100414646240e+01
4.674243046875000118e+02,-8.326656429553280248e+01
4.674245976562500005e+02,-8.376624760659441904e+01
4.674248906249999891e+02,-8.276027831060444839e+01
4.674251835937500346e+02,-8.411143561833202398e+01
4.674254765625000232e+02,-8.607517117412416496e+01
4.674257695312500118e+02,-8.504819953613775851e+01
4.674260625000000005e+02,-8.161997621641086198e+01
4.674263554687499891e+02,-8.305818378607094132e+01
4.674266484375000346e+02,-8.890410999137696990e+01
4.674269414062500232e+02,-9.357370825875763387e+01
4.674272343750000118e+02,-8.422624387771682564e+01
4.674275273437500005e+02,-8.118994414812897276e+01
4.674278203124999891e+02,-8.707175325903777718e+01
4.674281132812500346e+02,-8.831013995488227408e+01
4.674284062500000232e+02,-8.472324462805802625e+01
4.674286992187500118e+02,-8.257771202281762157e+01
4.674289921875000005e+02,-8.185426394238913872e+01
4.674292851562499891e+02,-9.980838698402676812e+01
4.674295781250000346e+02,-8.598705308850817630e+01
4.674298710937500232e+02,-8.301679910973048493e+01
4.674301640625000118e+02,-9.654242676971799142e+01
4.674304570312500005e+02,-9.862433832701569258e+01
4.674307499999999891e+02,-8.827111390936521218e+01
4.674310429687500346e+02,-8.376554811352949059e+01
4.674313359375000232e+02,-8.800597200561908551e+01
4.674316289062500118e+02,-8.830776550397230551e+01
4.674319218750000005e+02,-8.947483520861658235e+01
4.674322148437499891e+02,-9.531612825383155041e+01
4.674325078125000346e+02,-9.404396126278993506e+01
4.674328007812500232e+02,-9.970499691162315514e+01
4.674330937500000118e+02,-9.119287561869965941e+01
4.674333867187500005e+02,-8.696457467079224557e+01
4.674336796874999891e+02,-1.016111644643882670e+02
4.674339726562500346e+02,-8.539676293867313461e+01
4.674342656250000232e+02,-8.254127546206071031e+01
4.674345585937500118e+02,-8.423111215843697153e+01
4.674348515625000005e+02,-9.123856758986848092e+01
4.674351445312499891e+02,-1.072867537974165657e+02
4.674354375000000346e+02,-8.705908832723692115e+01
4.674357304687500232e+02,-8.479418241382857957e+01
4.674360234375000118e+02,-8.913750669447068731e+01
4.674363164062500005e+02,-8.441488696915772039e+01
4.674366093749999891e+02,-8.811949883642537884e+01
4.674369023437500346e+02,-8.341194978478596056e+01
4.674371953125000232e+02,-8.125013013227987813e+01
4.674374882812500118e+02,-8.188999228895490035e+01
4.674377812500000005e+02,-8.800889911841724711e+01
4.674380742187499891e+02,-8.518483546178357813e+01
4.674383671875000346e+02,-8.455312767453668243e+01
4.674386601562500232e+02,-9.298271227812932693e+01
4.674389531250000118e+02,-8.114796779205212829e+01
4.674392460937500005e+02,-7.989400104349772391e+01
4.674395390624999891e+02,-8.267869804526149835e+01
4.674398320312500346e+02,-8.716307853585570342e+01
4.674401250000000232e+02,-8.301977846285056728e+01
4.674404179687500118e+02,-8.756871691312930750e+01
4.674407109375000005e+02,-8.390122353939959510e+01
4.674410039062499891e+02,-8.188098470683250696e+01
4.674412968750000346e+02,-7.983575009990106253e+01
4.674415898437500232e+02,-8.130147781995235334e+01
4.674418828125000118e+02,-8.743772334487688624e+01
4.674421757812500005e+02,-8.180858462631562134e+01
4.674424687499999891e+02,-9.167698213892123249e+01
4.674427617187500346e+02,-9.287963474132473607e+01
4.674430546875000232e+02,-8.507292876453888653e+01
4.674433476562500118e+02,-8.317522379334234017e+01
4.674436406250000005e+02,-8.090635013438321721e+01
4.674439335937499891e+02,-8.158312674712362877e+01
4.674442265625000346e+02,-8.492224184350497751e+01
4.674445195312500232e+02,-8.369198527105398000e+01
4.674448125000000118e+02,-8.191317029281221096e+01
4.674451054687500005e+02,-8.379276401025381915e+01
4.674453984374999891e+02,-8.834780278768033668e+01
4.674456914062500346e+02,-8.546071256708792419e+01
4.674459843750000232e+02,-8.542900763314094092e+01
4.674462773437500118e+02,-1.026338884457495624e+02
4.674465703125000005e+02,-8.763127849604140351e+01
4.674468632812499891e+02,-8.415766059366217178e+01
4.674471562500000346e+02,-9.157958376723911442e+01
4.674474492187500232e+02,-8.476952238012671614e+01
4.674477421875000118e+02,-8.845760593546833661e+01
4.674480351562500005e+02,-8.921525833246512605e+01
4.674483281249999891e+02,-8.807774852968294965e+01
4.674486210937500346e+02,-8.424581990966748890e+01
4.674489140625000232e+02,-8.017723749445403314e+01
4.674492070312500118e+02,-8.424851910953159972e+01
4.674495000000000005e+02,-9.517962762709929336e+01
4.674497929687499891e+02,-8.178866253994502244e+01
4.674500859375000346e+02,-8.050688701703647610e+01
4.674503789062500232e+02,-8.061525118863281136e+01
4.674506718750000118e+02,-9.339580960979762381e+01
4.674509648437500005e+02,-8.664241295105949803e+01
4.674512578124999891e+02,-9.181162805161443430e+01
4.674515507812500346e+02,-8.973257699729640535e+01
4.674518437500000232e+02,-8.393311190652701725e+01
4.674521367187500118e+02,-8.524403909587431372e+01
4.674524296875000005e+02,-8.564701381425868476e+01
4.674527226562499891e+02,-7.867762597107423517e+01
4.674530156250000346e+02,-7.651907047725575239e+01
4.674533085937500232e+02,-8.182434543900879476e+01
4.674536015625000118e+02,-8.600544306413149798e+01
4.674538945312500005e+02,-9.266351352478467618e+01
4.674541874999999891e+02,-9.163514815119458490e+01
4.674544804687500346e+02,-8.606551216923423908e+01
4.674547734375000232e+02,-8.465142487786218339e+01
4.674550664062500118e+02,-8.390069197630785425e+01
4.674553593750000005e+02,-8.261656201491192064e+01
4.674556523437499891e+02,-8.418770194438543797e+01
4.674559453125000346e+02,-7.919514848566257115e+01
4.674562382812500232e+02,-7.689246079367920572e+01
4.674565312500000118e+02,-7.874491839866836074e+01
4.674568242187500005e+02,-8.286286022990240951e+01
4.674571171874999891e+02,-7.971514732090349753e+01
4.674574101562500346e+02,-8.005937282950668532e+01
4.674577031250000232e+02,-7.837181517795139030e+01
4.674579960937500118e+02,-8.309976645122402772e+01
4.674582890625000005e+02,-8.813019858672024043e+01
4.674585820312499891e+02,-8.742873652410909813e+01
4.674588750000000346e+02,-9.075298964206655228e+01
4.674591679687500232e+02,-8.686054320160306474e+01
4.674594609375000118e+02,-8.430372649875079105e+01
4.674597539062500005e+02,-8.109446728997394871e+01
4.674600468749999891e+02,-8.216336719021725798e+01
4.674603398437500346e+02,-8.239018032870362163e+01
4.674606328125000232e+02,-8.379809670844934999e+01
4.674609257812500118e+02,-9.046709546452241568e+01
4.674612187500000005e+02,-8.516865952530422135e+01
4.674615117187499891e+02,-1.001443325847301651e+02
4.674618046875000346e+02,-8.313600957342018205e+01
4.674620976562500232e+02,-8.262027700972964794e+01
4.674623906250000118e+02,-8.363960142863044211e+01
4.674626835937500005e+02,-8.417976227483688945e+01
4.674629765624999891e+02,-8.916265299369030117e+01
4.674632695312500346e+02,-9.805957178092305071e+01
4.674635625000000232e+02,-7.801464405427418569e+01
4.674638554687500118e+02,-7.688217092775315109e+01
4.674641484375000005e+02,-7.371817468468871937e+01
4.674644414062499891e+02,-7.148174396992091317e+01
4.674647343750000346e+02,-7.674146384200999194e+01
4.674650273437500232e+02,-7.966919841564939020e+01
4.674653203125000118e+02,-7.800145116736918283e+01
4.674656132812500005e+02,-7.458548659837516936e+01
4.674659062499999891e+02,-7.834524733781518080e+01
4.674661992187500346e+02,-7.960512262902760483e+01
4.674664921875000232e+02,-8.980916722722716372e+01
4.674667851562500118e+02,-7.902200244653064942e+01
4.674670781250000005e+02,-7.803533463881774423e+01
4.674673710937499891e+02,-7.929445058158758286e+01
4.674676640625000346e+02,-7.533422370275589230e+01
4.674679570312500232e+02,-8.118171096401465547e+01
4.674682500000000118e+02,-8.031506264711836707e+01
4.674685429687500005e+02,-7.521318592718577634e+01
4.674688359374999891e+02,-7.836722070232968917e+01
4.674691289062500346e+02,-8.939663012230349182e+01
4.674694218750000232e+02,-8.607241666071988107e+01
4.674697148437500118e+02,-7.755676632222881040e+01
4.674700078125000005e+02,-7.191863397174526540e+01
4.674703007812499891e+02,-7.867870923031573227e+01
4.674705937500000346e+02,-8.365559300139895527e+01
4.674708867187500232e+02,-8.550308112052108811e+01
4.674711796875000118e+02,-8.762928666644050679e+01
4.674714726562500005e+02,-8.001111718732609290e+01
4.674717656249999891e+02,-8.698576112708943242e+01
4.674720585937500346e+02,-9.193828758749077679e+01
4.674723515625000232e+02,-7.704497353171701945e+01
4.674726445312500118e+02,-8.019364470881586726e+01
4.674729375000000005e+02,-8.752595522333501776e+01
4.674732304687499891e+02,-7.757990122082273388e+01
4.674735234375000346e+02,-7.639501848026158370e+01
4.674738164062500232e+02,-7.824493438082059527e+01
4.674741093750000118e+02,-7.633258700886385384e+01
4.674744023437500005e+02,-8.826379648005656975e+01
4.674746953124999891e+02,-9.097388656848332289e+01
4.674749882812500346e+02,-8.636669230964770350e+01
4.674752812500000232e+02,-7.759100093208913052e+01
4.674755742187500118e+02,-7.916989838353882192e+01
4.674758671875000005e+02,-7.566831777875349019e+01
4.674761601562499891e+02,-6.950338387988254851e+01
4.674764531250000346e+02,-7.048493472869208176e+01
4.674767460937500232e+02,-7.520184929516395300e+01
4.674770390625000118e+02,-7.217697706508177191e+01
4.674773320312500005e+02,-7.276216200164483894e+01
4.674776249999999891e+02,-7.907877999915339728e+01
4.674779179687500346e+02,-9.361734650363707999e+01
4.674782109375000232e+02,-8.933504522108003698e+01
4.674785039062500118e+02,-8.206304627834845178e+01
4.674787968750000005e+02,-7.163780790846374202e+01
4.674790898437499891e+02,-7.076941922179264566e+01
4.674793828125000346e+02,-7.646914090915282713e+01
4.674796757812500232e+02,-7.209679359750904837e+01
4.674799687500000118e+02,-7.258882546884666453e+01
4.674802617187500005e+02,-7.627322811997971996e+01
4.674805546874999891e+02,-7.489762531109776944e+01
4.674808476562500346e+02,-8.946216210698312921e+01
4.674811406250000232e+02,-6.062556999413519776e+01
4.674814335937500118e+02,-5.205028995670399894e+01
4.674817265625000005e+02,-5.815585991860057646e+01
4.674820195312499891e+02,-7.584366714077766858e+01
4.674823125000000346e+02,-9.311790833877238072e+01
4.674826054687500232e+02,-8.313273927590464041e+01
4.674828984375000118e+02,-7.601897132713592953e+01
4.674831914062500005e+02,-7.178141676832788676e+01
4.674834843749999891e+02,-8.149528563650005708e+01
4.674837773437500346e+02,-6.908984813568946493e+01
4.674840703125000232e+02,-6.758944073542809861e+01
4.674843632812500118e+02,-7.696476957283726961e+01
4.674846562500000005e+02,-7.438759674194048443e+01
4.674849492187499891e+02,-7.403191320070088466e+01
4.674852421875000346e+02,-7.586087648401017702e+01
4.674855351562500232e+02,-7.020026347315094029e+01
4.674858281250000118e+02,-6.852891961589452308e+01
4.674861210937500005e+02,-7.069334756692782662e+01
4.674864140624999891e+02,-6.950570897771729051e+01
4.674867070312500346e+02,-6.701736294191246657e+01
4.674870000000000232e+02,-7.193268261079279569e+01
4.674872929687500118e+02,-7.613955659799296427e+01
4.674875859375000005e+02,-7.798564803901145126e+01
4.674878789062499891e+02,-7.864412143175394476e+01
4.674881718750000346e+02,-7.770982000965358338e+01
4.674884648437500232e+02,-9.079531651888332533e+01
4.674887578125000118e+02,-9.164489332492151163e+01
4.674890507812500005e+02,-8.224616384751101350e+01
4.674893437499999891e+02,-7.766464287171996261e+01
4.674896367187500346e+02,-7.921204576391698993e+01
4.674899296875000232e+02,-7.823190488620073779e+01
4.674902226562500118e+02,-7.625881809481580831e+01
4.674905156250000005e+02,-8.202461415615186979e+01
4.674908085937499891e+02,-8.472559843700885551e+01
4.674911015625000346e+02,-8.102035576695179486e+01
4.674913945312500232e+02,-8.186640775548301008e+01
4.674916875000000118e+02,-8.406769064118309132e+01
4.674919804687500005e+02,-9.071240103607978256e+01
4.674922734374999891e+02,-8.784517704858134834e+01
4.674925664062500346e+02,-9.057476727778478676e+01
4.674928593750000232e+02,-7.669291031184529572e+01
4.674931523437500118e+02,-7.805982759661085879e+01
4.674934453125000005e+02,-8.081495272112169914e+01
4.674937382812499891e+02,-8.440138072571060945e+01
4.674940312500000346e+02,-8.137944333447941858e+01
4.674943242187500232e+02,-8.663864075622343819e+01
4.674946171875000118e+02,-8.288897031384979641e+01
4.674949101562500005e+02,-8.466099801714261730e+01
4.674952031249999891e+02,-9.069334904300336575e+01
4.674954960937500346e+02,-7.723286240182305562e+01
4.674957890625000232e+02,-7.732193418860666156e+01
4.674960820312500118e+02,-8.183207145782600378e+01
4.674963750000000005e+02,-8.068293328600407222e+01
4.674966679687499891e+02,-8.168311998178251088e+01
4.674969609375000346e+02,-7.754213726210232949e+01
4.674972539062500232e+02,-8.224926557044723552e+01
4.674975468750000118e+02,-8.205637936201722482e+01
4.674978398437500005e+02,-7.609154025919947628e+01
4.674981328124999891e+02,-7.778962670046682604e+01
4.674984257812500346e+02,-8.029639141278401837e+01
4.674987187500000232e+02,-8.733073379726488383e+01
4.674990117187500118e+02,-8.769456915790820517e+01
4.674993046875000005e+02,-8.551440499669587325e+01
4.674995976562499891e+02,-8.225221333656415368e+01
4.674998906250000346e+02,-8.103558898630535623e+01
4.675001835937500232e+02,-8.930384393271546628e+01
4.675004765625000118e+02,-7.854977199905333407e+01
4.675007695312500005e+02,-7.736435172576659625e+01
4.675010624999999891e+02,-8.146033652131762892e+01
4.675013554687500346e+02,-8.010700793845238366e+01
4.675016484375000232e+02,-7.752206033720250389e+01
4.675019414062500118e+02,-7.729347613495163216e+01
4.675022343750000005e+02,-8.654012223925592195e+01
4.675025273437499891e+02,-8.140228153259138821e+01
4.675028203125000346e+02,-8.117751724671038005e+01
4.675031132812500232e+02,-9.163787276391619230e+01
4.675034062500000118e+02,-8.355559356549287031e+01
4.675036992187500005e+02,-7.832945982773041749e+01
4.675039921874999891e+02,-8.040380289201939945e+01
4.675042851562500346e+02,-8.140711971365630006e+01
4.675045781250000232e+02,-7.639847046983649648e+01
4.675048710937500118e+02,-8.398438341390257733e+01
4.675051640625000005e+02,-8.053095845308209277e+01
4.675054570312499891e+02,-7.924594791305919728e+01
4.675057500000000346e+02,-7.887662856425855296e+01
4.675060429687500232e+02,-8.101015768546855611e+01
4.675063359375000118e+02,-8.462884027658301989e+01
4.675066289062500005e+02,-8.024513481426578210e+01
4.675069218749999891e+02,-8.387895620392978913e+01
4.675072148437500346e+02,-7.736645560198758176e+01
4.675075078125000232e+02,-8.550436020392695013e+01
4.675078007812500118e+02,-8.580104438076253359e+01
4.675080937500000005e+02,-8.257390292439991697e+01
4.675083867187499891e+02,-7.939209060329831402e+01
4.675086796875000346e+02,-8.290729251835158209e+01
4.675089726562500232e+02,-8.706934851903410788e+01
4.675092656250000118e+02,-8.699877665062429344e+01
4.675095585937500005e+02,-8.302928070237398117e+01
4.675098515624999891e+02,-7.613060267483372456e+01
4.675101445312500346e+02,-8.304121718512394068e+01
4.675104375000000232e+02,-1.008362058334857352e+02
4.675107304687500118e+02,-8.190281707246830933e+01
4.675110234375000005e+02,-8.024885542604801003e+01
4.675113164062499891e+02,-8.409257429394511973e+01
4.675116093750000346e+02,-8.358334866166308075e+01
4.675119023437500232e+02,-7.791183671937673694e+01
4.675121953125000118e+02,-7.939441521042451200e+01
4.675124882812500005e+02,-7.607485543087021540e+01
4.675127812499999891e+02,-8.567429354348141146e+01
4.675130742187500346e+02,-8.226410063462653000e+01
4.675133671875000232e+02,-8.508313719079131943e+01
4.675136601562500118e+02,-7.669644238290092630e+01
4.675139531250000005e+02,-7.501144145793053042e+01
4.675142460937499891e+02,-8.593053388138901028e+01
4.675145390625000346e+02,-7.485730360115692861e+01
4.675148320312500232e+02,-7.718396747828121818e+01
4.675151250000000118e+02,-8.579395980949193756e+01
4.675154179687500005e+02,-8.384405095482904358e+01
4.675157109374999891e+02,-7.683625169119160603e+01
4.675160039062500346e+02,-8.556183092023873371e+01
4.675162968750000232e+02,-7.436789172240619905e+01
4.675165898437500118e+02,-7.722754182473534001e+01
4.675168828125000005e+02,-8.321446650071800377e+01
4.675171757812499891e+02,-9.019307055233917936e+01
4.675174687500000346e+02,-8.305598319361948256e+01
4.675177617187500232e+02,-8.155517717855373405e+01
4.675180546875000118e+02,-8.365845948626204631e+01
4.675183476562500005e+02,-7.924840134205217623e+01
4.675186406249999891e+02,-8.217612492035001992e+01
4.675189335937500346e+02,-7.889886508861972914e+01
4.675192265625000232e+02,-7.527579044123955043e+01
4.675195195312500118e+02,-7.352621832908124588e+01
4.675198125000000005e+02,-7.411130505013514380e+01
4.675201054687499891e+02,-8.419431731448051437e+01
4.675203984375000346e+02,-8.971611868565757675e+01
4.675206914062500232e+02,-8.260041373089116234e+01
4.675209843750000118e+02,-8.597567286430567890e+01
4.675212773437500005e+02,-9.065768656201775855e+01
4.675215703124999891e+02,-8.660704622999651292e+01
4.675218632812500346e+02,-8.363435700209441848e+01
4.675221562500000232e+02,-8.480930995387473104e+01
4.675224492187500118e+02,-8.109638723345648259e+01
4.675227421875000005e+02,-8.343682670663567080e+01
4.675230351562499891e+02,-9.352412559209045639e+01
4.675233281250000346e+02,-8.891054854088412185e+01
4.675236210937500232e+02,-8.138030494883753363e+01
4.675239140625000118e+02,-8.164332365624704835e+01
4.675242070312500005e+02,-7.737484250182271239e+01
4.675244999999999891e+02,-7.808252397771468623e+01
4.675247929687500346e+02,-7.231611238223409543e+01
4.675250859375000232e+02,-7.260612724648295568e+01
4.675253789062500118e+02,-7.893214993636409815e+01
4.675256718750000005e+02,-7.456914071500806074e+01
4.675259648437499891e+02,-7.510660231733115211e+01
4.675262578125000346e+02,-6.103666705217318622e+01
4.675265507812500232e+02,-4.837876130113480144e+01
4.675268437500000118e+02,-5.141837394582552889e+01
4.675271367187500005e+02,-7.884969004029640871e+01
4.675274296874999891e+02,-7.962825704654594006e+01
4.675277226562500346e+02,-8.010150853783716229e+01
4.675280156250000232e+02,-8.195737870321715945e+01
4.675283085937500118e+02,-7.346190513438172331e+01
4.675286015625000005e+02,-7.527341235861827329e+01
4.675288945312499891e+02,-6.997776883059187014e+01
4.675291875000000346e+02,-6.574548042373318424e+01
4.675294804687500232e+02,-7.037236296619538223e+01
4.675297734375000118e+02,-6.984131790417748675e+01
4.675300664062500005e+02,-7.185913254297693697e+01
4.675303593749999891e+02,-8.221928927256961117e+01
4.675306523437500346e+02,-7.114271573551557992e+01
4.675309453125000232e+02,-6.995330630972600261e+01
4.675312382812500118e+02,-7.255986289703103864e+01
4.675315312500000005e+02,-7.609837921262490568e+01
4.675318242187499891e+02,-7.455027700094044008e+01
4.675321171875000346e+02,-7.516774925846361555e+01
4.675324101562500232e+02,-7.712833267390739422e+01
4.675327031250000118e+02,-8.127865817412042304e+01
4.675329960937500005e+02,-7.848744029347160733e+01
4.675332890624999891e+02,-7.425033454852987802e+01
4.675335820312500346e+02,-7.406709624574651230e+01
4.675338750000000232e+02,-7.547894205282405267e+01
4.675341679687500118e+02,-8.793494116853871390e+01
4.675344609375000005e+02,-7.455933070401162865e+01
4.675347539062499891e+02,-7.122975731847029124e+01
4.675350468750000346e+02,-7.781270518318451934e+01
4.675353398437500232e+02,-7.774734321500596934e+01
4.675356328125000118e+02,-7.414034119532469447e+01
4.675359257812500005e+02,-7.600484721352583506e+01
4.675362187499999891e+02,-7.129496353334164382e+01
4.675365117187500346e+02,-7.065125067096442990e+01
4.675368046875000232e+02,-8.824574171785214105e+01
4.675370976562500118e+02,-7.746350040836757955e+01
4.675373906250000005e+02,-7.714690827165779297e+01
4.675376835937499891e+02,-8.632192023574448569e+01
4.675379765625000346e+02,-8.335853768919935192e+01
4.675382695312500232e+02,-7.795305281811633336e+01
4.675385625000000118e+02,-7.699138574455990636e+01
4.675388554687500005e+02,-7.528764342391482955e+01
4.675391484374999891e+02,-7.068569892768337581e+01
4.675394414062500346e+02,-7.138021964096130034e+01
4.675397343750000232e+02,-9.003841843570667436e+01
4.675400273437500118e+02,-7.868844155171464649e+01
4.675403203125000005e+02,-8.012667658513429103e+01
4.675406132812499891e+02,-7.857272914688897458e+01
4.675409062500000346e+02,-7.889468922818855390e+01
4.675411992187500232e+02,-7.344876263735221755e+01
4.675414921875000118e+02,-7.144742261737354738e+01
4.675417851562500005e+02,-7.372928062946365912e+01
4.675420781249999891e+02,-7.401816553564555079e+01
4.675423710937500346e+02,-8.033206933668431304e+01
4.675426640625000232e+02,-8.402303799000456763e+01
4.675429570312500118e+02,-7.402987504392372387e+01
4.675432500000000005e+02,-8.244951851681237542e+01
4.675435429687499891e+02,-6.107600769176204381e+01
4.675438359375000346e+02,-6.157417096333034578e+01
4.675441289062500232e+02,-7.312535165152834793e+01
4.675444218750000118e+02,-8.595832679573214818e+01
4.675447148437500005e+02,-7.778284665286784616e+01
4.675450078124999891e+02,-8.228242614607090388e+01
4.675453007812500346e+02,-7.462142516008097459e+01
4.675455937500000232e+02,-7.081210924361550951e+01
4.675458867187500118e+02,-7.380594709662783259e+01
4.675461796875000005e+02,-8.427319839176152527e+01
4.675464726562499891e+02,-8.330248177007493382e+01
4.675467656250000346e+02,-7.451402703168031394e+01
4.675470585937500232e+02,-8.036636618438978985e+01
4.675473515625000118e+02,-7.701581021955934148e+01
4.675476445312500005e+02,-7.840297150057057252e+01
4.675479374999999891e+02,-8.120705603638221248e+01
4.675482304687500346e+02,-7.154652830198077140e+01
4.675485234375000232e+02,-7.701513687224279181e+01
4.675488164062500118e+02,-8.081659584330145663e+01
4.675491093750000005e+02,-7.441275859302253082e+01
4.675494023437499891e+02,-7.326635641177914238e+01
4.675496953125000346e+02,-7.849508696925128959e+01
4.675499882812500232e+02,-7.683172926569632466e+01
4.675502812500000118e+02,-8.235900717038356333e+01
4.675505742187500005e+02,-8.289604839276002224e+01
4.675508671874999891e+02,-8.828107428356076980e+01
4.675511601562500346e+02,-8.120933279145162942e+01
4.675514531250000232e+02,-7.948387693693335621e+01
4.675517460937500118e+02,-7.648559012767857723e+01
4.675520390625000005e+02,-7.811224446994151549e+01
4.675523320312499891e+02,-8.285256124982313963e+01
4.675526250000000346e+02,-8.096735871419609509e+01
4.675529179687500232e+02,-7.889314358658123183e+01
4.675532109375000118e+02,-7.857509148545416622e+01
4.675535039062500005e+02,-7.479226856212619623e+01
4.675537968749999891e+02,-7.883414655866995702e+01
4.675540898437500346e+02,-7.583700440895285055e+01
4.675543828125000232e+02,-7.438629468354307051e+01
4.675546757812500118e+02,-8.211186382265155714e+01
4.675549687500000005e+02,-7.462220443812759640e+01
4.675552617187499891e+02,-7.748748742103477127e+01
4.675555546875000346e+02,-7.664717243691913495e+01
4.675558476562500232e+02,-7.454419248102995255e+01
4.675561406250000118e+02,-7.525914642837140889e+01
4.675564335937500005e+02,-7.767077186485249740e+01
4.675567265624999891e+02,-8.011160620471834193e+01
4.675570195312500346e+02,-7.711657005144013510e+01
4.675573125000000232e+02,-7.340773048132830070e+01
4.675576054687500118e+02,-7.175295891790482017e+01
4.675578984375000005e+02,-7.064500359467480450e+01
4.675581914062499891e+02,-7.782566995774756435e+01
4.675584843750000346e+02,-7.515138140909935771e+01
4.675587773437500232e+02,-7.917578688836198353e+01
4.675590703125000118e+02,-8.000064989322885367e+01
4.675593632812500005e+02,-8.086777850666955203e+01
4.675596562499999891e+02,-7.999186631377116896e+01
4.675599492187500346e+02,-7.107107071413960853e+01
4.675602421875000232e+02,-7.081636208199304860e+01
4.675605351562500118e+02,-7.101598159545885380e+01
4.675608281250000005e+02,-8.226405468649603847e+01
4.675611210937499891e+02,-7.736661344707432875e+01
4.675614140625000346e+02,-7.778998673795962304e+01
4.675617070312500232e+02,-8.383826162224401912e+01
4.675620000000000118e+02,-7.865591939515462627e+01
4.675622929687500005e+02,-7.662029350518592707e+01
4.675625859374999891e+02,-6.930542831769639633e+01
4.675628789062500346e+02,-7.263179611544900638e+01
4.675631718750000232e+02,-7.092267617289880377e+01
4.675634648437500118e+02,-9.115812335157771429e+01
4.675637578125000005e+02,-7.852680205750945674e+01
4.675640507812499891e+02,-7.664075230426615803e+01
4.675643437500000346e+02,-9.110906321377743211e+01
4.675646367187500232e+02,-7.599561126711323311e+01
4.675649296875000118e+02,-7.156079647473517014e+01
4.675652226562500005e+02,-7.044827780690570762e+01
4.675655156249999891e+02,-7.366876127097293647e+01
4.675658085937500346e+02,-7.689598170792172027e+01
4.675661015625000232e+02,-7.733852767914061133e+01
4.675663945312500118e+02,-8.037736576492665108e+01
4.675666875000000005e+02,-7.717036198685579507e+01
4.675669804687499891e+02,-7.673652160534868472e+01
4.675672734375000346e+02,-7.780871764695045556e+01
4.675675664062500232e+02,-7.356379461995786073e+01
4.675678593750000118e+02,-7.086959706127170477e+01
4.675681523437500005e+02,-8.211989358362956182e+01
4.675684453124999891e+02,-8.493323545501371541e+01
4.675687382812500346e+02,-7.540137236599620962e+01
4.675690312500000232e+02,-7.441582558856867990e+01
4.675693242187500118e+02,-7.313705736374686239e+01
4.675696171875000005e+02,-7.594003616655632527e+01
4.675699101562499891e+02,-7.362025186014220424e+01
4.675702031250000346e+02,-7.322505471040722114e+01
4.675704960937500232e+02,-7.041491738406763545e+01
4.675707890625000118e+02,-7.124835762593838240e+01
4.675710820312500005e+02,-8.950965661131698425e+01
4.675713749999999891e+02,-8.400026787697071029e+01
4.675716679687500346e+02,-7.189384527954581472e+01
4.675719609375000232e+02,-6.803425935737192276e+01
4.675722539062500118e+02,-7.452574216727678902e+01
4.675725468750000005e+02,-7.395165357075713075e+01
4.675728398437499891e+02,-7.513882544478995840e+01
4.675731328125000346e+02,-6.881575789628169559e+01
4.675734257812500232e+02,-6.729604363496872566e+01
4.675737187500000118e+02,-7.719192300777679350e+01
4.675740117187500005e+02,-7.836983666957468131e+01
4.675743046874999891e+02,-7.988798505972741282e+01
4.675745976562500346e+02,-6.935838276014847281e+01
4.675748906250000232e+02,-7.339212280518582077e+01
4.675751835937500118e+02,-7.491511432944429316e+01
4.675754765625000005e+02,-7.117571628867166567e+01
4.675757695312499891e+02,-7.632634524554228506e+01
4.675760625000000346e+02,-6.787963011835338989e+01
4.675763554687500232e+02,-6.995946295681204674e+01
4.675766484375000118e+02,-7.735985448335631531e+01
4.675769414062500005e+02,-7.744045710683781181e+01
4.675772343749999891e+02,-7.386434269672751896e+01
4.675775273437500346e+02,-7.391584290149071990e+01
4.675778203125000232e+02,-7.786814045733449063e+01
4.675781132812500118e+02,-7.704947028604770765e+01
4.675784062500000005e+02,-7.955272570335502280e+01
4.675786992187499891e+02,-7.100837598575726872e+01
4.675789921875000346e+02,-7.070801085110821305e+01
4.675792851562500232e+02,-6.745635240498612006e+01
4.675795781250000118e+02,-6.810990712766779609e+01
4.675798710937500005e+02,-6.937825018243664488e+01
4.675801640624999891e+02,-6.794296434091026526e+01
4.675804570312500346e+02,-7.082427924874538405e+01
4.675807500000000232e+02,-6.685766512845816578e+01
4.675810429687500118e+02,-6.537595195217393496e+01
4.675813359375000005e+02,-7.305240960265575723e+01
4.675816289062499891e+02,-7.113100850427041166e+01
4.675819218750000346e+02,-7.151094084396056871e+01
4.675822148437500232e+02,-6.900159111120173350e+01
4.675825078125000118e+02,-7.247264390888373953e+01
4.675828007812500005e+02,-6.485998968411533383e+01
4.675830937499999891e+02,-6.538609097406568083e+01
4.675833867187500346e+02,-6.036213345566580557e+01
4.675836796875000232e+02,-5.710837206324296034e+01
4.675839726562500118e+02,-6.200311418041575706e+01
4.675842656250000005e+02,-5.557905730175879455e+01
4.675845585937499891e+02,-5.760236274618803520e+01
4.675848515625000346e+02,-5.952782507521998667e+01
4.675851445312500232e+02,-6.736978601071824357e+01
4.675854375000000118e+02,-6.645108616526806600e+01
4.675857304687500005e+02,-6.426387256537910275e+01
4.675860234374999891e+02,-5.891385398057722966e+01
4.675863164062500346e+02,-5.577092423586424985e+01
4.675866093750000232e+02,-5.748319384473110460e+01
4.675869023437500118e+02,-6.346593020015640718e+01
4.675871953125000005e+02,-6.079110951076187064e+01
4.675874882812499891e+02,-6.287387256268439018e+01
4.675877812500000346e+02,-7.146124461459007193e+01
4.675880742187500232e+02,-7.155703664616294191e+01
4.675883671875000118e+02,-5.230989926949676061e+01
4.675886601562500005e+02,-3.212196367507176120e+01
4.675889531249999891e+02,-3.013777207807780201e+01
4.675892460937500346e+02,-4.420038705663728962e+01
4.675895390625000232e+02,-7.080628674703375225e+01
4.675898320312500118e+02,-7.520235589137396914e+01
4.675901250000000005e+02,-6.916643551967959525e+01
4.675904179687499891e+02,-5.790001262488411271e+01
4.675907109375000346e+02,-6.234067011398808233e+01
4.675910039062500232e+02,-6.378887187292086480e+01
4.675912968750000118e+02,-5.547154845872074702e+01
4.675915898437500005e+02,-5.875449011662365706e+01
4.675918828124999891e+02,-6.622659888359822844e+01
4.675921757812500346e+02,-6.554393401446969847e+01
4.675924687500000232e+02,-7.343127240931764277e+01
4.675927617187500118e+02,-6.448818047715982971e+01
4.675930546875000005e+02,-5.831923134898191563e+01
4.675933476562499891e+02,-5.715102290606875357e+01
4.675936406250000346e+02,-6.290872253436590000e+01
4.675939335937500232e+02,-5.728336967658648149e+01
4.675942265625000118e+02,-6.013423031790129158e+01
4.675945195312500005e+02,-6.941872392808745929e+01
4.675948124999999891e+02,-6.664028125401303271e+01
4.675951054687500346e+02,-6.797968355602083079e+01
4.675953984375000232e+02,-7.977676006221437888e+01
4.675956914062500118e+02,-7.494328380519908706e+01
4.675959843750000005e+02,-6.551461806293784207e+01
4.675962773437499891e+02,-7.557116019560990594e+01
4.675965703125000346e+02,-6.525919245169113481e+01
4.675968632812500232e+02,-6.550961854980303656e+01
4.675971562500000118e+02,-6.894817920264077316e+01
4.675974492187500005e+02,-6.808586377689883307e+01
4.675977421874999891e+02,-6.863695965136570010e+01
4.675980351562500346e+02,-6.826422392537045880e+01
4.675983281250000232e+02,-6.950818745341062765e+01
4.675986210937500118e+02,-7.264515014422988770e+01
4.675989140625000005e+02,-7.180791943992109339e+01
4.675992070312499891e+02,-7.484177936022297217e+01
4.675995000000000346e+02,-8.441372837960028619e+01
4.675997929687500232e+02,-8.009281028173639072e+01
4.676000859375000118e+02,-7.047765900198845657e+01
4.676003789062500005e+02,-6.973230289261945813e+01
4.676006718749999891e+02,-7.306927901659588542e+01
4.676009648437500346e+02,-7.371909772871504174e+01
4.676012578125000232e+02,-7.415272929582313566e+01
4.676015507812500118e+02,-6.658072930603640316e+01
4.676018437500000005e+02,-6.998760604089200399e+01
4.676021367187499891e+02,-7.687314491483465417e+01
4.676024296875000346e+02,-7.777749341388522453e+01
4.676027226562500232e+02,-7.201705486572485881e+01
4.676030156250000118e+02,-6.996832871630822126e+01
4.676033085937500005e+02,-6.929860756618828077e+01
4.676036015624999891e+02,-8.083601664778413465e+01
4.676038945312500346e+02,-8.372644958132454462e+01
4.676041875000000232e+02,-6.821530173421183463e+01
4.676044804687500118e+02,-7.018751686233402154e+01
4.676047734375000005e+02,-7.146997695527676342e+01
4.676050664062499891e+02,-7.826746743846074139e+01
4.676053593750000346e+02,-8.189328505293629235e+01
4.676056523437500232e+02,-7.147634995288532878e+01
4.676059453125000118e+02,-6.949871199113802334e+01
4.676062382812500005e+02,-8.352404784203451982e+01
4.676065312499999891e+02,-7.879712024773282053e+01
4.676068242187500346e+02,-7.992062345393790679e+01
4.676071171875000232e+02,-6.932061439754471621e+01
4.676074101562500118e+02,-7.629306827910957622e+01
4.676077031250000005e+02,-8.583085661495310603e+01
4.676079960937499891e+02,-7.726769016256986333e+01
4.676082890625000346e+02,-7.272314533018590055e+01
4.676085820312500232e+02,-7.030086125523570217e+01
4.676088750000000118e+02,-7.975517385173458251e+01
4.676091679687500005e+02,-8.213123870304430341e+01
4.676094609374999891e+02,-7.981503335142606659e+01
4.676097539062500346e+02,-7.151089078569319213e+01
4.676100468750000232e+02,-7.091038850864677556e+01
4.676103398437500118e+02,-7.595655373362014018e+01
4.676106328125000005e+02,-7.840712140398002816e+01
4.676109257812499891e+02,-7.881959237324524281e+01
4.676112187500000346e+02,-7.521157188870228083e+01
4.676115117187500232e+02,-8.224044865134004567e+01
4.676118046875000118e+02,-7.664308302294489295e+01
4.676120976562500005e+02,-7.856335094450386691e+01
4.676123906249999891e+02,-7.048534897704843161e+01
4.676126835937500346e+02,-7.143239338028575958e+01
4.676129765625000232e+02,-7.448376945259879278e+01
4.676132695312500118e+02,-7.936430931721929483e+01
4.676135625000000005e+02,-7.862516894698644876e+01
4.676138554687499891e+02,-8.267742782648070943e+01
4.676141484375000346e+02,-8.011987406042155158e+01
4.676144414062500232e+02,-7.286107775286016874e+01
4.676147343750000118e+02,-7.287298177594514925e+01
4.676150273437500005e+02,-7.011456509966234307e+01
4.676153203124999891e+02,-7.344624988029161727e+01
4.676156132812500346e+02,-8.152395856531605034e+01
4.676159062500000232e+02,-8.631980283306128854e+01
4.676161992187500118e+02,-8.128583342995490568e+01
4.676164921875000005e+02,-8.402733132791071569e+01
4.676167851562499891e+02,-7.445907164680139090e+01
4.676170781250000346e+02,-7.353878779832781731e+01
4.676173710937500232e+02,-7.098297385022065953e+01
4.676176640625000118e+02,-7.101277556587463380e+01
4.676179570312500005e+02,-7.550370283181725028e+01
4.676182499999999891e+02,-8.824387801838983592e+01
4.676185429687500346e+02,-8.483539759176323969e+01
4.676188359375000232e+02,-7.743564277789461414e+01
4.676191289062500118e+02,-8.241361655545566123e+01
4.676194218750000005e+02,-7.723958028011472265e+01
4.676197148437499891e+02,-7.497437705212183801e+01
4.676200078125000346e+02,-7.063508478003508628e+01
4.676203007812500232e+02,-7.285935987265747826e+01
4.676205937500000118e+02,-7.833086387034475706e+01
4.676208867187500005e+02,-7.957223426092249952e+01
4.676211796874999891e+02,-8.116221212351143777e+01
4.676214726562500346e+02,-7.821629127935217696e+01
4.676217656250000232e+02,-7.769542775955527247e+01
4.676220585937500118e+02,-7.436000449229553055e+01
4.676223515625000005e+02,-7.946990699956069193e+01
4.676226445312499891e+02,-7.537753489160108700e+01
4.676229375000000346e+02,-7.649413950707965171e+01
4.676232304687500232e+02,-7.927220493164521997e+01
4.676235234375000118e+02,-7.624636072971792089e+01
4.676238164062500005e+02,-8.013500077062911942e+01
4.676241093749999891e+02,-7.946552450730651174e+01
4.676244023437500346e+02,-7.844233001074938727e+01
4.676246953125000232e+02,-7.663953770996042181e+01
4.676249882812500118e+02,-7.795229317323259011e+01
4.676252812500000005e+02,-7.970449531971057411e+01
4.676255742187499891e+02,-7.719549035309535157e+01
4.676258671875000346e+02,-8.727692517139594486e+01
4.676261601562500232e+02,-7.399062305900926617e+01
4.676264531250000118e+02,-8.030511670855392481e+01
4.676267460937500005e+02,-7.841759548624861509e+01
4.676270390624999891e+02,-7.658061795067564503e+01
4.676273320312500346e+02,-7.756252280880623573e+01
4.676276250000000232e+02,-7.728466162202252576e+01
4.676279179687500118e+02,-8.022938278437636939e+01
4.676282109375000005e+02,-7.297740412153706302e+01
4.676285039062499891e+02,-8.128957548353078266e+01
4.676287968750000346e+02,-7.434040425441179423e+01
4.676290898437500232e+02,-7.331805686031174218e+01
4.676293828125000118e+02,-7.336215578932859671e+01
4.676296757812500005e+02,-7.303652217755528397e+01
4.676299687499999891e+02,-7.773529311391399688e+01
4.676302617187500346e+02,-7.402588788554969312e+01
4.676305546875000232e+02,-8.641438206983288239e+01
4.676308476562500118e+02,-7.333125347801771454e+01
4.676311406250000005e+02,-7.089108731323219104e+01
4.676314335937499891e+02,-7.370085873870429793e+01
4.676317265625000346e+02,-8.700164885139378157e+01
4.676320195312500232e+02,-7.355795107546586564e+01
4.676323125000000118e+02,-7.840279422451777691e+01
4.676326054687500005e+02,-7.949013542098651897e+01
4.676328984374999891e+02,-7.514418395319540878e+01
4.676331914062500346e+02,-7.680184909068634624e+01
4.676334843750000232e+02,-7.526493276379443387e+01
4.676337773437500118e+02,-7.827930867331534159e+01
4.676340703125000005e+02,-6.855186473787937018e+01
4.676343632812499891e+02,-7.549076218609417310e+01
4.676346562500000346e+02,-7.490106562300535131e+01
4.676349492187500232e+02,-7.636919252850546513e+01
4.676352421875000118e+02,-1.010848376899853349e+02
4.676355351562500005e+02,-7.968816930530378784e+01
4.676358281249999891e+02,-7.839969311260018969e+01
4.676361210937500346e+02,-8.001501410933221337e+01
4.676364140625000232e+02,-8.313989314938851294e+01
4.676367070312500118e+02,-7.328547668121021275e+01
4.676370000000000005e+02,-7.453135881505490090e+01
4.676372929687499891e+02,-8.555002880825070122e+01
4.676375859375000346e+02,-8.758123437293178881e+01
4.676378789062500232e+02,-8.680321454497595823e+01
4.676381718750000118e+02,-8.260734292331071060e+01
4.676384648437500005e+02,-7.640997969181367466e+01
4.676387578124999891e+02,-7.783528484006602355e+01
4.676390507812500346e+02,-7.723597261565195993e+01
4.676393437500000232e+02,-8.339029549299569055e+01
4.676396367187500118e+02,-7.856818796054385245e+01
4.676399296875000005e+02,-8.819926797444912836e+01
4.676402226562499891e+02,-8.490080170892085221e+01
4.676405156250000346e+02,-7.635772877474965981e+01
4.676408085937500232e+02,-7.704909155040976998e+01
4.676411015625000118e+02,-7.248817047331456820e+01
4.676413945312500005e+02,-6.996692938613142587e+01
4.676416874999999891e+02,-7.430781133010263773e+01
4.676419804687500346e+02,-7.925932059351865178e+01
4.676422734375000232e+02,-7.930180316103776761e+01
4.676425664062500118e+02,-7.622226852842149469e+01
4.676428593750000005e+02,-7.005564092612397076e+01
4.676431523437499891e+02,-7.234670660995536196e+01
4.676434453125000346e+02,-8.570025127407753018e+01
4.676437382812500232e+02,-8.010361987421967456e+01
4.676440312500000118e+02,-7.338247087146071124e+01
4.676443242187500005e+02,-7.158560243731498929e+01
4.676446171874999891e+02,-8.162751203056248528e+01
4.676449101562500346e+02,-8.122992018078457477e+01
4.676452031250000232e+02,-8.096498293524716416e+01
4.676454960937500118e+02,-8.202987469130903264e+01
4.676457890625000005e+02,-8.337311025250313890e+01
4.676460820312499891e+02,-7.955671484620496869e+01
4.676463750000000346e+02,-8.420143627004335940e+01
4.676466679687500232e+02,-7.794400476545753520e+01
4.676469609375000118e+02,-7.528987697667477619e+01
4.676472539062500005e+02,-7.800295152288795464e+01
4.676475468749999891e+02,-7.831424602099008325e+01
4.676478398437500346e+02,-7.441687606507841224e+01
4.676481328125000232e+02,-7.777023377955512728e+01
4.676484257812500118e+02,-7.600639362481827277e+01
4.676487187500000005e+02,-7.337746842770600608e+01
4.676490117187499891e+02,-8.267853188705664991e+01
4.676493046875000346e+02,-7.921068665008183984e+01
4.676495976562500232e+02,-7.802122764719696590e+01
4.676498906250000118e+02,-7.507458953422511172e+01
4.676501835937500005e+02,-7.798969960043072547e+01
4.676504765624999891e+02,-8.658307001536583414e+01
4.676507695312500346e+02,-5.545598183058577035e+01
4.676510625000000232e+02,-4.811248651337294291e+01
4.676513554687500118e+02,-5.604979138078925160e+01
4.676516484375000005e+02,-7.606809378788224763e+01
4.676519414062499891e+02,-7.466046364809960778e+01
4.676522343750000346e+02,-7.798387495959417492e+01
4.676525273437500232e+02,-7.247009791622193120e+01
4.676528203125000118e+02,-6.979368647525666347e+01
4.676531132812500005e+02,-1.159287331212160836e+02
4.676534062499999891e+02,-6.745030030068166127e+01
4.676536992187500346e+02,-6.901371969902157844e+01
4.676539921875000232e+02,-8.278465371845197751e+01
4.676542851562500118e+02,-7.357365859682620624e+01
4.676545781250000005e+02,-8.021797486662006804e+01
4.676548710937499891e+02,-7.967842033867449913e+01
4.676551640625000346e+02,-7.013956754808076255e+01
4.676554570312500232e+02,-6.829998604771401460e+01
4.676557500000000118e+02,-7.080014061917177060e+01
4.676560429687500005e+02,-7.536489442559937402e+01
4.676563359374999891e+02,-7.103635074378964021e+01
4.676566289062500346e+02,-7.235119216490465988e+01
4.676569218750000232e+02,-7.602104765792670094e+01
4.676572148437500118e+02,-8.248985704044470424e+01
4.676575078125000005e+02,-8.083567562676991258e+01
4.676578007812499891e+02,-7.751294980714591532e+01
4.676580937500000346e+02,-7.751728468209728362e+01
4.676583867187500232e+02,-7.804338127758236965e+01
4.676586796875000118e+02,-7.836294983460041408e+01
4.676589726562500005e+02,-8.876715725957504333e+01
4.676592656249999891e+02,-8.862548157819273342e+01
4.676595585937500346e+02,-8.135505043188433660e+01
4.676598515625000232e+02,-7.618108171362581515e+01
4.676601445312500118e+02,-7.848154822910056794e+01
4.676604375000000005e+02,-7.812479513939898368e+01
4.676607304687499891e+02,-7.830094702984835919e+01
4.676610234375000346e+02,-8.288829406984274328e+01
4.676613164062500232e+02,-7.785444031143828170e+01
4.676616093750000118e+02,-7.644550410385846817e+01
4.676619023437500005e+02,-8.460881292096297557e+01
4.676621953124999891e+02,-8.152424307254952396e+01
4.676624882812500346e+02,-8.694688868283022032e+01
4.676627812500000232e+02,-7.966443713341436705e+01
4.676630742187500118e+02,-7.674737597651274257e+01
4.676633671875000005e+02,-8.279092571484680718e+01
4.676636601562499891e+02,-9.435249716620477045e+01
4.676639531250000346e+02,-8.181857416190729282e+01
4.676642460937500232e+02,-7.769359785740932978e+01
4.676645390625000118e+02,-8.341846230942472573e+01
4.676648320312500005e+02,-7.964829732372795945e+01
4.676651249999999891e+02,-8.474023522749644144e+01
4.676654179687500346e+02,-8.007149057320602026e+01
4.676657109375000232e+02,-7.975453520982964051e+01
4.676660039062500118e+02,-8.629145633392703019e+01
4.676662968750000005e+02,-8.172873280994153333e+01
4.676665898437499891e+02,-9.202665689741684218e+01
4.676668828125000346e+02,-7.955026644910138600e+01
4.676671757812500232e+02,-7.960125091953784704e+01
4.676674687500000118e+02,-8.107531255740400411e+01
4.676677617187500005e+02,-9.066030791865541971e+01
4.676680546874999891e+02,-8.217127520945588515e+01
4.676683476562500346e+02,-8.751013577930855547e+01
4.676686406250000232e+02,-8.230681303405393123e+01
4.676689335937500118e+02,-9.709634300054176492e+01
4.676692265625000005e+02,-7.813533054483099249e+01
4.676695195312499891e+02,-8.094520278700366589e+01
4.676698125000000346e+02,-9.050789783295073221e+01
4.676701054687500232e+02,-8.027671492568916278e+01
4.676703984375000118e+02,-8.581623130495655971e+01
4.676706914062500005e+02,-8.545013621700404371e+01
4.676709843749999891e+02,-8.375936802175198181e+01
4.676712773437500346e+02,-8.262863535776196500e+01
4.676715703125000232e+02,-8.548197691918471719e+01
4.676718632812500118e+02,-7.760653283659463852e+01
4.676721562500000005e+02,-7.738102912648031406e+01
4.676724492187499891e+02,-9.039258597419558328e+01
4.676727421875000346e+02,-8.039327468181866720e+01
4.676730351562500232e+02,-7.767378383503691452e+01
4.676733281250000118e+02,-8.429826214015773189e+01
4.676736210937500005e+02,-8.603879085716425834e+01
4.676739140624999891e+02,-9.512689316631970371e+01
4.676742070312500346e+02,-8.280801856575259023e+01
4.676745000000000232e+02,-8.007542041587277026e+01
4.676747929687500118e+02,-8.067567210966272739e+01
4.676750859375000005e+02,-8.921183697727998663e+01
4.676753789062499891e+02,-8.168276636411550840e+01
4.676756718750000346e+02,-8.014962583905685278e+01
4.676759648437500232e+02,-8.609577651441099988e+01
4.676762578125000118e+02,-8.897980077772031393e+01
4.676765507812500005e+02,-8.497240197737978917e+01
4.676768437499999891e+02,-8.033618466259176216e+01
4.676771367187500346e+02,-7.773177302410681477e+01
4.676774296875000232e+02,-7.996489961689663062e+01
4.676777226562500118e+02,-9.615846243777575353e+01
4.676780156250000005e+02,-8.999955567460800410e+01
4.676783085937499891e+02,-9.012350718213831158e+01
4.676786015625000346e+02,-8.734696922251914941e+01
4.676788945312500232e+02,-8.539707568118168979e+01
4.676791875000000118e+02,-8.424578464776048747e+01
4.676794804687500005e+02,-9.062203669244290438e+01
4.676797734374999891e+02,-8.256824889909857745e+01
4.676800664062500346e+02,-8.051402283585514397e+01
4.676803593750000232e+02,-9.062739701246236734e+01
4.676806523437500118e+02,-8.258410674323734213e+01
4.676809453125000005e+02,-8.387538091608796265e+01
4.676812382812499891e+02,-9.277408838991777884e+01
4.676815312500000346e+02,-9.219194076384957270e+01
4.676818242187500232e+02,-9.184701326259686027e+01
4.676821171875000118e+02,-8.585851335529574158e+01
4.676824101562500005e+02,-8.172221829888809452e+01
4.676827031249999891e+02,-8.105000617356546400e+01
4.676829960937500346e+02,-8.147962263596545540e+01
4.676832890625000232e+02,-8.461809675535346287e+01
4.676835820312500118e+02,-8.247108486104993119e+01
4.676838750000000005e+02,-8.043028573046321128e+01
4.676841679687499891e+02,-8.101757572435710131e+01
4.676844609375000346e+02,-7.894357139179237492e+01
4.676847539062500232e+02,-8.263201274718707623e+01
4.676850468750000118e+02,-8.411704795662001288e+01
4.676853398437500005e+02,-8.154888725765489710e+01
4.676856328124999891e+02,-7.820750442816516568e+01
4.676859257812500346e+02,-8.243777614456053016e+01
4.676862187500000232e+02,-8.071129358216415994e+01
4.676865117187500118e+02,-7.807185988008258448e+01
4.676868046875000005e+02,-7.902200002598254969e+01
4.676870976562499891e+02,-7.686984946369977934e+01
4.676873906250000346e+02,-7.699580455829354264e+01
4.676876835937500232e+02,-8.961797339253283212e+01
4.676879765625000118e+02,-9.249079151805875654e+01
4.676882695312500005e+02,-9.157354199536321460e+01
4.676885624999999891e+02,-8.304824051539858942e+01
4.676888554687500346e+02,-8.795207358816733745e+01
4.676891484375000232e+02,-8.584240272667516081e+01
4.676894414062500118e+02,-8.060741736634108179e+01
4.676897343750000005e+02,-7.737859296376444718e+01
4.676900273437499891e+02,-7.639888474225895720e+01
4.676903203125000346e+02,-7.733598376917713324e+01
4.676906132812500232e+02,-8.244011334995917650e+01
4.676909062500000118e+02,-8.017939817944123604e+01
4.676911992187500005e+02,-9.305769656195684547e+01
4.676914921874999891e+02,-7.663057633294397419e+01
4.676917851562500346e+02,-7.273232869339925344e+01
4.676920781250000232e+02,-7.623507063323542354e+01
4.676923710937500118e+02,-8.474699890441607408e+01
4.676926640625000005e+02,-8.869566062725002098e+01
4.676929570312499891e+02,-8.043264451529887538e+01
4.676932500000000346e+02,-8.375761438148319371e+01
4.676935429687500232e+02,-7.677131152653150536e+01
4.676938359375000118e+02,-7.379968910488274503e+01
4.676941289062500005e+02,-7.800993098780122637e+01
4.676944218749999891e+02,-8.089829552970883242e+01
4.676947148437500346e+02,-9.006025026059064942e+01
4.676950078125000232e+02,-8.563692308435101097e+01
4.676953007812500118e+02,-8.329451703273315388e+01
4.676955937500000005e+02,-7.636224937099883903e+01
4.676958867187499891e+02,-7.426954430747645119e+01
4.676961796875000346e+02,-6.543090697588645810e+01
4.676964726562500232e+02,-7.003055417101219859e+01
4.676967656250000118e+02,-8.665710623684590530e+01
4.676970585937500005e+02,-9.015577029956710930e+01
4.676973515624999891e+02,-1.033632044688731071e+02
4.676976445312500346e+02,-7.505601772524435944e+01
4.676979375000000232e+02,-7.454369129043465136e+01
4.676982304687500118e+02,-8.661476653003276738e+01
4.676985234375000005e+02,-8.106147045953953523e+01
4.676988164062499891e+02,-7.773662748446014348e+01
4.676991093750000346e+02,-7.443774829835484752e+01
4.676994023437500232e+02,-7.464502428888488339e+01
4.676996953125000118e+02,-8.557531530862189584e+01
4.676999882812500005e+02,-9.389863309359867571e+01
4.677002812499999891e+02,-8.833009984921301339e+01
4.677005742187500346e+02,-9.073908678450752063e+01
4.677008671875000232e+02,-8.452850182245512656e+01
4.677011601562500118e+02,-8.300360819764298981e+01
4.677014531250000005e+02,-7.977435179121135889e+01
4.677017460937499891e+02,-9.881080006533647975e+01
4.677020390625000346e+02,-9.470843152818670774e+01
4.677023320312500232e+02,-9.809384627628668341e+01
4.677026250000000118e+02,-8.519894904132861768e+01
4.677029179687500005e+02,-9.399076999986333192e+01
4.677032109374999891e+02,-7.967943140699051696e+01
4.677035039062500346e+02,-7.679121185081393719e+01
4.677037968750000232e+02,-7.930862121656755903e+01
4.677040898437500118e+02,-8.149736565321420301e+01
4.677043828125000005e+02,-8.152032311452450131e+01
4.677046757812499891e+02,-8.448492202550595209e+01
4.677049687500000346e+02,-7.400463827294933594e+01
4.677052617187500232e+02,-7.343122914468467854e+01
4.677055546875000118e+02,-7.634460400600677588e+01
4.677058476562500005e+02,-8.612677261465140077e+01
4.677061406249999891e+02,-8.681461077787076874e+01
4.677064335937500346e+02,-8.080948275601336661e+01
4.677067265625000232e+02,-7.962789625053461862e+01
4.677070195312500118e+02,-9.133244633051697292e+01
4.677073125000000005e+02,-8.308183000302364007e+01
4.677076054687499891e+02,-8.722035601712369157e+01
4.677078984375000346e+02,-8.652320752536712689e+01
4.677081914062500232e+02,-8.001993132168907152e+01
4.677084843750000118e+02,-8.263306649907177359e+01
4.677087773437500005e+02,-8.469899119925663911e+01
4.677090703124999891e+02,-8.325846058205242173e+01
4.677093632812500346e+02,-1.075587408259171980e+02
4.677096562500000232e+02,-8.785918599932897166e+01
4.677099492187500118e+02,-8.129869120674108274e+01
4.677102421875000005e+02,-8.541422008255304377e+01
4.677105351562499891e+02,-8.757553758726324133e+01
4.677108281250000346e+02,-8.645343181630960316e+01
4.677111210937500232e+02,-9.344031349278225207e+01
4.677114140625000118e+02,-9.213996061544433758e+01
4.677117070312500005e+02,-9.262234080232641986e+01
4.677119999999999891e+02,-9.196899330821739227e+01
4.677122929687500346e+02,-7.912603547776809876e+01
4.677125859375000232e+02,-8.066923785799913560e+01
4.677128789062500118e+02,-7.502983819884411787e+01
4.677131718750000005e+02,-6.376971287131492971e+01
4.677134648437499891e+02,-6.532219584845340421e+01
4.677137578125000346e+02,-7.910926985627452268e+01
4.677140507812500232e+02,-9.039170381270747612e+01
4.677143437500000118e+02,-8.172128310109344795e+01
4.677146367187500005e+02,-8.512773668440786423e+01
4.677149296874999891e+02,-8.523951277505055657e+01
4.677152226562500346e+02,-8.786277133039550336e+01
4.677155156250000232e+02,-8.415743917369198357e+01
4.677158085937500118e+02,-7.984775881822704946e+01
4.677161015625000005e+02,-8.240294476116136480e+01
4.677163945312499891e+02,-9.226261943496896833e+01
4.677166875000000346e+02,-1.220420238598602225e+02
4.677169804687500232e+02,-9.269385334326909742e+01
4.677172734375000118e+02,-7.789309784098951184e+01
4.677175664062500005e+02,-8.004473920716095847e+01
4.677178593749999891e+02,-7.760543790694592303e+01
4.677181523437500346e+02,-8.462111535330151924e+01
4.677184453125000232e+02,-9.099601769506692506e+01
4.677187382812500118e+02,-8.618848022792906249e+01
4.677190312500000005e+02,-8.823940204283330502e+01
4.677193242187499891e+02,-9.774621431039734887e+01
4.677196171875000346e+02,-9.102275349049779152e+01
4.677199101562500232e+02,-8.319412553351050121e+01
4.677202031250000118e+02,-7.962934432110638738e+01
4.677204960937500005e+02,-8.239740044197762359e+01
4.677207890624999891e+02,-8.282490497591166445e+01
4.677210820312500346e+02,-7.873585591758320845e+01
4.677213750000000232e+02,-7.523409289237156372e+01
4.677216679687500118e+02,-8.104933958757094103e+01
4.677219609375000005e+02,-8.571994251148709054e+01
4.677222539062499891e+02,-8.272219913158798477e+01
4.677225468750000346e+02,-8.755517999336022683e+01
4.677228398437500232e+02,-8.931980699410530633e+01
4.677231328125000118e+02,-8.404487031346988601e+01
4.677234257812500005e+02,-8.377411361412855229e+01
4.677237187499999891e+02,-9.726808163764781057e+01
4.677240117187500346e+02,-9.007161833175322840e+01
4.677243046875000232e+02,-8.322068402367014528e+01
4.677245976562500118e+02,-8.198755645316549590e+01
4.677248906250000005e+02,-8.450957078240125497e+01
4.677251835937499891e+02,-8.360849061121837167e+01
4.677254765625000346e+02,-8.297799282223026296e+01
4.677257695312500232e+02,-8.250958980189156478e+01
4.677260625000000118e+02,-8.447419986772149514e+01
4.677263554687500005e+02,-8.234450890950951418e+01
4.677266484374999891e+02,-8.266101372098032130e+01
4.677269414062500346e+02,-8.235846828934768382e+01
4.677272343750000232e+02,-9.150764882827105851e+01
4.677275273437500118e+02,-8.528239766664377441e+01
4.677278203125000005e+02,-8.341617128654277735e+01
4.677281132812499891e+02,-8.385739165254059913e+01
4.677284062500000346e+02,-8.426583824842644788e+01
4.677286992187500232e+02,-8.393690340252148019e+01
4.677289921875000118e+02,-9.073959960747630760e+01
4.677292851562500005e+02,-8.026892660013734826e+01
4.677295781249999891e+02,-8.058632358350244829e+01
4.677298710937500346e+02,-8.627366354475347521e+01
4.677301640625000232e+02,-8.102680147280175049e+01
4.677304570312500118e+02,-7.789293191114292370e+01
4.677307500000000005e+02,-8.871669797132754809e+01
4.677310429687499891e+02,-8.745273041048307050e+01
4.677313359375000346e+02,-8.477030121511120342e+01
4.677316289062500232e+02,-9.720350263624271747e+01
4.677319218750000118e+02,-9.444520309289600846e+01
4.677322148437500005e+02,-8.499614831646107405e+01
4.677325078124999891e+02,-8.266360309344614166e+01
4.677328007812500346e+02,-8.137502261526363156e+01
4.677330937500000232e+02,-8.146017515312689738e+01
4.677333867187500118e+02,-8.647485895985242621e+01
4.677336796875000005e+02,-9.369243042907605457e+01
4.677339726562499891e+02,-8.360509067155530261e+01
4.677342656250000346e+02,-9.717686738857679529e+01
4.677345585937500232e+02,-8.601223620249477619e+01
4.677348515625000118e+02,-8.289986289513167605e+01
4.677351445312500005e+02,-8.424133064246221636e+01
4.677354374999999891e+02,-8.115868135077391798e+01
4.677357304687500346e+02,-8.071432313008784831e+01
4.677360234375000232e+02,-8.422866151106705956e+01
4.677363164062500118e+02,-9.194040172001012934e+01
4.677366093750000005e+02,-8.618697799913577740e+01
4.677369023437499891e+02,-7.840795809298785457e+01
4.677371953125000346e+02,-9.202331893272194918e+01
4.677374882812500232e+02,-8.528856900424207765e+01
4.677377812500000118e+02,-8.649950431311525278e+01
4.677380742187500005e+02,-9.210258109715177000e+01
4.677383671874999891e+02,-9.363583877296706248e+01
4.677386601562500346e+02,-8.668997246861226813e+01
4.677389531250000232e+02,-8.430487097420655118e+01
4.677392460937500118e+02,-8.865241767926293903e+01
4.677395390625000005e+02,-8.291515818190632103e+01
4.677398320312499891e+02,-8.425257160089870467e+01
4.677401250000000346e+02,-8.941176264887781144e+01
4.677404179687500232e+02,-8.784615556083075205e+01
4.677407109375000118e+02,-9.345227532120111391e+01
4.677410039062500005e+02,-9.854310586538159100e+01
4.677412968749999891e+02,-8.671219942292060523e+01
4.677415898437500346e+02,-8.582100874302426519e+01
4.677418828125000232e+02,-8.944098140865241930e+01
4.677421757812500118e+02,-8.863326288238268091e+01
4.677424687500000005e+02,-8.663739832165775567e+01
4.677427617187499891e+02,-8.793726098102568756e+01
4.677430546875000346e+02,-7.820400555947277610e+01
4.677433476562500232e+02,-7.904403477389391242e+01
4.677436406250000118e+02,-8.160520359267145807e+01
4.677439335937500005e+02,-7.888549467758780054e+01
4.677442265624999891e+02,-7.765772960202220077e+01
4.677445195312500346e+02,-8.330218704483245062e+01
4.677448125000000232e+02,-8.707746557079467209e+01
4.677451054687500118e+02,-8.484827921727730882e+01
4.677453984375000005e+02,-9.653217059580566684e+01
4.677456914062499891e+02,-8.982606397845754032e+01
4.677459843750000346e+02,-8.635375450640745498e+01
4.677462773437500232e+02,-8.176190646766298187e+01
4.677465703125000118e+02,-7.714439185651178832e+01
4.677468632812500005e+02,-7.854310383150412633e+01
4.677471562499999891e+02,-8.658396210978759200e+01
4.677474492187500346e+02,-8.901222782761449537e+01
4.677477421875000232e+02,-8.816618334064457940e+01
4.677480351562500118e+02,-8.682557717023529165e+01
4.677483281250000005e+02,-8.448332447707555559e+01
4.677486210937499891e+02,-8.442081535576399176e+01
4.677489140625000346e+02,-8.671554000122472416e+01
4.677492070312500232e+02,-8.114317655638400595e+01
4.677495000000000118e+02,-8.049641909644593341e+01
4.677497929687500005e+02,-8.994748506637063201e+01
4.677500859374999891e+02,-8.707435647508695808e+01
4.677503789062500346e+02,-8.445873528805333308e+01
4.677506718750000232e+02,-8.278792662110349454e+01
4.677509648437500118e+02,-9.130784311472007175e+01
4.677512578125000005e+02,-8.384806828453346839e+01
4.677515507812499891e+02,-8.748808210602147994e+01
4.677518437500000346e+02,-8.145012253001395663e+01
4.677521367187500232e+02,-8.048075776668186165e+01
4.677524296875000118e+02,-8.528039992795683588e+01
4.677527226562500005e+02,-8.358212109975353599e+01
4.677530156249999891e+02,-8.416489407303279791e+01
4.677533085937500346e+02,-8.867380458791357967e+01
4.677536015625000232e+02,-8.664323712961754609e+01
4.677538945312500118e+02,-8.258669025532427099e+01
4.677541875000000005e+02,-7.910726647908548159e+01
4.677544804687499891e+02,-8.984631948137733559e+01
4.677547734375000346e+02,-8.744007932488884194e+01
4.677550664062500232e+02,-8.751207384666889766e+01
4.677553593750000118e+02,-9.545000036088671891e+01
4.677556523437500005e+02,-8.006816820008501168e+01
4.677559453124999891e+02,-7.486427407099255049e+01
4.677562382812500346e+02,-7.849035886797616968e+01
4.677565312500000232e+02,-8.172475494204607571e+01
4.677568242187500118e+02,-9.635227916254173408e+01
4.677571171875000005e+02,-8.489965943041963214e+01
4.677574101562499891e+02,-8.351109895919040582e+01
4.677577031250000346e+02,-8.471124575124385103e+01
4.677579960937500232e+02,-8.595168752629638220e+01
4.677582890625000118e+02,-7.270681461143989566e+01
4.677585820312500005e+02,-7.190706567096727042e+01
4.677588749999999891e+02,-8.831365632867765214e+01
4.677591679687500346e+02,-7.882778819266448522e+01
4.677594609375000232e+02,-8.050537823269307580e+01
4.677597539062500118e+02,-8.451180265208810738e+01
4.677600468750000005e+02,-8.369358817696650021e+01
4.677603398437499891e+02,-9.142541461452313456e+01
4.677606328125000346e+02,-8.243494421228975000e+01
4.677609257812500232e+02,-8.052098620829755760e+01
4.677612187500000118e+02,-8.293559449428994412e+01
4.677615117187500005e+02,-8.260012168533816634e+01
4.677618046874999891e+02,-7.983832806097856860e+01
4.677620976562500346e+02,-8.541980425883481587e+01
4.677623906250000232e+02,-8.056250264731812649e+01
4.677626835937500118e+02,-7.840586133140314473e+01
4.677629765625000005e+02,-8.098933246021408650e+01
4.677632695312499891e+02,-9.340878559540686865e+01
4.677635625000000346e+02,-7.960074075026014384e+01
4.677638554687500232e+02,-8.958602901460275802e+01
4.677641484375000118e+02,-8.618315667369560629e+01
4.677644414062500005e+02,-9.860953661021773087e+01
4.677647343749999891e+02,-8.734088998057632125e+01
4.677650273437500346e+02,-7.934177833882638708e+01
4.677653203125000232e+02,-7.811513575419866129e+01
4.677656132812500118e+02,-7.753128662799623783e+01
4.677659062500000005e+02,-8.029585631658598288e+01
4.677661992187499891e+02,-8.429966981625808842e+01
4.677664921875000346e+02,-8.339955543538457050e+01
4.677667851562500232e+02,-8.676632335066605606e+01
4.677670781250000118e+02,-7.885618364737175057e+01
4.677673710937500005e+02,-7.637849377985068600e+01
4.677676640624999891e+02,-7.887464105100099232e+01
4.677679570312500346e+02,-8.741822265291432359e+01
4.677682500000000232e+02,-8.043469785864556343e+01
4.677685429687500118e+02,-8.564437989473719881e+01
4.677688359375000005e+02,-8.029654836815754493e+01
4.677691289062499891e+02,-8.554053472464282493e+01
4.677694218750000346e+02,-9.536848662322383063e+01
4.677697148437500232e+02,-8.341087691831924644e+01
4.677700078125000118e+02,-8.992905543431264448e+01
4.677703007812500005e+02,-9.227322466494965170e+01
4.677705937499999891e+02,-8.340310180691560049e+01
4.677708867187500346e+02,-8.946023126834160166e+01
4.677711796875000232e+02,-8.161403951239176990e+01
4.677714726562500118e+02,-8.522451406368801941e+01
4.677717656250000005e+02,-9.131168303160188771e+01
4.677720585937499891e+02,-8.234939080444418380e+01
4.677723515625000346e+02,-8.406092456150757641e+01
4.677726445312500232e+02,-8.813944726571941146e+01
4.677729375000000118e+02,-8.015122880975167163e+01
4.677732304687500005e+02,-7.854531922774071973e+01
4.677735234374999891e+02,-9.176138234056027443e+01
4.677738164062500346e+02,-8.634646354420225123e+01
4.677741093750000232e+02,-8.938475088725384410e+01
4.677744023437500118e+02,-7.927886808448724310e+01
4.677746953125000005e+02,-8.838046742622154284e+01
4.677749882812499891e+02,-8.310839923143336705e+01
4.677752812500000346e+02,-8.760393213802259993e+01
4.677755742187500232e+02,-8.125100459960688681e+01
4.677758671875000118e+02,-8.527681522634614453e+01
4.677761601562500005e+02,-7.740763875189665555e+01
4.677764531249999891e+02,-7.625399607279057079e+01
4.677767460937500346e+02,-7.973943963873627183e+01
4.677770390625000232e+02,-8.016504672343029370e+01
4.677773320312500118e+02,-8.553688784927447841e+01
4.677776250000000005e+02,-9.922935145743095120e+01
4.677779179687499891e+02,-9.614148571930124376e+01
4.677782109375000346e+02,-8.866164316055832728e+01
4.677785039062500232e+02,-8.578140004860551926e+01
4.677787968750000118e+02,-8.710371878887502817e+01
4.677790898437500005e+02,-8.582456434919612320e+01
4.677793828124999891e+02,-8.774642827600285955e+01
4.677796757812500346e+02,-9.724820487680183589e+01
4.677799687500000232e+02,-9.184393999027912514e+01
4.677802617187500118e+02,-8.358290276533659835e+01
4.677805546875000005e+02,-9.371100859872876754e+01
4.677808476562499891e+02,-8.543898062307989960e+01
4.677811406250000346e+02,-8.204509073813309783e+01
4.677814335937500232e+02,-8.929174470864408875e+01
4.677817265625000118e+02,-9.496453308273743232e+01
4.677820195312500005e+02,-1.066264124517032172e+02
4.677823124999999891e+02,-7.754802021743448392e+01
4.677826054687500346e+02,-7.769372367824742298e+01
4.677828984375000232e+02,-8.027675533060489954e+01
4.677831914062500118e+02,-9.026017038897892064e+01
4.677834843750000005e+02,-8.921221597991853969e+01
4.677837773437499891e+02,-8.965756831610349309e+01
4.677840703125000346e+02,-8.483553643164927394e+01
4.677843632812500232e+02,-8.663632852894444625e+01
4.677846562500000118e+02,-8.524988658645696660e+01
4.677849492187500005e+02,-8.653634309256722190e+01
4.677852421874999891e+02,-8.351697360771154877e+01
4.677855351562500346e+02,-8.787361725741959617e+01
4.677858281250000232e+02,-8.377635578801547922e+01
4.677861210937500118e+02,-8.967014390731372941e+01
4.677864140625000005e+02,-8.647908925278626668e+01
4.677867070312499891e+02,-7.810813081342202224e+01
4.677870000000000346e+02,-7.763738372073385108e+01
4.677872929687500232e+02,-8.340918291792688422e+01
4.677875859375000118e+02,-8.425472601970787423e+01
4.677878789062500005e+02,-8.916165567095183064e+01
4.677881718749999891e+02,-8.417250561601376546e+01
4.677884648437500346e+02,-8.986361564938817992e+01
4.677887578125000232e+02,-8.758643029571783245e+01
4.677890507812500118e+02,-1.037279122757099401e+02
4.677893437500000005e+02,-9.703910121998390537e+01
4.677896367187499891e+02,-9.750455435465218557e+01
4.677899296875000346e+02,-8.802137850248406892e+01
4.677902226562500232e+02,-8.987785175832762263e+01
4.677905156250000118e+02,-9.313552665752602877e+01
4.677908085937500005e+02,-1.075641590595784578e+02
4.677911015624999891e+02,-8.756428462252826250e+01
4.677913945312500346e+02,-9.368318864454832351e+01
4.677916875000000232e+02,-8.655126716678148568e+01
4.677919804687500118e+02,-8.554035128624261120e+01
4.677922734375000005e+02,-8.450461130584109526e+01
4.677925664062499891e+02,-8.708090302913525704e+01
4.677928593750000346e+02,-8.466087540312507542e+01
4.677931523437500232e+02,-8.813703556769880265e+01
4.677934453125000118e+02,-9.623489200613356331e+01
4.677937382812500005e+02,-8.991280363200054637e+01
4.677940312499999891e+02,-8.304708540715141396e+01
4.677943242187500346e+02,-8.556759694734682853e+01
4.677946171875000232e+02,-8.661627794847332495e+01
4.677949101562500118e+02,-8.562121602838192302e+01
4.677952031250000005e+02,-8.307399343918686441e+01
4.677954960937499891e+02,-8.456205848417603477e+01
4.677957890625000346e+02,-8.957892389131309585e+01
4.677960820312500232e+02,-1.039684418511521642e+02
4.677963750000000118e+02,-9.421211776851544073e+01
4.677966679687500005e+02,-9.101721826490762624e+01
4.677969609374999891e+02,-9.236311388320694959e+01
4.677972539062500346e+02,-9.616107172836169070e+01
4.677975468750000232e+02,-9.695134768938399361e+01
4.677978398437500118e+02,-9.189858432934114774e+01
4.677981328125000005e+02,-9.999222945501523441e+01
4.677984257812499891e+02,-9.351305156819134368e+01
4.677987187500000346e+02,-8.880798609848616820e+01
4.677990117187500232e+02,-9.143372203715810542e+01
4.677993046875000118e+02,-9.288835616692966823e+01
4.677995976562500005e+02,-9.685493758783117357e+01
4.677998906249999891e+02,-9.132760397190443769e+01
4.678001835937500346e+02,-8.474594668937912445e+01
4.678004765625000232e+02,-9.483397400042102277e+01
4.678007695312500118e+02,-8.952849327397805723e+01
4.678010625000000005e+02,-8.751833853838505206e+01
4.678013554687499891e+02,-8.922546998813514563e+01
4.678016484375000346e+02,-9.480367539791400588e+01
4.678019414062500232e+02,-9.025205623832583512e+01
4.678022343750000118e+02,-8.965411924175781166e+01
4.678025273437500005e+02,-8.826431506217107881e+01
4.678028203124999891e+02,-8.814145427265160038e+01
4.678031132812500346e+02,-8.542520240516861918e+01
4.678034062500000232e+02,-8.789696283505108454e+01
4.678036992187500118e+02,-8.569833315786024741e+01
4.678039921875000005e+02,-8.593193341784903794e+01
4.678042851562499891e+02,-8.409942313533171898e+01
4.678045781250000346e+02,-8.443548313188870225e+01
4.678048710937500232e+02,-9.121013217036525589e+01
4.678051640625000118e+02,-8.416469176012026310e+01
4.678054570312500005e+02,-8.812241730753993352e+01
4.678057499999999891e+02,-9.096492108681138689e+01
4.678060429687500346e+02,-9.239518732927362521e+01
4.678063359375000232e+02,-9.337869233801932012e+01
4.678066289062500118e+02,-8.771645882154086848e+01
4.678069218750000005e+02,-8.524678916447254551e+01
4.678072148437499891e+02,-8.461181706990970497e+01
4.678075078125000346e+02,-9.046121661631931943e+01
4.678078007812500232e+02,-8.674675838918014392e+01
4.678080937500000118e+02,-8.486334009433161896e+01
4.678083867187500005e+02,-8.817380956476350207e+01
4.678086796874999891e+02,-1.005564313490737902e+02
4.678089726562500346e+02,-9.060334196108114213e+01
4.678092656250000232e+02,-9.497673469116799083e+01
4.678095585937500118e+02,-8.729438653012812210e+01
4.678098515625000005e+02,-8.273927651365781344e+01
4.678101445312499891e+02,-8.528523013247585993e+01
4.678104375000000346e+02,-9.114162421055607410e+01
4.678107304687500232e+02,-1.005890476467801591e+02
4.678110234375000118e+02,-9.096759586035736334e+01
4.678113164062500005e+02,-8.712481866269159525e+01
4.678116093749999891e+02,-8.485594700611422070e+01
4.678119023437500346e+02,-9.232345919928363287e+01
4.678121953125000232e+02,-8.753542742906560647e+01
4.678124882812500118e+02,-8.257209430624519086e+01
4.678127812500000005e+02,-8.497173165333992984e+01
4.678130742187499891e+02,-8.649057400835036447e+01
4.678133671875000346e+02,-8.750690048836723633e+01
4.678136601562500232e+02,-9.811399887391580421e+01
4.678139531250000118e+02,-8.713029209110186457e+01
4.678142460937500005e+02,-8.469276330442312428e+01
4.678145390624999891e+02,-9.742908511783107883e+01
4.678148320312500346e+02,-1.033983062421565080e+02
4.678151250000000232e+02,-9.163884152692284601e+01
4.678154179687500118e+02,-8.229884412908967306e+01
4.678157109375000005e+02,-8.628420873871078811e+01
4.678160039062499891e+02,-8.994870112492063186e+01
4.678162968750000346e+02,-8.546316670099913892e+01
4.678165898437500232e+02,-8.464195727034544348e+01
4.678168828125000118e+02,-8.308727334796601838e+01
4.678171757812500005e+02,-9.332609067419525672e+01
4.678174687499999891e+02,-9.391551519957070582e+01
4.678177617187500346e+02,-8.843667386716109036e+01
4.678180546875000232e+02,-8.518607695755659392e+01
4.678183476562500118e+02,-8.683986581975723595e+01
4.678186406250000005e+02,-9.007807443142351644e+01
4.678189335937499891e+02,-9.637865457864850782e+01
4.678192265625000346e+02,-9.776647462542302947e+01
4.678195195312500232e+02,-8.203337434136210504e+01
4.678198125000000118e+02,-8.634494593394140338e+01
4.678201054687500005e+02,-8.895465592884427508e+01
4.678203984374999891e+02,-8.042633502840702420e+01
4.678206914062500346e+02,-7.534235514521665777e+01
4.678209843750000232e+02,-8.134261670589877724e+01
4.678212773437500118e+02,-9.150459313813146878e+01
4.678215703125000005e+02,-8.812146117359486652e+01
4.678218632812499891e+02,-9.289399674508538851e+01
4.678221562500000346e+02,-8.316050401679544279e+01
4.678224492187500232e+02,-8.396998114558664383e+01
4.678227421875000118e+02,-8.563041382979946547e+01
4.678230351562500005e+02,-8.656167126589602390e+01
4.678233281249999891e+02,-8.365531312801472552e+01
4.678236210937500346e+02,-8.332238294615919472e+01
4.678239140625000232e+02,-8.708176368525327860e+01
4.678242070312500118e+02,-9.792636458349585382e+01
4.678245000000000005e+02,-8.480109306547758763e+01
4.678247929687499891e+02,-8.912871171518894187e+01
4.678250859375000346e+02,-8.247724126062267658e+01
4.678253789062500232e+02,-8.333022571316158178e+01
4.678256718750000118e+02,-8.487329181755572449e+01
4.678259648437500005e+02,-8.271304887212620827e+01
4.678262578124999891e+02,-8.471760734639977386e+01
4.678265507812500346e+02,-8.600480654185511753e+01
4.678268437500000232e+02,-8.465505695325484226e+01
4.678271367187500118e+02,-9.002504393185604670e+01
4.678274296875000005e+02,-8.838323922446627989e+01
4.678277226562499891e+02,-8.782847703332875255e+01
4.678280156250000346e+02,-8.165862454970041995e+01
4.678283085937500232e+02,-9.416490543809167946e+01
4.678286015625000118e+02,-8.154888271209551931e+01
4.678288945312500005e+02,-8.530377543553072428e+01
4.678291874999999891e+02,-9.408867202546538522e+01
4.678294804687500346e+02,-9.117175253181486028e+01
4.678297734375000232e+02,-9.246040745614216405e+01
4.678300664062500118e+02,-9.282666151153856049e+01
4.678303593750000005e+02,-8.726239451935705915e+01
4.678306523437499891e+02,-9.537050388609286244e+01
4.678309453125000346e+02,-9.286143697732013891e+01
4.678312382812500232e+02,-8.921422287797574313e+01
4.678315312500000118e+02,-9.309909813732917883e+01
4.678318242187500005e+02,-8.258125162960183729e+01
4.678321171874999891e+02,-8.039141719222995164e+01
4.678324101562500346e+02,-8.099440589075541652e+01
4.678327031250000232e+02,-8.533122813049594413e+01
4.678329960937500118e+02,-9.447017112714800646e+01
4.678332890625000005e+02,-8.468594015661923891e+01
4.678335820312499891e+02,-8.361594283098722258e+01
4.678338750000000346e+02,-8.477332235983331543e+01
4.678341679687500232e+02,-9.561005523423368402e+01
4.678344609375000118e+02,-9.635039490383961436e+01
4.678347539062500005e+02,-9.609823463936788812e+01
4.678350468749999891e+02,-8.865495022753265175e+01
4.678353398437500346e+02,-8.939916072339229913e+01
4.678356328125000232e+02,-9.378150045812378721e+01
4.678359257812500118e+02,-9.180442229928792131e+01
4.678362187500000005e+02,-9.277262743029160674e+01
4.678365117187499891e+02,-8.493485272925953211e+01
4.678368046875000346e+02,-8.676574983640826133e+01
4.678370976562500232e+02,-8.482877138972301623e+01
4.678373906250000118e+02,-7.566788011005853321e+01
4.678376835937500005e+02,-6.859087156502381788e+01
4.678379765624999891e+02,-7.709611546703973772e+01
4.678382695312500346e+02,-8.620070970066674931e+01
4.678385625000000232e+02,-8.623793168924555630e+01
4.678388554687500118e+02,-8.567877493993307780e+01
4.678391484375000005e+02,-8.151122523934125752e+01
4.678394414062499891e+02,-8.079299200535403713e+01
4.678397343750000346e+02,-8.455603065017416498e+01
4.678400273437500232e+02,-8.830019985974507790e+01
4.678403203125000118e+02,-8.048140446272728354e+01
4.678406132812500005e+02,-8.150919898999453039e+01
4.678409062499999891e+02,-9.411648283153270711e+01
4.678411992187500346e+02,-8.599604598274906664e+01
4.678414921875000232e+02,-8.638476705384333343e+01
4.678417851562500118e+02,-8.688512371424701541e+01
4.678420781250000005e+02,-8.164517792180078004e+01
4.678423710937499891e+02,-8.125877389780491455e+01
4.678426640625000346e+02,-8.231614842564825096e+01
4.678429570312500232e+02,-9.341000948079724253e+01
4.678432500000000118e+02,-8.244771656874448240e+01
4.678435429687500005e+02,-8.874590069701173434e+01
4.678438359374999891e+02,-8.732601401766399363e+01
4.678441289062500346e+02,-8.800305384606110692e+01
4.678444218750000232e+02,-1.021083209975591188e+02
4.678447148437500118e+02,-9.180801151400095250e+01
4.678450078125000005e+02,-9.477398396223901500e+01
4.678453007812499891e+02,-9.008217451354235550e+01
4.678455937500000346e+02,-8.756462287031618530e+01
4.678458867187500232e+02,-8.137824751331191919e+01
4.678461796875000118e+02,-9.023384053951895112e+01
4.678464726562500005e+02,-8.546840190075343457e+01
4.678467656249999891e+02,-1.091385779805735154e+02
4.678470585937500346e+02,-9.160881533795571841e+01
4.678473515625000232e+02,-8.834474085665696919e+01
4.678476445312500118e+02,-8.313333773664025728e+01
4.678479375000000005e+02,-8.285311937622628875e+01
4.678482304687499891e+02,-8.675688975674894721e+01
4.678485234375000346e+02,-9.849044861139928742e+01
4.678488164062500232e+02,-8.780603287790032141e+01
4.678491093750000118e+02,-8.874720018914601383e+01
4.678494023437500005e+02,-9.302714164893225757e+01
4.678496953124999891e+02,-8.772615894177715745e+01
4.678499882812500346e+02,-8.698143108071084839e+01
4.678502812500000232e+02,-8.349969767028571255e+01
4.678505742187500118e+02,-8.440811806496395775e+01
4.678508671875000005e+02,-8.869228258964693623e+01
4.678511601562499891e+02,-8.912192741453930012e+01
4.678514531250000346e+02,-9.339230695199637466e+01
4.678517460937500232e+02,-8.626354388309705712e+01
4.678520390625000118e+02,-8.521132701936562626e+01
4.678523320312500005e+02,-9.059678227335697898e+01
4.678526249999999891e+02,-9.407412116356981358e+01
4.678529179687500346e+02,-1.003899557962952258e+02
4.678532109375000232e+02,-8.971878801197716768e+01
4.678535039062500118e+02,-8.370272753307756375e+01
4.678537968750000005e+02,-9.276526426336823761e+01
4.678540898437499891e+02,-8.972715176906419288e+01
4.678543828125000346e+02,-9.459192777492594928e+01
4.678546757812500232e+02,-9.611221725908983160e+01
4.678549687500000118e+02,-9.121780130277650755e+01
4.678552617187500005e+02,-8.903269179551554657e+01
4.678555546874999891e+02,-1.020832388194810534e+02
4.678558476562500346e+02,-9.471809432895847181e+01
4.678561406250000232e+02,-9.343456937347461633e+01
4.678564335937500118e+02,-9.084067889018024289e+01
4.678567265625000005e+02,-8.926107702283417211e+01
4.678570195312499891e+02,-8.044233324994651468e+01
4.678573125000000346e+02,-8.001132767035730353e+01
4.678576054687500232e+02,-8.382877961200881600e+01
4.678578984375000118e+02,-9.012222156033573128e+01
4.678581914062500005e+02,-8.331454109125911600e+01
4.678584843749999891e+02,-8.297481623566825704e+01
4.678587773437500346e+02,-9.053896495766231567e+01
4.678590703125000232e+02,-9.312103106032708411e+01
4.678593632812500118e+02,-8.600875233666226904e+01
4.678596562500000005e+02,-9.003574808583107369e+01
4.678599492187499891e+02,-9.074637046625738890e+01
4.678602421875000346e+02,-9.744771132537809422e+01
4.678605351562500232e+02,-8.916494847143064817e+01
4.678608281250000118e+02,-8.957252917793339009e+01
4.678611210937500005e+02,-8.782612587188695841e+01
4.678614140624999891e+02,-8.607941960695661976e+01
4.678617070312500346e+02,-8.725000939322470117e+01
4.678620000000000232e+02,-8.994525825680553055e+01
4.678622929687500118e+02,-8.967598190791257196e+01
4.678625859375000005e+02,-9.042278795487877119e+01
4.678628789062499891e+02,-8.836000937080164874e+01
4.678631718750000346e+02,-8.029351932637125344e+01
4.678634648437500232e+02,-7.981881018051835497e+01
4.678637578125000118e+02,-8.346918767578483767e+01
4.678640507812500005e+02,-9.431090882997919778e+01
4.678643437499999891e+02,-9.048960564161838249e+01
4.678646367187500346e+02,-8.523494652360581370e+01
4.678649296875000232e+02,-8.225479500508154729e+01
4.678652226562500118e+02,-8.785447830598167229e+01
4.678655156250000005e+02,-9.014545999831570100e+01
4.678658085937499891e+02,-9.770500870033062313e+01
4.678661015625000346e+02,-8.751071622834129471e+01
4.678663945312500232e+02,-8.640553852496437059e+01
4.678666875000000118e+02,-8.433764869564713251e+01
4.678669804687500005e+02,-1.087187713289663407e+02
4.678672734374999891e+02,-8.567578805535900699e+01
4.678675664062500346e+02,-9.176033009871784429e+01
4.678678593750000232e+02,-9.089655647801988891e+01
4.678681523437500118e+02,-8.920766398758888727e+01
4.678684453125000005e+02,-8.921030868679497416e+01
4.678687382812499891e+02,-8.535578151879855113e+01
4.678690312500000346e+02,-9.791135269539159935e+01
4.678693242187500232e+02,-8.102568318815600890e+01
4.678696171875000118e+02,-8.566790133242848526e+01
4.678699101562500005e+02,-8.721026077683468714e+01
4.678702031249999891e+02,-9.217838073097721008e+01
4.678704960937500346e+02,-9.019524085072529829e+01
4.678707890625000232e+02,-8.996914938499402581e+01
4.678710820312500118e+02,-1.008732353726908570e+02
4.678713750000000005e+02,-8.955784560493063395e+01
4.678716679687499891e+02,-8.741545034468211384e+01
4.678719609375000346e+02,-8.994746678814493634e+01
4.678722539062500232e+02,-9.035165272494020883e+01
4.678725468750000118e+02,-9.921311258025772872e+01
4.678728398437500005e+02,-8.169684624294717423e+01
4.678731328124999891e+02,-8.598644559061129655e+01
4.678734257812500346e+02,-8.329162328244811420e+01
4.678737187500000232e+02,-8.531154314762729030e+01
4.678740117187500118e+02,-8.461618147445959437e+01
4.678743046875000005e+02,-8.265229647567254290e+01
4.678745976562499891e+02,-9.324117735056313450e+01
4.678748906250000346e+02,-8.340335815152941734e+01
4.678751835937500232e+02,-8.781853982088755117e+01
4.678754765625000118e+02,-8.189464857779171325e+01
4.678757695312500005e+02,-8.830871671187993854e+01
4.678760624999999891e+02,-9.194093946964210318e+01
4.678763554687500346e+02,-8.870561959241490513e+01
4.678766484375000232e+02,-8.984760054447409061e+01
4.678769414062500118e+02,-8.489844528934324330e+01
4.678772343750000005e+02,-8.574805615186845387e+01
4.678775273437499891e+02,-9.557875759931631876e+01
4.678778203125000346e+02,-9.056889518664559091e+01
4.678781132812500232e+02,-8.394953368718618947e+01
4.678784062500000118e+02,-9.175068920349806945e+01
4.678786992187500005e+02,-9.040457656151922095e+01
4.678789921874999891e+02,-8.513413720270307294e+01
4.678792851562500346e+02,-8.505315954626584585e+01
4.678795781250000232e+02,-9.303417615309388111e+01
4.678798710937500118e+02,-8.341727425253060346e+01
4.678801640625000005e+02,-9.814440324724481002e+01
4.678804570312499891e+02,-9.121906460342630396e+01
4.678807500000000346e+02,-9.076413189488604871e+01
4.678810429687500232e+02,-8.903792346004973979e+01
4.678813359375000118e+02,-1.029231594511088019e+02
4.678816289062500005e+02,-8.899449807399888357e+01
4.678819218749999891e+02,-8.236329649955627019e+01
4.678822148437500346e+02,-8.510164955608016157e+01
4.678825078125000232e+02,-8.727784521174888255e+01
4.678828007812500118e+02,-9.094272037732922342e+01
4.678830937500000005e+02,-9.773648392990745037e+01
4.678833867187499891e+02,-9.485415436467972938e+01
4.678836796875000346e+02,-8.514673539004087388e+01
4.678839726562500232e+02,-8.948308708661711819e+01
4.678842656250000118e+02,-8.895767744509797126e+01
4.678845585937500005e+02,-9.339411356678272114e+01
4.678848515624999891e+02,-9.311003092215341326e+01
4.678851445312500346e+02,-8.906571023870499459e+01
4.678854375000000232e+02,-9.631998575466576540e+01
4.678857304687500118e+02,-9.986348724248351516e+01
4.678860234375000005e+02,-1.020361521124411297e+02
4.678863164062499891e+02,-9.209332286974058945e+01
4.678866093750000346e+02,-9.079046246753199512e+01
4.678869023437500232e+02,-9.383620801546297230e+01
4.678871953125000118e+02,-8.308532701262058140e+01
4.678874882812500005e+02,-8.266298616161519419e+01
4.678877812499999891e+02,-8.773313891619562810e+01
4.678880742187500346e+02,-8.968722545200286334e+01
4.678883671875000232e+02,-7.888342142132117374e+01
4.678886601562500118e+02,-8.583260269403274378e+01
4.678889531250000005e+02,-9.337151191808062833e+01
4.678892460937499891e+02,-8.456731874256266224e+01
4.678895390625000346e+02,-8.724582117694508554e+01
4.678898320312500232e+02,-9.241431094031740656e+01
4.678901250000000118e+02,-7.860992288773303471e+01
4.678904179687500005e+02,-7.960441511982099883e+01
4.678907109374999891e+02,-9.240478485642552187e+01
4.678910039062500346e+02,-9.968001147357895775e+01
4.678912968750000232e+02,-8.605073450546498748e+01
4.678915898437500118e+02,-7.936116116572796386e+01
4.678918828125000005e+02,-7.816001558593417542e+01
4.678921757812499891e+02,-8.163153307815812809e+01
4.678924687500000346e+02,-8.173466481004564343e+01
4.678927617187500232e+02,-7.914534068925780730e+01
4.678930546875000118e+02,-7.876013544759564411e+01
4.678933476562500005e+02,-7.922186892404637604e+01
4.678936406249999891e+02,-9.152781401126320304e+01
4.678939335937500346e+02,-8.653376220443816180e+01
4.678942265625000232e+02,-7.691696482906988308e+01
4.678945195312500118e+02,-7.651643166769144955e+01
4.678948125000000005e+02,-7.749324873404358982e+01
4.678951054687499891e+02,-8.096455485176187494e+01
4.678953984375000346e+02,-8.461370442152464477e+01
4.678956914062500232e+02,-8.834621850894221495e+01
4.678959843750000118e+02,-7.958136918309826058e+01
4.678962773437500005e+02,-9.060173915455807503e+01
4.678965703124999891e+02,-8.149804846492617116e+01
4.678968632812500346e+02,-8.914515399873101842e+01
4.678971562500000232e+02,-9.030513667073888939e+01
4.678974492187500118e+02,-8.180946514129257707e+01
4.678977421875000005e+02,-8.235531645912442400e+01
4.678980351562499891e+02,-7.992075413439522436e+01
4.678983281250000346e+02,-8.018304743866885076e+01
4.678986210937500232e+02,-7.773871962588545159e+01
4.678989140625000118e+02,-7.764234178004487319e+01
4.678992070312500005e+02,-8.443986321280459606e+01
4.678994999999999891e+02,-1.037190217153324738e+02
4.678997929687500346e+02,-8.050469399579108654e+01
4.679000859375000232e+02,-8.031299629999165290e+01
4.679003789062500118e+02,-8.565406074342342890e+01
4.679006718750000005e+02,-9.352599060527478514e+01
4.679009648437499891e+02,-8.346586246231147754e+01
4.679012578125000346e+02,-8.607221951104740754e+01
4.679015507812500232e+02,-7.965002475945890126e+01
4.679018437500000118e+02,-8.557820866222317591e+01
4.679021367187500005e+02,-8.597776952881528700e+01
4.679024296874999891e+02,-8.100787804954096316e+01
4.679027226562500346e+02,-9.261695963687743927e+01
4.679030156250000232e+02,-8.592072433083961869e+01
4.679033085937500118e+02,-8.227151140474944668e+01
4.679036015625000005e+02,-1.025681906714107186e+02
4.679038945312499891e+02,-9.789234533120284709e+01
4.679041875000000346e+02,-8.575914259753196234e+01
4.679044804687500232e+02,-8.700459623006047138e+01
4.679047734375000118e+02,-9.292255538186702779e+01
4.679050664062500005e+02,-9.014873110817867996e+01
4.679053593749999891e+02,-8.771956883953075135e+01
4.679056523437500346e+02,-8.604719208968306532e+01
4.679059453125000232e+02,-8.579161983478195452e+01
4.679062382812500118e+02,-9.165496213823337257e+01
4.679065312500000005e+02,-9.641374539852503744e+01
4.679068242187499891e+02,-8.251626973900455653e+01
4.679071171875000346e+02,-8.240960122843719660e+01
4.679074101562500232e+02,-8.653947878428837726e+01
4.679077031250000118e+02,-1.000347605686380348e+02
4.679079960937500005e+02,-9.030788501437400839e+01
4.679082890624999891e+02,-8.912853282567844815e+01
4.679085820312500346e+02,-8.452344498235174797e+01
4.679088750000000232e+02,-8.898130233680504375e+01
4.679091679687500118e+02,-8.509711262309502899e+01
4.679094609375000005e+02,-8.912073643330498385e+01
4.679097539062499891e+02,-9.317932806445674032e+01
4.679100468750000346e+02,-1.016327679085883773e+02
4.679103398437500232e+02,-8.829822078427542920e+01
4.679106328125000118e+02,-8.595269475930031433e+01
4.679109257812500005e+02,-8.792448987287563966e+01
4.679112187499999891e+02,-9.182435679938285489e+01
4.679115117187500346e+02,-8.610377373720984906e+01
4.679118046875000232e+02,-8.202805271225582828e+01
4.679120976562500118e+02,-9.075671806292103838e+01
4.679123906250000005e+02,-9.010464901839449681e+01
4.679126835937499891e+02,-8.871455809901948442e+01
4.679129765625000346e+02,-8.506926858342204412e+01
4.679132695312500232e+02,-9.204282250590412673e+01
4.679135625000000118e+02,-9.593389156527500461e+01
4.679138554687500005e+02,-8.876888990250847655e+01
4.679141484374999891e+02,-1.002690175515076305e+02
4.679144414062500346e+02,-8.789093588346486285e+01
4.679147343750000232e+02,-9.560601198783726318e+01
4.679150273437500118e+02,-8.740224323378362214e+01
4.679153203125000005e+02,-8.789787112816384251e+01
4.679156132812499891e+02,-8.310720307683214969e+01
4.679159062500000346e+02,-8.930890807104884743e+01
4.679161992187500232e+02,-9.054476447218839041e+01
4.679164921875000118e+02,-9.013979240749290511e+01
4.679167851562500005e+02,-8.366188601353476884e+01
4.679170781249999891e+02,-8.223000511552909586e+01
4.679173710937500346e+02,-9.162072896396634292e+01
4.679176640625000232e+02,-1.017074747944712243e+02
4.679179570312500118e+02,-8.989863000417108196e+01
4.679182500000000005e+02,-8.436154276273357766e+01
4.679185429687499891e+02,-8.664317246027835040e+01
4.679188359375000346e+02,-9.638049551469414666e+01
4.679191289062500232e+02,-9.007174732576935128e+01
4.679194218750000118e+02,-8.906621323669759249e+01
4.679197148437500005e+02,-1.080889545351943326e+02
4.679200078124999891e+02,-9.019006112647907969e+01
4.679203007812500346e+02,-8.980326456237149557e+01
4.679205937500000232e+02,-8.489791470005127394e+01
4.679208867187500118e+02,-9.369868972793125295e+01
4.679211796875000005e+02,-8.780430582506306791e+01
4.679214726562499891e+02,-8.898241923680188847e+01
4.679217656250000346e+02,-9.380928646481918065e+01
4.679220585937500232e+02,-8.598619720050832882e+01
4.679223515625000118e+02,-8.501543157683265406e+01
4.679226445312500005e+02,-1.040390268817939869e+02
4.679229374999999891e+02,-8.844297116977999451e+01
4.679232304687500346e+02,-9.119619423951561998e+01
4.679235234375000232e+02,-8.884411595204446144e+01
4.679238164062500118e+02,-9.409958934453516122e+01
4.679241093750000005e+02,-9.307758295285799477e+01
4.679244023437499891e+02,-8.766301370508584512e+01
4.679246953125000346e+02,-9.487808399253717084e+01
4.679249882812500232e+02,-8.447033841770931417e+01
4.679252812500000118e+02,-8.784893458233226227e+01
4.679255742187500005e+02,-1.030494147201602004e+02
4.679258671874999891e+02,-8.588224386609275030e+01
4.679261601562500346e+02,-9.167917153617460713e+01
4.679264531250000232e+02,-9.101479071094020412e+01
4.679267460937500118e+02,-8.589487636613895916e+01
4.679270390625000005e+02,-8.578757146381289544e+01
4.679273320312499891e+02,-8.892449767533565819e+01
4.679276250000000346e+02,-9.131476274519755520e+01
4.679279179687500232e+02,-8.211184399628258745e+01
4.679282109375000118e+02,-8.258225244642119378e+01
4.679285039062500005e+02,-8.959410797504699531e+01
4.679287968749999891e+02,-9.857542969970138813e+01
4.679290898437500346e+02,-9.091555247428109965e+01
4.679293828125000232e+02,-9.718537386652165821e+01
4.679296757812500118e+02,-9.546367143276737011e+01
4.679299687500000005e+02,-9.939815091309077388e+01
4.679302617187499891e+02,-8.612573054960869001e+01
4.679305546875000346e+02,-8.436113634796274141e+01
4.679308476562500232e+02,-8.526144735203951086e+01
4.679311406250000118e+02,-8.864405464804428902e+01
4.679314335937500005e+02,-8.579147062037017690e+01
4.679317265624999891e+02,-8.843382214236953587e+01
4.679320195312500346e+02,-9.371600056458879635e+01
4.679323125000000232e+02,-8.745741070088563163e+01
4.679326054687500118e+02,-9.834126846161863966e+01
4.679328984375000005e+02,-8.547941107440898634e+01
4.679331914062499891e+02,-8.372682784486914898e+01
4.679334843750000346e+02,-8.842926932617777425e+01
4.679337773437500232e+02,-1.007495961836412022e+02
4.679340703125000118e+02,-8.992743949109487289e+01
4.679343632812500005e+02,-8.617277245126039986e+01
4.679346562499999891e+02,-9.916905231766902773e+01
4.679349492187500346e+02,-9.516524340339574906e+01
4.679352421875000232e+02,-8.804562458031136885e+01
4.679355351562500118e+02,-8.933169954289400039e+01
4.679358281250000005e+02,-9.001183718242424447e+01
4.679361210937499891e+02,-8.967897984807859757e+01
4.679364140625000346e+02,-9.203601593647837831e+01
4.679367070312500232e+02,-8.934938329558086423e+01
4.679370000000000118e+02,-9.663579039979589425e+01
4.679372929687500005e+02,-8.640977553900557950e+01
4.679375859374999891e+02,-8.217614461944390314e+01
4.679378789062500346e+02,-8.208797280757815429e+01
4.679381718750000232e+02,-8.314719804103674505e+01
4.679384648437500118e+02,-8.502823265842751255e+01
4.679387578125000005e+02,-8.527222325126884073e+01
4.679390507812499891e+02,-8.724017807930218282e+01
4.679393437500000346e+02,-8.454946837624412126e+01
4.679396367187500232e+02,-8.947253714634686617e+01
4.679399296875000118e+02,-9.316874243491372454e+01
4.679402226562500005e+02,-8.293098535941427940e+01
4.679405156249999891e+02,-8.131205663213286527e+01
4.679408085937500346e+02,-8.468699102179947147e+01
4.679411015625000232e+02,-8.374052878410550704e+01
4.679413945312500118e+02,-8.159080362411128817e+01
4.679416875000000005e+02,-8.412599530201164555e+01
4.679419804687499891e+02,-8.572959245713484222e+01
4.679422734375000346e+02,-8.829187200334152408e+01
4.679425664062500232e+02,-9.158931512838208278e+01
4.679428593750000118e+02,-8.960460094047233781e+01
4.679431523437500005e+02,-8.943317235007519628e+01
4.679434453124999891e+02,-9.691474058230183175e+01
4.679437382812500346e+02,-9.137206630397022877e+01
4.679440312500000232e+02,-8.229769960236554027e+01
4.679443242187500118e+02,-8.168476382062718244e+01
4.679446171875000005e+02,-8.457284493077837340e+01
4.679449101562499891e+02,-8.881270601585239888e+01
4.679452031250000346e+02,-9.427620296638843911e+01
4.679454960937500232e+02,-9.157547394095715276e+01
4.679457890625000118e+02,-8.888015661138341272e+01
4.679460820312500005e+02,-9.372802807563522265e+01
4.679463749999999891e+02,-9.661454892087201074e+01
4.679466679687500346e+02,-8.421176014953894651e+01
4.679469609375000232e+02,-8.316900742443397121e+01
4.679472539062500118e+02,-9.857446372947906355e+01
4.679475468750000005e+02,-9.445392511217222875e+01
4.679478398437499891e+02,-9.328601937738918082e+01
4.679481328125000346e+02,-9.051888956590224211e+01
4.679484257812500232e+02,-8.714804905788939493e+01
4.679487187500000118e+02,-9.005407668787253783e+01
4.679490117187500005e+02,-8.794624717061508079e+01
4.679493046874999891e+02,-8.740947384571336443e+01
4.679495976562500346e+02,-8.388360884338327139e+01
4.679498906250000232e+02,-8.130474033701248970e+01
4.679501835937500118e+02,-9.912237241545020083e+01
4.679504765625000005e+02,-8.368546847646922515e+01
4.679507695312499891e+02,-8.667571960535305209e+01
4.679510625000000346e+02,-8.915310069359570377e+01
4.679513554687500232e+02,-8.285088972663380957e+01
4.679516484375000118e+02,-7.906956132355355749e+01
4.679519414062500005e+02,-8.545981976710537253e+01
4.679522343749999891e+02,-9.010517921337425662e+01
4.679525273437500346e+02,-8.272564468731056309e+01
4.679528203125000232e+02,-8.621012705236067575e+01
4.679531132812500118e+02,-8.654429527431454972e+01
4.679534062500000005e+02,-1.015976311802076282e+02
4.679536992187499891e+02,-8.425135085257403489e+01
4.679539921875000346e+02,-7.819491057812503243e+01
4.679542851562500232e+02,-7.904216313930226079e+01
4.679545781250000118e+02,-7.991293494482997062e+01
4.679548710937500005e+02,-7.708011012938024464e+01
4.679551640624999891e+02,-7.830996738620814313e+01
4.679554570312500346e+02,-8.400233805948950305e+01
4.679557500000000232e+02,-9.858342409454913025e+01
4.679560429687500118e+02,-9.585360685730779551e+01
4.679563359375000005e+02,-8.038235336499548112e+01
4.679566289062499891e+02,-7.902925854526417027e+01
4.679569218750000346e+02,-8.010479285918604830e+01
4.679572148437500232e+02,-7.775775604085303883e+01
4.679575078125000118e+02,-9.207618233786193684e+01
4.679578007812500005e+02,-8.807055910228937989e+01
4.679580937499999891e+02,-8.532432677914815145e+01
4.679583867187500346e+02,-9.493687823952818405e+01
4.679586796875000232e+02,-8.208909835186999260e+01
4.679589726562500118e+02,-8.448417692622646769e+01
4.679592656250000005e+02,-8.639229937599267828e+01
4.679595585937499891e+02,-9.505399067996030738e+01
4.679598515625000346e+02,-9.194891695370017715e+01
4.679601445312500232e+02,-8.337054432812462323e+01
4.679604375000000118e+02,-8.112202080308429686e+01
4.679607304687500005e+02,-8.126544829571483319e+01
4.679610234374999891e+02,-7.796907193484005916e+01
4.679613164062500346e+02,-8.412366987104574889e+01
4.679616093750000232e+02,-8.256262300704797497e+01
4.679619023437500118e+02,-8.087121923211570618e+01
4.679621953125000005e+02,-8.404832230864853670e+01
4.679624882812499891e+02,-8.429008225097371110e+01
4.679627812500000346e+02,-8.411688378681830613e+01
4.679630742187500232e+02,-7.966655331480430391e+01
4.679633671875000118e+02,-8.102777143905350954e+01
4.679636601562500005e+02,-7.931381378357494327e+01
4.679639531249999891e+02,-8.067857028865310554e+01
4.679642460937500346e+02,-8.446588975014427092e+01
4.679645390625000232e+02,-8.248375192005873657e+01
4.679648320312500118e+02,-9.825615256858432645e+01
4.679651250000000005e+02,-8.176146430889244243e+01
4.679654179687499891e+02,-9.358402273623465817e+01
4.679657109375000346e+02,-8.407810659571821077e+01
4.679660039062500232e+02,-9.586156987861201628e+01
4.679662968750000118e+02,-9.614179567955714845e+01
4.679665898437500005e+02,-8.723247352156863599e+01
4.679668828124999891e+02,-8.057990341285926661e+01
4.679671757812500346e+02,-8.224546755098361928e+01
4.679674687500000232e+02,-9.720336112436257281e+01
4.679677617187500118e+02,-1.103487725376318735e+02
4.679680546875000005e+02,-9.134651574496115245e+01
4.679683476562499891e+02,-8.418299930998068703e+01
4.679686406250000346e+02,-8.499754326617612321e+01
4.679689335937500232e+02,-8.124811527039835823e+01
4.679692265625000118e+02,-7.866367656251703977e+01
4.679695195312500005e+02,-8.260054481970666984e+01
4.679698124999999891e+02,-9.567193858302233878e+01
4.679701054687500346e+02,-8.428453686609233841e+01
4.679703984375000232e+02,-8.219848236001752184e+01
4.679706914062500118e+02,-8.478589654162911415e+01
4.679709843750000005e+02,-8.370362070419268719e+01
4.679712773437499891e+02,-8.935446366150749498e+01
4.679715703125000346e+02,-8.286416899018837512e+01
4.679718632812500232e+02,-8.499485613454014299e+01
4.679721562500000118e+02,-8.563219462126177461e+01
4.679724492187500005e+02,-8.604465720245661942e+01
4.679727421874999891e+02,-8.918831205141911767e+01
4.679730351562500346e+02,-9.302853991117353871e+01
4.679733281250000232e+02,-8.652077180218330454e+01
4.679736210937500118e+02,-8.709509494295065224e+01
4.679739140625000005e+02,-8.791903262899947435e+01
4.679742070312499891e+02,-9.220819473363876284e+01
4.679745000000000346e+02,-8.729426290535676003e+01
4.679747929687500232e+02,-8.591297077503628543e+01
4.679750859375000118e+02,-9.432101304182242529e+01
4.679753789062500005e+02,-9.941996952708080926e+01
4.679756718749999891e+02,-9.153388071772660339e+01
4.679759648437500346e+02,-8.895651137439608647e+01
4.679762578125000232e+02,-8.326647154940803830e+01
4.679765507812500118e+02,-8.254132868013961399e+01
4.679768437500000005e+02,-9.764139724078705740e+01
4.679771367187499891e+02,-8.581129003178222092e+01
4.679774296875000346e+02,-8.960734966297164306e+01
4.679777226562500232e+02,-8.595549677366341257e+01
4.679780156250000118e+02,-8.927381197585927453e+01
4.679783085937500005e+02,-8.741201517060046911e+01
4.679786015624999891e+02,-9.316847743622960820e+01
4.679788945312500346e+02,-8.564618250081326778e+01
4.679791875000000232e+02,-8.067203852961043253e+01
4.679794804687500118e+02,-8.439726547859180528e+01
4.679797734375000005e+02,-8.999339096893925216e+01
4.679800664062499891e+02,-9.293925298962980719e+01
4.679803593750000346e+02,-9.838716257568692924e+01
4.679806523437500232e+02,-8.992856192556274664e+01
4.679809453125000118e+02,-8.841345798861398464e+01
4.679812382812500005e+02,-9.207844353221804568e+01
4.679815312499999891e+02,-9.288797005959170860e+01
4.679818242187500346e+02,-8.694755782874221950e+01
4.679821171875000232e+02,-8.376554622299957487e+01
4.679824101562500118e+02,-9.136516115045913011e+01
4.679827031250000005e+02,-9.697780689034490820e+01
4.679829960937499891e+02,-9.636301649184943585e+01
4.679832890625000346e+02,-9.371060778887724041e+01
4.679835820312500232e+02,-9.133566384377368763e+01
4.679838750000000118e+02,-9.025922133222762511e+01
4.679841679687500005e+02,-8.960256840067478379e+01
4.679844609374999891e+02,-8.834353359639051462e+01
4.679847539062500346e+02,-9.533008439327603867e+01
4.679850468750000232e+02,-8.822868820859115147e+01
4.679853398437500118e+02,-9.821075997002978397e+01
4.679856328125000005e+02,-8.915674010783689596e+01
4.679859257812499891e+02,-8.689035981821747612e+01
4.679862187500000346e+02,-9.005364992045541328e+01
4.679865117187500232e+02,-8.849109028561629486e+01
4.679868046875000118e+02,-9.320397859023834997e+01
4.679870976562500005e+02,-9.123705739967400064e+01
4.679873906249999891e+02,-9.717266361046890211e+01
4.679876835937500346e+02,-9.012274066544756579e+01
4.679879765625000232e+02,-8.849746901867334259e+01
4.679882695312500118e+02,-1.002416151407296638e+02
4.679885625000000005e+02,-9.028317346902953489e+01
4.679888554687499891e+02,-9.407572902213780708e+01
4.679891484375000346e+02,-8.699927083459031962e+01
4.679894414062500232e+02,-9.189142510399790353e+01
4.679897343750000118e+02,-8.830220461236969243e+01
4.679900273437500005e+02,-8.798888508904035177e+01
4.679903203124999891e+02,-8.503070244649153153e+01
4.679906132812500346e+02,-8.314592681675803476e+01
4.679909062500000232e+02,-8.636474583969780383e+01
4.679911992187500118e+02,-8.577898237205671705e+01
4.679914921875000005e+02,-8.714961863169280321e+01
4.679917851562499891e+02,-9.440286292761894060e+01
4.679920781250000346e+02,-8.940188094086022375e+01
4.679923710937500232e+02,-8.947603133668201281e+01
4.679926640625000118e+02,-9.622117474705953555e+01
4.679929570312500005e+02,-8.880076707428654004e+01
4.679932499999999891e+02,-8.206723979516749523e+01
4.679935429687500346e+02,-8.373911159454698350e+01
4.679938359375000232e+02,-9.036157822401115425e+01
4.679941289062500118e+02,-8.774801772743721529e+01
4.679944218750000005e+02,-9.144811836089859014e+01
4.679947148437499891e+02,-8.624056137153084478e+01
4.679950078125000346e+02,-8.148601779751072627e+01
4.679953007812500232e+02,-8.705701598887483783e+01
4.679955937500000118e+02,-8.652636298878725540e+01
4.679958867187500005e+02,-9.900610393635255946e+01
4.679961796874999891e+02,-9.705447702465717441e+01
4.679964726562500346e+02,-8.775399552409234616e+01
4.679967656250000232e+02,-8.765209187103792488e+01
4.679970585937500118e+02,-9.586937237457848937e+01
4.679973515625000005e+02,-9.134602499796658037e+01
4.679976445312499891e+02,-8.613476521073044978e+01
4.679979375000000346e+02,-8.986942184947693590e+01
4.679982304687500232e+02,-8.770648556535570606e+01
4.679985234375000118e+02,-8.527876943171042967e+01
4.679988164062500005e+02,-8.794293320132867109e+01
4.679991093749999891e+02,-8.904009961828114683e+01
4.679994023437500346e+02,-9.181508651125442100e+01
4.679996953125000232e+02,-9.004355910197240576e+01
4.679999882812500118e+02,-9.931213990936832658e+01
4.680002812500000005e+02,-8.809224817894765636e+01
4.680005742187499891e+02,-9.179665042662925600e+01
4.680008671875000346e+02,-1.028203822756803589e+02
4.680011601562500232e+02,-8.786537949269869330e+01
4.680014531250000118e+02,-8.661199486472101228e+01
4.680017460937500005e+02,-8.456121102869525430e+01
4.680020390624999891e+02,-8.813258423018552890e+01
4.680023320312500346e+02,-9.314851284270528708e+01
4.680026250000000232e+02,-8.923141084135652079e+01
4.680029179687500118e+02,-9.825157098406030798e+01
4.680032109375000005e+02,-1.103134357540659778e+02
4.680035039062499891e+02,-9.361313198957665804e+01
4.680037968750000346e+02,-8.916533378619688222e+01
4.680040898437500232e+02,-9.466986277626619994e+01
4.680043828125000118e+02,-8.980815180578785828e+01
4.680046757812500005e+02,-9.413037096632666589e+01
4.680049687499999891e+02,-9.698707530315103043e+01
4.680052617187500346e+02,-9.437522182325098186e+01
4.680055546875000232e+02,-9.379932882361944735e+01
4.680058476562500118e+02,-9.901336530595142449e+01
4.680061406250000005e+02,-9.946450501257166366e+01
4.680064335937499891e+02,-8.726917915509481816e+01
4.680067265625000346e+02,-8.919340373752692130e+01
4.680070195312500232e+02,-8.859518082874359379e+01
4.680073125000000118e+02,-8.677630334936682743e+01
4.680076054687500005e+02,-9.268244880149312337e+01
4.680078984374999891e+02,-9.766051120992563028e+01
4.680081914062500346e+02,-1.036733107985351978e+02
4.680084843750000232e+02,-9.157253778392650645e+01
4.680087773437500118e+02,-9.300633975736012360e+01
4.680090703125000005e+02,-9.311161968828989188e+01
4.680093632812499891e+02,-9.146040454466773895e+01
4.680096562500000346e+02,-8.997444120311945426e+01
4.680099492187500232e+02,-9.148854122288634017e+01
4.680102421875000118e+02,-8.813104456001981646e+01
4.680105351562500005e+02,-8.696630739622327155e+01
4.680108281249999891e+02,-8.579550559039043378e+01
4.680111210937500346e+02,-8.628834916897400831e+01
4.680114140625000232e+02,-8.553581487886013690e+01
4.680117070312500118e+02,-8.398990477467135918e+01
4.680120000000000005e+02,-8.273730854030591786e+01
4.680122929687499891e+02,-8.897384804241201550e+01
4.680125859375000346e+02,-9.047098964664277787e+01
4.680128789062500232e+02,-8.848023545280717883e+01
4.680131718750000118e+02,-9.421283201856434175e+01
4.680134648437500005e+02,-9.198683859041597088e+01
4.680137578124999891e+02,-8.368368158371380616e+01
4.680140507812500346e+02,-8.422020985210693311e+01
4.680143437500000232e+02,-8.951803746776559478e+01
4.680146367187500118e+02,-9.355237130202107210e+01
4.680149296875000005e+02,-8.962603741800754165e+01
4.680152226562499891e+02,-8.789410179251939326e+01
4.680155156250000346e+02,-9.131751933487905148e+01
4.680158085937500232e+02,-9.170074405243617832e+01
4.680161015625000118e+02,-8.713506623088518666e+01
4.680163945312500005e+02,-8.801754694595622652e+01
4.680166874999999891e+02,-8.528736645180208598e+01
4.680169804687500346e+02,-8.207393172628029276e+01
4.680172734375000232e+02,-8.266049745384063385e+01
4.680175664062500118e+02,-8.571741320054687208e+01
4.680178593750000005e+02,-8.068497354742872574e+01
4.680181523437499891e+02,-8.394624720159643516e+01
4.680184453125000346e+02,-8.904740326640768444e+01
4.680187382812500232e+02,-8.372606668974499655e+01
4.680190312500000118e+02,-9.101913738974920420e+01
4.680193242187500005e+02,-8.626819236788321632e+01
4.680196171874999891e+02,-8.923761640619203206e+01
4.680199101562500346e+02,-8.822421192481392893e+01
4.680202031250000232e+02,-8.787853415066419416e+01
4.680204960937500118e+02,-8.245608454587494407e+01
4.680207890625000005e+02,-7.998034603584808622e+01
4.680210820312499891e+02,-8.552919186501969762e+01
4.680213750000000346e+02,-9.032739187671673164e+01
4.680216679687500232e+02,-8.613586076231743505e+01
4.680219609375000118e+02,-8.784736122280689585e+01
4.680222539062500005e+02,-1.108371462626909221e+02
4.680225468749999891e+02,-8.999294596042486205e+01
4.680228398437500346e+02,-8.914029514485095262e+01
4.680231328125000232e+02,-1.006941687117886772e+02
4.680234257812500118e+02,-9.109997152828562150e+01
4.680237187500000005e+02,-8.859681087559492596e+01
4.680240117187499891e+02,-9.098958955481273847e+01
4.680243046875000346e+02,-8.273712746840858756e+01
4.680245976562500232e+02,-8.438792072600618610e+01
4.680248906250000118e+02,-8.846735404950975123e+01
4.680251835937500005e+02,-8.868499019994153798e+01
4.680254765624999891e+02,-8.411090997221427301e+01
4.680257695312500346e+02,-7.960006404978591377e+01
4.680260625000000232e+02,-7.964564502111258548e+01
4.680263554687500118e+02,-9.434786672099640725e+01
4.680266484375000005e+02,-8.593272462099673703e+01
4.680269414062499891e+02,-8.842827452662129417e+01
4.680272343750000346e+02,-9.247382325798488978e+01
4.680275273437500232e+02,-9.900723513553118948e+01
4.680278203125000118e+02,-8.209272122901836610e+01
4.680281132812500005e+02,-8.658334816528238775e+01
4.680284062499999891e+02,-9.482140869502714509e+01
4.680286992187500346e+02,-9.107895096997373230e+01
4.680289921875000232e+02,-8.910273595709185201e+01
4.680292851562500118e+02,-8.540747147550163731e+01
4.680295781250000005e+02,-9.665209833760428637e+01
4.680298710937499891e+02,-8.735624755765685734e+01
4.680301640625000346e+02,-8.680013025542385208e+01
4.680304570312500232e+02,-8.559334477680194198e+01
4.680307500000000118e+02,-8.458990162168393567e+01
4.680310429687500005e+02,-1.032361055644153112e+02
4.680313359374999891e+02,-8.310562210389157656e+01
4.680316289062500346e+02,-8.232149218622701881e+01
4.680319218750000232e+02,-8.669264099050076311e+01
4.680322148437500118e+02,-9.177720678230346607e+01
4.680325078125000005e+02,-8.702380955860648726e+01
4.680328007812499891e+02,-9.275003409261546494e+01
4.680330937500000346e+02,-8.369088919055762688e+01
4.680333867187500232e+02,-9.341238986905536024e+01
4.680336796875000118e+02,-9.550003837893412140e+01
4.680339726562500005e+02,-9.200688578294268893e+01
4.680342656249999891e+02,-9.506767921194047233e+01
4.680345585937500346e+02,-8.910192372495400548e+01
4.680348515625000232e+02,-8.710762873533752781e+01
4.680351445312500118e+02,-9.363531309716428552e+01
4.680354375000000005e+02,-8.698469953622259254e+01
4.680357304687499891e+02,-9.751905928755904540e+01
4.680360234375000346e+02,-9.610020690349955430e+01
4.680363164062500232e+02,-9.110376648463474680e+01
4.680366093750000118e+02,-1.045887048692162580e+02
4.680369023437500005e+02,-9.356533672802464707e+01
4.680371953124999891e+02,-8.999428945133581692e+01
4.680374882812500346e+02,-8.675375902732452005e+01
4.680377812500000232e+02,-8.852930710254551627e+01
4.680380742187500118e+02,-9.300734181569282555e+01
4.680383671875000005e+02,-8.875535739149182746e+01
4.680386601562499891e+02,-8.276069743366763021e+01
4.680389531250000346e+02,-8.632983811163583709e+01
4.680392460937500232e+02,-9.519429696698352927e+01
4.680395390625000118e+02,-9.516114106813800788e+01
4.680398320312500005e+02,-8.529408977286851723e+01
4.680401249999999891e+02,-8.391485823528890364e+01
4.680404179687500346e+02,-8.716031762359628488e+01
4.680407109375000232e+02,-9.008441090590562794e+01
4.680410039062500118e+02,-1.085151053587508585e+02
4.680412968750000005e+02,-8.946494471508999879e+01
4.680415898437499891e+02,-9.499768129970041741e+01
4.680418828125000346e+02,-9.218704437904824545e+01
4.680421757812500232e+02,-9.058533568026676619e+01
4.680424687500000118e+02,-1.040109056440321922e+02
4.680427617187500005e+02,-9.641168955075195868e+01
4.680430546874999891e+02,-8.533737752938408505e+01
4.680433476562500346e+02,-8.583026366555672837e+01
4.680436406250000232e+02,-9.299958653063006864e+01
4.680439335937500118e+02,-9.179077174298254249e+01
4.680442265625000005e+02,-8.584555513560003703e+01
4.680445195312499891e+02,-8.813816870870935816e+01
4.680448125000000346e+02,-9.664940696556786293e+01
4.680451054687500232e+02,-9.069515087427120648e+01
4.680453984375000118e+02,-8.828561546380642255e+01
4.680456914062500005e+02,-8.441888783748100877e+01
4.680459843749999891e+02,-8.697121813181348671e+01
4.680462773437500346e+02,-9.398363579702247250e+01
4.680465703125000232e+02,-8.808510497921932370e+01
4.680468632812500118e+02,-9.023127457124887485e+01
4.680471562500000005e+02,-9.816005457179487337e+01
4.680474492187499891e+02,-9.682933176197963121e+01
4.680477421875000346e+02,-9.788682932789680535e+01
4.680480351562500232e+02,-8.855896542274390981e+01
4.680483281250000118e+02,-9.029506939824815959e+01
4.680486210937500005e+02,-9.759622760457429536e+01
4.680489140624999891e+02,-9.405979164688926630e+01
4.680492070312500346e+02,-9.237024048436012436e+01
4.680495000000000232e+02,-8.880680290832611945e+01
4.680497929687500118e+02,-8.973723856916157615e+01
4.680500859375000005e+02,-8.966699184457461058e+01
4.680503789062499891e+02,-9.537653190050505714e+01
4.680506718750000346e+02,-9.768552627711984826e+01
4.680509648437500232e+02,-9.172940611760921570e+01
4.680512578125000118e+02,-1.025654234130741003e+02
4.680515507812500005e+02,-9.832200709205085332e+01
4.680518437499999891e+02,-1.058592371991581444e+02
4.680521367187500346e+02,-9.118807104375123629e+01
4.680524296875000232e+02,-9.185662433758919576e+01
4.680527226562500118e+02,-1.000676172206578940e+02
4.680530156250000005e+02,-9.628475583312626895e+01
4.680533085937499891e+02,-8.551137938904949465e+01
4.680536015625000346e+02,-8.871397607241016203e+01
4.680538945312500232e+02,-9.483462421841514356e+01
4.680541875000000118e+02,-9.818465358670950138e+01
4.680544804687500005e+02,-1.008971224740028418e+02
4.680547734374999891e+02,-8.796459628441380119e+01
4.680550664062500346e+02,-9.206668497135305529e+01
4.680553593750000232e+02,-9.672297145867233326e+01
4.680556523437500118e+02,-9.349287690377764193e+01
4.680559453125000005e+02,-8.644335861984404801e+01
4.680562382812499891e+02,-8.510242055725557009e+01
4.680565312500000346e+02,-9.181125157053115515e+01
4.680568242187500232e+02,-9.932005381484314910e+01
4.680571171875000118e+02,-8.970167896092105764e+01
4.680574101562500005e+02,-9.372951068071925818e+01
4.680577031249999891e+02,-1.002787476257639128e+02
4.680579960937500346e+02,-1.025272539292548970e+02
4.680582890625000232e+02,-9.569756153950181954e+01
4.680585820312500118e+02,-9.510023444923641023e+01
4.680588750000000005e+02,-8.590171259606745480e+01
4.680591679687499891e+02,-9.079642107860023259e+01
4.680594609375000346e+02,-9.422684079463031992e+01
4.680597539062500232e+02,-8.754736331432452801e+01
4.680600468750000118e+02,-8.864769331620608739e+01
4.680603398437500005e+02,-8.857172569045985711e+01
4.680606328124999891e+02,-8.697836806517128139e+01
4.680609257812500346e+02,-1.020727582094436769e+02
4.680612187500000232e+02,-9.144373308844848225e+01
4.680615117187500118e+02,-8.936690000725619143e+01
4.680618046875000005e+02,-8.707824308112395784e+01
4.680620976562499891e+02,-9.018227664482853356e+01
4.680623906250000346e+02,-8.870006124857977170e+01
4.680626835937500232e+02,-8.540419931783745255e+01
4.680629765625000118e+02,-8.672072496608409153e+01
4.680632695312500005e+02,-8.746821662727469970e+01
4.680635624999999891e+02,-9.134886218989754525e+01
4.680638554687500346e+02,-1.011341437628436921e+02
4.680641484375000232e+02,-8.925261990791827316e+01
4.680644414062500118e+02,-9.734695550726652868e+01
4.680647343750000005e+02,-9.157278780872974266e+01
4.680650273437499891e+02,-9.145411939438227478e+01
4.680653203125000346e+02,-8.382011402049900539e+01
4.680656132812500232e+02,-8.489413560135989201e+01
4.680659062500000118e+02,-9.177975967920502853e+01
4.680661992187500005e+02,-9.441744853016038519e+01
4.680664921874999891e+02,-9.070536596174315491e+01
4.680667851562500346e+02,-8.468603235077154068e+01
4.680670781250000232e+02,-8.410328142821953179e+01
4.680673710937500118e+02,-8.495755727048685912e+01
4.680676640625000005e+02,-8.707738694542132407e+01
4.680679570312499891e+02,-8.878559395146163524e+01
4.680682500000000346e+02,-9.942269770573274457e+01
4.680685429687500232e+02,-8.944280240829854733e+01
4.680688359375000118e+02,-8.826883378452413353e+01
4.680691289062500005e+02,-8.906042169024394184e+01
4.680694218749999891e+02,-8.072851350519384539e+01
4.680697148437500346e+02,-8.254503299742852107e+01
4.680700078125000232e+02,-8.520570690835923244e+01
4.680703007812500118e+02,-8.915704183359301283e+01
4.680705937500000005e+02,-8.788408469508215148e+01
4.680708867187499891e+02,-9.010367041566087210e+01
4.680711796875000346e+02,-9.100863666954865039e+01
4.680714726562500232e+02,-9.010117719249954860e+01
4.680717656250000118e+02,-8.745374123914375275e+01
4.680720585937500005e+02,-8.352681137417427237e+01
4.680723515624999891e+02,-8.329178499012104453e+01
4.680726445312500346e+02,-8.079330870792023234e+01
4.680729375000000232e+02,-8.121994610419201877e+01
4.680732304687500118e+02,-8.297677569620967120e+01
4.680735234375000005e+02,-8.616931695845815398e+01
4.680738164062499891e+02,-8.701015065574094365e+01
4.680741093750000346e+02,-8.603558355527016488e+01
4.680744023437500232e+02,-8.835057166683424157e+01
4.680746953125000118e+02,-8.810313711681848758e+01
4.680749882812500005e+02,-9.447677272370358992e+01
4.680752812499999891e+02,-8.465483143784641129e+01
4.680755742187500346e+02,-9.171905731475276013e+01
4.680758671875000232e+02,-8.544666975033933909e+01
4.680761601562500118e+02,-9.019451504769489247e+01
4.680764531250000005e+02,-9.348038224794537143e+01
4.680767460937499891e+02,-9.061360136476652372e+01
4.680770390625000346e+02,-9.091594327729316660e+01
4.680773320312500232e+02,-9.690048526949829011e+01
4.680776250000000118e+02,-9.235002899846011815e+01
4.680779179687500005e+02,-8.603287534005916370e+01
4.680782109374999891e+02,-8.625592126770739299e+01
4.680785039062500346e+02,-8.884776419571251438e+01
4.680787968750000232e+02,-8.917725869510134373e+01
4.680790898437500118e+02,-9.438153419450189574e+01
4.680793828125000005e+02,-9.436883704328991485e+01
4.680796757812499891e+02,-9.533044161037132369e+01
4.680799687500000346e+02,-8.758077465890154656e+01
4.680802617187500232e+02,-1.128478374885723809e+02
4.680805546875000118e+02,-8.557281988635708103e+01
4.680808476562500005e+02,-8.276802827728377565e+01
4.680811406249999891e+02,-8.593431954225302150e+01
4.680814335937500346e+02,-8.720081954898154208e+01
4.680817265625000232e+02,-9.538944136012727881e+01
4.680820195312500118e+02,-1.013822464974034290e+02
4.680823125000000005e+02,-9.677871414379492876e+01
4.680826054687499891e+02,-9.451804406043045503e+01
4.680828984375000346e+02,-1.020583738350049714e+02
4.680831914062500232e+02,-9.211571401190616371e+01
4.680834843750000118e+02,-8.955929816381416231e+01
4.680837773437500005e+02,-9.069630861492285590e+01
4.680840703124999891e+02,-8.474848101688360202e+01
4.680843632812500346e+02,-8.859086323577542998e+01
4.680846562500000232e+02,-8.492717506602357957e+01
4.680849492187500118e+02,-8.400052124613242199e+01
4.680852421875000005e+02,-8.603701499831674937e+01
4.680855351562499891e+02,-8.365237071297470095e+01
4.680858281250000346e+02,-8.559349853713732159e+01
4.680861210937500232e+02,-8.206853434918572532e+01
4.680864140625000118e+02,-7.551632434002742400e+01
4.680867070312500005e+02,-7.812295496595383781e+01
4.680869999999999891e+02,-9.473019921325467863e+01
4.680872929687500346e+02,-9.191754548341913278e+01
4.680875859375000232e+02,-1.001732636075238077e+02
4.680878789062500118e+02,-8.852246993772509143e+01
4.680881718750000005e+02,-8.707884950932033519e+01
4.680884648437499891e+02,-9.552531425540374244e+01
4.680887578125000346e+02,-9.145238353098559969e+01
4.680890507812500232e+02,-8.514601836483660691e+01
4.680893437500000118e+02,-8.787412358871952733e+01
4.680896367187500005e+02,-9.446388718903081383e+01
4.680899296874999891e+02,-8.797556562584981066e+01
4.680902226562500346e+02,-8.928317742252488642e+01
4.680905156250000232e+02,-9.165102334672522488e+01
4.680908085937500118e+02,-8.795299057772612628e+01
4.680911015625000005e+02,-9.197341795472992487e+01
4.680913945312499891e+02,-9.308857518333921632e+01
4.680916875000000346e+02,-9.528555515540639931e+01
4.680919804687500232e+02,-9.738415568944581935e+01
4.680922734375000118e+02,-9.696039754178883641e+01
4.680925664062500005e+02,-8.788734192002729628e+01
4.680928593749999891e+02,-8.620984893437595531e+01
4.680931523437500346e+02,-8.918395286225531038e+01
4.680934453125000232e+02,-9.262076723647523124e+01
4.680937382812500118e+02,-8.672086360527632110e+01
4.680940312500000005e+02,-9.007018456401692674e+01
4.680943242187499891e+02,-8.842993313602951844e+01
4.680946171875000346e+02,-8.496240612006054960e+01
4.680949101562500232e+02,-8.843425621641131329e+01
4.680952031250000118e+02,-8.838602173346309598e+01
4.680954960937500005e+02,-9.262659706838370255e+01
4.680957890624999891e+02,-1.098294878165041837e+02
4.680960820312500346e+02,-9.801115249959295284e+01
4.680963750000000232e+02,-9.122575532341669202e+01
4.680966679687500118e+02,-1.006954235587076312e+02
4.680969609375000005e+02,-8.962918638197811561e+01
4.680972539062499891e+02,-9.007126259439259286e+01
4.680975468750000346e+02,-1.010002289190551039e+02
4.680978398437500232e+02,-9.669558948158532985e+01
4.680981328125000118e+02,-9.438075307567800110e+01
4.680984257812500005e+02,-8.805768072674162283e+01
4.680987187499999891e+02,-8.606259368067169646e+01
4.680990117187500346e+02,-9.238185762188564354e+01
4.680993046875000232e+02,-9.134333675935013730e+01
4.680995976562500118e+02,-1.043393844630838885e+02
4.680998906250000005e+02,-9.937006383249857322e+01
4.681001835937499891e+02,-8.994064932874107399e+01
4.681004765625000346e+02,-9.272944155571263991e+01
4.681007695312500232e+02,-8.859718529223729888e+01
4.681010625000000118e+02,-8.874491759652673295e+01
4.681013554687500005e+02,-8.650293385727580642e+01
4.681016484374999891e+02,-9.172213059506779587e+01
4.681019414062500346e+02,-9.477599864923968198e+01
4.681022343750000232e+02,-9.196934613286438776e+01
4.681025273437500118e+02,-9.214737228027817650e+01
4.681028203125000005e+02,-8.509175352394821346e+01
4.681031132812499891e+02,-9.138624779576728940e+01
4.681034062500000346e+02,-1.029989879748366235e+02
4.681036992187500232e+02,-9.267768978223335807e+01
4.681039921875000118e+02,-9.635311738331472498e+01
4.681042851562500005e+02,-9.623078460656964239e+01
4.681045781249999891e+02,-1.035279970929600069e+02
4.681048710937500346e+02,-9.299275022416610170e+01
4.681051640625000232e+02,-9.008310019531955959e+01
4.681054570312500118e+02,-8.482687227909545413e+01
4.681057500000000005e+02,-8.481291061752315841e+01
4.681060429687499891e+02,-9.837797993695866694e+01
4.681063359375000346e+02,-8.275378803014154983e+01
4.681066289062500232e+02,-8.244871689537602322e+01
4.681069218750000118e+02,-9.818254699756496962e+01
4.681072148437500005e+02,-9.023518010371525122e+01
4.681075078124999891e+02,-8.707389091462813724e+01
4.681078007812500346e+02,-8.759346013101153972e+01
4.681080937500000232e+02,-9.168346099746963773e+01
4.681083867187500118e+02,-8.634861236388337602e+01
4.681086796875000005e+02,-9.150359242817737027e+01
4.681089726562499891e+02,-8.320272846160872859e+01
4.681092656250000346e+02,-8.403932556707361812e+01
4.681095585937500232e+02,-9.387505120818713067e+01
4.681098515625000118e+02,-9.512834445302425479e+01
4.681101445312500005e+02,-9.521255858564936148e+01
4.681104374999999891e+02,-8.746174613891568583e+01
4.681107304687500346e+02,-9.065757062843637470e+01
4.681110234375000232e+02,-9.750252618827971673e+01
4.681113164062500118e+02,-1.047794843537947287e+02
4.681116093750000005e+02,-8.723071988436177548e+01
4.681119023437499891e+02,-8.763498963694382837e+01
4.681121953125000346e+02,-8.493182417469752465e+01
4.681124882812500232e+02,-8.732548242823881424e+01
4.681127812500000118e+02,-8.742673352751994287e+01
4.681130742187500005e+02,-9.074241845301298781e+01
4.681133671874999891e+02,-1.027128384266774361e+02
4.681136601562500346e+02,-9.308497052273227723e+01
4.681139531250000232e+02,-8.707145086440887383e+01
4.681142460937500118e+02,-8.612684034456168547e+01
4.681145390625000005e+02,-9.101276173031892824e+01
4.681148320312499891e+02,-9.214108143636438797e+01
4.681151250000000346e+02,-9.922892444012589408e+01
4.681154179687500232e+02,-9.591116796361133368e+01
4.681157109375000118e+02,-9.009967742546257341e+01
4.681160039062500005e+02,-8.948761018767550013e+01
4.681162968749999891e+02,-9.126641515375132485e+01
4.681165898437500346e+02,-9.145572570181251137e+01
4.681168828125000232e+02,-9.517321502032045544e+01
4.681171757812500118e+02,-1.007371545332728004e+02
4.681174687500000005e+02,-1.048596571501911399e+02
4.681177617187499891e+02,-9.822181931159990143e+01
4.681180546875000346e+02,-1.001030544099614872e+02
4.681183476562500232e+02,-9.187430335560438266e+01
4.681186406250000118e+02,-8.730697482520483277e+01
4.681189335937500005e+02,-9.238562902849687930e+01
4.681192265624999891e+02,-9.401513306567464667e+01
4.681195195312500346e+02,-9.159922108012943909e+01
4.681198125000000232e+02,-1.030281809690279857e+02
4.681201054687500118e+02,-9.595633015779819175e+01
4.681203984375000005e+02,-9.317524189284586100e+01
4.681206914062499891e+02,-9.832823470840166635e+01
4.681209843750000346e+02,-9.619029607213147415e+01
4.681212773437500232e+02,-8.727494869579446402e+01
4.681215703125000118e+02,-9.042148323075112160e+01
4.681218632812500005e+02,-9.049646349681705715e+01
4.681221562499999891e+02,-8.783613976608235419e+01
4.681224492187500346e+02,-9.179583178425021117e+01
4.681227421875000232e+02,-9.085709875542463010e+01
4.681230351562500118e+02,-8.878804267250669113e+01
4.681233281250000005e+02,-1.037974306628946692e+02
4.681236210937499891e+02,-9.682952938641534502e+01
4.681239140625000346e+02,-1.073832236160094737e+02
4.681242070312500232e+02,-9.169479632318913787e+01
4.681245000000000118e+02,-8.931902449578294068e+01
4.681247929687500005e+02,-9.621399789919468049e+01
4.681250859374999891e+02,-9.663943180821598844e+01
4.681253789062500346e+02,-9.573660918952370480e+01
4.681256718750000232e+02,-9.134603961409717954e+01
4.681259648437500118e+02,-9.628935822471915174e+01
4.681262578125000005e+02,-1.033288918283423641e+02
4.681265507812499891e+02,-9.839255516505065202e+01
4.681268437500000346e+02,-9.745463728569292527e+01
4.681271367187500232e+02,-8.734217055856217371e+01
4.681274296875000118e+02,-9.072296457964442595e+01
4.681277226562500005e+02,-9.818594569320396204e+01
4.681280156249999891e+02,-9.135956762910348061e+01
4.681283085937500346e+02,-9.219697539124393870e+01
4.681286015625000232e+02,-9.264894740992916411e+01
4.681288945312500118e+02,-9.053414314800150464e+01
4.681291875000000005e+02,-8.826393836127365944e+01
4.681294804687499891e+02,-8.669700771928131644e+01
4.681297734375000346e+02,-8.692113641758641052e+01
4.681300664062500232e+02,-8.570083661367445416e+01
4.681303593750000118e+02,-9.003507929346017136e+01
4.681306523437500005e+02,-9.372737543772026925e+01
4.681309453124999891e+02,-8.864969599146627388e+01
4.681312382812500346e+02,-9.335181692107910578e+01
4.681315312500000232e+02,-9.290844775663342148e+01
4.681318242187500118e+02,-9.044962545853806546e+01
4.681321171875000005e+02,-8.890031125118234456e+01
4.681324101562499891e+02,-8.935197333904702077e+01
4.681327031250000346e+02,-9.288405891369536960e+01
4.681329960937500232e+02,-9.957269114475133165e+01
4.681332890625000118e+02,-1.143388243944761626e+02
4.681335820312500005e+02,-1.015990903444618851e+02
4.681338749999999891e+02,-8.994941274826005895e+01
4.681341679687500346e+02,-8.724691654098302251e+01
4.681344609375000232e+02,-8.969857853326524832e+01
4.681347539062500118e+02,-9.186095492896475889e+01
4.681350468750000005e+02,-9.022154854242847932e+01
4.681353398437499891e+02,-9.299082388929920739e+01
4.681356328125000346e+02,-9.286935923403609650e+01
4.681359257812500232e+02,-9.561828523088871634e+01
4.681362187500000118e+02,-9.068568416164352186e+01
4.681365117187500005e+02,-9.050470810542594791e+01
4.681368046874999891e+02,-8.723369601346087165e+01
4.681370976562500346e+02,-8.778278243908182787e+01
4.681373906250000232e+02,-9.368981013548931003e+01
4.681376835937500118e+02,-8.467997500374158903e+01
4.681379765625000005e+02,-8.359985761788612990e+01
4.681382695312499891e+02,-8.729590535907809112e+01
4.681385625000000346e+02,-8.921261778114148910e+01
4.681388554687500232e+02,-1.012263614743340980e+02
4.681391484375000118e+02,-9.022843158003276187e+01
4.681394414062500005e+02,-8.813539569214299263e+01
4.681397343749999891e+02,-9.194445245719663262e+01
4.681400273437500346e+02,-9.278500680946643797e+01
4.681403203125000232e+02,-8.818484256269604771e+01
4.681406132812500118e+02,-8.717847320040390002e+01
4.681409062500000005e+02,-8.950085652983190698e+01
4.681411992187499891e+02,-8.794913077357712439e+01
4.681414921875000346e+02,-8.562436567462980008e+01
4.681417851562500232e+02,-8.988980568152391015e+01
4.681420781250000118e+02,-9.177461355539236365e+01
4.681423710937500005e+02,-9.401065939247330050e+01
4.681426640624999891e+02,-8.609621433880577968e+01
4.681429570312500346e+02,-8.112241984224026226e+01
4.681432500000000232e+02,-8.333782349421490210e+01
4.681435429687500118e+02,-8.816130484925187716e+01
4.681438359375000005e+02,-9.213023809047486168e+01
4.681441289062499891e+02,-9.580019664823777248e+01
4.681444218750000346e+02,-9.460602771882966522e+01
4.681447148437500232e+02,-8.967857011350568541e+01
4.681450078125000118e+02,-8.768065588455061743e+01
4.681453007812500005e+02,-9.208967547074423976e+01
4.681455937499999891e+02,-8.798543665693983939e+01
4.681458867187500346e+02,-8.499496096658378974e+01
4.681461796875000232e+02,-8.989605904160926286e+01
4.681464726562500118e+02,-9.425977494020783354e+01
4.681467656250000005e+02,-1.023967189224069614e+02
4.681470585937499891e+02,-9.108467386949031663e+01
4.681473515625000346e+02,-1.133228697990614933e+02
4.681476445312500232e+02,-9.025861806710491919e+01
4.681479375000000118e+02,-8.635158639464148678e+01
4.681482304687500005e+02,-8.801472622957302860e+01
4.681485234374999891e+02,-8.494568623561954723e+01
4.681488164062500346e+02,-8.665287116824799796e+01
4.681491093750000232e+02,-9.352886525279447483e+01
4.681494023437500118e+02,-9.066285714803646556e+01
4.681496953125000005e+02,-9.131833139406498390e+01
4.681499882812499891e+02,-8.824978896999044764e+01
4.681502812500000346e+02,-8.650445042874582668e+01
4.681505742187500232e+02,-1.222416539381265466e+02
4.681508671875000118e+02,-9.225875232402442805e+01
4.681511601562500005e+02,-9.646225282831866821e+01
4.681514531249999891e+02,-9.268310411484341671e+01
4.681517460937500346e+02,-8.912950499397125270e+01
4.681520390625000232e+02,-9.357121570559996826e+01
4.681523320312500118e+02,-9.793292337714453311e+01
4.681526250000000005e+02,-9.012560790407229661e+01
4.681529179687499891e+02,-9.394242654083700472e+01
4.681532109375000346e+02,-8.820536487369153633e+01
4.681535039062500232e+02,-9.605083997274019225e+01
4.681537968750000118e+02,-9.456423865691995445e+01
4.681540898437500005e+02,-9.628212209471796257e+01
4.681543828124999891e+02,-9.267999317191630837e+01
4.681546757812500346e+02,-8.497370955518260871e+01
4.681549687500000232e+02,-9.033532453775357851e+01
4.681552617187500118e+02,-1.021291920087958545e+02
4.681555546875000005e+02,-9.848019453607878404e+01
4.681558476562499891e+02,-9.672573581254505370e+01
4.681561406250000346e+02,-9.613613483542036420e+01
4.681564335937500232e+02,-9.735769730343784545e+01
4.681567265625000118e+02,-1.092153434853632774e+02
4.681570195312500005e+02,-8.811221467161772125e+01
4.681573124999999891e+02,-8.998929521917003171e+01
4.681576054687500346e+02,-9.194693559085160928e+01
4.681578984375000232e+02,-9.584454329044018550e+01
4.681581914062500118e+02,-9.144997178803700422e+01
4.681584843750000005e+02,-8.671117508239341021e+01
4.681587773437499891e+02,-9.228339524794664328e+01
4.681590703125000346e+02,-9.383865406384551022e+01
4.681593632812500232e+02,-9.588142271701616437e+01
4.681596562500000118e+02,-9.747246132321683376e+01
4.681599492187500005e+02,-9.705048448252311744e+01
4.681602421874999891e+02,-8.711749012692708050e+01
4.681605351562500346e+02,-9.187214638990280946e+01
4.681608281250000232e+02,-8.987906452623049347e+01
4.681611210937500118e+02,-8.770728731249931798e+01
4.681614140625000005e+02,-9.911582994630130372e+01
4.681617070312499891e+02,-9.814333112239066281e+01
4.681620000000000346e+02,-9.860584942033156608e+01
4.681622929687500232e+02,-8.998817451036219950e+01
4.681625859375000118e+02,-9.227009511465574576e+01
4.681628789062500005e+02,-8.833938434493036596e+01
4.681631718749999891e+02,-9.508899814070348100e+01
4.681634648437500346e+02,-9.621616546663389613e+01
4.681637578125000232e+02,-9.108779374770385573e+01
4.681640507812500118e+02,-1.023824815216849373e+02
4.681643437500000005e+02,-9.080665260381201165e+01
4.681646367187499891e+02,-9.320201001821001796e+01
4.681649296875000346e+02,-8.645835784122016321e+01
4.681652226562500232e+02,-8.786093567156268591e+01
4.681655156250000118e+02,-8.860422800901930884e+01
4.681658085937500005e+02,-9.223522563170918431e+01
4.681661015624999891e+02,-8.927217452311948875e+01
4.681663945312500346e+02,-9.089902118733276382e+01
4.681666875000000232e+02,-1.084959841152606543e+02
4.681669804687500118e+02,-9.114455617761512940e+01
4.681672734375000005e+02,-9.524589094474680451e+01
4.681675664062499891e+02,-9.218193902870066836e+01
4.681678593750000346e+02,-9.937941759724145641e+01
4.681681523437500232e+02,-9.804115419894066008e+01
4.681684453125000118e+02,-9.786782433061094366e+01
4.681687382812500005e+02,-8.709742335889254150e+01
4.681690312499999891e+02,-8.506328966932095170e+01
4.681693242187500346e+02,-9.309663931179044027e+01
4.681696171875000232e+02,-9.454158251828974358e+01
4.681699101562500118e+02,-9.988212252157606486e+01
4.681702031250000005e+02,-9.256573677349847173e+01
4.681704960937499891e+02,-9.502294222799201862e+01
4.681707890625000346e+02,-9.170912018847064928e+01
4.681710820312500232e+02,-9.770142678372005207e+01
4.681713750000000118e+02,-9.820353018194518313e+01
4.681716679687500005e+02,-9.944728471793072799e+01
4.681719609374999891e+02,-9.359041634380191965e+01
4.681722539062500346e+02,-1.142659885148816272e+02
4.681725468750000232e+02,-8.616408233188566612e+01
4.681728398437500118e+02,-8.592410280659825617e+01
4.681731328125000005e+02,-9.281990902935987720e+01
4.681734257812499891e+02,-9.793575756467498650e+01
4.681737187500000346e+02,-8.843047177042954843e+01
4.681740117187500232e+02,-9.002057549332029396e+01
4.681743046875000118e+02,-9.637586859751380075e+01
4.681745976562500005e+02,-8.822132576850114560e+01
4.681748906249999891e+02,-9.245945424311616989e+01
4.681751835937500346e+02,-8.824556068806124642e+01
4.681754765625000232e+02,-9.024183802303794266e+01
4.681757695312500118e+02,-9.405452084571643923e+01
4.681760625000000005e+02,-9.378806830736714062e+01
4.681763554687499891e+02,-8.893503073550027693e+01
4.681766484375000346e+02,-8.965793379089262771e+01
4.681769414062500232e+02,-9.756411551973621954e+01
4.681772343750000118e+02,-8.954942420109685486e+01
4.681775273437500005e+02,-8.844630099185110339e+01
4.681778203124999891e+02,-8.995962370226577320e+01
4.681781132812500346e+02,-1.012459035268404506e+02
4.681784062500000232e+02,-9.498236073047957007e+01
4.681786992187500118e+02,-9.162107934859920988e+01
4.681789921875000005e+02,-9.855592441678028592e+01
4.681792851562499891e+02,-8.966361092930638677e+01
4.681795781250000346e+02,-9.242412549254667908e+01
4.681798710937500232e+02,-9.000875062860237108e+01
4.681801640625000118e+02,-9.413880722738946361e+01
4.681804570312500005e+02,-1.134570858292117066e+02
4.681807499999999891e+02,-9.478850762823415721e+01
4.681810429687500346e+02,-9.266640097536829046e+01
4.681813359375000232e+02,-9.209946250586183680e+01
4.681816289062500118e+02,-1.071306525625104911e+02
4.681819218750000005e+02,-9.448910818294348246e+01
4.681822148437499891e+02,-9.137201315837404536e+01
4.681825078125000346e+02,-8.569270131776963240e+01
4.681828007812500232e+02,-9.181635041890162086e+01
4.681830937500000118e+02,-9.630459320591501182e+01
4.681833867187500005e+02,-9.574835968433683320e+01
4.681836796874999891e+02,-1.020945025819405032e+02
4.681839726562500346e+02,-9.406180842853883917e+01
4.681842656250000232e+02,-9.163946307130656521e+01
4.681845585937500118e+02,-9.370963293567741914e+01
4.681848515625000005e+02,-9.229856538548551725e+01
4.681851445312499891e+02,-8.933082740292690005e+01
4.681854375000000346e+02,-9.224693904761350893e+01
4.681857304687500232e+02,-9.559162680342546992e+01
4.681860234375000118e+02,-9.924165655739253111e+01
4.681863164062500005e+02,-9.351349161648894892e+01
4.681866093749999891e+02,-8.945621529884823531e+01
4.681869023437500346e+02,-9.525844348495181180e+01
4.681871953125000232e+02,-1.002257073399616019e+02
4.681874882812500118e+02,-9.221144998125302550e+01
4.681877812500000005e+02,-8.835714727230561039e+01
4.681880742187499891e+02,-8.868231662422417116e+01
4.681883671875000346e+02,-9.119805803257153798e+01
4.681886601562500232e+02,-9.013418561419847208e+01
4.681889531250000118e+02,-8.970746901412306329e+01
4.681892460937500005e+02,-9.135474925076964325e+01
4.681895390624999891e+02,-8.888478412051924238e+01
4.681898320312500346e+02,-8.598355354593553557e+01
4.681901250000000232e+02,-8.731182800268499022e+01
4.681904179687500118e+02,-9.229552176570624056e+01
4.681907109375000005e+02,-8.945069427220349212e+01
4.681910039062499891e+02,-9.314241041084255812e+01
4.681912968750000346e+02,-9.668359585450347993e+01
4.681915898437500232e+02,-9.895729272396273757e+01
4.681918828125000118e+02,-9.384114419569492327e+01
4.681921757812500005e+02,-8.470384933231784430e+01
4.681924687499999891e+02,-8.398303713666207670e+01
4.681927617187500346e+02,-8.479174751519241227e+01
4.681930546875000232e+02,-8.916251997880490876e+01
4.681933476562500118e+02,-9.431676924550436070e+01
4.681936406250000005e+02,-9.042072655799223924e+01
4.681939335937499891e+02,-8.658662137039624440e+01
4.681942265625000346e+02,-9.283552405528257623e+01
4.681945195312500232e+02,-9.020888499449684161e+01
4.681948125000000118e+02,-9.621846465196358622e+01
4.681951054687500005e+02,-9.024756796027097039e+01
4.681953984374999891e+02,-8.983767138122381368e+01
4.681956914062500346e+02,-8.935802941329649229e+01
4.681959843750000232e+02,-9.490579552334848756e+01
4.681962773437500118e+02,-9.432737764942402237e+01
4.681965703125000005e+02,-9.212562848717546160e+01
4.681968632812499891e+02,-9.311152852709284389e+01
4.681971562500000346e+02,-8.754437611311708167e+01
4.681974492187500232e+02,-9.104894869823796455e+01
4.681977421875000118e+02,-9.325800681766924072e+01
4.681980351562500005e+02,-8.788582097348430011e+01
4.681983281249999891e+02,-8.887057806917619018e+01
4.681986210937500346e+02,-1.003594770042308255e+02
4.681989140625000232e+02,-9.377381201737236438e+01
4.681992070312500118e+02,-1.004753615843817443e+02
4.681995000000000005e+02,-9.583874726786498854e+01
4.681997929687499891e+02,-9.608899446655573229e+01
4.682000859375000346e+02,-1.005662557426649926e+02
4.682003789062500232e+02,-9.985058731429079160e+01
4.682006718750000118e+02,-8.674081945788854853e+01
4.682009648437500005e+02,-8.255544856127696107e+01
4.682012578124999891e+02,-8.666233920662938317e+01
4.682015507812500346e+02,-9.396550171824637232e+01
4.682018437500000232e+02,-1.059467780913678610e+02
4.682021367187500118e+02,-9.381686831707285990e+01
4.682024296875000005e+02,-9.661392917458323382e+01
4.682027226562499891e+02,-8.762468308795152439e+01
4.682030156250000346e+02,-8.278503349626767260e+01
4.682033085937500232e+02,-8.999997900480003921e+01
4.682036015625000118e+02,-8.656488230214580426e+01
4.682038945312500005e+02,-8.328076043774338189e+01
4.682041874999999891e+02,-8.843591910476524731e+01
4.682044804687500346e+02,-9.380624452100366284e+01
4.682047734375000232e+02,-1.032490379521065051e+02
4.682050664062500118e+02,-8.893405274346565648e+01
4.682053593750000005e+02,-9.154905074983483360e+01
4.682056523437499891e+02,-9.134205290087589901e+01
4.682059453125000346e+02,-8.687756958396418838e+01
4.682062382812500232e+02,-9.853490398385557114e+01
4.682065312500000118e+02,-8.943361467041313517e+01
4.682068242187500005e+02,-9.004053861881361343e+01
4.682071171874999891e+02,-9.280935870791029174e+01
4.682074101562500346e+02,-9.052873594117116340e+01
4.682077031250000232e+02,-9.637644712204739506e+01
4.682079960937500118e+02,-1.012972573528509344e+02
4.682082890625000005e+02,-9.394416574024728561e+01
4.682085820312499891e+02,-8.643161310183928947e+01
4.682088750000000346e+02,-8.885464103618357967e+01
4.682091679687500232e+02,-8.496554390083866792e+01
4.682094609375000118e+02,-8.320189626985421683e+01
4.682097539062500005e+02,-8.464962576057757815e+01
4.682100468749999891e+02,-8.849982340549432536e+01
4.682103398437500346e+02,-9.341257763399001135e+01
4.682106328125000232e+02,-8.853784489337479613e+01
4.682109257812500118e+02,-9.503399016353783679e+01
4.682112187500000005e+02,-9.605678392484952610e+01
4.682115117187499891e+02,-8.750374314010920784e+01
4.682118046875000346e+02,-8.438725088941529862e+01
4.682120976562500232e+02,-9.068938201398677279e+01
4.682123906250000118e+02,-8.951649414582368536e+01
4.682126835937500005e+02,-9.205328958136300344e+01
4.682129765624999891e+02,-9.545847619403755857e+01
4.682132695312500346e+02,-9.145274335677846977e+01
4.682135625000000232e+02,-9.676330590312181812e+01
4.682138554687500118e+02,-1.049753552262188947e+02
4.682141484375000005e+02,-9.173299992071869724e+01
4.682144414062499891e+02,-9.172233398002079241e+01
4.682147343750000346e+02,-9.146860743996967358e+01
4.682150273437500232e+02,-9.553401317805233361e+01
4.682153203125000118e+02,-9.015877981958860232e+01
4.682156132812500005e+02,-9.296979637583530121e+01
4.682159062499999891e+02,-1.031134452397445500e+02
4.682161992187500346e+02,-9.694087347659488785e+01
4.682164921875000232e+02,-8.710167251128055455e+01
4.682167851562500118e+02,-9.466044046687302682e+01
4.682170781250000005e+02,-9.321578952378295924e+01
4.682173710937499891e+02,-9.601644279851910824e+01
4.682176640625000346e+02,-1.024516582622011072e+02
4.682179570312500232e+02,-8.929904587519882853e+01
4.682182500000000118e+02,-8.857403401713938251e+01
4.682185429687500005e+02,-9.295414754317701522e+01
4.682188359374999891e+02,-1.032717686621474087e+02
4.682191289062500346e+02,-8.416676249535467491e+01
4.682194218750000232e+02,-9.041742264095097426e+01
4.682197148437500118e+02,-9.883789046993788929e+01
4.682200078125000005e+02,-9.809712213025080985e+01
4.682203007812499891e+02,-9.050471639003882274e+01
4.682205937500000346e+02,-9.907925061044343806e+01
4.682208867187500232e+02,-9.107923282249629438e+01
4.682211796875000118e+02,-8.955984732606310672e+01
4.682214726562500005e+02,-9.270103040303200714e+01
4.682217656249999891e+02,-8.618749520891653049e+01
4.682220585937500346e+02,-9.593018448850585855e+01
4.682223515625000232e+02,-9.521704972347373541e+01
4.682226445312500118e+02,-9.035452497485044887e+01
4.682229375000000005e+02,-8.524371923226026126e+01
4.682232304687499891e+02,-1.048109883487257576e+02
4.682235234375000346e+02,-1.045923952612371863e+02
4.682238164062500232e+02,-9.138392622233925522e+01
4.682241093750000118e+02,-8.632968410342819254e+01
4.682244023437500005e+02,-8.469393978678367318e+01
4.682246953124999891e+02,-9.039474774269912416e+01
4.682249882812500346e+02,-1.071906951853246284e+02
4.682252812500000232e+02,-9.133172611590771339e+01
4.682255742187500118e+02,-9.043901159189736916e+01
4.682258671875000005e+02,-8.935923184085801552e+01
4.682261601562499891e+02,-9.364297489922805084e+01
4.682264531250000346e+02,-8.879122754933254669e+01
4.682267460937500232e+02,-8.475710896601439970e+01
4.682270390625000118e+02,-8.297364426523762404e+01
4.682273320312500005e+02,-8.679305360509846423e+01
4.682276249999999891e+02,-9.492119298479477152e+01
4.682279179687500346e+02,-9.683431534902760518e+01
4.682282109375000232e+02,-9.623650365423172559e+01
4.682285039062500118e+02,-9.413186090626381031e+01
4.682287968750000005e+02,-8.828163206171097954e+01
4.682290898437499891e+02,-8.596005578750045117e+01
4.682293828125000346e+02,-8.591455323698893665e+01
4.682296757812500232e+02,-8.593161880546432485e+01
4.682299687500000118e+02,-8.956692803632739697e+01
4.682302617187500005e+02,-9.500961869621767164e+01
4.682305546874999891e+02,-9.700299503839126203e+01
4.682308476562500346e+02,-1.057327080285622998e+02
4.682311406250000232e+02,-1.108960668670615348e+02
4.682314335937500118e+02,-8.906556028467676356e+01
4.682317265625000005e+02,-8.417837469441833775e+01
4.682320195312499891e+02,-8.750425519239314553e+01
4.682323125000000346e+02,-1.035109208071060323e+02
4.682326054687500232e+02,-9.763513530361709059e+01
4.682328984375000118e+02,-1.070290895295844393e+02
4.682331914062500005e+02,-9.823450031954772044e+01
4.682334843749999891e+02,-9.597503010577311500e+01
4.682337773437500346e+02,-9.846638791200180663e+01
4.682340703125000232e+02,-9.120653047689464188e+01
4.682343632812500118e+02,-8.550690054744987378e+01
4.682346562500000005e+02,-8.694929300011250461e+01
4.682349492187499891e+02,-9.282154060086733693e+01
4.682352421875000346e+02,-9.399074771468760048e+01
4.682355351562500232e+02,-8.926212419370781959e+01
4.682358281250000118e+02,-9.023908303735139214e+01
4.682361210937500005e+02,-8.994865185561253895e+01
4.682364140624999891e+02,-8.958310074734288264e+01
4.682367070312500346e+02,-8.760726918602416902e+01
4.682370000000000232e+02,-8.627131473434830866e+01
4.682372929687500118e+02,-8.801559299325431596e+01
4.682375859375000005e+02,-8.888600065684398999e+01
4.682378789062499891e+02,-8.895672834088691161e+01
4.682381718750000346e+02,-8.537459174393325156e+01
4.682384648437500232e+02,-8.559219102057267037e+01
4.682387578125000118e+02,-8.942078381894435779e+01
4.682390507812500005e+02,-8.891748849159533563e+01
4.682393437499999891e+02,-8.853823014503944933e+01
4.682396367187500346e+02,-9.050903979314162484e+01
4.682399296875000232e+02,-9.137639354812401393e+01
4.682402226562500118e+02,-9.007371740987927922e+01
4.682405156250000005e+02,-9.297049675956424153e+01
4.682408085937499891e+02,-9.106399878695623329e+01
4.682411015625000346e+02,-8.858563399694733675e+01
4.682413945312500232e+02,-9.736909186046514719e+01
4.682416875000000118e+02,-8.896825401469911299e+01
4.682419804687500005e+02,-8.572952465721479598e+01
4.682422734374999891e+02,-8.674380660137086352e+01
4.682425664062500346e+02,-8.958209616096257832e+01
4.682428593750000232e+02,-9.620939606710331304e+01
4.682431523437500118e+02,-1.079840233560697698e+02
4.682434453125000005e+02,-9.630996260422986666e+01
4.682437382812499891e+02,-9.196685643133612587e+01
4.682440312500000346e+02,-8.775552159502181837e+01
4.682443242187500232e+02,-8.911904982164494982e+01
4.682446171875000118e+02,-8.937171159074665638e+01
4.682449101562500005e+02,-9.194236145827210294e+01
4.682452031249999891e+02,-9.618526531859863837e+01
4.682454960937500346e+02,-9.395391675786163432e+01
4.682457890625000232e+02,-1.015823670896346584e+02
4.682460820312500118e+02,-9.660774980330572248e+01
4.682463750000000005e+02,-9.602692244973412983e+01
4.682466679687499891e+02,-9.392641542499431750e+01
4.682469609375000346e+02,-9.486427002384735374e+01
4.682472539062500232e+02,-1.106548310282049528e+02
4.682475468750000118e+02,-9.076490951961424969e+01
4.682478398437500005e+02,-9.559982940048841726e+01
4.682481328124999891e+02,-9.569057760826352421e+01
4.682484257812500346e+02,-9.692093737077350113e+01
4.682487187500000232e+02,-9.119797353806143292e+01
4.682490117187500118e+02,-9.771562846710202166e+01
4.682493046875000005e+02,-9.187498674315891378e+01
4.682495976562499891e+02,-9.568303322581159875e+01
4.682498906250000346e+02,-9.410377150872221819e+01
4.682501835937500232e+02,-9.112475833104485901e+01
4.682504765625000118e+02,-9.246189521785758814e+01
4.682507695312500005e+02,-1.106832018572467007e+02
4.682510624999999891e+02,-1.009352938988496362e+02
4.682513554687500346e+02,-9.062681399885448741e+01
4.682516484375000232e+02,-8.985094527583552804e+01
4.682519414062500118e+02,-9.581476064240035839e+01
4.682522343750000005e+02,-9.218257605657341003e+01
4.682525273437499891e+02,-8.736293350830544568e+01
4.682528203125000346e+02,-8.630208016781232061e+01
4.682531132812500232e+02,-9.095648232608736805e+01
4.682534062500000118e+02,-8.942967300304556488e+01
4.682536992187500005e+02,-8.660568963463880721e+01
4.682539921874999891e+02,-8.576890749444652329e+01
4.682542851562500346e+02,-8.588778019068999470e+01
4.682545781250000232e+02,-1.036671641578005421e+02
4.682548710937500118e+02,-9.875423625621009194e+01
4.682551640625000005e+02,-9.145328001905654958e+01
4.682554570312499891e+02,-9.059750322879530415e+01
4.682557500000000346e+02,-9.555610266884599469e+01
4.682560429687500232e+02,-9.734966006609865019e+01
4.682563359375000118e+02,-9.369577855986912596e+01
4.682566289062500005e+02,-9.122805588512066777e+01
4.682569218749999891e+02,-8.718550161473916660e+01
4.682572148437500346e+02,-8.830638633460624476e+01
4.682575078125000232e+02,-9.835579687954238182e+01
4.682578007812500118e+02,-9.119970577869662520e+01
4.682580937500000005e+02,-8.551664683377200049e+01
4.682583867187499891e+02,-9.241573009287699847e+01
4.682586796875000346e+02,-8.965891431588248395e+01
4.682589726562500232e+02,-9.008818065559563593e+01
4.682592656250000118e+02,-9.362846561010861990e+01
4.682595585937500005e+02,-8.841796612373923381e+01
4.682598515624999891e+02,-9.560881665109810967e+01
4.682601445312500346e+02,-9.028386059655136364e+01
4.682604375000000232e+02,-9.338303074226470812e+01
4.682607304687500118e+02,-1.056246206059345951e+02
4.682610234375000005e+02,-9.318123890216524785e+01
4.682613164062499891e+02,-9.176760694468177348e+01
4.682616093750000346e+02,-9.923255250014818785e+01
4.682619023437500232e+02,-9.154593504564174111e+01
4.682621953125000118e+02,-8.617571719910806394e+01
4.682624882812500005e+02,-9.033337774803638354e+01
4.682627812499999891e+02,-1.081428340951904090e+02
4.682630742187500346e+02,-9.282071723398706808e+01
4.682633671875000232e+02,-9.442152164222959243e+01
4.682636601562500118e+02,-9.551327686488077973e+01
4.682639531250000005e+02,-9.338660206461520374e+01
4.682642460937499891e+02,-9.601201661892849870e+01
4.682645390625000346e+02,-9.116166316373366385e+01
4.682648320312500232e+02,-8.565348412439760750e+01
4.682651250000000118e+02,-8.960072138909110606e+01
4.682654179687500005e+02,-9.625063109122683613e+01
4.682657109374999891e+02,-1.001089419038997619e+02
4.682660039062500346e+02,-9.227046219491683132e+01
4.682662968750000232e+02,-8.348809525699883238e+01
4.682665898437500118e+02,-8.566065161750138657e+01
4.682668828125000005e+02,-9.542749957080168599e+01
4.682671757812499891e+02,-9.207075693262933669e+01
4.682674687500000346e+02,-8.154677360791072260e+01
4.682677617187500232e+02,-8.084844977431802704e+01
4.682680546875000118e+02,-8.456028366051640432e+01
4.682683476562500005e+02,-1.006724516665212974e+02
4.682686406249999891e+02,-1.012116368469782515e+02
4.682689335937500346e+02,-9.159774120261781150e+01
4.682692265625000232e+02,-9.430234087589039405e+01
4.682695195312500118e+02,-1.065229328932747705e+02
4.682698125000000005e+02,-9.517465290805985489e+01
4.682701054687499891e+02,-8.944992277202608477e+01
4.682703984375000346e+02,-8.822718050057007133e+01
4.682706914062500232e+02,-9.735188594417971331e+01
4.682709843750000118e+02,-9.263990731024986758e+01
4.682712773437500005e+02,-9.412574500890360696e+01
4.682715703124999891e+02,-8.612948279677002006e+01
4.682718632812500346e+02,-9.220935125305616964e+01
4.682721562500000232e+02,-9.168667773606895821e+01
4.682724492187500118e+02,-9.885396783496148032e+01
4.682727421875000005e+02,-9.105967645927691478e+01
4.682730351562499891e+02,-9.524484323080352510e+01
4.682733281250000346e+02,-9.424973143642056073e+01
4.682736210937500232e+02,-8.978153474570478920e+01
4.682739140625000118e+02,-9.434336495100805564e+01
4.682742070312500005e+02,-9.379526437186689236e+01
4.682744999999999891e+02,-9.080809002610921254e+01
4.682747929687500346e+02,-8.934058838464812879e+01
4.682750859375000232e+02,-8.906398716721392361e+01
4.682753789062500118e+02,-9.533217079490258072e+01
4.682756718750000005e+02,-9.488702608493920820e+01
4.682759648437499891e+02,-8.815236284196893735e+01
4.682762578125000346e+02,-8.805124015089616307e+01
4.682765507812500232e+02,-9.365181045014269046e+01
4.682768437500000118e+02,-1.065650184570410772e+02
4.682771367187500005e+02,-9.340395211450514523e+01
4.682774296874999891e+02,-9.296363758366091190e+01
4.682777226562500346e+02,-9.252691768387408899e+01
4.682780156250000232e+02,-9.741873354530575568e+01
4.682783085937500118e+02,-9.022631569010222563e+01
4.682786015625000005e+02,-8.708459548223224544e+01
4.682788945312499891e+02,-8.958993417001848059e+01
4.682791875000000346e+02,-9.028580331916253954e+01
4.682794804687500232e+02,-8.831713596472327765e+01
4.682797734375000118e+02,-9.006443656192624303e+01
4.682800664062500005e+02,-9.110002345810465840e+01
4.682803593749999891e+02,-9.113105149666354521e+01
4.682806523437500346e+02,-8.796590013453851498e+01
4.682809453125000232e+02,-8.781397422807673081e+01
4.682812382812500118e+02,-8.563243058085006965e+01
4.682815312500000005e+02,-9.265511358447301404e+01
4.682818242187499891e+02,-9.284907669910104744e+01
4.682821171875000346e+02,-9.337921644820642086e+01
4.682824101562500232e+02,-1.018641685203649843e+02
4.682827031250000118e+02,-9.198229303619193331e+01
4.682829960937500005e+02,-9.348057449800818119e+01
4.682832890624999891e+02,-9.189679094531618375e+01
4.682835820312500346e+02,-9.146620944242087603e+01
4.682838750000000232e+02,-8.989298019967172593e+01
4.682841679687500118e+02,-9.185652810644126021e+01
4.682844609375000005e+02,-9.112926256834016669e+01
4.682847539062499891e+02,-9.114464748751770173e+01
4.682850468750000346e+02,-8.936718757266055491e+01
4.682853398437500232e+02,-9.053437486399323575e+01
4.682856328125000118e+02,-1.023220436043813066e+02
4.682859257812500005e+02,-9.192088941229368970e+01
4.682862187499999891e+02,-9.319250374142824001e+01
4.682865117187500346e+02,-9.275198355758865887e+01
4.682868046875000232e+02,-9.379566796144926855e+01
4.682870976562500118e+02,-8.677333529830261227e+01
4.682873906250000005e+02,-8.627037919779681374e+01
4.682876835937499891e+02,-9.011660897662430614e+01
4.682879765625000346e+02,-9.009386762311912378e+01
4.682882695312500232e+02,-9.208544934227910517e+01
4.682885625000000118e+02,-9.084010024647368198e+01
4.682888554687500005e+02,-9.346421313153244625e+01
4.682891484374999891e+02,-9.245734760615266623e+01
4.682894414062500346e+02,-9.314593735042041089e+01
4.682897343750000232e+02,-8.845367479289159007e+01
4.682900273437500118e+02,-8.460018993033956747e+01
4.682903203125000005e+02,-8.661397280505072160e+01
4.682906132812499891e+02,-9.044805145707820770e+01
4.682909062500000346e+02,-9.229005831006730887e+01
4.682911992187500232e+02,-9.166911817120201533e+01
4.682914921875000118e+02,-9.113283888812807731e+01
4.682917851562500005e+02,-1.049230809603949979e+02
4.682920781249999891e+02,-1.025586755770950020e+02
4.682923710937500346e+02,-9.795485010047174512e+01
4.682926640625000232e+02,-9.615717160921740003e+01
4.682929570312500118e+02,-8.953624027428064380e+01
4.682932500000000005e+02,-8.987698284534215531e+01
4.682935429687499891e+02,-8.948480786788499586e+01
4.682938359375000346e+02,-9.038195352076841971e+01
4.682941289062500232e+02,-9.465408099529742003e+01
4.682944218750000118e+02,-9.173386867365520914e+01
4.682947148437500005e+02,-9.219616649104426642e+01
4.682950078124999891e+02,-9.538781001162392670e+01
4.682953007812500346e+02,-9.366846910855878150e+01
4.682955937500000232e+02,-9.006841284710435502e+01
4.682958867187500118e+02,-9.830848970756252925e+01
4.682961796875000005e+02,-9.193183880420326659e+01
4.682964726562499891e+02,-9.557146580451285445e+01
4.682967656250000346e+02,-9.227269850499043002e+01
4.682970585937500232e+02,-8.677955073701923538e+01
4.682973515625000118e+02,-9.222004829075012822e+01
4.682976445312500005e+02,-9.707643052109501980e+01
4.682979374999999891e+02,-9.737850312308624723e+01
4.682982304687500346e+02,-9.248866252370402208e+01
4.682985234375000232e+02,-1.003174221576944376e+02
4.682988164062500118e+02,-1.027937574860350196e+02
4.682991093750000005e+02,-9.510451544024043358e+01
4.682994023437499891e+02,-9.163034368739937463e+01
4.682996953125000346e+02,-8.710422403359110888e+01
4.682999882812500232e+02,-9.166125619033019234e+01
4.683002812500000118e+02,-9.904759591254462237e+01
4.683005742187500005e+02,-9.338319451482958300e+01
4.683008671874999891e+02,-1.021573029452333401e+02
4.683011601562500346e+02,-9.464946575415092411e+01
4.683014531250000232e+02,-9.896549659978472846e+01
4.683017460937500118e+02,-9.691344940456215795e+01
4.683020390625000005e+02,-9.134005743380130582e+01
4.683023320312499891e+02,-8.938419919823793691e+01
4.683026250000000346e+02,-9.071142152768578626e+01
4.683029179687500232e+02,-9.532139982484278562e+01
4.683032109375000118e+02,-9.073467809119802041e+01
4.683035039062500005e+02,-1.000537439108829432e+02
4.683037968749999891e+02,-8.968094036888190601e+01
4.683040898437500346e+02,-9.209996966141746100e+01
4.683043828125000232e+02,-9.941969625410438027e+01
4.683046757812500118e+02,-9.578308139293187651e+01
4.683049687500000005e+02,-1.053942860257974701e+02
4.683052617187499891e+02,-9.563992267174769779e+01
4.683055546875000346e+02,-8.833248404629074457e+01
4.683058476562500232e+02,-8.601920232862495652e+01
4.683061406250000118e+02,-9.100524669742188166e+01
4.683064335937500005e+02,-9.758126819856555301e+01
4.683067265624999891e+02,-8.916868379194768579e+01
4.683070195312500346e+02,-9.988369699224976728e+01
4.683073125000000232e+02,-9.394154725130758266e+01
4.683076054687500118e+02,-8.929176098039512510e+01
4.683078984375000005e+02,-9.298381998334095044e+01
4.683081914062499891e+02,-9.364393857894890516e+01
4.683084843750000346e+02,-9.178066746138418353e+01
4.683087773437500232e+02,-9.926765707130785188e+01
4.683090703125000118e+02,-9.767010447258118688e+01
4.683093632812500005e+02,-9.969549667621903666e+01
4.683096562499999891e+02,-9.979510441891596884e+01
4.683099492187500346e+02,-9.169065178093683244e+01
4.683102421875000232e+02,-8.710448674719049222e+01
4.683105351562500118e+02,-9.402425403731449194e+01
4.683108281250000005e+02,-9.391590014084577831e+01
4.683111210937499891e+02,-8.757822715544506309e+01
4.683114140625000346e+02,-9.214160161887308220e+01
4.683117070312500232e+02,-9.320856216709607622e+01
4.683120000000000118e+02,-9.921744766728994591e+01
4.683122929687500005e+02,-1.079335068225196608e+02
4.683125859374999891e+02,-9.591306515841267810e+01
4.683128789062500346e+02,-8.550872983007980110e+01
4.683131718750000232e+02,-8.729389337004944593e+01
4.683134648437500118e+02,-9.115497281024076415e+01
4.683137578125000005e+02,-8.914196114615083388e+01
4.683140507812499891e+02,-8.809513521389304458e+01
4.683143437500000346e+02,-9.232356731663108462e+01
4.683146367187500232e+02,-9.133328656011350688e+01
4.683149296875000118e+02,-9.750392480358340208e+01
4.683152226562500005e+02,-1.013014313917457514e+02
4.683155156249999891e+02,-8.877405393988519222e+01
4.683158085937500346e+02,-9.852339554955173639e+01
4.683161015625000232e+02,-9.820617297555722303e+01
4.683163945312500118e+02,-9.114373760306064298e+01
4.683166875000000005e+02,-9.331514481232765945e+01
4.683169804687499891e+02,-8.953042090000658959e+01
4.683172734375000346e+02,-8.435232190124800411e+01
4.683175664062500232e+02,-8.506993661328856149e+01
4.683178593750000118e+02,-8.924868788981291345e+01
4.683181523437500005e+02,-9.235914169543255525e+01
4.683184453124999891e+02,-1.090183873523008771e+02
4.683187382812500346e+02,-9.615140946688869406e+01
4.683190312500000232e+02,-9.787244319102882173e+01
4.683193242187500118e+02,-8.949654332499980569e+01
4.683196171875000005e+02,-9.059250876929708340e+01
4.683199101562499891e+02,-9.592243067198317874e+01
4.683202031250000346e+02,-9.520047451558286866e+01
4.683204960937500232e+02,-9.453148236360715373e+01
4.683207890625000118e+02,-8.796896178437316394e+01
4.683210820312500005e+02,-8.850278182273902416e+01
4.683213749999999891e+02,-1.065866773376423424e+02
4.683216679687500346e+02,-8.618284870000775300e+01
4.683219609375000232e+02,-8.858233490853163516e+01
4.683222539062500118e+02,-9.449484346876452889e+01
4.683225468750000005e+02,-9.140464779150261165e+01
4.683228398437499891e+02,-1.008880504401166718e+02
4.683231328125000346e+02,-9.467055215102010379e+01
4.683234257812500232e+02,-8.785146832915248183e+01
4.683237187500000118e+02,-8.717706955815117453e+01
4.683240117187500005e+02,-9.116109676898993541e+01
4.683243046874999891e+02,-9.807762405402620232e+01
4.683245976562500346e+02,-8.844242079188808248e+01
4.683248906250000232e+02,-9.913883271827072008e+01
4.683251835937500118e+02,-9.288026884247743453e+01
4.683254765625000005e+02,-9.216681046076990924e+01
4.683257695312499891e+02,-8.899401619223903026e+01
4.683260625000000346e+02,-9.444555918295647245e+01
4.683263554687500232e+02,-8.967772057415049858e+01
4.683266484375000118e+02,-1.029771365492522648e+02
4.683269414062500005e+02,-9.331003199854102093e+01
4.683272343749999891e+02,-9.419569292952600392e+01
4.683275273437500346e+02,-1.041006783655234216e+02
4.683278203125000232e+02,-9.647227389620715599e+01
4.683281132812500118e+02,-8.958816263622054521e+01
4.683284062500000005e+02,-8.794507843666160340e+01
4.683286992187499891e+02,-9.300205814323342679e+01
4.683289921875000346e+02,-1.131980776779861486e+02
4.683292851562500232e+02,-9.831427940879342486e+01
4.683295781250000118e+02,-9.413756245623244467e+01
4.683298710937500005e+02,-9.047118709910614598e+01
4.683301640624999891e+02,-8.936371274269426124e+01
4.683304570312500346e+02,-9.097875236606415683e+01
4.683307500000000232e+02,-9.307100179603123991e+01
4.683310429687500118e+02,-9.490246990402674498e+01
4.683313359375000005e+02,-8.972542542325263071e+01
4.683316289062499891e+02,-8.832285147091982935e+01
4.683319218750000346e+02,-8.695710933467736936e+01
4.683322148437500232e+02,-9.136598367486817551e+01
4.683325078125000118e+02,-9.458102797759931946e+01
4.683328007812500005e+02,-9.486516088957742454e+01
4.683330937499999891e+02,-1.028054591327379086e+02
4.683333867187500346e+02,-9.203274775519481921e+01
4.683336796875000232e+02,-9.104962331276708198e+01
4.683339726562500118e+02,-1.016154334456016102e+02
4.683342656250000005e+02,-9.308874449330713219e+01
4.683345585937499891e+02,-8.688371367639412313e+01
4.683348515625000346e+02,-8.820038523105964146e+01
4.683351445312500232e+02,-9.525489095826792152e+01
4.683354375000000118e+02,-9.126266894509106464e+01
4.683357304687500005e+02,-9.848493185387907545e+01
4.683360234374999891e+02,-1.001886742681360545e+02
4.683363164062500346e+02,-9.450204612349345723e+01
4.683366093750000232e+02,-9.098138322727079697e+01
4.683369023437500118e+02,-9.282583517833798226e+01
4.683371953125000005e+02,-9.541530256746192151e+01
4.683374882812499891e+02,-9.218649578711099934e+01
4.683377812500000346e+02,-9.272019580271211225e+01
4.683380742187500232e+02,-8.889596567552167983e+01
4.683383671875000118e+02,-8.977435722902455950e+01
4.683386601562500005e+02,-9.540005985450747517e+01
4.683389531249999891e+02,-8.944480927727468611e+01
4.683392460937500346e+02,-9.055594190850747793e+01
4.683395390625000232e+02,-8.921861817317829946e+01
4.683398320312500118e+02,-8.877026595994485092e+01
4.683401250000000005e+02,-9.352602814722295932e+01
4.683404179687499891e+02,-9.549934877841678826e+01
4.683407109375000346e+02,-9.321877882782561642e+01
4.683410039062500232e+02,-8.817456372929031261e+01
4.683412968750000118e+02,-8.793984029137047287e+01
4.683415898437500005e+02,-9.917912501925896152e+01
4.683418828124999891e+02,-9.153338636682894958e+01
4.683421757812500346e+02,-9.528600924591984267e+01
4.683424687500000232e+02,-8.960145787947251961e+01
4.683427617187500118e+02,-8.758877765330873899e+01
4.683430546875000005e+02,-9.247403881346416199e+01
4.683433476562499891e+02,-9.002886092029606857e+01
4.683436406250000346e+02,-1.009001400051000417e+02
4.683439335937500232e+02,-9.301023011996200296e+01
4.683442265625000118e+02,-9.660655607264244793e+01
4.683445195312500005e+02,-9.732380657640094057e+01
4.683448124999999891e+02,-1.003437976959694566e+02
4.683451054687500346e+02,-9.054305108494412480e+01
4.683453984375000232e+02,-8.855935517796369538e+01
4.683456914062500118e+02,-9.354851932027111161e+01
4.683459843750000005e+02,-9.586766505744012079e+01
4.683462773437499891e+02,-9.095977872270009357e+01
4.683465703125000346e+02,-9.334292279866075148e+01
4.683468632812500232e+02,-9.708088358309242949e+01
4.683471562500000118e+02,-9.735317054951919147e+01
4.683474492187500005e+02,-1.274197967372724634e+02
4.683477421874999891e+02,-1.010427291343824265e+02
4.683480351562500346e+02,-1.025445390129326881e+02
4.683483281250000232e+02,-9.781961160737765226e+01
4.683486210937500118e+02,-9.312838998184813022e+01
4.683489140625000005e+02,-9.732923901683696499e+01
4.683492070312499891e+02,-1.084801295061116662e+02
4.683495000000000346e+02,-9.500757355374533120e+01
4.683497929687500232e+02,-9.393113736470888853e+01
4.683500859375000118e+02,-9.806800721952235733e+01
4.683503789062500005e+02,-1.160167608254578226e+02
4.683506718749999891e+02,-9.880536680497934299e+01
4.683509648437500346e+02,-9.357200468875687704e+01
4.683512578125000232e+02,-9.161235202680637713e+01
4.683515507812500118e+02,-1.108976895931608624e+02
4.683518437500000005e+02,-9.397352024813193339e+01
4.683521367187499891e+02,-9.835157111449282752e+01
4.683524296875000346e+02,-9.014033131122840814e+01
4.683527226562500232e+02,-9.357147290824740082e+01
4.683530156250000118e+02,-1.015937232896142746e+02
4.683533085937500005e+02,-9.747955586096082925e+01
4.683536015624999891e+02,-9.694871627872120712e+01
4.683538945312500346e+02,-9.454905641449070686e+01
4.683541875000000232e+02,-9.284108252853565091e+01
4.683544804687500118e+02,-8.984462474306793922e+01
4.683547734375000005e+02,-9.425590026215461137e+01
4.683550664062499891e+02,-9.123538546670225458e+01
4.683553593750000346e+02,-1.059986113881467560e+02
4.683556523437500232e+02,-1.001783840591321280e+02
4.683559453125000118e+02,-9.345982014651964676e+01
4.683562382812500005e+02,-9.569222347421721508e+01
4.683565312499999891e+02,-9.823295396702610560e+01
4.683568242187500346e+02,-9.996436459429213528e+01
4.683571171875000232e+02,-9.005209875439842904e+01
4.683574101562500118e+02,-8.978690403552248256e+01
4.683577031250000005e+02,-9.315615751609152539e+01
4.683579960937499891e+02,-9.382719958645671454e+01
4.683582890625000346e+02,-9.400494234008483829e+01
4.683585820312500232e+02,-1.086443700373088745e+02
4.683588750000000118e+02,-9.481301024980965053e+01
4.683591679687500005e+02,-9.819221440012236712e+01
4.683594609374999891e+02,-9.639782060067119573e+01
4.683597539062500346e+02,-9.555466078074408642e+01
4.683600468750000232e+02,-9.150209315943061483e+01
4.683603398437500118e+02,-9.932658415330811863e+01
4.683606328125000005e+02,-8.843231814602100371e+01
4.683609257812499891e+02,-8.859980356083546837e+01
4.683612187500000346e+02,-9.705298415342019780e+01
4.683615117187500232e+02,-9.938761657703716423e+01
4.683618046875000118e+02,-1.008745008411074338e+02
4.683620976562500005e+02,-9.646571572780715087e+01
4.683623906249999891e+02,-9.842893035186989437e+01
4.683626835937500346e+02,-9.180826546991897885e+01
4.683629765625000232e+02,-9.275262246956116030e+01
4.683632695312500118e+02,-9.186825906897286131e+01
4.683635625000000005e+02,-9.229866654703724294e+01
4.683638554687499891e+02,-1.057847633489176786e+02
4.683641484375000346e+02,-9.837739350712708131e+01
4.683644414062500232e+02,-9.243893085564941714e+01
4.683647343750000118e+02,-9.463069834454751117e+01
4.683650273437500005e+02,-9.480831690143831736e+01
4.683653203124999891e+02,-8.902376934565423028e+01
4.683656132812500346e+02,-9.303435193989166407e+01
4.683659062500000232e+02,-9.799495337073778956e+01
4.683661992187500118e+02,-9.349579959014812403e+01
4.683664921875000005e+02,-9.728901762112943175e+01
4.683667851562499891e+02,-1.022928027675843765e+02
4.683670781250000346e+02,-9.251144141236572693e+01
4.683673710937500232e+02,-9.352340919187005852e+01
4.683676640625000118e+02,-9.728132634179956995e+01
4.683679570312500005e+02,-9.231872453008223545e+01
4.683682499999999891e+02,-9.300393144296700143e+01
4.683685429687500346e+02,-1.004137494507643851e+02
4.683688359375000232e+02,-9.124028169927017018e+01
4.683691289062500118e+02,-8.914401843554129812e+01
4.683694218750000005e+02,-9.783776408220292353e+01
4.683697148437499891e+02,-9.089414046583380014e+01
4.683700078125000346e+02,-9.109419506403085620e+01
4.683703007812500232e+02,-9.497490585069203917e+01
4.683705937500000118e+02,-9.738085576917464437e+01
4.683708867187500005e+02,-1.013446683455777730e+02
4.683711796874999891e+02,-9.634312684721324160e+01
4.683714726562500346e+02,-9.555574357791867612e+01
4.683717656250000232e+02,-8.474523592779972603e+01
4.683720585937500118e+02,-8.817066736610232169e+01
4.683723515625000005e+02,-9.121056413476728153e+01
4.683726445312499891e+02,-8.561484459155992965e+01
4.683729375000000346e+02,-8.691457265365727380e+01
4.683732304687500232e+02,-9.458482022940111733e+01
4.683735234375000118e+02,-9.100863459674185663e+01
4.683738164062500005e+02,-1.006110114390748436e+02
4.683741093749999891e+02,-9.489094117489953817e+01
4.683744023437500346e+02,-9.070593378768273851e+01
4.683746953125000232e+02,-9.049883275771860269e+01
4.683749882812500118e+02,-9.561519253657834838e+01
4.683752812500000005e+02,-8.729545936171832921e+01
4.683755742187499891e+02,-9.147416569823846544e+01
4.683758671875000346e+02,-9.446657708104042683e+01
4.683761601562500232e+02,-1.028655039092963221e+02
4.683764531250000118e+02,-1.043414183543096385e+02
4.683767460937500005e+02,-9.785631589242029804e+01
4.683770390624999891e+02,-1.064024002157859314e+02
4.683773320312500346e+02,-1.027620898956707265e+02
4.683776250000000232e+02,-9.231235210101746702e+01
4.683779179687500118e+02,-8.863081647372958116e+01
4.683782109375000005e+02,-9.416465338615786607e+01
4.683785039062499891e+02,-9.891911867633925226e+01
4.683787968750000346e+02,-1.054693053802680680e+02
4.683790898437500232e+02,-9.832288997043464462e+01
4.683793828125000118e+02,-9.662903614396560670e+01
4.683796757812500005e+02,-9.232231474621676170e+01
4.683799687499999891e+02,-8.831837678080182741e+01
4.683802617187500346e+02,-8.699627372649985091e+01
4.683805546875000232e+02,-9.336575364168049873e+01
4.683808476562500118e+02,-9.530997916347516252e+01
4.683811406250000005e+02,-9.336215762670123297e+01
4.683814335937499891e+02,-8.832137235152886490e+01
4.683817265625000346e+02,-9.053584048826438391e+01
4.683820195312500232e+02,-9.365381241936042045e+01
4.683823125000000118e+02,-1.028481931832781697e+02
4.683826054687500005e+02,-8.730573973582792746e+01
4.683828984374999891e+02,-8.645041362503248195e+01
4.683831914062500346e+02,-1.004241948070613830e+02
4.683834843750000232e+02,-8.920284840968798790e+01
4.683837773437500118e+02,-9.364174755512051718e+01
4.683840703125000005e+02,-9.523936365732947706e+01
4.683843632812499891e+02,-9.268648786219898739e+01
4.683846562500000346e+02,-9.652446913865574629e+01
4.683849492187500232e+02,-9.126154338686166057e+01
4.683852421875000118e+02,-8.796131929793219228e+01
4.683855351562500005e+02,-8.418654579449302844e+01
4.683858281249999891e+02,-9.368124763070670724e+01
4.683861210937500346e+02,-9.351930806762531745e+01
4.683864140625000232e+02,-9.168532810257377719e+01
4.683867070312500118e+02,-9.660225472973083072e+01
4.683870000000000005e+02,-9.591471018219864675e+01
4.683872929687499891e+02,-9.515174456098831968e+01
4.683875859375000346e+02,-8.847456806620614600e+01
4.683878789062500232e+02,-9.637099315763666141e+01
4.683881718750000118e+02,-8.839824861091801722e+01
4.683884648437500005e+02,-9.183377255732571598e+01
4.683887578124999891e+02,-8.915029726984363379e+01
4.683890507812500346e+02,-9.542329819605647856e+01
4.683893437500000232e+02,-1.122557895684707319e+02
4.683896367187500118e+02,-9.832600773771494573e+01
4.683899296875000005e+02,-9.330317720919536839e+01
4.683902226562499891e+02,-8.741186482458417117e+01
4.683905156250000346e+02,-9.540161749192617435e+01
4.683908085937500232e+02,-1.124917942087255653e+02
4.683911015625000118e+02,-9.169493983059496145e+01
4.683913945312500005e+02,-8.844088432424544521e+01
4.683916874999999891e+02,-9.230053758069149694e+01
4.683919804687500346e+02,-9.508275217701972792e+01
4.683922734375000232e+02,-1.020361834260010880e+02
4.683925664062500118e+02,-1.067163189063423374e+02
4.683928593750000005e+02,-9.008469671818534152e+01
4.683931523437499891e+02,-9.940281161704123747e+01
4.683934453125000346e+02,-9.494084735638971040e+01
4.683937382812500232e+02,-8.636109063965204768e+01
4.683940312500000118e+02,-8.489253790369605213e+01
4.683943242187500005e+02,-9.301141323145456852e+01
4.683946171874999891e+02,-1.132102108319540719e+02
4.683949101562500346e+02,-9.918772391096590013e+01
4.683952031250000232e+02,-1.005054165113324700e+02
4.683954960937500118e+02,-9.149407279443576613e+01
4.683957890625000005e+02,-8.987241993131605966e+01
4.683960820312499891e+02,-9.842561522026372245e+01
4.683963750000000346e+02,-8.961723514276755509e+01
4.683966679687500232e+02,-8.942943118091839949e+01
4.683969609375000118e+02,-9.684133997101574209e+01
4.683972539062500005e+02,-1.011879326210300007e+02
4.683975468749999891e+02,-8.777581405569770823e+01
4.683978398437500346e+02,-9.006087304441797414e+01
4.683981328125000232e+02,-9.735042702753787580e+01
4.683984257812500118e+02,-1.091014233830839260e+02
4.683987187500000005e+02,-9.547517228015239255e+01
4.683990117187499891e+02,-9.042210503488730922e+01
4.683993046875000346e+02,-8.667086503014017751e+01
4.683995976562500232e+02,-9.698281500086997653e+01
4.683998906250000118e+02,-9.774017080866344998e+01
4.684001835937500005e+02,-9.390045895925455000e+01
4.684004765624999891e+02,-9.287235988127774533e+01
4.684007695312500346e+02,-1.024461620811833882e+02
4.684010625000000232e+02,-9.482014517078930282e+01
4.684013554687500118e+02,-1.043894826580149982e+02
4.684016484375000005e+02,-1.026802388410432059e+02
4.684019414062499891e+02,-9.357487486892688366e+01
4.684022343750000346e+02,-9.294157569658784723e+01
4.684025273437500232e+02,-9.489857687175570788e+01
4.684028203125000118e+02,-9.153372473112727903e+01
4.684031132812500005e+02,-9.310764963679986295e+01
4.684034062499999891e+02,-9.889401035175815480e+01
4.684036992187500346e+02,-9.070866273432115179e+01
4.684039921875000232e+02,-9.327085665551990701e+01
4.684042851562500118e+02,-9.709546378225381602e+01
4.684045781250000005e+02,-9.142761315855396731e+01
4.684048710937499891e+02,-1.042479235811327101e+02
4.684051640625000346e+02,-9.447928547142976186e+01
4.684054570312500232e+02,-1.050250475442191345e+02
4.684057500000000118e+02,-9.605341481349714172e+01
4.684060429687500005e+02,-9.487101427467604253e+01
4.684063359374999891e+02,-8.981914787283413659e+01
4.684066289062500346e+02,-9.060295513802543610e+01
4.684069218750000232e+02,-9.702565802290791908e+01
4.684072148437500118e+02,-9.245320235264080111e+01
4.684075078125000005e+02,-9.919215585929620715e+01
4.684078007812499891e+02,-9.053724137290744522e+01
4.684080937500000346e+02,-9.121689092325456727e+01
4.684083867187500232e+02,-9.101461543153206435e+01
4.684086796875000118e+02,-9.815791761528528525e+01
4.684089726562500005e+02,-1.063921189349874084e+02
4.684092656249999891e+02,-9.676874967320708265e+01
4.684095585937500346e+02,-1.047316333784562659e+02
4.684098515625000232e+02,-9.131016134470581846e+01
4.684101445312500118e+02,-8.689792224133930176e+01
4.684104375000000005e+02,-8.866268197478021307e+01
4.684107304687499891e+02,-9.219079616782494213e+01
4.684110234375000346e+02,-8.771485379899593227e+01
4.684113164062500232e+02,-9.211819236676458900e+01
4.684116093750000118e+02,-9.712602450254362907e+01
4.684119023437500005e+02,-9.551171158254562954e+01
4.684121953124999891e+02,-9.530003449412456007e+01
4.684124882812500346e+02,-9.335351854068957778e+01
4.684127812500000232e+02,-8.720316950785957033e+01
4.684130742187500118e+02,-8.985160041493318772e+01
4.684133671875000005e+02,-9.173170462231857414e+01
4.684136601562499891e+02,-8.724080816797180660e+01
4.684139531250000346e+02,-9.516985570470772871e+01
4.684142460937500232e+02,-9.786299892291310698e+01
4.684145390625000118e+02,-9.936395956126565920e+01
4.684148320312500005e+02,-9.797665749838196803e+01
4.684151249999999891e+02,-9.874219109956706575e+01
4.684154179687500346e+02,-8.807387828621676817e+01
4.684157109375000232e+02,-8.887962827365126373e+01
4.684160039062500118e+02,-9.926289087244234111e+01
4.684162968750000005e+02,-8.832338750240106151e+01
4.684165898437499891e+02,-9.374515290836350800e+01
4.684168828125000346e+02,-1.032956082448246775e+02
4.684171757812500232e+02,-9.670453340659351227e+01
4.684174687500000118e+02,-9.291235349733462101e+01
4.684177617187500005e+02,-9.111208153302021628e+01
4.684180546874999891e+02,-9.199200670350811038e+01
4.684183476562500346e+02,-8.903151117838351070e+01
4.684186406250000232e+02,-9.304709639262611631e+01
4.684189335937500118e+02,-9.039806415380931526e+01
4.684192265625000005e+02,-9.749731809546449313e+01
4.684195195312499891e+02,-1.145484069370345992e+02
4.684198125000000346e+02,-9.098796612580299836e+01
4.684201054687500232e+02,-8.990213172327783298e+01
4.684203984375000118e+02,-9.328713249610963487e+01
4.684206914062500005e+02,-9.260384054444315893e+01
4.684209843749999891e+02,-1.064895481360844087e+02
4.684212773437500346e+02,-9.535036534742329195e+01
4.684215703125000232e+02,-9.424310196214682378e+01
4.684218632812500118e+02,-1.005093519783356015e+02
4.684221562500000005e+02,-9.314659915923557776e+01
4.684224492187499891e+02,-9.107622079262787906e+01
4.684227421875000346e+02,-8.990795839348552931e+01
4.684230351562500232e+02,-9.808433177402460501e+01
4.684233281250000118e+02,-9.420579071781965297e+01
4.684236210937500005e+02,-9.950309565210170604e+01
4.684239140624999891e+02,-1.042095612262457252e+02
4.684242070312500346e+02,-9.530446716092021120e+01
4.684245000000000232e+02,-9.133224175111507748e+01
4.684247929687500118e+02,-8.926829682360811091e+01
4.684250859375000005e+02,-9.003679276152746525e+01
4.684253789062499891e+02,-9.268509380897002359e+01
4.684256718750000346e+02,-1.079348785919418532e+02
4.684259648437500232e+02,-9.991786143091509587e+01
4.684262578125000118e+02,-1.098466244030408490e+02
4.684265507812500005e+02,-1.064333222829667847e+02
4.684268437499999891e+02,-1.090192974065497680e+02
4.684271367187500346e+02,-9.416050178005917815e+01
4.684274296875000232e+02,-8.767288664661026587e+01
4.684277226562500118e+02,-8.900101007007869214e+01
4.684280156250000005e+02,-9.224857955238918805e+01
4.684283085937499891e+02,-9.844234030723703199e+01
4.684286015625000346e+02,-9.116452876735144173e+01
4.684288945312500232e+02,-9.198049158936430558e+01
4.684291875000000118e+02,-9.483580660782506300e+01
4.684294804687500005e+02,-9.916066876839877864e+01
4.684297734374999891e+02,-9.880600411615159828e+01
4.684300664062500346e+02,-9.292343178638680001e+01
4.684303593750000232e+02,-9.185884260339909702e+01
4.684306523437500118e+02,-9.887657367020288746e+01
4.684309453125000005e+02,-1.020818064612238345e+02
4.684312382812499891e+02,-9.350292621730341125e+01
4.684315312500000346e+02,-8.874214673307596968e+01
4.684318242187500232e+02,-9.323793162976880922e+01
4.684321171875000118e+02,-9.318577634994056780e+01
4.684324101562500005e+02,-9.104124593315350467e+01
4.684327031249999891e+02,-1.011998566657600520e+02
4.684329960937500346e+02,-1.007028089637713322e+02
4.684332890625000232e+02,-9.603974246241868684e+01
4.684335820312500118e+02,-9.956204801442123653e+01
4.684338750000000005e+02,-1.017647531424897380e+02
4.684341679687499891e+02,-9.136776768157065476e+01
4.684344609375000346e+02,-9.451962251751687916e+01
4.684347539062500232e+02,-9.359500827136967871e+01
4.684350468750000118e+02,-9.035394159210989073e+01
4.684353398437500005e+02,-9.481898012560523625e+01
4.684356328124999891e+02,-1.004791103426622243e+02
4.684359257812500346e+02,-8.980883404121392743e+01
4.684362187500000232e+02,-9.556553306831833083e+01
4.684365117187500118e+02,-1.011175253519650710e+02
4.684368046875000005e+02,-9.464801944399093259e+01
4.684370976562499891e+02,-9.470626490052848112e+01
4.684373906250000346e+02,-9.789245861815770411e+01
4.684376835937500232e+02,-9.592686094350683845e+01
4.684379765625000118e+02,-9.227981977631388588e+01
4.684382695312500005e+02,-9.390917494231472062e+01
4.684385624999999891e+02,-9.081830229046219927e+01
4.684388554687500346e+02,-9.319907353703129615e+01
4.684391484375000232e+02,-9.417131792276094870e+01
4.684394414062500118e+02,-9.051750221012002839e+01
4.684397343750000005e+02,-9.111216986895044556e+01
4.684400273437499891e+02,-8.839181397339187640e+01
4.684403203125000346e+02,-8.747880948199509987e+01
4.684406132812500232e+02,-9.354400108123611801e+01
4.684409062500000118e+02,-9.489431058394742990e+01
4.684411992187500005e+02,-9.353000639134022265e+01
4.684414921874999891e+02,-9.307888346488081766e+01
4.684417851562500346e+02,-9.863575969611950711e+01
4.684420781250000232e+02,-9.205380147666987511e+01
4.684423710937500118e+02,-8.724880994521960531e+01
4.684426640625000005e+02,-8.636681913194865956e+01
4.684429570312499891e+02,-8.546520554878932785e+01
4.684432500000000346e+02,-9.282419370355248134e+01
4.684435429687500232e+02,-9.507967562991743193e+01
4.684438359375000118e+02,-9.004139211250590336e+01
4.684441289062500005e+02,-9.581397435217601810e+01
4.684444218749999891e+02,-9.723515147105578649e+01
4.684447148437500346e+02,-9.183574532684913549e+01
4.684450078125000232e+02,-9.159854080038775237e+01
4.684453007812500118e+02,-8.902904031134463025e+01
4.684455937500000005e+02,-8.547562266992166258e+01
4.684458867187499891e+02,-9.702466163599061133e+01
4.684461796875000346e+02,-9.817333542534214530e+01
4.684464726562500232e+02,-1.025754520962038754e+02
4.684467656250000118e+02,-9.640079506316061497e+01
4.684470585937500005e+02,-9.016144289579621329e+01
4.684473515624999891e+02,-9.602300535458130071e+01
4.684476445312500346e+02,-9.886864250127484866e+01
4.684479375000000232e+02,-9.413837587155495612e+01
4.684482304687500118e+02,-8.519103626979659794e+01
4.684485234375000005e+02,-9.053226205676280358e+01
4.684488164062499891e+02,-1.134616441297447551e+02
4.684491093750000346e+02,-1.015152777652953375e+02
4.684494023437500232e+02,-1.021699101451275169e+02
4.684496953125000118e+02,-8.867506680710151556e+01
4.684499882812500005e+02,-8.670460849616736709e+01
4.684502812499999891e+02,-9.183768675453276842e+01
4.684505742187500346e+02,-9.045476558032220282e+01
4.684508671875000232e+02,-9.169846941590282086e+01
4.684511601562500118e+02,-9.072182135892256838e+01
4.684514531250000005e+02,-9.545658843588529407e+01
4.684517460937499891e+02,-9.168395373610960064e+01
4.684520390625000346e+02,-9.315091709178111046e+01
4.684523320312500232e+02,-9.432155364441953793e+01
4.684526250000000118e+02,-8.759101571832309219e+01
4.684529179687500005e+02,-8.874431587211779515e+01
4.684532109374999891e+02,-9.080218437202823623e+01
4.684535039062500346e+02,-1.032300230377827859e+02
4.684537968750000232e+02,-1.020813680260943386e+02
4.684540898437500118e+02,-9.640070809796540630e+01
4.684543828125000005e+02,-9.427106822756692850e+01
4.684546757812499891e+02,-9.125848118105587048e+01
4.684549687500000346e+02,-1.124998018838997211e+02
4.684552617187500232e+02,-9.164764954781610129e+01
4.684555546875000118e+02,-9.082568692020791445e+01
4.684558476562500005e+02,-8.826141623410505588e+01
4.684561406249999891e+02,-1.079767340602348042e+02
4.684564335937500346e+02,-9.230345652239410015e+01
4.684567265625000232e+02,-9.759416872650143659e+01
4.684570195312500118e+02,-1.001733157431248742e+02
4.684573125000000005e+02,-9.516436176144156889e+01
4.684576054687499891e+02,-1.087188851241833021e+02
4.684578984375000346e+02,-9.423804708169733146e+01
4.684581914062500232e+02,-9.054096632902015074e+01
4.684584843750000118e+02,-9.004305991017065480e+01
4.684587773437500005e+02,-9.356854129176559809e+01
4.684590703124999891e+02,-1.002195505323447691e+02
4.684593632812500346e+02,-1.162388297651548328e+02
4.684596562500000232e+02,-9.337342638481992196e+01
4.684599492187500118e+02,-9.159808309326095355e+01
4.684602421875000005e+02,-9.445908878068667036e+01
4.684605351562499891e+02,-8.893051582367290564e+01
4.684608281250000346e+02,-8.781343325332173322e+01
4.684611210937500232e+02,-9.660473385148415559e+01
4.684614140625000118e+02,-9.813790569924782403e+01
4.684617070312500005e+02,-1.106339450341195771e+02
4.684619999999999891e+02,-9.535723655498578921e+01
4.684622929687500346e+02,-9.420840575504755066e+01
4.684625859375000232e+02,-1.063497562042904860e+02
4.684628789062500118e+02,-9.249032756044420012e+01
4.684631718750000005e+02,-9.760719110897724704e+01
4.684634648437499891e+02,-8.991833393258451679e+01
4.684637578125000346e+02,-9.255057499373913288e+01
4.684640507812500232e+02,-9.194397887887497234e+01
4.684643437500000118e+02,-1.091885749749932017e+02
4.684646367187500005e+02,-9.808591453100319768e+01
4.684649296874999891e+02,-9.938934616001245104e+01
4.684652226562500346e+02,-1.030299982852754965e+02
4.684655156250000232e+02,-9.433260286895929880e+01
4.684658085937500118e+02,-1.052414681823531026e+02
4.684661015625000005e+02,-9.555993846796205560e+01
4.684663945312499891e+02,-9.314437835339811045e+01
4.684666875000000346e+02,-9.108752452719237169e+01
4.684669804687500232e+02,-1.027751509552474118e+02
4.684672734375000118e+02,-9.655446621367219961e+01
4.684675664062500005e+02,-1.038128808215980996e+02
4.684678593749999891e+02,-9.073354562197030759e+01
4.684681523437500346e+02,-9.503971838899849445e+01
4.684684453125000232e+02,-8.999753162531797557e+01
4.684687382812500118e+02,-9.001104489160599087e+01
4.684690312500000005e+02,-9.136090797502885152e+01
4.684693242187499891e+02,-9.124567539081893131e+01
4.684696171875000346e+02,-9.830339850688798720e+01
4.684699101562500232e+02,-9.809526716299848204e+01
4.684702031250000118e+02,-1.012066572945368961e+02
4.684704960937500005e+02,-8.973281578488239063e+01
4.684707890624999891e+02,-9.174406604111312902e+01
4.684710820312500346e+02,-8.753854754073134359e+01
4.684713750000000232e+02,-8.668990983340087553e+01
4.684716679687500118e+02,-1.034954602920170146e+02
4.684719609375000005e+02,-9.090913899748214533e+01
4.684722539062499891e+02,-9.071550583581046112e+01
4.684725468750000346e+02,-9.353559508479344231e+01
4.684728398437500232e+02,-9.802040204994604267e+01
4.684731328125000118e+02,-1.157959362374815839e+02
4.684734257812500005e+02,-9.398294091189113431e+01
4.684737187499999891e+02,-8.598612075934128995e+01
4.684740117187500346e+02,-8.498616222185631841e+01
4.684743046875000232e+02,-9.227680293375796339e+01
4.684745976562500118e+02,-1.066727031121697280e+02
4.684748906250000005e+02,-1.039451540604343762e+02
4.684751835937499891e+02,-9.967403888909585419e+01
4.684754765625000346e+02,-9.428253274466200651e+01
4.684757695312500232e+02,-9.896051910244142391e+01
4.684760625000000118e+02,-9.846066851321430136e+01
4.684763554687500005e+02,-8.942550004022790233e+01
4.684766484374999891e+02,-8.775611562834046708e+01
4.684769414062500346e+02,-9.132048718016734767e+01
4.684772343750000232e+02,-9.791184148953897193e+01
4.684775273437500118e+02,-9.537305687821492484e+01
4.684778203125000005e+02,-9.502112512921240750e+01
4.684781132812499891e+02,-9.246984536524388432e+01
4.684784062500000346e+02,-9.632715637503567052e+01
4.684786992187500232e+02,-9.118533688406786553e+01
4.684789921875000118e+02,-1.017067883500165948e+02
4.684792851562500005e+02,-1.012659813521363930e+02
4.684795781249999891e+02,-9.604491843216307245e+01
4.684798710937500346e+02,-9.093794479393601193e+01
4.684801640625000232e+02,-8.858226100852604645e+01
4.684804570312500118e+02,-9.074666419989264909e+01
4.684807500000000005e+02,-9.029945099971797617e+01
4.684810429687499891e+02,-9.030063971472236517e+01
4.684813359375000346e+02,-8.996831602180409959e+01
4.684816289062500232e+02,-9.380304215320069261e+01
4.684819218750000118e+02,-9.564565837624037670e+01
4.684822148437500005e+02,-9.460914536900884286e+01
4.684825078124999891e+02,-9.345052593268307817e+01
4.684828007812500346e+02,-8.473548977749076982e+01
4.684830937500000232e+02,-8.637691252599800862e+01
4.684833867187500118e+02,-8.976309016206597846e+01
4.684836796875000005e+02,-1.053221265723190925e+02
4.684839726562499891e+02,-9.452574745029009762e+01
4.684842656250000346e+02,-9.400361918776070524e+01
4.684845585937500232e+02,-8.723707017824183652e+01
4.684848515625000118e+02,-8.687561095186013915e+01
4.684851445312500005e+02,-1.027728408985540796e+02
4.684854374999999891e+02,-8.908020008426768754e+01
4.684857304687500346e+02,-9.040128069961291146e+01
4.684860234375000232e+02,-9.548711568668700522e+01
4.684863164062500118e+02,-1.000164901059152669e+02
4.684866093750000005e+02,-1.001813856908515135e+02
4.684869023437499891e+02,-1.019478631346274398e+02
4.684871953125000346e+02,-8.917725055147215585e+01
4.684874882812500232e+02,-8.662181447537223278e+01
4.684877812500000118e+02,-9.340029025824188125e+01
4.684880742187500005e+02,-8.768190466715820719e+01
4.684883671874999891e+02,-8.821855318082813824e+01
4.684886601562500346e+02,-1.026352771341022958e+02
4.684889531250000232e+02,-9.227558320713552575e+01
4.684892460937500118e+02,-1.032532824755979561e+02
4.684895390625000005e+02,-9.654765033047399925e+01
4.684898320312499891e+02,-9.383122785882810035e+01
4.684901250000000346e+02,-8.968943957676630419e+01
4.684904179687500232e+02,-8.950795351004352085e+01
4.684907109375000118e+02,-9.737152341556237900e+01
4.684910039062500005e+02,-9.682497461600986810e+01
4.684912968749999891e+02,-9.499255399326430904e+01
4.684915898437500346e+02,-9.103903447995006104e+01
4.684918828125000232e+02,-9.434377500468634992e+01
4.684921757812500118e+02,-9.229667557270579437e+01
4.684924687500000005e+02,-9.535698715352454258e+01
4.684927617187499891e+02,-9.784857183988647478e+01
4.684930546875000346e+02,-9.040128617378573495e+01
4.684933476562500232e+02,-9.859469429559734976e+01
4.684936406250000118e+02,-1.154043392210827506e+02
4.684939335937500005e+02,-9.736153245507350107e+01
4.684942265624999891e+02,-9.964177927152034897e+01
4.684945195312500346e+02,-9.164923593798408774e+01
4.684948125000000232e+02,-8.827490142895624103e+01
4.684951054687500118e+02,-9.443158330035240056e+01
4.684953984375000005e+02,-9.794608286454959512e+01
4.684956914062499891e+02,-9.593112949975707693e+01
4.684959843750000346e+02,-9.805659734925917803e+01
4.684962773437500232e+02,-9.867174951861521492e+01
4.684965703125000118e+02,-9.452716902018707401e+01
4.684968632812500005e+02,-1.033678489748341462e+02
4.684971562499999891e+02,-9.799623108127360638e+01
4.684974492187500346e+02,-8.937826325291675289e+01
4.684977421875000232e+02,-9.804952456666788407e+01
4.684980351562500118e+02,-1.022720270670806997e+02
4.684983281250000005e+02,-1.006182399090431687e+02
4.684986210937499891e+02,-9.408859502887980852e+01
4.684989140625000346e+02,-9.627444933064907673e+01
4.684992070312500232e+02,-9.346610952082590984e+01
4.684995000000000118e+02,-9.603996743009432180e+01
4.684997929687500005e+02,-1.088981251039646878e+02
4.685000859374999891e+02,-9.462810728118684267e+01
4.685003789062500346e+02,-1.058256901979105749e+02
4.685006718750000232e+02,-1.044432501293569970e+02
4.685009648437500118e+02,-9.731448018388222465e+01
4.685012578125000005e+02,-9.771925095292479568e+01
4.685015507812499891e+02,-9.687141357909091255e+01
4.685018437500000346e+02,-9.767805198976653003e+01
4.685021367187500232e+02,-9.332953674268175348e+01
4.685024296875000118e+02,-9.901537136624406799e+01
4.685027226562500005e+02,-1.114238406628304574e+02
4.685030156249999891e+02,-1.085748194684341286e+02
4.685033085937500346e+02,-9.325421944024719778e+01
4.685036015625000232e+02,-9.537319437078895135e+01
4.685038945312500118e+02,-9.062881478191954443e+01
4.685041875000000005e+02,-1.004311681684963276e+02
4.685044804687499891e+02,-9.579892306714489791e+01
4.685047734375000346e+02,-9.202282377496715071e+01
4.685050664062500232e+02,-9.669923344553279776e+01
4.685053593750000118e+02,-1.114431203469264489e+02
4.685056523437500005e+02,-9.493585331905512703e+01
4.685059453124999891e+02,-9.561489860560567422e+01
4.685062382812500346e+02,-9.771634477222043813e+01
4.685065312500000232e+02,-1.049733378104715342e+02
4.685068242187500118e+02,-9.034613816980746037e+01
4.685071171875000005e+02,-9.105795158292880842e+01
4.685074101562499891e+02,-1.031334223808112824e+02
4.685077031250000346e+02,-9.528519557456002076e+01
4.685079960937500232e+02,-1.074558046204945470e+02
4.685082890625000118e+02,-9.093944363550816945e+01
4.685085820312500005e+02,-9.423387998011352806e+01
4.685088749999999891e+02,-9.593896640077845461e+01
4.685091679687500346e+02,-9.565628188763463413e+01
4.685094609375000232e+02,-9.036234309038908918e+01
4.685097539062500118e+02,-9.133323697872894797e+01
4.685100468750000005e+02,-9.479307369798289074e+01
4.685103398437499891e+02,-9.962808595542965406e+01
4.685106328125000346e+02,-9.672231663879003349e+01
4.685109257812500232e+02,-9.856619909984587480e+01
4.685112187500000118e+02,-1.030573705341229811e+02
4.685115117187500005e+02,-1.092024012316346813e+02
4.685118046874999891e+02,-9.629713444001626499e+01
4.685120976562500346e+02,-8.949065028380731235e+01
4.685123906250000232e+02,-8.709543173679728056e+01
4.685126835937500118e+02,-8.675381055477666337e+01
4.685129765625000005e+02,-9.456394847532884285e+01
4.685132695312499891e+02,-9.870686888225063171e+01
4.685135625000000346e+02,-1.014715665265688642e+02
4.685138554687500232e+02,-9.329475192989816890e+01
4.685141484375000118e+02,-9.361128952657838909e+01
4.685144414062500005e+02,-9.310889181781583090e+01
4.685147343749999891e+02,-9.169539678189964604e+01
4.685150273437500346e+02,-9.346580031681092748e+01
4.685153203125000232e+02,-9.148999399862921678e+01
4.685156132812500118e+02,-9.418158393175173160e+01
4.685159062500000005e+02,-9.065680935743091595e+01
4.685161992187499891e+02,-8.905699825217276100e+01
4.685164921875000346e+02,-1.085044590178114561e+02
4.685167851562500232e+02,-9.187350362809456783e+01
4.685170781250000118e+02,-8.781683931455232539e+01
4.685173710937500005e+02,-9.188149821118071259e+01
4.685176640624999891e+02,-9.342918581527244726e+01
4.685179570312500346e+02,-9.187042440603588034e+01
4.685182500000000232e+02,-9.316314686176603743e+01
4.685185429687500118e+02,-9.332225022085305000e+01
4.685188359375000005e+02,-9.363351583071687401e+01
4.685191289062499891e+02,-9.531133019630144076e+01
4.685194218750000346e+02,-8.999908643186613233e+01
4.685197148437500232e+02,-8.822971206083421691e+01
4.685200078125000118e+02,-9.178879951832188056e+01
4.685203007812500005e+02,-9.358584727168607742e+01
4.685205937499999891e+02,-9.815897747121226757e+01
4.685208867187500346e+02,-9.896427269272859917e+01
4.685211796875000232e+02,-8.860394102097650659e+01
4.685214726562500118e+02,-9.315509214933092608e+01
4.685217656250000005e+02,-1.078006292326848268e+02
4.685220585937499891e+02,-1.002368331283760625e+02
4.685223515625000346e+02,-9.077422005879078881e+01
4.685226445312500232e+02,-9.419604545238961180e+01
4.685229375000000118e+02,-9.647097334210991448e+01
4.685232304687500005e+02,-9.706976184620067727e+01
4.685235234374999891e+02,-1.029757042126339428e+02
4.685238164062500346e+02,-9.171474034916057860e+01
4.685241093750000232e+02,-9.220745512093014895e+01
4.685244023437500118e+02,-9.630530312345590005e+01
4.685246953125000005e+02,-1.014717846484312389e+02
4.685249882812499891e+02,-9.740598911843386531e+01
4.685252812500000346e+02,-1.018399471866196961e+02
4.685255742187500232e+02,-9.459346355054371713e+01
4.685258671875000118e+02,-9.497369078469105830e+01
4.685261601562500005e+02,-9.465073778899540002e+01
4.685264531249999891e+02,-9.331476876284150990e+01
4.685267460937500346e+02,-9.964059430085299596e+01
4.685270390625000232e+02,-1.028267006032855591e+02
4.685273320312500118e+02,-1.064082248230376280e+02
4.685276250000000005e+02,-1.027184983038989117e+02
4.685279179687499891e+02,-9.748203899340242629e+01
4.685282109375000346e+02,-9.013705857162779012e+01
4.685285039062500232e+02,-1.000908816787282660e+02
4.685287968750000118e+02,-9.188854806370204642e+01
4.685290898437500005e+02,-9.125804177386984861e+01
4.685293828124999891e+02,-9.808794741588425836e+01
4.685296757812500346e+02,-9.676799693252968382e+01
4.685299687500000232e+02,-9.041948030231942823e+01
4.685302617187500118e+02,-9.139890812355146466e+01
4.685305546875000005e+02,-9.364317200050797396e+01
4.685308476562499891e+02,-8.610266095066960190e+01
4.685311406250000346e+02,-8.866570985777572389e+01
4.685314335937500232e+02,-9.494664878624895721e+01
4.685317265625000118e+02,-9.421440664284020272e+01
4.685320195312500005e+02,-9.618574503554960131e+01
4.685323124999999891e+02,-9.848100411440731250e+01
4.685326054687500346e+02,-9.312707836241044390e+01
4.685328984375000232e+02,-9.159543609858404523e+01
4.685331914062500118e+02,-9.572554100437952229e+01
4.685334843750000005e+02,-9.032350784783770337e+01
4.685337773437499891e+02,-8.769988475911856085e+01
4.685340703125000346e+02,-9.154023332988629136e+01
4.685343632812500232e+02,-1.024066484413469169e+02
4.685346562500000118e+02,-9.149446771290851643e+01
4.685349492187500005e+02,-9.974918151343888439e+01
4.685352421874999891e+02,-9.144883046870504018e+01
4.685355351562500346e+02,-9.076394409172905853e+01
4.685358281250000232e+02,-9.883868740946161324e+01
4.685361210937500118e+02,-1.083819960919010157e+02
4.685364140625000005e+02,-8.958222423682336455e+01
4.685367070312499891e+02,-8.962285626437252972e+01
4.685370000000000346e+02,-1.016678399044204326e+02
4.685372929687500232e+02,-9.525309931062983537e+01
4.685375859375000118e+02,-1.022082952222329482e+02
4.685378789062500005e+02,-9.235836365075721233e+01
4.685381718749999891e+02,-9.076409879209907672e+01
4.685384648437500346e+02,-9.470154488528001480e+01
4.685387578125000232e+02,-9.600108199068247927e+01
4.685390507812500118e+02,-1.082070503373237500e+02
4.685393437500000005e+02,-9.650396191644382782e+01
4.685396367187499891e+02,-1.013867165301583384e+02
4.685399296875000346e+02,-9.718276187147782252e+01
4.685402226562500232e+02,-1.037429923323555840e+02
4.685405156250000118e+02,-9.458855768230010597e+01
4.685408085937500005e+02,-9.315000832888317461e+01
4.685411015624999891e+02,-9.429657289365465545e+01
4.685413945312500346e+02,-9.144692002752408655e+01
4.685416875000000232e+02,-9.626652306668718495e+01
4.685419804687500118e+02,-9.676194585972683626e+01
4.685422734375000005e+02,-9.724151050079116487e+01
4.685425664062499891e+02,-1.021944477393650033e+02
4.685428593750000346e+02,-1.109390337537554103e+02
4.685431523437500232e+02,-9.151508233260523184e+01
4.685434453125000118e+02,-9.059569343812378861e+01
4.685437382812500005e+02,-9.413667615344898820e+01
4.685440312499999891e+02,-9.223701376639580474e+01
4.685443242187500346e+02,-9.568858243503358096e+01
4.685446171875000232e+02,-1.021607228080122098e+02
4.685449101562500118e+02,-9.999946334933108005e+01
4.685452031250000005e+02,-1.154354513026315487e+02
4.685454960937499891e+02,-1.013960301721042754e+02
4.685457890625000346e+02,-8.955164558611693337e+01
4.685460820312500232e+02,-8.687205263590101367e+01
4.685463750000000118e+02,-9.249347128529082340e+01
4.685466679687500005e+02,-9.383056007854810332e+01
4.685469609374999891e+02,-9.256597618557107410e+01
4.685472539062500346e+02,-1.027781505700012730e+02
4.685475468750000232e+02,-9.116065133958886690e+01
4.685478398437500118e+02,-9.586332635551238468e+01
4.685481328125000005e+02,-9.813253065474714276e+01
4.685484257812499891e+02,-9.188036821057252723e+01
4.685487187500000346e+02,-8.752551437209994845e+01
4.685490117187500232e+02,-9.246774838208465042e+01
4.685493046875000118e+02,-9.672382105018564857e+01
4.685495976562500005e+02,-9.366899673565127671e+01
4.685498906249999891e+02,-9.739630295645831382e+01
4.685501835937500346e+02,-9.224301507384308252e+01
4.685504765625000232e+02,-9.351430316472800541e+01
4.685507695312500118e+02,-1.035978133372190939e+02
4.685510625000000005e+02,-9.734448184116411085e+01
4.685513554687499891e+02,-9.324174925064077968e+01
4.685516484375000346e+02,-9.182239449303179413e+01
4.685519414062500232e+02,-9.596312733041669674e+01
4.685522343750000118e+02,-9.451168417884723283e+01
4.685525273437500005e+02,-9.669051183616193157e+01
4.685528203124999891e+02,-9.405716466233540984e+01
4.685531132812500346e+02,-9.275822247326195225e+01
4.685534062500000232e+02,-1.055686527035206126e+02
4.685536992187500118e+02,-9.504974392194107224e+01
4.685539921875000005e+02,-9.668278000128904637e+01
4.685542851562499891e+02,-9.191019123079937003e+01
4.685545781250000346e+02,-8.996289931349545554e+01
4.685548710937500232e+02,-9.278655478185767436e+01
4.685551640625000118e+02,-1.001428955045037839e+02
4.685554570312500005e+02,-9.219935315141819387e+01
4.685557499999999891e+02,-9.606530466568031557e+01
4.685560429687500346e+02,-9.883851803344747111e+01
4.685563359375000232e+02,-8.877077480715436764e+01
4.685566289062500118e+02,-9.235296309491397437e+01
4.685569218750000005e+02,-9.107116883520932049e+01
4.685572148437499891e+02,-8.941010110035603020e+01
4.685575078125000346e+02,-9.763359417339508184e+01
4.685578007812500232e+02,-9.707527391982199561e+01
4.685580937500000118e+02,-9.609499501057278792e+01
4.685583867187500005e+02,-1.008587421447960821e+02
4.685586796874999891e+02,-9.369809179918152608e+01
4.685589726562500346e+02,-8.873495980896315416e+01
4.685592656250000232e+02,-9.251558440849471765e+01
4.685595585937500118e+02,-1.009052390230696830e+02
4.685598515625000005e+02,-9.393976648302651711e+01
4.685601445312499891e+02,-9.113841946196224342e+01
4.685604375000000346e+02,-9.676286707238098472e+01
4.685607304687500232e+02,-9.516028152777374771e+01
4.685610234375000118e+02,-9.339327613125490757e+01
4.685613164062500005e+02,-9.015823377249535042e+01
4.685616093749999891e+02,-9.033650299330757605e+01
4.685619023437500346e+02,-9.719599323556985837e+01
4.685621953125000232e+02,-1.072961692008509829e+02
4.685624882812500118e+02,-9.653196891266979662e+01
4.685627812500000005e+02,-9.466669721534731252e+01
4.685630742187499891e+02,-9.814289825077835872e+01
4.685633671875000346e+02,-1.093861187561982007e+02
4.685636601562500232e+02,-9.840914430421247516e+01
4.685639531250000118e+02,-9.303612500829422061e+01
4.685642460937500005e+02,-9.498112262561221542e+01
4.685645390624999891e+02,-9.626722529135773243e+01
4.685648320312500346e+02,-9.741829771640885838e+01
4.685651250000000232e+02,-1.108145231870385885e+02
4.685654179687500118e+02,-9.482088347484179280e+01
4.685657109375000005e+02,-9.516393587136994370e+01
4.685660039062499891e+02,-9.797872199655613201e+01
4.685662968750000346e+02,-9.390460804736221689e+01
4.685665898437500232e+02,-9.164847399714514609e+01
4.685668828125000118e+02,-9.571035793493707899e+01
4.685671757812500005e+02,-9.939027179489612251e+01
4.685674687499999891e+02,-9.447300657469784824e+01
4.685677617187500346e+02,-9.836726809973612262e+01
4.685680546875000232e+02,-9.842660390853289698e+01
4.685683476562500118e+02,-1.000234799734193700e+02
4.685686406250000005e+02,-9.725589340635009705e+01
4.685689335937499891e+02,-1.035448577101519874e+02
4.685692265625000346e+02,-9.485403073944027597e+01
4.685695195312500232e+02,-9.460500231944058669e+01
4.685698125000000118e+02,-1.133468899197262800e+02
4.685701054687500005e+02,-1.045748739350370613e+02
4.685703984374999891e+02,-1.044397182074811496e+02
4.685706914062500346e+02,-9.624850615085991024e+01
4.685709843750000232e+02,-9.386607110427010525e+01
4.685712773437500118e+02,-9.436501179498678482e+01
4.685715703125000005e+02,-1.104572700562589347e+02
4.685718632812499891e+02,-9.728692951807445866e+01
4.685721562500000346e+02,-9.641516483950071859e+01
4.685724492187500232e+02,-9.463604107748730598e+01
4.685727421875000118e+02,-1.075606661016500993e+02
4.685730351562500005e+02,-9.639650075614716229e+01
4.685733281249999891e+02,-1.028476473339149209e+02
4.685736210937500346e+02,-9.008045276977051685e+01
4.685739140625000232e+02,-9.084616186594590204e+01
4.685742070312500118e+02,-9.489738520416088363e+01
4.685745000000000005e+02,-9.081097523174852881e+01
4.685747929687499891e+02,-9.085805191613162890e+01
4.685750859375000346e+02,-1.028276436869725927e+02
4.685753789062500232e+02,-9.888749947427226061e+01
4.685756718750000118e+02,-9.599391056251435828e+01
4.685759648437500005e+02,-9.056873888615065482e+01
4.685762578124999891e+02,-1.014904627224776021e+02
4.685765507812500346e+02,-8.976313925894777412e+01
4.685768437500000232e+02,-8.998690313244898675e+01
4.685771367187500118e+02,-8.556223372984995024e+01
4.685774296875000005e+02,-8.595719311983302191e+01
4.685777226562499891e+02,-9.409089305735164999e+01
4.685780156250000346e+02,-1.005146286219520704e+02
4.685783085937500232e+02,-9.719831230741696970e+01
4.685786015625000118e+02,-9.082030622041585843e+01
4.685788945312500005e+02,-9.545960622544123453e+01
4.685791874999999891e+02,-1.003888998823925505e+02
4.685794804687500346e+02,-1.047336110121190558e+02
4.685797734375000232e+02,-8.991529532387595225e+01
4.685800664062500118e+02,-8.495424262357376222e+01
4.685803593750000005e+02,-8.704420976310473179e+01
4.685806523437499891e+02,-9.763300768122071815e+01
4.685809453125000346e+02,-1.005396317619251079e+02
4.685812382812500232e+02,-9.861339612293137691e+01
4.685815312500000118e+02,-9.737890327285407466e+01
4.685818242187500005e+02,-1.047021884494261457e+02
4.685821171874999891e+02,-1.033892656856588985e+02
4.685824101562500346e+02,-1.023489885284175074e+02
4.685827031250000232e+02,-8.947322491955242185e+01
4.685829960937500118e+02,-9.177288709168848868e+01
4.685832890625000005e+02,-9.958570616206367276e+01
4.685835820312499891e+02,-9.785937266331877993e+01
4.685838750000000346e+02,-9.746922584838196713e+01
4.685841679687500232e+02,-9.211241127103596682e+01
4.685844609375000118e+02,-9.359323910894856624e+01
4.685847539062500005e+02,-1.014504481134814569e+02
4.685850468749999891e+02,-1.043853458932542111e+02
4.685853398437500346e+02,-9.543944204557739397e+01
4.685856328125000232e+02,-1.004585640117113456e+02
4.685859257812500118e+02,-9.708096774917504490e+01
4.685862187500000005e+02,-1.028194888989793156e+02
4.685865117187499891e+02,-1.015579686027275130e+02
4.685868046875000346e+02,-1.008053934965905682e+02
4.685870976562500232e+02,-1.036989343164538013e+02
4.685873906250000118e+02,-9.994430343201726430e+01
4.685876835937500005e+02,-1.069552057042998285e+02
4.685879765624999891e+02,-9.691590599360907277e+01
4.685882695312500346e+02,-1.064049199065996731e+02
4.685885625000000232e+02,-9.823207418224080811e+01
4.685888554687500118e+02,-9.438453951450996726e+01
4.685891484375000005e+02,-1.101183351657995217e+02
4.685894414062499891e+02,-9.352185448873734686e+01
4.685897343750000346e+02,-8.985863316336397588e+01
4.685900273437500232e+02,-9.728949180429705734e+01
4.685903203125000118e+02,-9.593708987926389398e+01
4.685906132812500005e+02,-1.045006257489020385e+02
4.685909062499999891e+02,-9.328990971851331437e+01
4.685911992187500346e+02,-9.915603809459400964e+01
4.685914921875000232e+02,-1.116101077405695605e+02
4.685917851562500118e+02,-9.909487460773527800e+01
4.685920781250000005e+02,-9.387636356174905927e+01
4.685923710937499891e+02,-9.150882167028731828e+01
4.685926640625000346e+02,-9.413470174052355333e+01
4.685929570312500232e+02,-9.890920498455763266e+01
4.685932500000000118e+02,-1.021129209319561113e+02
4.685935429687500005e+02,-9.956730788517049291e+01
4.685938359374999891e+02,-9.197511798448917375e+01
4.685941289062500346e+02,-9.837497997525913718e+01
4.685944218750000232e+02,-9.566264148900687303e+01
4.685947148437500118e+02,-9.412875772436615307e+01
4.685950078125000005e+02,-9.140886065473372923e+01
4.685953007812499891e+02,-9.290280285350682732e+01
4.685955937500000346e+02,-9.276191035668304607e+01
4.685958867187500232e+02,-9.411972003334270198e+01
4.685961796875000118e+02,-1.043113866091599817e+02
4.685964726562500005e+02,-9.260700038333582995e+01
4.685967656249999891e+02,-9.733183227730162912e+01
4.685970585937500346e+02,-1.033456909623185709e+02
4.685973515625000232e+02,-9.326039307805751832e+01
4.685976445312500118e+02,-9.060734222686951966e+01
4.685979375000000005e+02,-8.885997962349250656e+01
4.685982304687499891e+02,-9.079175402616704105e+01
4.685985234375000346e+02,-9.456906161018275725e+01
4.685988164062500232e+02,-1.046852631340987614e+02
4.685991093750000118e+02,-9.550875668092956516e+01
4.685994023437500005e+02,-9.642980667476268763e+01
4.685996953124999891e+02,-1.061102127323277244e+02
4.685999882812500346e+02,-9.279328410731098131e+01
4.686002812500000232e+02,-9.382281654244665958e+01
4.686005742187500118e+02,-9.244274455831266835e+01
4.686008671875000005e+02,-9.368045811674092249e+01
4.686011601562499891e+02,-9.311253260665033338e+01
4.686014531250000346e+02,-9.526956389828661997e+01
4.686017460937500232e+02,-1.146204729616622160e+02
4.686020390625000118e+02,-9.991189384001094709e+01
4.686023320312500005e+02,-9.887278305903244302e+01
4.686026249999999891e+02,-8.993741460910868568e+01
4.686029179687500346e+02,-9.831539909300646229e+01
4.686032109375000232e+02,-1.040918178324297685e+02
4.686035039062500118e+02,-1.089260696651527098e+02
4.686037968750000005e+02,-1.010787607533501102e+02
4.686040898437499891e+02,-9.916699395117666427e+01
4.686043828125000346e+02,-1.038211622128969935e+02
4.686046757812500232e+02,-1.056536203112385692e+02
4.686049687500000118e+02,-1.010274115071512426e+02
4.686052617187500005e+02,-9.333343678963048262e+01
4.686055546874999891e+02,-1.030515663560385065e+02
4.686058476562500346e+02,-1.115140772588600981e+02
4.686061406250000232e+02,-1.049893688998368759e+02
4.686064335937500118e+02,-9.798036861071042836e+01
4.686067265625000005e+02,-9.796603664860433014e+01
4.686070195312499891e+02,-9.337473895112147204e+01
4.686073125000000346e+02,-1.011080498446238778e+02
4.686076054687500232e+02,-9.625975029853763942e+01
4.686078984375000118e+02,-9.190636266233801166e+01
4.686081914062500005e+02,-9.243935181184012606e+01
4.686084843749999891e+02,-1.015274442731368509e+02
4.686087773437500346e+02,-9.918555510502669392e+01
4.686090703125000232e+02,-9.258538956029907752e+01
4.686093632812500118e+02,-9.048920674522618413e+01
4.686096562500000005e+02,-9.081522572647241986e+01
4.686099492187499891e+02,-9.711088047790846645e+01
4.686102421875000346e+02,-1.052544153466754864e+02
4.686105351562500232e+02,-9.559531681851815677e+01
4.686108281250000118e+02,-9.643697879554098051e+01
4.686111210937500005e+02,-9.960766591535704606e+01
4.686114140624999891e+02,-1.048690331568227805e+02
4.686117070312500346e+02,-9.541956435197215569e+01
4.686120000000000232e+02,-9.331899952997227388e+01
4.686122929687500118e+02,-9.092036711814151317e+01
4.686125859375000005e+02,-9.113708830296035046e+01
4.686128789062499891e+02,-1.060977121729513613e+02
4.686131718750000346e+02,-1.146656298210952798e+02
4.686134648437500232e+02,-1.027665813401617072e+02
4.686137578125000118e+02,-9.683571557652703632e+01
4.686140507812500005e+02,-1.127473253935407485e+02
4.686143437499999891e+02,-9.318482394595940832e+01
4.686146367187500346e+02,-9.766858160016522561e+01
4.686149296875000232e+02,-9.352973562473097502e+01
4.686152226562500118e+02,-9.053066246907513914e+01
4.686155156250000005e+02,-9.500622479657907604e+01
4.686158085937499891e+02,-9.502682178995515017e+01
4.686161015625000346e+02,-9.109379730611011894e+01
4.686163945312500232e+02,-9.026013625178889299e+01
4.686166875000000118e+02,-9.484396606836386923e+01
4.686169804687500005e+02,-9.731217797411912329e+01
4.686172734374999891e+02,-9.380019159888919944e+01
4.686175664062500346e+02,-9.530477943827807508e+01
4.686178593750000232e+02,-9.546702951069099186e+01
4.686181523437500118e+02,-9.177515645443125436e+01
4.686184453125000005e+02,-9.296631733323458491e+01
4.686187382812499891e+02,-9.267639810260563138e+01
4.686190312500000346e+02,-9.061681935993956927e+01
4.686193242187500232e+02,-9.512686920508073740e+01
4.686196171875000118e+02,-1.010887606994682955e+02
4.686199101562500005e+02,-8.978914794332496285e+01
4.686202031249999891e+02,-8.921619991076119049e+01
4.686204960937500346e+02,-1.010061690478181475e+02
4.686207890625000232e+02,-9.485555237860620537e+01
4.686210820312500118e+02,-9.340228164386178378e+01
4.686213750000000005e+02,-9.187730750492883658e+01
4.686216679687499891e+02,-8.997150928235294032e+01
4.686219609375000346e+02,-9.155200168657827930e+01
4.686222539062500232e+02,-9.494373265258056449e+01
4.686225468750000118e+02,-9.111288662520288995e+01
4.686228398437500005e+02,-8.723307634081686501e+01
4.686231328124999891e+02,-9.525134986588861352e+01
4.686234257812500346e+02,-1.025921095589747125e+02
4.686237187500000232e+02,-9.622555264413092857e+01
4.686240117187500118e+02,-9.713929126567950334e+01
4.686243046875000005e+02,-9.348899187148839474e+01
4.686245976562499891e+02,-9.240556367026772477e+01
4.686248906250000346e+02,-9.004247882417628546e+01
4.686251835937500232e+02,-9.166105476837273613e+01
4.686254765625000118e+02,-8.856050187395570106e+01
4.686257695312500005e+02,-9.432565001471500921e+01
4.686260624999999891e+02,-1.058997909688142300e+02
4.686263554687500346e+02,-9.735539043777822599e+01
4.686266484375000232e+02,-9.627207175195961497e+01
4.686269414062500118e+02,-9.715332424211509021e+01
4.686272343750000005e+02,-9.806804801252067705e+01
4.686275273437499891e+02,-9.477538255809612622e+01
4.686278203125000346e+02,-9.383067402171144522e+01
4.686281132812500232e+02,-9.225561645561495538e+01
4.686284062500000118e+02,-9.780544177043879017e+01
4.686286992187500005e+02,-1.029739119385950801e+02
4.686289921874999891e+02,-1.066135570070548226e+02
4.686292851562500346e+02,-1.035624975293271177e+02
4.686295781250000232e+02,-1.018263480800537195e+02
4.686298710937500118e+02,-9.778617464205824206e+01
4.686301640625000005e+02,-9.736832842896193085e+01
4.686304570312499891e+02,-9.664774054372108480e+01
4.686307500000000346e+02,-9.523104562207328172e+01
4.686310429687500232e+02,-1.094901475864681828e+02
4.686313359375000118e+02,-1.019328524256009274e+02
4.686316289062500005e+02,-1.011715816338198550e+02
4.686319218749999891e+02,-1.027835247597097776e+02
4.686322148437500346e+02,-9.813939168448666805e+01
4.686325078125000232e+02,-9.575781228240666110e+01
4.686328007812500118e+02,-9.657281010324071246e+01
4.686330937500000005e+02,-1.001396577328707593e+02
4.686333867187499891e+02,-1.012130367039048906e+02
4.686336796875000346e+02,-1.029265978207234156e+02
4.686339726562500232e+02,-1.087914528337699664e+02
4.686342656250000118e+02,-1.063892080800825255e+02
4.686345585937500005e+02,-1.048033008341556069e+02
4.686348515624999891e+02,-1.022972551831169454e+02
4.686351445312500346e+02,-9.281080067061218131e+01
4.686354375000000232e+02,-9.878527967725544556e+01
4.686357304687500118e+02,-9.624969443584259920e+01
4.686360234375000005e+02,-8.989524406539965184e+01
4.686363164062499891e+02,-9.158796766631928676e+01
4.686366093750000346e+02,-9.804240870316994005e+01
4.686369023437500232e+02,-1.014994047806860777e+02
4.686371953125000118e+02,-1.016067495542721844e+02
4.686374882812500005e+02,-9.822283637728324379e+01
4.686377812499999891e+02,-9.672942345510560358e+01
4.686380742187500346e+02,-1.040059769574524040e+02
4.686383671875000232e+02,-9.312667130057413090e+01
4.686386601562500118e+02,-8.981367624053831378e+01
4.686389531250000005e+02,-8.938467317726001227e+01
4.686392460937499891e+02,-9.183533135730847619e+01
4.686395390625000346e+02,-9.391980442007080399e+01
4.686398320312500232e+02,-9.360490841425657038e+01
4.686401250000000118e+02,-1.033792083706379827e+02
4.686404179687500005e+02,-9.634408450330550977e+01
4.686407109374999891e+02,-9.860279617280710340e+01
4.686410039062500346e+02,-9.640242631668027684e+01
4.686412968750000232e+02,-8.785027680194301070e+01
4.686415898437500118e+02,-8.745194614638779740e+01
4.686418828125000005e+02,-9.337732205511464656e+01
4.686421757812499891e+02,-9.582451873287092781e+01
4.686424687500000346e+02,-9.117360432888729349e+01
4.686427617187500232e+02,-9.281888378960361763e+01
4.686430546875000118e+02,-9.733304163643141749e+01
4.686433476562500005e+02,-1.022157573717238961e+02
4.686436406249999891e+02,-9.502007857649991251e+01
4.686439335937500346e+02,-8.804188746901596119e+01
4.686442265625000232e+02,-8.832217904983963308e+01
4.686445195312500118e+02,-9.070946217314215687e+01
4.686448125000000005e+02,-9.092688493858581467e+01
4.686451054687499891e+02,-9.274671160752140509e+01
4.686453984375000346e+02,-9.243817883354694231e+01
4.686456914062500232e+02,-9.372449868224150293e+01
4.686459843750000118e+02,-9.720941344501241588e+01
4.686462773437500005e+02,-1.079441523254733823e+02
4.686465703124999891e+02,-9.513491469681584078e+01
4.686468632812500346e+02,-9.408377646556347429e+01
4.686471562500000232e+02,-9.381718481744303517e+01
4.686474492187500118e+02,-9.545211902165388551e+01
4.686477421875000005e+02,-1.006177654367515402e+02
4.686480351562499891e+02,-9.469781986090421810e+01
4.686483281250000346e+02,-1.022997600626501224e+02
4.686486210937500232e+02,-1.119987449815231457e+02
4.686489140625000118e+02,-1.039822989860209645e+02
4.686492070312500005e+02,-9.353136976212466891e+01
4.686494999999999891e+02,-9.663384296158858433e+01
4.686497929687500346e+02,-9.787151831679155123e+01
4.686500859375000232e+02,-9.795077371417598044e+01
4.686503789062500118e+02,-9.926314581114063174e+01
4.686506718750000005e+02,-9.452131371878925847e+01
4.686509648437499891e+02,-1.051337667830269709e+02
4.686512578125000346e+02,-1.078233978746496575e+02
4.686515507812500232e+02,-1.037773422124156468e+02
4.686518437500000118e+02,-1.018959999364581392e+02
4.686521367187500005e+02,-1.019834169730971780e+02
4.686524296874999891e+02,-9.909132357226633303e+01
4.686527226562500346e+02,-9.045565369144460988e+01
4.686530156250000232e+02,-8.849560128666836079e+01
4.686533085937500118e+02,-8.954186336669968682e+01
4.686536015625000005e+02,-9.547041691186063872e+01
4.686538945312499891e+02,-9.774343859071461793e+01
4.686541875000000346e+02,-9.709721925597531822e+01
4.686544804687500232e+02,-1.032007182818855142e+02
4.686547734375000118e+02,-1.057492407171396707e+02
4.686550664062500005e+02,-1.039851888171201466e+02
4.686553593749999891e+02,-9.279810997220153013e+01
4.686556523437500346e+02,-9.008767248045714382e+01
4.686559453125000232e+02,-8.942324439157503946e+01
4.686562382812500118e+02,-9.269948448833112309e+01
4.686565312500000005e+02,-9.261487184313435250e+01
4.686568242187499891e+02,-9.547800337125403303e+01
4.686571171875000346e+02,-9.615190080633297498e+01
4.686574101562500232e+02,-1.001927610264999799e+02
4.686577031250000118e+02,-1.127488433952658653e+02
4.686579960937500005e+02,-1.008305553540066200e+02
4.686582890624999891e+02,-9.473690024567741830e+01
4.686585820312500346e+02,-9.469593088066174857e+01
4.686588750000000232e+02,-9.404909554529226057e+01
4.686591679687500118e+02,-9.352427007792236680e+01
4.686594609375000005e+02,-9.043377807846732708e+01
4.686597539062499891e+02,-8.932400197654787632e+01
4.686600468750000346e+02,-9.308121498892347745e+01
4.686603398437500232e+02,-9.955256066868810194e+01
4.686606328125000118e+02,-9.828052289789462748e+01
4.686609257812500005e+02,-9.456307996386624382e+01
4.686612187499999891e+02,-9.882710895542736296e+01
4.686615117187500346e+02,-1.006004821537772500e+02
4.686618046875000232e+02,-9.613895599052136731e+01
4.686620976562500118e+02,-9.273710216495334180e+01
4.686623906250000005e+02,-9.097581804668232053e+01
4.686626835937499891e+02,-9.329877274124024211e+01
4.686629765625000346e+02,-1.009661895701794663e+02
4.686632695312500232e+02,-1.098012126540728275e+02
4.686635625000000118e+02,-9.644228217819238580e+01
4.686638554687500005e+02,-9.914216407770815920e+01
4.686641484374999891e+02,-9.643171177968783070e+01
4.686644414062500346e+02,-1.151933689602331157e+02
4.686647343750000232e+02,-9.437100945575875244e+01
4.686650273437500118e+02,-9.107643564103150879e+01
4.686653203125000005e+02,-8.951801433310939160e+01
4.686656132812499891e+02,-9.168433294024778490e+01
4.686659062500000346e+02,-1.002375631538211280e+02
4.686661992187500232e+02,-1.045753606760629992e+02
4.686664921875000118e+02,-9.776524810736805193e+01
4.686667851562500005e+02,-9.273237174222849433e+01
4.686670781249999891e+02,-1.033994053273707152e+02
4.686673710937500346e+02,-9.814060078007082666e+01
4.686676640625000232e+02,-9.773401149441845348e+01
4.686679570312500118e+02,-9.055993475981581753e+01
4.686682500000000005e+02,-9.310641665315294802e+01
4.686685429687499891e+02,-9.702067282999377085e+01
4.686688359375000346e+02,-1.064042637346942115e+02
4.686691289062500232e+02,-9.188413120360563369e+01
4.686694218750000118e+02,-9.275309573440331690e+01
4.686697148437500005e+02,-9.660416424892369491e+01
4.686700078124999891e+02,-9.880380081024179617e+01
4.686703007812500346e+02,-1.136285889561360136e+02
4.686705937500000232e+02,-9.526089350597067096e+01
4.686708867187500118e+02,-9.838282717947144818e+01
4.686711796875000005e+02,-1.035389906942788514e+02
4.686714726562499891e+02,-1.046467385875308196e+02
4.686717656250000346e+02,-9.159292082941227875e+01
4.686720585937500232e+02,-9.528190801407284027e+01
4.686723515625000118e+02,-1.016034419629053644e+02
4.686726445312500005e+02,-9.973458364469379944e+01
4.686729374999999891e+02,-9.618810189614177375e+01
4.686732304687500346e+02,-1.051104869301519074e+02
4.686735234375000232e+02,-1.025091244695682633e+02
4.686738164062500118e+02,-1.064594978391762794e+02
4.686741093750000005e+02,-9.846242554643171729e+01
4.686744023437499891e+02,-9.345772632848809280e+01
4.686746953125000346e+02,-9.276118803200128582e+01
4.686749882812500232e+02,-1.025572733287474279e+02
4.686752812500000118e+02,-1.078724857895387856e+02
4.686755742187500005e+02,-9.369566029214142588e+01
4.686758671874999891e+02,-9.319768912649618642e+01
4.686761601562500346e+02,-9.491129603445381235e+01
4.686764531250000232e+02,-9.730812061000079893e+01
4.686767460937500118e+02,-1.016033599150096052e+02
4.686770390625000005e+02,-1.018486920536964391e+02
4.686773320312499891e+02,-9.239006801851415673e+01
4.686776250000000346e+02,-9.885154320221106161e+01
4.686779179687500232e+02,-1.048904764787917827e+02
4.686782109375000118e+02,-9.358488950945633178e+01
4.686785039062500005e+02,-9.493800161844247043e+01
4.686787968749999891e+02,-9.628089737902941181e+01
4.686790898437500346e+02,-9.540982940870996742e+01
4.686793828125000232e+02,-1.016328468419539632e+02
4.686796757812500118e+02,-1.026116206655085392e+02
4.686799687500000005e+02,-1.032760867328479293e+02
4.686802617187499891e+02,-9.873403039505399192e+01
4.686805546875000346e+02,-1.003767874251413446e+02
4.686808476562500232e+02,-9.891371498077620572e+01
4.686811406250000118e+02,-1.037981584466184017e+02
4.686814335937500005e+02,-1.039466699011433377e+02
4.686817265624999891e+02,-1.010288561717762121e+02
4.686820195312500346e+02,-9.840061925743918891e+01
4.686823125000000232e+02,-9.850652155034941870e+01
4.686826054687500118e+02,-9.628661652450071529e+01
4.686828984375000005e+02,-9.497327465268703861e+01
4.686831914062499891e+02,-9.568103094663212005e+01
4.686834843750000346e+02,-9.614082794824389566e+01
4.686837773437500232e+02,-1.044418865288095049e+02
4.686840703125000118e+02,-9.534619652059132022e+01
4.686843632812500005e+02,-1.103547819016535811e+02
4.686846562499999891e+02,-9.402355438188135395e+01
4.686849492187500346e+02,-9.247273739313179419e+01
4.686852421875000232e+02,-9.415135194849396783e+01
4.686855351562500118e+02,-9.853066460966003604e+01
4.686858281250000005e+02,-9.592021638386788140e+01
4.686861210937499891e+02,-9.261763116190741130e+01
4.686864140625000346e+02,-9.465680365649987493e+01
4.686867070312500232e+02,-9.276060026955877902e+01
4.686870000000000118e+02,-9.633413937406544392e+01
4.686872929687500005e+02,-9.164194885850351113e+01
4.686875859374999891e+02,-8.808209642502862380e+01
4.686878789062500346e+02,-9.150501957358572724e+01
4.686881718750000232e+02,-9.385870366430393119e+01
4.686884648437500118e+02,-9.607308503177443981e+01
4.686887578125000005e+02,-9.348494282236836739e+01
4.686890507812499891e+02,-9.987273229058770596e+01
4.686893437500000346e+02,-9.430252449679724691e+01
4.686896367187500232e+02,-9.417041622705666271e+01
4.686899296875000118e+02,-9.189419859229217025e+01
4.686902226562500005e+02,-8.803068718052379893e+01
4.686905156249999891e+02,-9.177606699417692937e+01
4.686908085937500346e+02,-9.559022597199272298e+01
4.686911015625000232e+02,-1.022790209744687502e+02
4.686913945312500118e+02,-9.922799061433416057e+01
4.686916875000000005e+02,-1.002096829801922837e+02
4.686919804687499891e+02,-1.032145429239151468e+02
4.686922734375000346e+02,-1.018612194190527305e+02
4.686925664062500232e+02,-9.265131034915476960e+01
4.686928593750000118e+02,-8.869565460291140369e+01
4.686931523437500005e+02,-9.147068330071115838e+01
4.686934453124999891e+02,-9.961836770683467535e+01
4.686937382812500346e+02,-9.757062518021639619e+01
4.686940312500000232e+02,-9.558008542712107669e+01
4.686943242187500118e+02,-1.037283874829938668e+02
4.686946171875000005e+02,-1.046925637006416991e+02
4.686949101562499891e+02,-9.917651884953846775e+01
4.686952031250000346e+02,-9.560035808243964084e+01
4.686954960937500232e+02,-9.256551323915061857e+01
4.686957890625000118e+02,-9.476878759321209600e+01
4.686960820312500005e+02,-9.959593982589700545e+01
4.686963749999999891e+02,-9.752898701664874181e+01
4.686966679687500346e+02,-9.397324408072307733e+01
4.686969609375000232e+02,-9.543346458540958110e+01
4.686972539062500118e+02,-9.655015116666019992e+01
4.686975468750000005e+02,-9.959358569166526820e+01
4.686978398437499891e+02,-1.042005706697379992e+02
4.686981328125000346e+02,-9.550083259328248175e+01
4.686984257812500232e+02,-9.549817826988601155e+01
4.686987187500000118e+02,-9.938830411035466739e+01
4.686990117187500005e+02,-1.008229003602096157e+02
4.686993046874999891e+02,-9.395682244154582463e+01
4.686995976562500346e+02,-9.477592923229644839e+01
4.686998906250000232e+02,-9.297161648522259725e+01
4.687001835937500118e+02,-9.500878619900751687e+01
4.687004765625000005e+02,-1.025032273934221223e+02
4.687007695312499891e+02,-1.057443189531374799e+02
4.687010625000000346e+02,-9.463506277122078814e+01
4.687013554687500232e+02,-9.688543860985176082e+01
4.687016484375000118e+02,-9.456033030537253126e+01
4.687019414062500005e+02,-9.366019304136726475e+01
4.687022343749999891e+02,-9.808989167512704910e+01
4.687025273437500346e+02,-9.544158454512313483e+01
4.687028203125000232e+02,-9.965244333960343681e+01
4.687031132812500118e+02,-9.838549823608518352e+01
4.687034062500000005e+02,-9.462051476127570027e+01
4.687036992187499891e+02,-9.126770718269267491e+01
4.687039921875000346e+02,-9.453567020094877194e+01
4.687042851562500232e+02,-9.291724753703029194e+01
4.687045781250000118e+02,-9.231123978957633369e+01
4.687048710937500005e+02,-1.026096048089615209e+02
4.687051640624999891e+02,-9.498150820601816235e+01
4.687054570312500346e+02,-9.363956332256967130e+01
4.687057500000000232e+02,-9.088395794739673761e+01
4.687060429687500118e+02,-9.109280665588323700e+01
4.687063359375000005e+02,-9.205099885313087782e+01
4.687066289062499891e+02,-9.572249361802812473e+01
4.687069218750000346e+02,-9.283158590465959037e+01
4.687072148437500232e+02,-8.998054687044435695e+01
4.687075078125000118e+02,-1.133615218393988044e+02
4.687078007812500005e+02,-9.963181217161883296e+01
4.687080937499999891e+02,-9.702543216338504806e+01
4.687083867187500346e+02,-9.037123198164438520e+01
4.687086796875000232e+02,-9.138919177292399354e+01
4.687089726562500118e+02,-9.603717499662823798e+01
4.687092656250000005e+02,-1.004001778247117613e+02
4.687095585937499891e+02,-9.509735447011880183e+01
4.687098515625000346e+02,-9.286314742324063332e+01
4.687101445312500232e+02,-1.072162739000105773e+02
4.687104375000000118e+02,-1.007658129430700455e+02
4.687107304687500005e+02,-1.032961917243035259e+02
4.687110234374999891e+02,-9.454704351355931635e+01
4.687113164062500346e+02,-9.358148915927193912e+01
4.687116093750000232e+02,-9.664408094725729370e+01
4.687119023437500118e+02,-9.497440679821812637e+01
4.687121953125000005e+02,-1.023998111622728402e+02
4.687124882812499891e+02,-9.806130100983132536e+01
4.687127812500000346e+02,-1.149401783518534046e+02
4.687130742187500232e+02,-1.005828411012121393e+02
4.687133671875000118e+02,-1.107155301978401383e+02
4.687136601562500005e+02,-9.561178154915495497e+01
4.687139531249999891e+02,-1.018780419821284795e+02
4.687142460937500346e+02,-9.697864847030618307e+01
4.687145390625000232e+02,-9.247911694546148453e+01
4.687148320312500118e+02,-9.641053775849715635e+01
4.687151250000000005e+02,-9.525942973674159475e+01
4.687154179687499891e+02,-1.019797158203149223e+02
4.687157109375000346e+02,-9.773629000267463596e+01
4.687160039062500232e+02,-1.042067457889791768e+02
4.687162968750000118e+02,-9.899476641740224636e+01
4.687165898437500005e+02,-9.251241750057056379e+01
4.687168828124999891e+02,-9.109411015870600181e+01
4.687171757812500346e+02,-9.321204106965291203e+01
4.687174687500000232e+02,-9.572398870791600700e+01
4.687177617187500118e+02,-9.454474045201442323e+01
4.687180546875000005e+02,-9.473094274870190645e+01
4.687183476562499891e+02,-1.005879849077146275e+02
4.687186406250000346e+02,-1.017370534579283969e+02
4.687189335937500232e+02,-1.075803346723990472e+02
4.687192265625000118e+02,-9.403683883298822366e+01
4.687195195312500005e+02,-8.920959043457546045e+01
4.687198124999999891e+02,-9.209243745113087698e+01
4.687201054687500346e+02,-9.581106542657323644e+01
4.687203984375000232e+02,-9.640230466870298187e+01
4.687206914062500118e+02,-9.728531074194671646e+01
4.687209843750000005e+02,-1.015192093126525208e+02
4.687212773437499891e+02,-1.007437081150023630e+02
4.687215703125000346e+02,-1.000258420668165797e+02
4.687218632812500232e+02,-9.464905299820364348e+01
4.687221562500000118e+02,-9.124346360353877117e+01
4.687224492187500005e+02,-9.371111778188094377e+01
4.687227421874999891e+02,-9.353074278468326952e+01
4.687230351562500346e+02,-9.663768792644908956e+01
4.687233281250000232e+02,-9.825869408447985620e+01
4.687236210937500118e+02,-1.157466212882917773e+02
4.687239140625000005e+02,-1.023255516046655771e+02
4.687242070312499891e+02,-9.856452482458168163e+01
4.687245000000000346e+02,-9.589561279517077708e+01
4.687247929687500232e+02,-9.926372623225913117e+01
4.687250859375000118e+02,-9.811544467146538295e+01
4.687253789062500005e+02,-9.382060416338049436e+01
4.687256718749999891e+02,-9.693949259928864137e+01
4.687259648437500346e+02,-1.076716281085291769e+02
4.687262578125000232e+02,-1.006911468492612300e+02
4.687265507812500118e+02,-1.046715734249598029e+02
4.687268437500000005e+02,-1.074261079914998334e+02
4.687271367187499891e+02,-1.060539734909938971e+02
4.687274296875000346e+02,-1.080795164149636491e+02
4.687277226562500232e+02,-1.041651178019123023e+02
4.687280156250000118e+02,-1.004758254271734330e+02
4.687283085937500005e+02,-9.912374130897458713e+01
4.687286015624999891e+02,-1.047829415872482883e+02
4.687288945312500346e+02,-1.027170114026991286e+02
4.687291875000000232e+02,-1.022475663764825242e+02
4.687294804687500118e+02,-1.023041111564291441e+02
4.687297734375000005e+02,-9.934121166816726145e+01
4.687300664062499891e+02,-9.665369997117862511e+01
4.687303593750000346e+02,-9.398898633568532546e+01
4.687306523437500232e+02,-1.027648066928538810e+02
4.687309453125000118e+02,-9.519707028363951906e+01
4.687312382812500005e+02,-9.848975016938385352e+01
4.687315312499999891e+02,-1.018803000765704212e+02
4.687318242187500346e+02,-1.022203423053638716e+02
4.687321171875000232e+02,-9.800947208759228602e+01
4.687324101562500118e+02,-9.910367504353908430e+01
4.687327031250000005e+02,-1.032926526034023453e+02
4.687329960937499891e+02,-9.621221163892906247e+01
4.687332890625000346e+02,-9.767594401778326585e+01
4.687335820312500232e+02,-9.254894529398586656e+01
4.687338750000000118e+02,-9.450594246117449870e+01
4.687341679687500005e+02,-9.640092994097773271e+01
4.687344609374999891e+02,-9.487399649033127957e+01
4.687347539062500346e+02,-9.811706619003891205e+01
4.687350468750000232e+02,-9.643663588300212552e+01
4.687353398437500118e+02,-1.019771204924926025e+02
4.687356328125000005e+02,-9.686713188021029453e+01
4.687359257812499891e+02,-9.580400353569716287e+01
4.687362187500000346e+02,-9.088907172117185951e+01
4.687365117187500232e+02,-9.108548214243197094e+01
4.687368046875000118e+02,-9.275091657474860085e+01
4.687370976562500005e+02,-9.139132996883742521e+01
4.687373906249999891e+02,-9.346893325231872041e+01
4.687376835937500346e+02,-9.451768703161351937e+01
4.687379765625000232e+02,-1.052878014326044109e+02
4.687382695312500118e+02,-1.019834328719844336e+02
4.687385625000000005e+02,-1.053458958445779814e+02
4.687388554687499891e+02,-9.635750448124481693e+01
4.687391484375000346e+02,-9.496666107815093483e+01
4.687394414062500232e+02,-9.051796641242000874e+01
4.687397343750000118e+02,-8.947287687174429038e+01
4.687400273437500005e+02,-9.279171059399503463e+01
4.687403203124999891e+02,-9.745481068023502758e+01
4.687406132812500346e+02,-1.029574796021148728e+02
4.687409062500000232e+02,-1.070808497541182760e+02
4.687411992187500118e+02,-1.059683758830459368e+02
4.687414921875000005e+02,-1.114138839148326952e+02
4.687417851562499891e+02,-1.059380520264188590e+02
4.687420781250000346e+02,-9.592886180479672475e+01
4.687423710937500232e+02,-9.270311992449546779e+01
4.687426640625000118e+02,-9.289126326413014567e+01
4.687429570312500005e+02,-1.006705823606056356e+02
4.687432499999999891e+02,-1.069382107098079473e+02
4.687435429687500346e+02,-1.149127758725819461e+02
4.687438359375000232e+02,-1.103212570619007238e+02
4.687441289062500118e+02,-1.026349699528712165e+02
4.687444218750000005e+02,-1.060590985156877082e+02
4.687447148437499891e+02,-1.029122209345906072e+02
4.687450078125000346e+02,-9.839490054305073841e+01
4.687453007812500232e+02,-9.334972798557076601e+01
4.687455937500000118e+02,-9.545433298958003832e+01
4.687458867187500005e+02,-1.078523151670687241e+02
4.687461796874999891e+02,-1.045916764627621518e+02
4.687464726562500346e+02,-1.052633040757051930e+02
4.687467656250000232e+02,-9.788980287080512710e+01
4.687470585937500118e+02,-1.040594521947559485e+02
4.687473515625000005e+02,-1.075022440067948821e+02
4.687476445312499891e+02,-9.665995583420664161e+01
4.687479375000000346e+02,-9.279197256973917263e+01
4.687482304687500232e+02,-9.213745999546679855e+01
4.687485234375000118e+02,-9.418750035381626162e+01
4.687488164062500005e+02,-9.841453872881271536e+01
4.687491093749999891e+02,-9.913116705353814950e+01
4.687494023437500346e+02,-9.528208221668570843e+01
4.687496953125000232e+02,-9.757311500193075915e+01
4.687499882812500118e+02,-1.022141528865520996e+02
4.687502812500000005e+02,-9.106508872619187400e+01
4.687505742187499891e+02,-9.033958220079387047e+01
4.687508671875000346e+02,-9.375944966587618978e+01
4.687511601562500232e+02,-9.776620854432187002e+01
4.687514531250000118e+02,-1.004551550211684230e+02
4.687517460937500005e+02,-9.605970499673391316e+01
4.687520390624999891e+02,-9.403648241620771842e+01
4.687523320312500346e+02,-1.053429532701274525e+02
4.687526250000000232e+02,-1.106043695335922905e+02
4.687529179687500118e+02,-9.136615691194748479e+01
4.687532109375000005e+02,-9.018125119092624686e+01
4.687535039062499891e+02,-9.646065164608502585e+01
4.687537968750000346e+02,-9.992439389741534228e+01
4.687540898437500232e+02,-1.026716302797156146e+02
4.687543828125000118e+02,-1.010870425081633641e+02
4.687546757812500005e+02,-9.826832084388122723e+01
4.687549687499999891e+02,-1.051710366033696857e+02
4.687552617187500346e+02,-1.067308509846181295e+02
4.687555546875000232e+02,-9.254492581592316469e+01
4.687558476562500118e+02,-9.104595137371205738e+01
4.687561406250000005e+02,-1.028253505713024651e+02
4.687564335937499891e+02,-9.988651728062750124e+01
4.687567265625000346e+02,-1.004674182801615103e+02
4.687570195312500232e+02,-1.044908662505524717e+02
4.687573125000000118e+02,-9.739316148599888834e+01
4.687576054687500005e+02,-9.231889415630639917e+01
4.687578984374999891e+02,-9.837123360315698051e+01
4.687581914062500346e+02,-9.582339774476506022e+01
4.687584843750000232e+02,-9.495108252524447323e+01
4.687587773437500118e+02,-1.074965886236206813e+02
4.687590703125000005e+02,-1.003009188152488917e+02
4.687593632812499891e+02,-9.712068725680623515e+01
4.687596562500000346e+02,-1.009281809686221862e+02
4.687599492187500232e+02,-1.009341380989713741e+02
4.687602421875000118e+02,-9.180708970968971983e+01
4.687605351562500005e+02,-1.006947229071429888e+02
4.687608281249999891e+02,-1.082422695611793699e+02
4.687611210937500346e+02,-1.024879234543179507e+02
4.687614140625000232e+02,-1.031184823006704505e+02
4.687617070312500118e+02,-1.041023699038447745e+02
