Frequency_MHz,Power_dBHz
4.663620000000000232e+02,-9.825013004853042275e+01
4.663622929687500118e+02,-9.847309676791246602e+01
4.663625859375000005e+02,-1.003335017172673247e+02
4.663628789062499891e+02,-1.061947438491009734e+02
4.663631718750000346e+02,-1.026942046464422873e+02
4.663634648437500232e+02,-1.048674006327223793e+02
4.663637578125000118e+02,-1.013853157918721735e+02
4.663640507812500005e+02,-9.939594542461351523e+01
4.663643437499999891e+02,-9.745522037353255485e+01
4.663646367187500346e+02,-9.927255631745177311e+01
4.663649296875000232e+02,-1.032949912662664218e+02
4.663652226562500118e+02,-1.066929660140582143e+02
4.663655156250000005e+02,-1.171396941545690140e+02
4.663658085937499891e+02,-1.014265407461259230e+02
4.663661015625000346e+02,-1.065686105201971401e+02
4.663663945312500232e+02,-1.065677723732627413e+02
4.663666875000000118e+02,-1.061845562139131687e+02
4.663669804687500005e+02,-1.059209311766034745e+02
4.663672734374999891e+02,-1.009009890758306085e+02
4.663675664062500346e+02,-1.004276947845141734e+02
4.663678593750000232e+02,-1.062791029184020175e+02
4.663681523437500118e+02,-1.019874019037681734e+02
4.663684453125000005e+02,-1.011506508462199605e+02
4.663687382812499891e+02,-1.126897288628525189e+02
4.663690312500000346e+02,-1.027609345630641968e+02
4.663693242187500232e+02,-1.032613391057140859e+02
4.663696171875000118e+02,-1.029683326969234543e+02
4.663699101562500005e+02,-1.044840531338115710e+02
4.663702031249999891e+02,-1.001795630603907483e+02
4.663704960937500346e+02,-1.025294628280461211e+02
4.663707890625000232e+02,-1.137672939864980322e+02
4.663710820312500118e+02,-1.051661862676019865e+02
4.663713750000000005e+02,-1.014055661671848299e+02
4.663716679687499891e+02,-1.154123789958858879e+02
4.663719609375000346e+02,-1.086007421933983466e+02
4.663722539062500232e+02,-1.192375973909105369e+02
4.663725468750000118e+02,-1.032726287943652039e+02
4.663728398437500005e+02,-1.068318303882762308e+02
4.663731328124999891e+02,-1.085419230729420548e+02
4.663734257812500346e+02,-1.031047207947850239e+02
4.663737187500000232e+02,-1.037259704160717888e+02
4.663740117187500118e+02,-1.158466831959761976e+02
4.663743046875000005e+02,-1.030263341762605762e+02
4.663745976562499891e+02,-1.046483432816301331e+02
4.663748906250000346e+02,-9.904378367593820087e+01
4.663751835937500232e+02,-1.052073727118715993e+02
4.663754765625000118e+02,-1.033745577892392618e+02
4.663757695312500005e+02,-1.013337131201288486e+02
4.663760624999999891e+02,-1.038492731515755452e+02
4.663763554687500346e+02,-1.089669864788014593e+02
4.663766484375000232e+02,-1.125028465803627000e+02
4.663769414062500118e+02,-1.115862051284029377e+02
4.663772343750000005e+02,-1.077305515562842828e+02
4.663775273437499891e+02,-9.967481178961341470e+01
4.663778203125000346e+02,-1.045877007479916472e+02
4.663781132812500232e+02,-1.115481474546721756e+02
4.663784062500000118e+02,-1.033609238081062784e+02
4.663786992187500005e+02,-1.001156640478116628e+02
4.663789921874999891e+02,-1.019456781846102160e+02
4.663792851562500346e+02,-1.010732644840701511e+02
4.663795781250000232e+02,-1.021646427980584946e+02
4.663798710937500118e+02,-1.115549771775606018e+02
4.663801640625000005e+02,-1.074066635127545055e+02
4.663804570312499891e+02,-1.051194028653354167e+02
4.663807500000000346e+02,-1.147601854615891881e+02
4.663810429687500232e+02,-1.103559335639042160e+02
4.663813359375000118e+02,-1.050694003626178414e+02
4.663816289062500005e+02,-1.002392651571337296e+02
4.663819218749999891e+02,-1.004159900547820996e+02
4.663822148437500346e+02,-1.162874889930102995e+02
4.663825078125000232e+02,-1.191694462762995244e+02
4.663828007812500118e+02,-1.105758114742605756e+02
4.663830937500000005e+02,-1.064164233224971952e+02
4.663833867187499891e+02,-1.058932998772405796e+02
4.663836796875000346e+02,-1.014671429677326984e+02
4.663839726562500232e+02,-1.107127715883302983e+02
4.663842656250000118e+02,-1.033106287760963937e+02
4.663845585937500005e+02,-1.068196682335049275e+02
4.663848515624999891e+02,-1.053515212899456941e+02
4.663851445312500346e+02,-9.642759866764400556e+01
4.663854375000000232e+02,-9.428417362680163194e+01
4.663857304687500118e+02,-1.019912974196413700e+02
4.663860234375000005e+02,-1.103023801080748569e+02
4.663863164062499891e+02,-9.836176824650068795e+01
4.663866093750000346e+02,-9.648206073737851796e+01
4.663869023437500232e+02,-1.005557892660255135e+02
4.663871953125000118e+02,-1.413313292887945352e+02
4.663874882812500005e+02,-1.070050500021104085e+02
4.663877812499999891e+02,-1.013175106139524786e+02
4.663880742187500346e+02,-1.039486473295072102e+02
4.663883671875000232e+02,-1.052331474981770043e+02
4.663886601562500118e+02,-1.053678574758452413e+02
4.663889531250000005e+02,-1.023254592660293696e+02
4.663892460937499891e+02,-1.067387153924220797e+02
4.663895390625000346e+02,-1.114625009117822856e+02
4.663898320312500232e+02,-9.812043316846515495e+01
4.663901250000000118e+02,-1.022956040923321552e+02
4.663904179687500005e+02,-1.041396012039592023e+02
4.663907109374999891e+02,-1.020697844289234268e+02
4.663910039062500346e+02,-1.005006604142406701e+02
4.663912968750000232e+02,-1.037069086935741637e+02
4.663915898437500118e+02,-1.070886531656012153e+02
4.663918828125000005e+02,-1.006314240759020322e+02
4.663921757812499891e+02,-1.026511527216703428e+02
4.663924687500000346e+02,-1.002546614818278385e+02
4.663927617187500232e+02,-1.009306309092959850e+02
4.663930546875000118e+02,-1.074493543494588152e+02
4.663933476562500005e+02,-1.170341001827104321e+02
4.663936406249999891e+02,-1.024842589619739641e+02
4.663939335937500346e+02,-9.915463174169590843e+01
4.663942265625000232e+02,-1.019386925392505674e+02
4.663945195312500118e+02,-1.068136519426086153e+02
4.663948125000000005e+02,-1.113184152703322951e+02
4.663951054687499891e+02,-1.029386102457188059e+02
4.663953984375000346e+02,-1.061958544474063473e+02
4.663956914062500232e+02,-1.046397694282123894e+02
4.663959843750000118e+02,-9.798068004147719989e+01
4.663962773437500005e+02,-9.900517359578132925e+01
4.663965703124999891e+02,-1.015760806113777335e+02
4.663968632812500346e+02,-1.081331631902222625e+02
4.663971562500000232e+02,-1.020772655273981258e+02
4.663974492187500118e+02,-1.020962676877211237e+02
4.663977421875000005e+02,-1.047330084569361190e+02
4.663980351562499891e+02,-1.047155828454304753e+02
4.663983281250000346e+02,-1.076540079220010853e+02
4.663986210937500232e+02,-1.266577756752994190e+02
4.663989140625000118e+02,-1.052234391934940732e+02
4.663992070312500005e+02,-1.072207497870789155e+02
4.663994999999999891e+02,-1.052912445846759937e+02
4.663997929687500346e+02,-1.243742335955074054e+02
4.664000859375000232e+02,-1.015660567756645491e+02
4.664003789062500118e+02,-9.888084218149565174e+01
4.664006718750000005e+02,-1.009155944065946500e+02
4.664009648437499891e+02,-1.109361170995914279e+02
4.664012578125000346e+02,-1.024980878327278333e+02
4.664015507812500232e+02,-1.040696356590717784e+02
4.664018437500000118e+02,-1.027394345572102736e+02
4.664021367187500005e+02,-1.021329045023268520e+02
4.664024296874999891e+02,-1.067468588733402441e+02
4.664027226562500346e+02,-1.072713990512087037e+02
4.664030156250000232e+02,-1.088040021531356558e+02
4.664033085937500118e+02,-1.035854092024649020e+02
4.664036015625000005e+02,-1.146671975466915825e+02
4.664038945312499891e+02,-1.002494522661938277e+02
4.664041875000000346e+02,-1.031084867810009911e+02
4.664044804687500232e+02,-1.090200196433376050e+02
4.664047734375000118e+02,-1.031979907279574746e+02
4.664050664062500005e+02,-1.080698745362904276e+02
4.664053593749999891e+02,-1.055963901412603150e+02
4.664056523437500346e+02,-1.010888863277435092e+02
4.664059453125000232e+02,-1.156341173924880650e+02
4.664062382812500118e+02,-1.066161858263831306e+02
4.664065312500000005e+02,-1.031263500067983898e+02
4.664068242187499891e+02,-1.201534590129986100e+02
4.664071171875000346e+02,-1.112298345211372066e+02
4.664074101562500232e+02,-1.118508706285351337e+02
4.664077031250000118e+02,-1.097732664040781145e+02
4.664079960937500005e+02,-9.786634233135714567e+01
4.664082890624999891e+02,-9.753117662966205614e+01
4.664085820312500346e+02,-1.013780600484966357e+02
4.664088750000000232e+02,-1.021605803489566853e+02
4.664091679687500118e+02,-1.104002527856372495e+02
4.664094609375000005e+02,-1.008210594170673176e+02
4.664097539062499891e+02,-1.049498350050625817e+02
4.664100468750000346e+02,-1.123647127091726361e+02
4.664103398437500232e+02,-1.031069294363333881e+02
4.664106328125000118e+02,-1.049525343388594791e+02
4.664109257812500005e+02,-1.002016611560804904e+02
4.664112187499999891e+02,-1.004483259748010653e+02
4.664115117187500346e+02,-9.485685508743063110e+01
4.664118046875000232e+02,-9.948855518938211162e+01
4.664120976562500118e+02,-1.085047609500542762e+02
4.664123906250000005e+02,-1.067457138575668125e+02
4.664126835937499891e+02,-1.019317898591853861e+02
4.664129765625000346e+02,-1.109895674760668527e+02
4.664132695312500232e+02,-1.078451543348276971e+02
4.664135625000000118e+02,-1.127369531396318081e+02
4.664138554687500005e+02,-1.081493443846787557e+02
4.664141484374999891e+02,-1.038888943184130511e+02
4.664144414062500346e+02,-9.913375582105533113e+01
4.664147343750000232e+02,-1.062888368847829810e+02
4.664150273437500118e+02,-1.070691636288654394e+02
4.664153203125000005e+02,-1.036065302099240881e+02
4.664156132812499891e+02,-1.054969156457690644e+02
4.664159062500000346e+02,-1.083250165521342581e+02
4.664161992187500232e+02,-9.890205026056887050e+01
4.664164921875000118e+02,-1.061479281985869392e+02
4.664167851562500005e+02,-1.097252360397775135e+02
4.664170781249999891e+02,-1.073184688074563411e+02
4.664173710937500346e+02,-1.046343951863555901e+02
4.664176640625000232e+02,-1.100910228790000644e+02
4.664179570312500118e+02,-1.158259989829496419e+02
4.664182500000000005e+02,-1.025252043896210523e+02
4.664185429687499891e+02,-1.033465680510652760e+02
4.664188359375000346e+02,-1.179958830510599910e+02
4.664191289062500232e+02,-1.141456050512963429e+02
4.664194218750000118e+02,-1.017958819779957338e+02
4.664197148437500005e+02,-1.006204392941884578e+02
4.664200078124999891e+02,-1.105943518769353915e+02
4.664203007812500346e+02,-1.207916445277269446e+02
4.664205937500000232e+02,-1.134638939166875957e+02
4.664208867187500118e+02,-9.831598886117474478e+01
4.664211796875000005e+02,-9.752966092653251451e+01
4.664214726562499891e+02,-1.011433000983346915e+02
4.664217656250000346e+02,-1.054937651142019490e+02
4.664220585937500232e+02,-9.988278133147321114e+01
4.664223515625000118e+02,-1.011800395032592661e+02
4.664226445312500005e+02,-1.054412144060597427e+02
4.664229374999999891e+02,-1.023632099858219391e+02
4.664232304687500346e+02,-1.040039876908204803e+02
4.664235234375000232e+02,-1.192345438598439955e+02
4.664238164062500118e+02,-1.205541001796533749e+02
4.664241093750000005e+02,-1.051877567358197183e+02
4.664244023437499891e+02,-1.117295792817056110e+02
4.664246953125000346e+02,-1.035747165628096695e+02
4.664249882812500232e+02,-1.031501203620683924e+02
4.664252812500000118e+02,-1.020504805074901213e+02
4.664255742187500005e+02,-1.004251592197906575e+02
4.664258671874999891e+02,-1.045679333718636883e+02
4.664261601562500346e+02,-1.039900852616817701e+02
4.664264531250000232e+02,-1.060822882121758823e+02
4.664267460937500118e+02,-1.001720783453077956e+02
4.664270390625000005e+02,-1.064271435001022326e+02
4.664273320312499891e+02,-1.041019566423290712e+02
4.664276250000000346e+02,-9.623971993883461096e+01
4.664279179687500232e+02,-9.684360405655523607e+01
4.664282109375000118e+02,-9.811802961898254694e+01
4.664285039062500005e+02,-1.046425143482311455e+02
4.664287968749999891e+02,-1.106489822786760158e+02
4.664290898437500346e+02,-1.074316480330871002e+02
4.664293828125000232e+02,-1.068343624986929541e+02
4.664296757812500118e+02,-1.064435842567851580e+02
4.664299687500000005e+02,-1.027004648099332371e+02
4.664302617187499891e+02,-1.025165437302141243e+02
4.664305546875000346e+02,-1.060934548699508184e+02
4.664308476562500232e+02,-1.024876260547222131e+02
4.664311406250000118e+02,-1.015266704084297089e+02
4.664314335937500005e+02,-1.081870880185662855e+02
4.664317265624999891e+02,-1.122013347300862449e+02
4.664320195312500346e+02,-1.069085112317786184e+02
4.664323125000000232e+02,-1.001549751115923925e+02
4.664326054687500118e+02,-1.036264435355772520e+02
4.664328984375000005e+02,-1.160363236541827092e+02
4.664331914062499891e+02,-1.068017226861271354e+02
4.664334843750000346e+02,-1.052064534661754891e+02
4.664337773437500232e+02,-1.102575492892628972e+02
4.664340703125000118e+02,-1.070844227530746338e+02
4.664343632812500005e+02,-1.082629690802748144e+02
4.664346562499999891e+02,-9.989901275436538697e+01
4.664349492187500346e+02,-9.920431571975156260e+01
4.664352421875000232e+02,-1.086656046479180446e+02
4.664355351562500118e+02,-1.094882373759456584e+02
4.664358281250000005e+02,-1.040335268960699722e+02
4.664361210937499891e+02,-1.052072468421299902e+02
4.664364140625000346e+02,-1.086392875715507245e+02
4.664367070312500232e+02,-1.040520723479001504e+02
4.664370000000000118e+02,-1.066214310044238971e+02
4.664372929687500005e+02,-1.154981436092943454e+02
4.664375859374999891e+02,-1.041000529920548843e+02
4.664378789062500346e+02,-1.006682089216344878e+02
4.664381718750000232e+02,-1.029086502302513253e+02
4.664384648437500118e+02,-1.004396648286256521e+02
4.664387578125000005e+02,-1.059661932245274016e+02
4.664390507812499891e+02,-1.016617095793777708e+02
4.664393437500000346e+02,-1.053360416400591504e+02
4.664396367187500232e+02,-1.086620816419689390e+02
4.664399296875000118e+02,-1.145294920331812989e+02
4.664402226562500005e+02,-1.106153485831972461e+02
4.664405156249999891e+02,-1.077185898191366533e+02
4.664408085937500346e+02,-1.088575113130029735e+02
4.664411015625000232e+02,-1.064144323229675990e+02
4.664413945312500118e+02,-1.042897871920040416e+02
4.664416875000000005e+02,-9.777822810513845297e+01
4.664419804687499891e+02,-9.647018664101830154e+01
4.664422734375000346e+02,-9.709978152859400780e+01
4.664425664062500232e+02,-9.871270751939748322e+01
4.664428593750000118e+02,-1.093247669640931576e+02
4.664431523437500005e+02,-1.022398578170258361e+02
4.664434453124999891e+02,-1.035829811947800181e+02
4.664437382812500346e+02,-1.010308481950241060e+02
4.664440312500000232e+02,-9.786380971399351836e+01
4.664443242187500118e+02,-1.073276446040306240e+02
4.664446171875000005e+02,-1.146206573414724517e+02
4.664449101562499891e+02,-9.887232920567184635e+01
4.664452031250000346e+02,-9.515904211007237734e+01
4.664454960937500232e+02,-1.107252309687579128e+02
4.664457890625000118e+02,-1.020554361463831725e+02
4.664460820312500005e+02,-1.030415423583704069e+02
4.664463749999999891e+02,-1.006930606584956109e+02
4.664466679687500346e+02,-9.780901663492747389e+01
4.664469609375000232e+02,-1.052366760946020463e+02
4.664472539062500118e+02,-1.142132150506752311e+02
4.664475468750000005e+02,-1.099788173724712692e+02
4.664478398437499891e+02,-1.026779787653171354e+02
4.664481328125000346e+02,-9.815714699432484736e+01
4.664484257812500232e+02,-1.042696781872781742e+02
4.664487187500000118e+02,-1.180351795472102339e+02
4.664490117187500005e+02,-1.038411288706913922e+02
4.664493046874999891e+02,-1.044131371509748618e+02
4.664495976562500346e+02,-9.741341707903119129e+01
4.664498906250000232e+02,-9.307771021902470920e+01
4.664501835937500118e+02,-9.666963426361787981e+01
4.664504765625000005e+02,-1.020091908689543203e+02
4.664507695312499891e+02,-1.073275498213875494e+02
4.664510625000000346e+02,-1.042046628571353040e+02
4.664513554687500232e+02,-1.064508618686562471e+02
4.664516484375000118e+02,-1.035082442156364095e+02
4.664519414062500005e+02,-1.022131703917051198e+02
4.664522343749999891e+02,-1.008286722176764556e+02
4.664525273437500346e+02,-9.944436912995263356e+01
4.664528203125000232e+02,-9.964382063855408944e+01
4.664531132812500118e+02,-1.068447325619559365e+02
4.664534062500000005e+02,-1.216102791585132934e+02
4.664536992187499891e+02,-1.055333714694928915e+02
4.664539921875000346e+02,-1.017912398303856776e+02
4.664542851562500232e+02,-1.007839694418167511e+02
4.664545781250000118e+02,-1.015044182118651150e+02
4.664548710937500005e+02,-1.054517003488852822e+02
4.664551640624999891e+02,-1.025231475498369349e+02
4.664554570312500346e+02,-9.966935221019960522e+01
4.664557500000000232e+02,-1.007553479363835720e+02
4.664560429687500118e+02,-1.052658642315677469e+02
4.664563359375000005e+02,-1.048447857025534660e+02
4.664566289062499891e+02,-1.045857475535876944e+02
4.664569218750000346e+02,-1.103414518826154165e+02
4.664572148437500232e+02,-1.005156466708185690e+02
4.664575078125000118e+02,-9.713657128934067941e+01
4.664578007812500005e+02,-1.043973058253656347e+02
4.664580937499999891e+02,-1.023517292227132884e+02
4.664583867187500346e+02,-1.029161146724104299e+02
4.664586796875000232e+02,-1.057044322295790835e+02
4.664589726562500118e+02,-1.095933462153093103e+02
4.664592656250000005e+02,-1.046636311509961246e+02
4.664595585937499891e+02,-1.013140664457042703e+02
4.664598515625000346e+02,-1.066730485817671337e+02
4.664601445312500232e+02,-1.020204884341991942e+02
4.664604375000000118e+02,-9.565628973908546584e+01
4.664607304687500005e+02,-9.991831870514494085e+01
4.664610234374999891e+02,-1.050022947339585642e+02
4.664613164062500346e+02,-1.043304035698721322e+02
4.664616093750000232e+02,-1.169605548735965073e+02
4.664619023437500118e+02,-1.068938241595416940e+02
4.664621953125000005e+02,-1.076969133006984549e+02
4.664624882812499891e+02,-1.068229226798866307e+02
4.664627812500000346e+02,-1.022139189265492831e+02
4.664630742187500232e+02,-1.030464219240135719e+02
4.664633671875000118e+02,-1.000282557837832655e+02
4.664636601562500005e+02,-9.541731513536510079e+01
4.664639531249999891e+02,-9.769899664245819793e+01
4.664642460937500346e+02,-1.044474067185131787e+02
4.664645390625000232e+02,-1.038513529840724345e+02
4.664648320312500118e+02,-1.128641967680998448e+02
4.664651250000000005e+02,-1.050519759747506043e+02
4.664654179687499891e+02,-1.102101615193408293e+02
4.664657109375000346e+02,-1.081095755872113529e+02
4.664660039062500232e+02,-1.058524438551137195e+02
4.664662968750000118e+02,-1.085280733530211563e+02
4.664665898437500005e+02,-9.842568181873501487e+01
4.664668828124999891e+02,-1.039463465202261716e+02
4.664671757812500346e+02,-1.018749381821867246e+02
4.664674687500000232e+02,-1.085356366655791760e+02
4.664677617187500118e+02,-1.071526905044179614e+02
4.664680546875000005e+02,-1.016814208019564489e+02
4.664683476562499891e+02,-9.883201959524598124e+01
4.664686406250000346e+02,-1.006037940578017640e+02
4.664689335937500232e+02,-1.004266344677946563e+02
4.664692265625000118e+02,-1.050873530833557510e+02
4.664695195312500005e+02,-1.059459080990382915e+02
4.664698124999999891e+02,-1.190599651207132723e+02
4.664701054687500346e+02,-1.025392821275295603e+02
4.664703984375000232e+02,-1.047461181521675400e+02
4.664706914062500118e+02,-1.109384620692964347e+02
4.664709843750000005e+02,-1.151555734306998460e+02
4.664712773437499891e+02,-1.071926225893772937e+02
4.664715703125000346e+02,-1.038252042035398688e+02
4.664718632812500232e+02,-1.112409454665521764e+02
4.664721562500000118e+02,-1.033618023009386064e+02
4.664724492187500005e+02,-1.025836143253337553e+02
4.664727421874999891e+02,-1.044348458140439249e+02
4.664730351562500346e+02,-1.034989750023892583e+02
4.664733281250000232e+02,-9.771999867782238880e+01
4.664736210937500118e+02,-9.739026154645627287e+01
4.664739140625000005e+02,-1.034875134452499594e+02
4.664742070312499891e+02,-1.046761032224372627e+02
4.664745000000000346e+02,-1.077950517884319623e+02
4.664747929687500232e+02,-1.015186779984462504e+02
4.664750859375000118e+02,-9.828100641707987961e+01
4.664753789062500005e+02,-1.085994077170909264e+02
4.664756718749999891e+02,-1.115944383038503673e+02
4.664759648437500346e+02,-1.151437553699952190e+02
4.664762578125000232e+02,-1.013569449362267818e+02
4.664765507812500118e+02,-1.053273403408064723e+02
4.664768437500000005e+02,-1.144625901030769057e+02
4.664771367187499891e+02,-1.076024086024616793e+02
4.664774296875000346e+02,-1.083365094271168232e+02
4.664777226562500232e+02,-1.059607859611415961e+02
4.664780156250000118e+02,-9.957101606222265389e+01
4.664783085937500005e+02,-1.048327983803518180e+02
4.664786015624999891e+02,-1.019769286500866343e+02
4.664788945312500346e+02,-1.074715991350545607e+02
4.664791875000000232e+02,-1.143973846589106955e+02
4.664794804687500118e+02,-1.074361506299448195e+02
4.664797734375000005e+02,-1.130708046008450935e+02
4.664800664062499891e+02,-1.098443356983712391e+02
4.664803593750000346e+02,-1.029309805464931458e+02
4.664806523437500232e+02,-1.063548651937368277e+02
4.664809453125000118e+02,-1.005198881238903965e+02
4.664812382812500005e+02,-1.042776741931949687e+02
4.664815312499999891e+02,-1.000768365296337805e+02
4.664818242187500346e+02,-1.015291652115608372e+02
4.664821171875000232e+02,-9.972458411741251894e+01
4.664824101562500118e+02,-1.003241259570241368e+02
4.664827031250000005e+02,-1.006893491764773501e+02
4.664829960937499891e+02,-1.084854923832565419e+02
4.664832890625000346e+02,-1.038745430972836346e+02
4.664835820312500232e+02,-1.136028302272863897e+02
4.664838750000000118e+02,-1.125472073415679830e+02
4.664841679687500005e+02,-1.090134371183623330e+02
4.664844609374999891e+02,-9.995453521064824542e+01
4.664847539062500346e+02,-1.008339443113492564e+02
4.664850468750000232e+02,-1.001646528317347560e+02
4.664853398437500118e+02,-1.039906232945213844e+02
4.664856328125000005e+02,-1.069838702486316606e+02
4.664859257812499891e+02,-1.009694872425463217e+02
4.664862187500000346e+02,-9.897680470355149396e+01
4.664865117187500232e+02,-9.880123304291949182e+01
4.664868046875000118e+02,-1.027419149953993553e+02
4.664870976562500005e+02,-1.124835746791953000e+02
4.664873906249999891e+02,-1.137349401842500356e+02
4.664876835937500346e+02,-1.014018715293017436e+02
4.664879765625000232e+02,-9.747382990804852909e+01
4.664882695312500118e+02,-1.034221256866969156e+02
4.664885625000000005e+02,-1.026213364075123309e+02
4.664888554687499891e+02,-1.051026339435383932e+02
4.664891484375000346e+02,-1.004832218736506206e+02
4.664894414062500232e+02,-9.932139535851399614e+01
4.664897343750000118e+02,-1.075343806691346202e+02
4.664900273437500005e+02,-1.150286695607543379e+02
4.664903203124999891e+02,-1.041043091623125747e+02
4.664906132812500346e+02,-1.026542310550635904e+02
4.664909062500000232e+02,-1.029703243863300344e+02
4.664911992187500118e+02,-1.006945111799526273e+02
4.664914921875000005e+02,-1.063871160111959711e+02
4.664917851562499891e+02,-1.089688303224054096e+02
4.664920781250000346e+02,-1.059416087219643146e+02
4.664923710937500232e+02,-1.108722312309188283e+02
4.664926640625000118e+02,-9.678276261630701072e+01
4.664929570312500005e+02,-9.741125399438348609e+01
4.664932499999999891e+02,-1.125296069874140130e+02
4.664935429687500346e+02,-1.001217301268486040e+02
4.664938359375000232e+02,-9.756536193976421600e+01
4.664941289062500118e+02,-9.745730524624590885e+01
4.664944218750000005e+02,-1.065830197689277554e+02
4.664947148437499891e+02,-1.036599934371930090e+02
4.664950078125000346e+02,-1.086012952006154109e+02
4.664953007812500232e+02,-1.001823232815475393e+02
4.664955937500000118e+02,-9.712866596741271508e+01
4.664958867187500005e+02,-1.017248650672854495e+02
4.664961796874999891e+02,-1.040036117947728940e+02
4.664964726562500346e+02,-9.781879070417305400e+01
4.664967656250000232e+02,-1.085450322595821433e+02
4.664970585937500118e+02,-1.049768571737831735e+02
4.664973515625000005e+02,-1.170064865233315601e+02
4.664976445312499891e+02,-1.054855475708257586e+02
4.664979375000000346e+02,-1.135371257622846883e+02
4.664982304687500232e+02,-9.812544073259996935e+01
4.664985234375000118e+02,-9.679182484122037522e+01
4.664988164062500005e+02,-1.050832624726325690e+02
4.664991093749999891e+02,-1.051856981644838527e+02
4.664994023437500346e+02,-1.034278534835014227e+02
4.664996953125000232e+02,-9.999882937460432686e+01
4.664999882812500118e+02,-1.057654383883418063e+02
4.665002812500000005e+02,-9.572503161703278352e+01
4.665005742187499891e+02,-9.874222206723624140e+01
4.665008671875000346e+02,-1.075820191483176131e+02
4.665011601562500232e+02,-1.195979897136454042e+02
4.665014531250000118e+02,-1.114476858792141343e+02
4.665017460937500005e+02,-1.097708198771631203e+02
4.665020390624999891e+02,-1.020556960190318989e+02
4.665023320312500346e+02,-1.173672595668886913e+02
4.665026250000000232e+02,-1.001841127470480899e+02
4.665029179687500118e+02,-1.020826932892809538e+02
4.665032109375000005e+02,-1.017721434420393081e+02
4.665035039062499891e+02,-1.020385825146301499e+02
4.665037968750000346e+02,-1.022261496625572192e+02
4.665040898437500232e+02,-1.008491228714345596e+02
4.665043828125000118e+02,-9.803030642571960129e+01
4.665046757812500005e+02,-9.880677081047905119e+01
4.665049687499999891e+02,-9.860538320401091994e+01
4.665052617187500346e+02,-1.208461878746815046e+02
4.665055546875000232e+02,-9.711774612506067683e+01
4.665058476562500118e+02,-9.698358907899952897e+01
4.665061406250000005e+02,-1.155376613907241392e+02
4.665064335937499891e+02,-1.018864409576430035e+02
4.665067265625000346e+02,-9.664931460080489956e+01
4.665070195312500232e+02,-1.008849447319854420e+02
4.665073125000000118e+02,-1.091220435939606404e+02
4.665076054687500005e+02,-1.088993518084384391e+02
4.665078984374999891e+02,-1.049903057941802587e+02
4.665081914062500346e+02,-1.086343300607133813e+02
4.665084843750000232e+02,-1.068598309010969274e+02
4.665087773437500118e+02,-1.007362280093311426e+02
4.665090703125000005e+02,-1.060028774682888866e+02
4.665093632812499891e+02,-1.023845067295922036e+02
4.665096562500000346e+02,-1.002132362260665985e+02
4.665099492187500232e+02,-9.748426783313531985e+01
4.665102421875000118e+02,-9.920102629809369432e+01
4.665105351562500005e+02,-1.032249247662541194e+02
4.665108281249999891e+02,-1.029251088697430419e+02
4.665111210937500346e+02,-1.044045360624583907e+02
4.665114140625000232e+02,-1.092757680917746796e+02
4.665117070312500118e+02,-1.034369217432801094e+02
4.665120000000000005e+02,-9.757456390892015463e+01
4.665122929687499891e+02,-9.811306885343631734e+01
4.665125859375000346e+02,-9.829388286211495540e+01
4.665128789062500232e+02,-1.054926690512566978e+02
4.665131718750000118e+02,-1.063514145502443995e+02
4.665134648437500005e+02,-1.012262445516542044e+02
4.665137578124999891e+02,-9.896380111002515889e+01
4.665140507812500346e+02,-9.737780945730102644e+01
4.665143437500000232e+02,-9.521999950014318870e+01
4.665146367187500118e+02,-9.766162373316615231e+01
4.665149296875000005e+02,-1.002062945111464387e+02
4.665152226562499891e+02,-1.052898752743694644e+02
4.665155156250000346e+02,-1.122683954665216106e+02
4.665158085937500232e+02,-9.714646759856451297e+01
4.665161015625000118e+02,-1.002978766936431327e+02
4.665163945312500005e+02,-1.090016412544841273e+02
4.665166874999999891e+02,-9.492749097668843206e+01
4.665169804687500346e+02,-1.005820650884862459e+02
4.665172734375000232e+02,-1.098039289793161117e+02
4.665175664062500118e+02,-1.020050323936485057e+02
4.665178593750000005e+02,-9.923122958922634496e+01
4.665181523437499891e+02,-1.006338392531950774e+02
4.665184453125000346e+02,-1.014078178294488168e+02
4.665187382812500232e+02,-1.033514397648575596e+02
4.665190312500000118e+02,-1.102608742240750104e+02
4.665193242187500005e+02,-1.071882874106378267e+02
4.665196171874999891e+02,-9.981858752419813641e+01
4.665199101562500346e+02,-1.077072254217455338e+02
4.665202031250000232e+02,-9.943156389542002671e+01
4.665204960937500118e+02,-1.023095859977025555e+02
4.665207890625000005e+02,-9.432906939370349164e+01
4.665210820312499891e+02,-9.701714409692650065e+01
4.665213750000000346e+02,-9.332905643577984733e+01
4.665216679687500232e+02,-9.397391933273681275e+01
4.665219609375000118e+02,-1.005806880473778762e+02
4.665222539062500005e+02,-1.062315563385439816e+02
4.665225468749999891e+02,-1.052836905321630780e+02
4.665228398437500346e+02,-1.088324460874487727e+02
4.665231328125000232e+02,-1.131644342783230286e+02
4.665234257812500118e+02,-1.018485242629323153e+02
4.665237187500000005e+02,-1.049897336059471655e+02
4.665240117187499891e+02,-1.011938630966282773e+02
4.665243046875000346e+02,-9.620901746894469397e+01
4.665245976562500232e+02,-9.642186053910609189e+01
4.665248906250000118e+02,-1.014840654181255957e+02
4.665251835937500005e+02,-1.202659776994188974e+02
4.665254765624999891e+02,-9.998268673944153306e+01
4.665257695312500346e+02,-9.744295215202414795e+01
4.665260625000000232e+02,-9.896551408933785865e+01
4.665263554687500118e+02,-1.024883421604221923e+02
4.665266484375000005e+02,-1.132012307811732796e+02
4.665269414062499891e+02,-1.002669560805082227e+02
4.665272343750000346e+02,-1.099926974660024683e+02
4.665275273437500232e+02,-9.903945538004791160e+01
4.665278203125000118e+02,-1.145790244217889722e+02
4.665281132812500005e+02,-1.016002547253214345e+02
4.665284062499999891e+02,-1.019798044277601292e+02
4.665286992187500346e+02,-1.056277765660280323e+02
4.665289921875000232e+02,-9.935839120340432373e+01
4.665292851562500118e+02,-1.024757757057010394e+02
4.665295781250000005e+02,-1.102377902038224136e+02
4.665298710937499891e+02,-1.061228460664981981e+02
4.665301640625000346e+02,-1.066337953045375428e+02
4.665304570312500232e+02,-9.459693091520016139e+01
4.665307500000000118e+02,-9.393835042503178556e+01
4.665310429687500005e+02,-1.041011420369037808e+02
4.665313359374999891e+02,-1.088041979664874077e+02
4.665316289062500346e+02,-1.105980871048104888e+02
4.665319218750000232e+02,-1.022438085692503194e+02
4.665322148437500118e+02,-1.045266387917137934e+02
4.665325078125000005e+02,-1.042734443134858964e+02
4.665328007812499891e+02,-1.008188812383605892e+02
4.665330937500000346e+02,-1.007451744847445383e+02
4.665333867187500232e+02,-1.006602358858209953e+02
4.665336796875000118e+02,-9.811851568778709520e+01
4.665339726562500005e+02,-1.139003071134932696e+02
4.665342656249999891e+02,-9.980880927905167255e+01
4.665345585937500346e+02,-1.006469186028813425e+02
4.665348515625000232e+02,-1.193034593258653189e+02
4.665351445312500118e+02,-9.934566859795870641e+01
4.665354375000000005e+02,-9.934574539050237263e+01
4.665357304687499891e+02,-1.058372611197773949e+02
4.665360234375000346e+02,-1.038441171181517007e+02
4.665363164062500232e+02,-9.902983485982116463e+01
4.665366093750000118e+02,-9.674785383607414246e+01
4.665369023437500005e+02,-1.061825228741580531e+02
4.665371953124999891e+02,-9.931161576452771556e+01
4.665374882812500346e+02,-1.075166656085137760e+02
4.665377812500000232e+02,-1.139314659551614426e+02
4.665380742187500118e+02,-1.005219582339285864e+02
4.665383671875000005e+02,-1.029891009368557633e+02
4.665386601562499891e+02,-1.166916673157647040e+02
4.665389531250000346e+02,-1.120734332085881704e+02
4.665392460937500232e+02,-1.126385917072880432e+02
4.665395390625000118e+02,-1.047942252561339842e+02
4.665398320312500005e+02,-1.082081650496859027e+02
4.665401249999999891e+02,-9.976940929552003468e+01
4.665404179687500346e+02,-1.014275750400777554e+02
4.665407109375000232e+02,-1.020126260960533529e+02
4.665410039062500118e+02,-9.718722337695908209e+01
4.665412968750000005e+02,-9.759441608580048921e+01
4.665415898437499891e+02,-1.102036656579046650e+02
4.665418828125000346e+02,-1.002359079877545014e+02
4.665421757812500232e+02,-9.787195635212196976e+01
4.665424687500000118e+02,-1.064895723281466502e+02
4.665427617187500005e+02,-1.115912552765971668e+02
4.665430546874999891e+02,-1.043543642795002313e+02
4.665433476562500346e+02,-1.076767949932985289e+02
4.665436406250000232e+02,-1.033224337737335219e+02
4.665439335937500118e+02,-1.040901847192650820e+02
4.665442265625000005e+02,-1.020746299661439878e+02
4.665445195312499891e+02,-1.032190165136325675e+02
4.665448125000000346e+02,-1.054925707285530478e+02
4.665451054687500232e+02,-1.007777154508422655e+02
4.665453984375000118e+02,-1.057736630564128006e+02
4.665456914062500005e+02,-9.902174748623050959e+01
4.665459843749999891e+02,-9.687953823686430610e+01
4.665462773437500346e+02,-1.010293718221167438e+02
4.665465703125000232e+02,-1.006962075326580646e+02
4.665468632812500118e+02,-9.745389674007816438e+01
4.665471562500000005e+02,-1.020432679806545906e+02
4.665474492187499891e+02,-1.026801049170797597e+02
4.665477421875000346e+02,-9.917660500933931189e+01
4.665480351562500232e+02,-1.117182371882010017e+02
4.665483281250000118e+02,-1.046612540125916837e+02
4.665486210937500005e+02,-9.991813080705698269e+01
4.665489140624999891e+02,-1.101706217864714432e+02
4.665492070312500346e+02,-1.115446726977902188e+02
4.665495000000000232e+02,-1.029820303354324409e+02
4.665497929687500118e+02,-1.051852601637576043e+02
4.665500859375000005e+02,-1.002565039097878952e+02
4.665503789062499891e+02,-1.029407549887742590e+02
4.665506718750000346e+02,-1.001910782378232767e+02
4.665509648437500232e+02,-1.032872424080055396e+02
4.665512578125000118e+02,-9.783789998682742350e+01
4.665515507812500005e+02,-1.012373574176607605e+02
4.665518437499999891e+02,-1.081025662761261543e+02
4.665521367187500346e+02,-9.709702824681755828e+01
4.665524296875000232e+02,-1.008581610278106808e+02
4.665527226562500118e+02,-1.057637228679428745e+02
4.665530156250000005e+02,-9.885667523969345893e+01
4.665533085937499891e+02,-1.010567016276994536e+02
4.665536015625000346e+02,-1.068954876230527731e+02
4.665538945312500232e+02,-1.067341539896148106e+02
4.665541875000000118e+02,-1.148131995574335633e+02
4.665544804687500005e+02,-1.055641685690979017e+02
4.665547734374999891e+02,-1.082632984652366019e+02
4.665550664062500346e+02,-1.035946656739532870e+02
4.665553593750000232e+02,-1.041698642251704712e+02
4.665556523437500118e+02,-9.959237413973062303e+01
4.665559453125000005e+02,-9.743690602436950599e+01
4.665562382812499891e+02,-9.956262613755511381e+01
4.665565312500000346e+02,-1.029061770390122206e+02
4.665568242187500232e+02,-1.002699106074370832e+02
4.665571171875000118e+02,-9.968002350674572654e+01
4.665574101562500005e+02,-1.118487830215173631e+02
4.665577031249999891e+02,-1.105029704349318678e+02
4.665579960937500346e+02,-1.080094399624955628e+02
4.665582890625000232e+02,-1.140194644104566493e+02
4.665585820312500118e+02,-9.701203214551179599e+01
4.665588750000000005e+02,-9.991073769150212058e+01
4.665591679687499891e+02,-1.089437330682972771e+02
4.665594609375000346e+02,-9.947260153642204727e+01
4.665597539062500232e+02,-1.018197963409947988e+02
4.665600468750000118e+02,-1.005951155925758087e+02
4.665603398437500005e+02,-1.089685283930204918e+02
4.665606328124999891e+02,-1.039820341828358607e+02
4.665609257812500346e+02,-9.888044511592039498e+01
4.665612187500000232e+02,-1.093994651189888145e+02
4.665615117187500118e+02,-1.019920716221735972e+02
4.665618046875000005e+02,-1.057894520374651961e+02
4.665620976562499891e+02,-9.651313553566760106e+01
4.665623906250000346e+02,-9.512629055229596986e+01
4.665626835937500232e+02,-9.926712721953688856e+01
4.665629765625000118e+02,-1.054188662882190073e+02
4.665632695312500005e+02,-1.064881582079910913e+02
4.665635624999999891e+02,-1.008337204669774536e+02
4.665638554687500346e+02,-1.058935717721067107e+02
4.665641484375000232e+02,-1.046730590394358416e+02
4.665644414062500118e+02,-1.019681067918257895e+02
4.665647343750000005e+02,-9.688052880568251624e+01
4.665650273437499891e+02,-9.430644650822742392e+01
4.665653203125000346e+02,-9.919731435288605326e+01
4.665656132812500232e+02,-1.018190378464706782e+02
4.665659062500000118e+02,-9.573546632601868112e+01
4.665661992187500005e+02,-9.566044747125977210e+01
4.665664921874999891e+02,-1.012744035830284162e+02
4.665667851562500346e+02,-1.009576812889280575e+02
4.665670781250000232e+02,-1.100314002906759185e+02
4.665673710937500118e+02,-9.925649800209629348e+01
4.665676640625000005e+02,-9.712624850536585086e+01
4.665679570312499891e+02,-9.839363345379675252e+01
4.665682500000000346e+02,-1.008390561312883307e+02
4.665685429687500232e+02,-1.104698972395357970e+02
4.665688359375000118e+02,-1.050505163860661071e+02
4.665691289062500005e+02,-1.118102842157581733e+02
4.665694218749999891e+02,-1.034677618175968661e+02
4.665697148437500346e+02,-1.078498229346505610e+02
4.665700078125000232e+02,-1.063902428625723218e+02
4.665703007812500118e+02,-9.777051426466309181e+01
4.665705937500000005e+02,-1.097084511985422495e+02
4.665708867187499891e+02,-9.937272480533904684e+01
4.665711796875000346e+02,-9.704137653127966701e+01
4.665714726562500232e+02,-1.012047996163823171e+02
4.665717656250000118e+02,-1.172025011756496014e+02
4.665720585937500005e+02,-1.052989330088577304e+02
4.665723515624999891e+02,-1.106396385420126336e+02
4.665726445312500346e+02,-1.058706918111302002e+02
4.665729375000000232e+02,-1.011996743845091657e+02
4.665732304687500118e+02,-9.697102942325186348e+01
4.665735234375000005e+02,-9.257164551295785770e+01
4.665738164062499891e+02,-9.326607392303318989e+01
4.665741093750000346e+02,-9.833004781518569359e+01
4.665744023437500232e+02,-9.783414270405219781e+01
4.665746953125000118e+02,-1.012975248806032482e+02
4.665749882812500005e+02,-1.043858278559616792e+02
4.665752812499999891e+02,-9.897649509360942943e+01
4.665755742187500346e+02,-1.068021668327351961e+02
4.665758671875000232e+02,-1.016506425731773078e+02
4.665761601562500118e+02,-1.051313671126951164e+02
4.665764531250000005e+02,-1.045819609843949394e+02
4.665767460937499891e+02,-1.001706054744866776e+02
4.665770390625000346e+02,-1.000011656732209815e+02
4.665773320312500232e+02,-9.749948865666431175e+01
4.665776250000000118e+02,-9.372788262109557422e+01
4.665779179687500005e+02,-1.054568431024444806e+02
4.665782109374999891e+02,-1.074411472142403881e+02
4.665785039062500346e+02,-1.010659446567279360e+02
4.665787968750000232e+02,-9.862202173962177199e+01
4.665790898437500118e+02,-9.709404188813307712e+01
4.665793828125000005e+02,-9.994090274952590391e+01
4.665796757812499891e+02,-1.023195360409011130e+02
4.665799687500000346e+02,-9.859727358481458737e+01
4.665802617187500232e+02,-9.674179199730363621e+01
4.665805546875000118e+02,-1.004125133373887024e+02
4.665808476562500005e+02,-1.068455638741043003e+02
4.665811406249999891e+02,-1.024861195862334284e+02
4.665814335937500346e+02,-1.036556784518525944e+02
4.665817265625000232e+02,-9.876900431540222769e+01
4.665820195312500118e+02,-1.024881245667475582e+02
4.665823125000000005e+02,-1.167227703643456351e+02
4.665826054687499891e+02,-1.093236766302445915e+02
4.665828984375000346e+02,-1.022885535334010001e+02
4.665831914062500232e+02,-1.085433511997864855e+02
4.665834843750000118e+02,-1.073341058077164121e+02
4.665837773437500005e+02,-1.029233916148296402e+02
4.665840703124999891e+02,-1.071876706344685459e+02
4.665843632812500346e+02,-1.173045356116391957e+02
4.665846562500000232e+02,-9.804536479076941191e+01
4.665849492187500118e+02,-9.282246730663743506e+01
4.665852421875000005e+02,-9.631864075045558593e+01
4.665855351562499891e+02,-1.048372378220042691e+02
4.665858281250000346e+02,-1.012923933954231472e+02
4.665861210937500232e+02,-1.038463990857791117e+02
4.665864140625000118e+02,-1.045374021917117204e+02
4.665867070312500005e+02,-1.051622590669795159e+02
4.665869999999999891e+02,-1.043863275084917177e+02
4.665872929687500346e+02,-1.045705003510984312e+02
4.665875859375000232e+02,-1.053657003389119637e+02
4.665878789062500118e+02,-9.893593189188423764e+01
4.665881718750000005e+02,-9.841888399162614576e+01
4.665884648437499891e+02,-1.009984096033949328e+02
4.665887578125000346e+02,-1.063269511507124889e+02
4.665890507812500232e+02,-1.090487860425284197e+02
4.665893437500000118e+02,-1.081314988455017385e+02
4.665896367187500005e+02,-9.678354910375581710e+01
4.665899296874999891e+02,-9.098276965171528730e+01
4.665902226562500346e+02,-9.808861809298127810e+01
4.665905156250000232e+02,-9.957816466975890535e+01
4.665908085937500118e+02,-1.019483044747582028e+02
4.665911015625000005e+02,-9.915137300722483360e+01
4.665913945312499891e+02,-1.024388867028369674e+02
4.665916875000000346e+02,-9.923815230398000153e+01
4.665919804687500232e+02,-1.008903580080970386e+02
4.665922734375000118e+02,-1.048571762963744618e+02
4.665925664062500005e+02,-9.651754369673102474e+01
4.665928593749999891e+02,-9.315183008490862449e+01
4.665931523437500346e+02,-9.609382225269266087e+01
4.665934453125000232e+02,-9.927109529146278533e+01
4.665937382812500118e+02,-1.058545278141451149e+02
4.665940312500000005e+02,-1.090941812988805282e+02
4.665943242187499891e+02,-1.056594869505202041e+02
4.665946171875000346e+02,-1.005658493882614977e+02
4.665949101562500232e+02,-1.103081938429777438e+02
4.665952031250000118e+02,-1.034794266248725023e+02
4.665954960937500005e+02,-1.050891601129943211e+02
4.665957890624999891e+02,-1.022413169359981566e+02
4.665960820312500346e+02,-9.877338068400106863e+01
4.665963750000000232e+02,-9.399191629853091001e+01
4.665966679687500118e+02,-9.337587771554176186e+01
4.665969609375000005e+02,-9.922770239932923175e+01
4.665972539062499891e+02,-9.831971076684114053e+01
4.665975468750000346e+02,-1.013152071645948240e+02
4.665978398437500232e+02,-1.047228299776982539e+02
4.665981328125000118e+02,-9.575379440690994670e+01
4.665984257812500005e+02,-9.386969774147921441e+01
4.665987187499999891e+02,-9.738344980176717058e+01
4.665990117187500346e+02,-9.953274505892863999e+01
4.665993046875000232e+02,-1.001527014933650008e+02
4.665995976562500118e+02,-9.848419822470836493e+01
4.665998906250000005e+02,-1.008324206021294458e+02
4.666001835937499891e+02,-1.011900307079539800e+02
4.666004765625000346e+02,-9.671643159800095191e+01
4.666007695312500232e+02,-9.466670872390659497e+01
4.666010625000000118e+02,-9.859629254875133597e+01
4.666013554687500005e+02,-9.718471677410569498e+01
4.666016484374999891e+02,-1.013911880524593556e+02
4.666019414062500346e+02,-1.077916219215136806e+02
4.666022343750000232e+02,-1.044167030092731920e+02
4.666025273437500118e+02,-9.358566262220462306e+01
4.666028203125000005e+02,-9.668935527155531418e+01
4.666031132812499891e+02,-1.006674148124042745e+02
4.666034062500000346e+02,-1.040858014097633770e+02
4.666036992187500232e+02,-9.509873775377630523e+01
4.666039921875000118e+02,-9.448475560931213124e+01
4.666042851562500005e+02,-1.016432607021696555e+02
4.666045781249999891e+02,-1.020935942792566919e+02
4.666048710937500346e+02,-1.079222531201528454e+02
4.666051640625000232e+02,-1.048783585896024704e+02
4.666054570312500118e+02,-1.044681073738647257e+02
4.666057500000000005e+02,-1.114412723007738464e+02
4.666060429687499891e+02,-1.113818109472312159e+02
4.666063359375000346e+02,-9.730019391835712383e+01
4.666066289062500232e+02,-9.383736715702737285e+01
4.666069218750000118e+02,-9.331412223483201274e+01
4.666072148437500005e+02,-9.374045244044735625e+01
4.666075078124999891e+02,-9.481479362701196578e+01
4.666078007812500346e+02,-1.027318426828437339e+02
4.666080937500000232e+02,-9.544601299639640501e+01
4.666083867187500118e+02,-9.850539044493721974e+01
4.666086796875000005e+02,-1.059788963999688178e+02
4.666089726562499891e+02,-1.031995024806347772e+02
4.666092656250000346e+02,-1.008313092916691573e+02
4.666095585937500232e+02,-1.080106013156192404e+02
4.666098515625000118e+02,-9.997088850155448370e+01
4.666101445312500005e+02,-1.045934169095227873e+02
4.666104374999999891e+02,-1.066935990621610131e+02
4.666107304687500346e+02,-1.019719164781738243e+02
4.666110234375000232e+02,-1.031061888471905519e+02
4.666113164062500118e+02,-9.798366190936748410e+01
4.666116093750000005e+02,-9.837737408166822206e+01
4.666119023437499891e+02,-1.177601993976963684e+02
4.666121953125000346e+02,-1.033446996191101448e+02
4.666124882812500232e+02,-9.540468349720418928e+01
4.666127812500000118e+02,-9.844494805994330022e+01
4.666130742187500005e+02,-1.043624045455696887e+02
4.666133671874999891e+02,-1.053118518476596108e+02
4.666136601562500346e+02,-1.016504310652285739e+02
4.666139531250000232e+02,-1.129364650474816187e+02
4.666142460937500118e+02,-9.844208041071239279e+01
4.666145390625000005e+02,-9.849791879978674558e+01
4.666148320312499891e+02,-1.004954291855382849e+02
4.666151250000000346e+02,-1.041336804337549609e+02
4.666154179687500232e+02,-9.645877233617920865e+01
4.666157109375000118e+02,-9.332544535233296301e+01
4.666160039062500005e+02,-1.033961135580604775e+02
4.666162968749999891e+02,-1.109894062679717450e+02
4.666165898437500346e+02,-9.856672744522164464e+01
4.666168828125000232e+02,-1.005332071402681038e+02
4.666171757812500118e+02,-9.758924910809889752e+01
4.666174687500000005e+02,-1.027063112071483744e+02
4.666177617187499891e+02,-1.037249945318483100e+02
4.666180546875000346e+02,-1.056528600288358746e+02
4.666183476562500232e+02,-1.001702693956433023e+02
4.666186406250000118e+02,-1.018200459291032587e+02
4.666189335937500005e+02,-1.074153775651276419e+02
4.666192265624999891e+02,-1.116264961770002060e+02
4.666195195312500346e+02,-1.020628333791796649e+02
4.666198125000000232e+02,-1.074334580882733690e+02
4.666201054687500118e+02,-1.049173942101437262e+02
4.666203984375000005e+02,-1.088833118852084851e+02
4.666206914062499891e+02,-1.021567470550929499e+02
4.666209843750000346e+02,-1.092503797808893040e+02
4.666212773437500232e+02,-1.010093241484011912e+02
4.666215703125000118e+02,-9.295977894224486704e+01
4.666218632812500005e+02,-9.308256052098403188e+01
4.666221562499999891e+02,-1.066331315098196342e+02
4.666224492187500346e+02,-9.802760947611560027e+01
4.666227421875000232e+02,-9.610906371564432504e+01
4.666230351562500118e+02,-1.009422598050136060e+02
4.666233281250000005e+02,-1.122007625061977194e+02
4.666236210937499891e+02,-9.805172018166672387e+01
4.666239140625000346e+02,-9.524051376191147256e+01
4.666242070312500232e+02,-9.783148947271970997e+01
4.666245000000000118e+02,-1.104053311931643435e+02
4.666247929687500005e+02,-1.099021639058397994e+02
4.666250859374999891e+02,-9.542362034126941239e+01
4.666253789062500346e+02,-9.861503605220346458e+01
4.666256718750000232e+02,-1.130707732108869124e+02
4.666259648437500118e+02,-1.010176919681493928e+02
4.666262578125000005e+02,-1.049385370119929348e+02
4.666265507812499891e+02,-9.704407427476553494e+01
4.666268437500000346e+02,-1.076484378229782237e+02
4.666271367187500232e+02,-1.024993406651524595e+02
4.666274296875000118e+02,-1.012503838752184748e+02
4.666277226562500005e+02,-1.078376556690045476e+02
4.666280156249999891e+02,-1.200612536703972779e+02
4.666283085937500346e+02,-1.194726831237746154e+02
4.666286015625000232e+02,-1.033335493234825151e+02
4.666288945312500118e+02,-1.009420022336590250e+02
4.666291875000000005e+02,-9.682164079646943833e+01
4.666294804687499891e+02,-9.709240224807433606e+01
4.666297734375000346e+02,-9.317946992253877170e+01
4.666300664062500232e+02,-9.546283271946057880e+01
4.666303593750000118e+02,-1.039336233504775606e+02
4.666306523437500005e+02,-1.046859976376424726e+02
4.666309453124999891e+02,-1.102107377272244548e+02
4.666312382812500346e+02,-9.668052976238186602e+01
4.666315312500000232e+02,-9.657587435545302412e+01
4.666318242187500118e+02,-1.064315622536237811e+02
4.666321171875000005e+02,-1.103218732641084188e+02
4.666324101562499891e+02,-1.024372560009709474e+02
4.666327031250000346e+02,-1.005732560053695011e+02
4.666329960937500232e+02,-1.116575917976325627e+02
4.666332890625000118e+02,-9.725203736284689171e+01
4.666335820312500005e+02,-1.065216831439589242e+02
4.666338749999999891e+02,-9.920394704364100846e+01
4.666341679687500346e+02,-1.298336499375221536e+02
4.666344609375000232e+02,-1.065995571535331692e+02
4.666347539062500118e+02,-1.065771804523299124e+02
4.666350468750000005e+02,-1.008698345880770972e+02
4.666353398437499891e+02,-9.437155861098206344e+01
4.666356328125000346e+02,-1.000211313380349054e+02
4.666359257812500232e+02,-9.813716632389031247e+01
4.666362187500000118e+02,-9.824175217093591073e+01
4.666365117187500005e+02,-9.763223626041421710e+01
4.666368046874999891e+02,-9.696505905168436357e+01
4.666370976562500346e+02,-1.016315316615462621e+02
4.666373906250000232e+02,-9.990297690780843709e+01
4.666376835937500118e+02,-9.716769980019822128e+01
4.666379765625000005e+02,-9.810586360797753969e+01
4.666382695312499891e+02,-9.447626628379742897e+01
4.666385625000000346e+02,-1.012151996703635035e+02
4.666388554687500232e+02,-9.652619159487565526e+01
4.666391484375000118e+02,-9.192035210635219755e+01
4.666394414062500005e+02,-9.596414850855488510e+01
4.666397343749999891e+02,-1.040940087998672254e+02
4.666400273437500346e+02,-1.013540080316748515e+02
4.666403203125000232e+02,-9.617692728470774455e+01
4.666406132812500118e+02,-1.006038671130317823e+02
4.666409062500000005e+02,-9.908025609184613813e+01
4.666411992187499891e+02,-9.477201862437395619e+01
4.666414921875000346e+02,-9.781443731755173587e+01
4.666417851562500232e+02,-9.065915422920934930e+01
4.666420781250000118e+02,-9.327918462410536904e+01
4.666423710937500005e+02,-1.022138489901861362e+02
4.666426640624999891e+02,-1.033350784465920214e+02
4.666429570312500346e+02,-9.737084058220858651e+01
4.666432500000000232e+02,-1.054824667679306884e+02
4.666435429687500118e+02,-1.089501443661286118e+02
4.666438359375000005e+02,-9.814956592713747341e+01
4.666441289062499891e+02,-9.695301633365380667e+01
4.666444218750000346e+02,-1.062001300635489827e+02
4.666447148437500232e+02,-1.063964077147626881e+02
4.666450078125000118e+02,-9.706025876660972074e+01
4.666453007812500005e+02,-9.758452862017519180e+01
4.666455937499999891e+02,-9.959911999242206093e+01
4.666458867187500346e+02,-1.063686493705423857e+02
4.666461796875000232e+02,-1.001291248710668356e+02
4.666464726562500118e+02,-9.604864304532904384e+01
4.666467656250000005e+02,-9.614972840578613500e+01
4.666470585937499891e+02,-1.012539554322716953e+02
4.666473515625000346e+02,-9.950252993545242930e+01
4.666476445312500232e+02,-1.028406507330821000e+02
4.666479375000000118e+02,-1.021097185362566222e+02
4.666482304687500005e+02,-1.008865932182305585e+02
4.666485234374999891e+02,-9.432772130168211788e+01
4.666488164062500346e+02,-9.580443980474643695e+01
4.666491093750000232e+02,-1.029325120797378190e+02
4.666494023437500118e+02,-9.276809536191861127e+01
4.666496953125000005e+02,-1.014752072138796990e+02
4.666499882812499891e+02,-1.012522316575989692e+02
4.666502812500000346e+02,-1.103698697343814530e+02
4.666505742187500232e+02,-9.974183561902714246e+01
4.666508671875000118e+02,-9.934808048929930635e+01
4.666511601562500005e+02,-1.034693125262143667e+02
4.666514531249999891e+02,-1.017960568106190351e+02
4.666517460937500346e+02,-9.562202538059008816e+01
4.666520390625000232e+02,-9.652722332447147835e+01
4.666523320312500118e+02,-1.017636143989233091e+02
4.666526250000000005e+02,-1.010707039080308078e+02
4.666529179687499891e+02,-9.445236555784813959e+01
4.666532109375000346e+02,-9.415215370157780228e+01
4.666535039062500232e+02,-9.486320038068060967e+01
4.666537968750000118e+02,-9.967278089192743096e+01
4.666540898437500005e+02,-1.017748425304914406e+02
4.666543828124999891e+02,-9.833692817007148790e+01
4.666546757812500346e+02,-1.038893262386648075e+02
4.666549687500000232e+02,-1.021485096049040067e+02
4.666552617187500118e+02,-9.819569805066174695e+01
4.666555546875000005e+02,-1.023718358849217935e+02
4.666558476562499891e+02,-1.009517685867464678e+02
4.666561406250000346e+02,-9.689137399887968627e+01
4.666564335937500232e+02,-1.016834906742255527e+02
4.666567265625000118e+02,-9.785476849850542180e+01
4.666570195312500005e+02,-9.316837801575454137e+01
4.666573124999999891e+02,-9.581336111712458603e+01
4.666576054687500346e+02,-9.777127289607044247e+01
4.666578984375000232e+02,-1.024478795375860187e+02
4.666581914062500118e+02,-1.003288734209277919e+02
4.666584843750000005e+02,-1.055779775210577895e+02
4.666587773437499891e+02,-9.706095170677720319e+01
4.666590703125000346e+02,-9.464631324213337393e+01
4.666593632812500232e+02,-9.930839140295526590e+01
4.666596562500000118e+02,-1.073514812501645821e+02
4.666599492187500005e+02,-1.045994153311612109e+02
4.666602421874999891e+02,-1.031989201856501381e+02
4.666605351562500346e+02,-1.044491714425104476e+02
4.666608281250000232e+02,-1.038605086849767503e+02
4.666611210937500118e+02,-9.923368759051776067e+01
4.666614140625000005e+02,-9.864895661277161309e+01
4.666617070312499891e+02,-9.570758245330260650e+01
4.666620000000000346e+02,-9.966320501250447705e+01
4.666622929687500232e+02,-1.002204247522874283e+02
4.666625859375000118e+02,-9.828691695357903768e+01
4.666628789062500005e+02,-9.960185690360779631e+01
4.666631718749999891e+02,-9.532916182034007591e+01
4.666634648437500346e+02,-9.821696345558082442e+01
4.666637578125000232e+02,-1.059273111375931364e+02
4.666640507812500118e+02,-1.034750703757292598e+02
4.666643437500000005e+02,-1.035937053781092629e+02
4.666646367187499891e+02,-1.073665303164097082e+02
4.666649296875000346e+02,-9.716620552542499922e+01
4.666652226562500232e+02,-9.643912569084199049e+01
4.666655156250000118e+02,-9.728824550398897486e+01
4.666658085937500005e+02,-9.571467945447501791e+01
4.666661015624999891e+02,-1.012218706282290839e+02
4.666663945312500346e+02,-1.036225476765914095e+02
4.666666875000000232e+02,-9.562287732304655208e+01
4.666669804687500118e+02,-9.841409432313324146e+01
4.666672734375000005e+02,-1.005113451699019436e+02
4.666675664062499891e+02,-9.786686703608516780e+01
4.666678593750000346e+02,-1.075091631892787802e+02
4.666681523437500232e+02,-9.914800084264314251e+01
4.666684453125000118e+02,-9.411483698799698061e+01
4.666687382812500005e+02,-9.422703609366709543e+01
4.666690312499999891e+02,-9.512365506866571252e+01
4.666693242187500346e+02,-9.723852270327091674e+01
4.666696171875000232e+02,-1.213103035421404030e+02
4.666699101562500118e+02,-1.128881066084540237e+02
4.666702031250000005e+02,-1.014483586227688079e+02
4.666704960937499891e+02,-1.026597115221219099e+02
4.666707890625000346e+02,-1.011342385809901430e+02
4.666710820312500232e+02,-9.915377728986641159e+01
4.666713750000000118e+02,-9.488264715133576033e+01
4.666716679687500005e+02,-9.522089084376234780e+01
4.666719609374999891e+02,-1.048680986866511233e+02
4.666722539062500346e+02,-1.062901173449238712e+02
4.666725468750000232e+02,-9.851366534351669202e+01
4.666728398437500118e+02,-1.007216911496186356e+02
4.666731328125000005e+02,-9.796287514926994788e+01
4.666734257812499891e+02,-1.039551228027739853e+02
4.666737187500000346e+02,-1.043319394322046207e+02
4.666740117187500232e+02,-9.862121514616802642e+01
4.666743046875000118e+02,-1.012295122175606110e+02
4.666745976562500005e+02,-9.970865414460536158e+01
4.666748906249999891e+02,-1.140709939866288778e+02
4.666751835937500346e+02,-9.848385655844546704e+01
4.666754765625000232e+02,-9.977373910833020432e+01
4.666757695312500118e+02,-9.786184393951018023e+01
4.666760625000000005e+02,-9.900517391885551888e+01
4.666763554687499891e+02,-1.065044852290875212e+02
4.666766484375000346e+02,-1.012943356350091335e+02
4.666769414062500232e+02,-9.256348022257134289e+01
4.666772343750000118e+02,-9.323556888352648286e+01
4.666775273437500005e+02,-1.126981801046129306e+02
4.666778203124999891e+02,-9.726795749293872007e+01
4.666781132812500346e+02,-9.587856443211684621e+01
4.666784062500000232e+02,-9.944920898162959588e+01
4.666786992187500118e+02,-9.726623506130522401e+01
4.666789921875000005e+02,-9.359595874992757558e+01
4.666792851562499891e+02,-9.356523885412413222e+01
4.666795781250000346e+02,-9.967717721809536613e+01
4.666798710937500232e+02,-1.043310731231267283e+02
4.666801640625000118e+02,-9.697317698238244077e+01
4.666804570312500005e+02,-1.010659276655582914e+02
4.666807499999999891e+02,-1.004821729845203322e+02
4.666810429687500346e+02,-1.052276445643717295e+02
4.666813359375000232e+02,-1.014237177816456779e+02
4.666816289062500118e+02,-1.027462362196382912e+02
4.666819218750000005e+02,-9.807206897273761115e+01
4.666822148437499891e+02,-1.068297968124376354e+02
4.666825078125000346e+02,-9.951231159643398883e+01
4.666828007812500232e+02,-1.020295392479741423e+02
4.666830937500000118e+02,-9.551872136721823381e+01
4.666833867187500005e+02,-9.320610970427792097e+01
4.666836796874999891e+02,-1.024072821357927694e+02
4.666839726562500346e+02,-9.834207710488995247e+01
4.666842656250000232e+02,-9.458074454979914947e+01
4.666845585937500118e+02,-9.985080351267069432e+01
4.666848515625000005e+02,-1.008918949088166528e+02
4.666851445312499891e+02,-1.039593110241609395e+02
4.666854375000000346e+02,-9.870998710749884708e+01
4.666857304687500232e+02,-9.669529528030446386e+01
4.666860234375000118e+02,-1.048479020885002626e+02
4.666863164062500005e+02,-1.036546363837054372e+02
4.666866093749999891e+02,-9.778579453132971366e+01
4.666869023437500346e+02,-1.016467046803335705e+02
4.666871953125000232e+02,-1.094985774393883844e+02
4.666874882812500118e+02,-1.040918302576900487e+02
4.666877812500000005e+02,-9.994835116522524743e+01
4.666880742187499891e+02,-1.019379953878119380e+02
4.666883671875000346e+02,-1.091081472238839751e+02
4.666886601562500232e+02,-1.082876232869401179e+02
4.666889531250000118e+02,-1.085708205570327323e+02
4.666892460937500005e+02,-1.003910393631982032e+02
4.666895390624999891e+02,-1.110226423385130090e+02
4.666898320312500346e+02,-1.070044082784307449e+02
4.666901250000000232e+02,-1.041720802215723722e+02
4.666904179687500118e+02,-1.018307902621067456e+02
4.666907109375000005e+02,-9.704938264000094250e+01
4.666910039062499891e+02,-9.416755945249971660e+01
4.666912968750000346e+02,-9.840629596470465401e+01
4.666915898437500232e+02,-1.041112095507927506e+02
4.666918828125000118e+02,-1.134102411069082734e+02
4.666921757812500005e+02,-1.061609919095322283e+02
4.666924687499999891e+02,-1.022557444837406990e+02
4.666927617187500346e+02,-9.781900652069468549e+01
4.666930546875000232e+02,-9.341537129224009561e+01
4.666933476562500118e+02,-9.329231419383876300e+01
4.666936406250000005e+02,-9.965839260087716411e+01
4.666939335937499891e+02,-9.521438299239905234e+01
4.666942265625000346e+02,-1.042273059776347708e+02
4.666945195312500232e+02,-1.021325351592338677e+02
4.666948125000000118e+02,-1.040182987750899883e+02
4.666951054687500005e+02,-9.698284448225700771e+01
4.666953984374999891e+02,-1.019803800175704680e+02
4.666956914062500346e+02,-1.175830532058745348e+02
4.666959843750000232e+02,-1.007021478069113414e+02
4.666962773437500118e+02,-9.770611318021373393e+01
4.666965703125000005e+02,-9.787775325638817492e+01
4.666968632812499891e+02,-9.912586237769971831e+01
4.666971562500000346e+02,-1.065046427604540611e+02
4.666974492187500232e+02,-1.017569930350205851e+02
4.666977421875000118e+02,-9.748317461033848019e+01
4.666980351562500005e+02,-1.126146950467026215e+02
4.666983281249999891e+02,-9.578920086452052374e+01
4.666986210937500346e+02,-9.225105115328292982e+01
4.666989140625000232e+02,-9.662547724336006638e+01
4.666992070312500118e+02,-9.914198637560345162e+01
4.666995000000000005e+02,-1.166037472196053955e+02
4.666997929687499891e+02,-1.008897638575575826e+02
4.667000859375000346e+02,-1.093983479570669886e+02
4.667003789062500232e+02,-1.122701834408956501e+02
4.667006718750000118e+02,-1.030996558158406344e+02
4.667009648437500005e+02,-9.899280187844466639e+01
4.667012578124999891e+02,-9.945016591885419643e+01
4.667015507812500346e+02,-1.019327611615725147e+02
4.667018437500000232e+02,-9.695021266359168521e+01
4.667021367187500118e+02,-9.639453302647328314e+01
4.667024296875000005e+02,-9.729258076832661573e+01
4.667027226562499891e+02,-9.809048949765623604e+01
4.667030156250000346e+02,-9.630409285550454968e+01
4.667033085937500232e+02,-9.437124004512882891e+01
4.667036015625000118e+02,-9.789510577712719908e+01
4.667038945312500005e+02,-9.530804923799031769e+01
4.667041874999999891e+02,-9.480093140684715536e+01
4.667044804687500346e+02,-9.594233542807579340e+01
4.667047734375000232e+02,-9.190762136431271756e+01
4.667050664062500118e+02,-9.368308558559725441e+01
4.667053593750000005e+02,-9.068562478674562044e+01
4.667056523437499891e+02,-9.827462048228889557e+01
4.667059453125000346e+02,-9.823742600379128476e+01
4.667062382812500232e+02,-9.769273972033471409e+01
4.667065312500000118e+02,-1.006346701973189397e+02
4.667068242187500005e+02,-9.718863069167656477e+01
4.667071171874999891e+02,-1.007534353217279630e+02
4.667074101562500346e+02,-1.003998924646523250e+02
4.667077031250000232e+02,-9.574103784703338249e+01
4.667079960937500118e+02,-9.414341840617603907e+01
4.667082890625000005e+02,-1.017281846593973853e+02
4.667085820312499891e+02,-9.780099205825288777e+01
4.667088750000000346e+02,-1.038374977144042788e+02
4.667091679687500232e+02,-9.380086273112237905e+01
4.667094609375000118e+02,-9.649134356763285325e+01
4.667097539062500005e+02,-1.014773378382097064e+02
4.667100468749999891e+02,-1.034232036649608091e+02
4.667103398437500346e+02,-1.039289331111009460e+02
4.667106328125000232e+02,-9.666732962160082820e+01
4.667109257812500118e+02,-9.375103130524111350e+01
4.667112187500000005e+02,-9.727822885589404223e+01
4.667115117187499891e+02,-9.745043097754421524e+01
4.667118046875000346e+02,-9.507412346650511381e+01
4.667120976562500232e+02,-9.491939740560370353e+01
4.667123906250000118e+02,-9.878712089493515691e+01
4.667126835937500005e+02,-9.837210858398958635e+01
4.667129765624999891e+02,-9.989067361804303857e+01
4.667132695312500346e+02,-9.456214432738546805e+01
4.667135625000000232e+02,-9.740914933690163480e+01
4.667138554687500118e+02,-9.701419670375487669e+01
4.667141484375000005e+02,-1.122277729298080260e+02
4.667144414062499891e+02,-9.918085458787356856e+01
4.667147343750000346e+02,-1.033296365997537549e+02
4.667150273437500232e+02,-1.094569004141600743e+02
4.667153203125000118e+02,-1.041976227971667015e+02
4.667156132812500005e+02,-9.675231323046850207e+01
4.667159062499999891e+02,-1.032017647602223889e+02
4.667161992187500346e+02,-1.154802257278452942e+02
4.667164921875000232e+02,-9.580783409118853911e+01
4.667167851562500118e+02,-9.016782221193487601e+01
4.667170781250000005e+02,-8.920794783685165896e+01
4.667173710937499891e+02,-9.340576473020108494e+01
4.667176640625000346e+02,-9.652388092523764840e+01
4.667179570312500232e+02,-9.854154099937667866e+01
4.667182500000000118e+02,-1.076589514825869003e+02
4.667185429687500005e+02,-1.039632276279313174e+02
4.667188359374999891e+02,-9.553372933621757568e+01
4.667191289062500346e+02,-1.022610859980036935e+02
4.667194218750000232e+02,-9.709342094816749125e+01
4.667197148437500118e+02,-9.408595666628633580e+01
4.667200078125000005e+02,-1.041716984486351549e+02
4.667203007812499891e+02,-9.181996449815548544e+01
4.667205937500000346e+02,-9.426389520966912983e+01
4.667208867187500232e+02,-9.665459493399637836e+01
4.667211796875000118e+02,-9.820420110144550563e+01
4.667214726562500005e+02,-1.005068748143146422e+02
4.667217656249999891e+02,-9.621281896364605757e+01
4.667220585937500346e+02,-9.690493836474905720e+01
4.667223515625000232e+02,-1.029973567377313941e+02
4.667226445312500118e+02,-9.699686240928393488e+01
4.667229375000000005e+02,-9.393860861843846521e+01
4.667232304687499891e+02,-1.004700421483858150e+02
4.667235234375000346e+02,-9.370681126154713070e+01
4.667238164062500232e+02,-9.557630586573012010e+01
4.667241093750000118e+02,-1.036744651748545323e+02
4.667244023437500005e+02,-1.094618272606371079e+02
4.667246953124999891e+02,-9.821973109191931428e+01
4.667249882812500346e+02,-9.377402893274555140e+01
4.667252812500000232e+02,-9.764821241100165139e+01
4.667255742187500118e+02,-1.013825907150470726e+02
4.667258671875000005e+02,-1.031101709505220612e+02
4.667261601562499891e+02,-1.148536256630713694e+02
4.667264531250000346e+02,-1.012720993444726645e+02
4.667267460937500232e+02,-1.122018028728676455e+02
4.667270390625000118e+02,-9.682568389952012922e+01
4.667273320312500005e+02,-1.107148289598006841e+02
4.667276249999999891e+02,-9.814178040702047667e+01
4.667279179687500346e+02,-9.660659009538468922e+01
4.667282109375000232e+02,-9.419280659787297338e+01
4.667285039062500118e+02,-9.381066549679110267e+01
4.667287968750000005e+02,-9.961496515463564094e+01
4.667290898437499891e+02,-1.044948211353488716e+02
4.667293828125000346e+02,-9.414136303004674744e+01
4.667296757812500232e+02,-9.569564754780202520e+01
4.667299687500000118e+02,-1.027494255861866890e+02
4.667302617187500005e+02,-1.077504070186104741e+02
4.667305546874999891e+02,-1.003906892696955140e+02
4.667308476562500346e+02,-8.927215846116652642e+01
4.667311406250000232e+02,-9.184413253590356874e+01
4.667314335937500118e+02,-9.403763536975242232e+01
4.667317265625000005e+02,-9.957356285830549325e+01
4.667320195312499891e+02,-1.002952044498931059e+02
4.667323125000000346e+02,-1.002059621124670059e+02
4.667326054687500232e+02,-9.877033223921768013e+01
4.667328984375000118e+02,-9.674889559144089901e+01
4.667331914062500005e+02,-9.827608897940970678e+01
4.667334843749999891e+02,-1.107146826536690440e+02
4.667337773437500346e+02,-1.001645659673602324e+02
4.667340703125000232e+02,-1.047446734211472972e+02
4.667343632812500118e+02,-1.060237749550805262e+02
4.667346562500000005e+02,-1.071513679099249572e+02
4.667349492187499891e+02,-1.015251839886660150e+02
4.667352421875000346e+02,-9.745112383991310878e+01
4.667355351562500232e+02,-1.025806580698012596e+02
4.667358281250000118e+02,-1.003577931964328087e+02
4.667361210937500005e+02,-9.534596976812886737e+01
4.667364140624999891e+02,-9.601969835055108149e+01
4.667367070312500346e+02,-1.006647710046469228e+02
4.667370000000000232e+02,-1.117427341541036583e+02
4.667372929687500118e+02,-1.063946792840625477e+02
4.667375859375000005e+02,-9.784212104818706734e+01
4.667378789062499891e+02,-9.873459392227937315e+01
4.667381718750000346e+02,-1.030394396138294155e+02
4.667384648437500232e+02,-1.055435026274449370e+02
4.667387578125000118e+02,-1.037724608047228827e+02
4.667390507812500005e+02,-1.019498532376559012e+02
4.667393437499999891e+02,-9.260527312290335544e+01
4.667396367187500346e+02,-9.217280693599244046e+01
4.667399296875000232e+02,-1.033247870921015021e+02
4.667402226562500118e+02,-9.587105183819410570e+01
4.667405156250000005e+02,-9.602219650934657125e+01
4.667408085937499891e+02,-9.149857630451697332e+01
4.667411015625000346e+02,-9.190723116188704012e+01
4.667413945312500232e+02,-9.394203757174287261e+01
4.667416875000000118e+02,-9.870815282315132322e+01
4.667419804687500005e+02,-9.096239893454885816e+01
4.667422734374999891e+02,-8.774792877250425249e+01
4.667425664062500346e+02,-9.085383139423984744e+01
4.667428593750000232e+02,-1.001833338991247189e+02
4.667431523437500118e+02,-1.012000030205940675e+02
4.667434453125000005e+02,-1.007078270442132037e+02
4.667437382812499891e+02,-1.066525973197692565e+02
4.667440312500000346e+02,-9.689088589386442152e+01
4.667443242187500232e+02,-9.199678084942496525e+01
4.667446171875000118e+02,-1.031836995024516170e+02
4.667449101562500005e+02,-9.419695370780686972e+01
4.667452031249999891e+02,-9.651662219305023882e+01
4.667454960937500346e+02,-9.958548232954899504e+01
4.667457890625000232e+02,-1.079839672196287381e+02
4.667460820312500118e+02,-1.004698602092621798e+02
4.667463750000000005e+02,-9.551756503620175920e+01
4.667466679687499891e+02,-9.419751794911107368e+01
4.667469609375000346e+02,-9.772505476534554703e+01
4.667472539062500232e+02,-1.113709243723768054e+02
4.667475468750000118e+02,-1.022595641647708788e+02
4.667478398437500005e+02,-1.031483127208025792e+02
4.667481328124999891e+02,-1.003118877337382173e+02
4.667484257812500346e+02,-9.997815016951832945e+01
4.667487187500000232e+02,-9.915397451971587373e+01
4.667490117187500118e+02,-1.039061793804928584e+02
4.667493046875000005e+02,-1.147618376328590983e+02
4.667495976562499891e+02,-1.043686250935052584e+02
4.667498906250000346e+02,-9.356834428110880708e+01
4.667501835937500232e+02,-9.525368211929132656e+01
4.667504765625000118e+02,-9.780591354870496446e+01
4.667507695312500005e+02,-9.168560719523262037e+01
4.667510624999999891e+02,-9.414015697484693135e+01
4.667513554687500346e+02,-9.568027971979445567e+01
4.667516484375000232e+02,-1.006695273982935817e+02
4.667519414062500118e+02,-1.008332856210074056e+02
4.667522343750000005e+02,-9.250476215516533784e+01
4.667525273437499891e+02,-9.307160842723256167e+01
4.667528203125000346e+02,-1.001163982190796133e+02
4.667531132812500232e+02,-9.820923197192989562e+01
4.667534062500000118e+02,-9.644672807577480000e+01
4.667536992187500005e+02,-1.016256007071933993e+02
4.667539921874999891e+02,-1.004277571611678042e+02
4.667542851562500346e+02,-9.702100712762057810e+01
4.667545781250000232e+02,-9.475510844996678372e+01
4.667548710937500118e+02,-9.257024842732376158e+01
4.667551640625000005e+02,-9.110871626438772353e+01
4.667554570312499891e+02,-9.431860499571867251e+01
4.667557500000000346e+02,-9.424166912190838730e+01
4.667560429687500232e+02,-9.680193591545096865e+01
4.667563359375000118e+02,-9.584243273228258886e+01
4.667566289062500005e+02,-9.396102971098295598e+01
4.667569218749999891e+02,-1.062230288818711870e+02
4.667572148437500346e+02,-1.148314656643859308e+02
4.667575078125000232e+02,-9.975459589558110451e+01
4.667578007812500118e+02,-1.012471524297912140e+02
4.667580937500000005e+02,-9.351860893083981807e+01
4.667583867187499891e+02,-9.481919794769872567e+01
4.667586796875000346e+02,-9.896741402702234325e+01
4.667589726562500232e+02,-1.063856633004573382e+02
4.667592656250000118e+02,-9.718773801898869635e+01
4.667595585937500005e+02,-1.090151009668501842e+02
4.667598515624999891e+02,-9.650569077441539889e+01
4.667601445312500346e+02,-9.426949518680395101e+01
4.667604375000000232e+02,-9.092520299858620092e+01
4.667607304687500118e+02,-9.138293624041199337e+01
4.667610234375000005e+02,-9.246320658322916586e+01
4.667613164062499891e+02,-1.015581351610173897e+02
4.667616093750000346e+02,-9.453773573978638467e+01
4.667619023437500232e+02,-9.740789413914424699e+01
4.667621953125000118e+02,-9.754751214646063318e+01
4.667624882812500005e+02,-9.880107803391305765e+01
4.667627812499999891e+02,-9.674956006830966260e+01
4.667630742187500346e+02,-9.616452605138044873e+01
4.667633671875000232e+02,-1.007942562861792481e+02
4.667636601562500118e+02,-9.511353968784446522e+01
4.667639531250000005e+02,-1.003918763853154275e+02
4.667642460937499891e+02,-1.057586485682593178e+02
4.667645390625000346e+02,-9.556944107425621837e+01
4.667648320312500232e+02,-1.035720208468894157e+02
4.667651250000000118e+02,-1.028589036803740839e+02
4.667654179687500005e+02,-9.712184614526734094e+01
4.667657109374999891e+02,-9.358881247407025228e+01
4.667660039062500346e+02,-9.456218892513589935e+01
4.667662968750000232e+02,-9.848055965686614854e+01
4.667665898437500118e+02,-9.758559625976801044e+01
4.667668828125000005e+02,-9.463113238247304082e+01
4.667671757812499891e+02,-1.036211447184820003e+02
4.667674687500000346e+02,-9.152661132373137320e+01
4.667677617187500232e+02,-9.097745056527838869e+01
4.667680546875000118e+02,-9.535315807540959554e+01
4.667683476562500005e+02,-9.468159931110962191e+01
4.667686406249999891e+02,-1.103718714342012532e+02
4.667689335937500346e+02,-9.194832268548437071e+01
4.667692265625000232e+02,-9.240851945223761277e+01
4.667695195312500118e+02,-9.653450123190262389e+01
4.667698125000000005e+02,-9.381015772822001964e+01
4.667701054687499891e+02,-9.212016344698353976e+01
4.667703984375000346e+02,-1.064217267763335144e+02
4.667706914062500232e+02,-9.619809844498260532e+01
4.667709843750000118e+02,-1.038082974177463598e+02
4.667712773437500005e+02,-1.001029018748167800e+02
4.667715703124999891e+02,-1.041248131500146883e+02
4.667718632812500346e+02,-9.414252512529698436e+01
4.667721562500000232e+02,-9.538625157180672431e+01
4.667724492187500118e+02,-9.405778395612273357e+01
4.667727421875000005e+02,-9.436931281643497016e+01
4.667730351562499891e+02,-9.918554817287365211e+01
4.667733281250000346e+02,-1.019922172654742667e+02
4.667736210937500232e+02,-9.739884240453787356e+01
4.667739140625000118e+02,-9.615784224556017534e+01
4.667742070312500005e+02,-9.768445643226955610e+01
4.667744999999999891e+02,-9.464376990289652269e+01
4.667747929687500346e+02,-9.141583727052406516e+01
4.667750859375000232e+02,-9.056157591730186596e+01
4.667753789062500118e+02,-9.916728375240055016e+01
4.667756718750000005e+02,-9.799992114308773239e+01
4.667759648437499891e+02,-1.036593737493828229e+02
4.667762578125000346e+02,-9.628820627191258552e+01
4.667765507812500232e+02,-9.817913701438384066e+01
4.667768437500000118e+02,-9.832999375553642096e+01
4.667771367187500005e+02,-1.042750419209094730e+02
4.667774296874999891e+02,-9.835217375515902916e+01
4.667777226562500346e+02,-9.463410578908899140e+01
4.667780156250000232e+02,-1.015904799123562299e+02
4.667783085937500118e+02,-1.117818560094786164e+02
4.667786015625000005e+02,-1.017877844046826397e+02
4.667788945312499891e+02,-9.277786249732621116e+01
4.667791875000000346e+02,-9.638975537998595655e+01
4.667794804687500232e+02,-9.844566653576723070e+01
4.667797734375000118e+02,-1.038796914026294473e+02
4.667800664062500005e+02,-9.856734220618858444e+01
4.667803593749999891e+02,-9.335054158019804049e+01
4.667806523437500346e+02,-9.963677759676811263e+01
4.667809453125000232e+02,-1.002336258809730793e+02
4.667812382812500118e+02,-9.749052668905969199e+01
4.667815312500000005e+02,-9.693036312555432232e+01
4.667818242187499891e+02,-9.431969047130577621e+01
4.667821171875000346e+02,-9.536687551828372023e+01
4.667824101562500232e+02,-9.546424240371662506e+01
4.667827031250000118e+02,-1.035597415117561440e+02
4.667829960937500005e+02,-9.271749248172021396e+01
4.667832890624999891e+02,-9.814915103465222046e+01
4.667835820312500346e+02,-1.050682024146126849e+02
4.667838750000000232e+02,-1.004179404764057040e+02
4.667841679687500118e+02,-9.228405854184063628e+01
4.667844609375000005e+02,-9.284641569242678827e+01
4.667847539062499891e+02,-9.451660917541012452e+01
4.667850468750000346e+02,-9.516657159475593630e+01
4.667853398437500232e+02,-9.405069459195131287e+01
4.667856328125000118e+02,-9.828049050576072432e+01
4.667859257812500005e+02,-9.384864400572456589e+01
4.667862187499999891e+02,-1.034855361045096060e+02
4.667865117187500346e+02,-1.067407900226250348e+02
4.667868046875000232e+02,-1.013767241707345335e+02
4.667870976562500118e+02,-9.988889078305516023e+01
4.667873906250000005e+02,-9.311068728567539665e+01
4.667876835937499891e+02,-9.250129496619985048e+01
4.667879765625000346e+02,-1.021286102523058759e+02
4.667882695312500232e+02,-9.452465306222191543e+01
4.667885625000000118e+02,-9.511147457338890376e+01
4.667888554687500005e+02,-9.410957140966038992e+01
4.667891484374999891e+02,-9.551655327104879234e+01
4.667894414062500346e+02,-9.624206375764190113e+01
4.667897343750000232e+02,-9.089100906590036288e+01
4.667900273437500118e+02,-8.918226730194322727e+01
4.667903203125000005e+02,-9.199326067030602871e+01
4.667906132812499891e+02,-1.000962824435156904e+02
4.667909062500000346e+02,-1.045621384183712337e+02
4.667911992187500232e+02,-1.001594436137773698e+02
4.667914921875000118e+02,-1.000323133405724718e+02
4.667917851562500005e+02,-1.094326994618845390e+02
4.667920781249999891e+02,-9.627862829332585193e+01
4.667923710937500346e+02,-1.003271020053799276e+02
4.667926640625000232e+02,-9.712058179803764801e+01
4.667929570312500118e+02,-1.024690367385920808e+02
4.667932500000000005e+02,-9.742935896429804643e+01
4.667935429687499891e+02,-9.910109249060079151e+01
4.667938359375000346e+02,-9.769823863775462769e+01
4.667941289062500232e+02,-9.721269542426617249e+01
4.667944218750000118e+02,-1.005387553997263836e+02
4.667947148437500005e+02,-9.570853020633016683e+01
4.667950078124999891e+02,-9.547074745593256750e+01
4.667953007812500346e+02,-1.105456744095168915e+02
4.667955937500000232e+02,-9.243440975797892634e+01
4.667958867187500118e+02,-8.895538869637506707e+01
4.667961796875000005e+02,-9.257261133592149349e+01
4.667964726562499891e+02,-9.681139894817812319e+01
4.667967656250000346e+02,-9.747843892973645552e+01
4.667970585937500232e+02,-1.076207075514781764e+02
4.667973515625000118e+02,-9.605923881632831751e+01
4.667976445312500005e+02,-1.004217235231220542e+02
4.667979374999999891e+02,-1.019451245910115063e+02
4.667982304687500346e+02,-9.450013711731101296e+01
4.667985234375000232e+02,-9.917658103511647028e+01
4.667988164062500118e+02,-1.118636444734586064e+02
4.667991093750000005e+02,-9.824151338132985245e+01
4.667994023437499891e+02,-1.005056174755483624e+02
4.667996953125000346e+02,-9.505086904258274672e+01
4.667999882812500232e+02,-1.000188949741935005e+02
4.668002812500000118e+02,-9.139042701912103439e+01
4.668005742187500005e+02,-9.624233919470044896e+01
4.668008671874999891e+02,-1.013810811272618508e+02
4.668011601562500346e+02,-1.081016239881885781e+02
4.668014531250000232e+02,-1.020380374345705263e+02
4.668017460937500118e+02,-9.859423844239773871e+01
4.668020390625000005e+02,-9.478748416865278159e+01
4.668023320312499891e+02,-9.512435754602933002e+01
4.668026250000000346e+02,-9.164248818891410053e+01
4.668029179687500232e+02,-9.199692785800505135e+01
4.668032109375000118e+02,-1.095376501180723352e+02
4.668035039062500005e+02,-1.000799005252051330e+02
4.668037968749999891e+02,-9.875683374932532388e+01
4.668040898437500346e+02,-1.213913023739157211e+02
4.668043828125000232e+02,-1.070409399605861722e+02
4.668046757812500118e+02,-1.056018280496544435e+02
4.668049687500000005e+02,-9.932668346607441379e+01
4.668052617187499891e+02,-9.402978390345504067e+01
4.668055546875000346e+02,-8.850249831344322615e+01
4.668058476562500232e+02,-9.030974852995372260e+01
4.668061406250000118e+02,-9.904012763281571097e+01
4.668064335937500005e+02,-9.706296038870200960e+01
4.668067265624999891e+02,-9.935464230719495049e+01
4.668070195312500346e+02,-1.216449065275432417e+02
4.668073125000000232e+02,-1.077767003238530492e+02
4.668076054687500118e+02,-9.855480412310717497e+01
4.668078984375000005e+02,-9.740665908202133494e+01
4.668081914062499891e+02,-9.314175505715864745e+01
4.668084843750000346e+02,-9.755064905192726599e+01
4.668087773437500232e+02,-9.768165012834330696e+01
4.668090703125000118e+02,-1.013804068701585237e+02
4.668093632812500005e+02,-9.372115241538224950e+01
4.668096562499999891e+02,-9.440113913005248492e+01
4.668099492187500346e+02,-1.025944214198057409e+02
4.668102421875000232e+02,-1.046317100285421589e+02
4.668105351562500118e+02,-9.794749159665670390e+01
4.668108281250000005e+02,-9.899276257751947128e+01
4.668111210937499891e+02,-1.034627869784288379e+02
4.668114140625000346e+02,-1.056980265809412458e+02
4.668117070312500232e+02,-1.100515592660315178e+02
4.668120000000000118e+02,-9.994696220653720786e+01
4.668122929687500005e+02,-1.239101159209477743e+02
4.668125859374999891e+02,-9.570364966094567194e+01
4.668128789062500346e+02,-9.729314637377464692e+01
4.668131718750000232e+02,-9.653170822553592245e+01
4.668134648437500118e+02,-9.313170437249043232e+01
4.668137578125000005e+02,-9.742883914365785358e+01
4.668140507812499891e+02,-9.936473063838829489e+01
4.668143437500000346e+02,-9.392610094996430803e+01
4.668146367187500232e+02,-9.619283947047543393e+01
4.668149296875000118e+02,-1.064469541077665440e+02
4.668152226562500005e+02,-1.002295105867450644e+02
4.668155156249999891e+02,-1.010068009608715869e+02
4.668158085937500346e+02,-9.853508707067950922e+01
4.668161015625000232e+02,-9.958774556675480483e+01
4.668163945312500118e+02,-1.024878901855755373e+02
4.668166875000000005e+02,-1.060908396806894558e+02
4.668169804687499891e+02,-9.319890476309900862e+01
4.668172734375000346e+02,-9.126225555502830389e+01
4.668175664062500232e+02,-9.780349096885080940e+01
4.668178593750000118e+02,-9.530473334712240785e+01
4.668181523437500005e+02,-9.398651692813503189e+01
4.668184453124999891e+02,-8.908645192895612297e+01
4.668187382812500346e+02,-9.672233396405323447e+01
4.668190312500000232e+02,-1.033563915344817872e+02
4.668193242187500118e+02,-1.064960702789556279e+02
4.668196171875000005e+02,-9.701071797257648655e+01
4.668199101562499891e+02,-1.001499989682436933e+02
4.668202031250000346e+02,-1.031005459955532757e+02
4.668204960937500232e+02,-1.022945386132750514e+02
4.668207890625000118e+02,-9.449394651228669773e+01
4.668210820312500005e+02,-9.693143532518753602e+01
4.668213749999999891e+02,-1.005900558269470082e+02
4.668216679687500346e+02,-1.048490168944791776e+02
4.668219609375000232e+02,-9.907779682402733101e+01
4.668222539062500118e+02,-9.527621788939075032e+01
4.668225468750000005e+02,-9.968761460985147949e+01
4.668228398437499891e+02,-9.706421071379921273e+01
4.668231328125000346e+02,-9.430522720817342019e+01
4.668234257812500232e+02,-1.046694223529909493e+02
4.668237187500000118e+02,-9.436138564632940984e+01
4.668240117187500005e+02,-1.042662881076826267e+02
4.668243046874999891e+02,-9.811375651665299813e+01
4.668245976562500346e+02,-9.942308633294297238e+01
4.668248906250000232e+02,-1.001632602933888165e+02
4.668251835937500118e+02,-9.830569072578603596e+01
4.668254765625000005e+02,-9.769675363913380295e+01
4.668257695312499891e+02,-9.790447953294909667e+01
4.668260625000000346e+02,-9.614765463350184405e+01
4.668263554687500232e+02,-9.507478663692938881e+01
4.668266484375000118e+02,-9.504630735678553322e+01
4.668269414062500005e+02,-9.494407905433526196e+01
4.668272343749999891e+02,-1.023286806073278257e+02
4.668275273437500346e+02,-9.829228087705646999e+01
4.668278203125000232e+02,-1.072889408887997007e+02
4.668281132812500118e+02,-1.082720577552160535e+02
4.668284062500000005e+02,-1.045264883845584905e+02
4.668286992187499891e+02,-1.012411510635227216e+02
4.668289921875000346e+02,-9.413479590870672098e+01
4.668292851562500232e+02,-9.336748207198749583e+01
4.668295781250000118e+02,-1.093077016532161707e+02
4.668298710937500005e+02,-9.833587616981496637e+01
4.668301640624999891e+02,-1.010378097790255367e+02
4.668304570312500346e+02,-9.290417754095128089e+01
4.668307500000000232e+02,-9.403271193964920371e+01
4.668310429687500118e+02,-9.805093353505029086e+01
4.668313359375000005e+02,-1.037005564977243068e+02
4.668316289062499891e+02,-9.423289720002772185e+01
4.668319218750000346e+02,-9.151570743956240506e+01
4.668322148437500232e+02,-9.654840539702207991e+01
4.668325078125000118e+02,-9.210183586196674810e+01
4.668328007812500005e+02,-9.302974219204882900e+01
4.668330937499999891e+02,-9.404430959200718121e+01
4.668333867187500346e+02,-1.041530268365742131e+02
4.668336796875000232e+02,-1.007963145179319042e+02
4.668339726562500118e+02,-1.037367760290754575e+02
4.668342656250000005e+02,-1.007218989122772399e+02
4.668345585937499891e+02,-9.902358242191832005e+01
4.668348515625000346e+02,-1.012800790419914989e+02
4.668351445312500232e+02,-9.558906958662905140e+01
4.668354375000000118e+02,-1.014338469213003009e+02
4.668357304687500005e+02,-9.383129954384625648e+01
4.668360234374999891e+02,-8.953179179769458074e+01
4.668363164062500346e+02,-9.710957916957683267e+01
4.668366093750000232e+02,-9.722492059826083732e+01
4.668369023437500118e+02,-9.193316674325417637e+01
4.668371953125000005e+02,-9.309403966272225261e+01
4.668374882812499891e+02,-1.069382605438678411e+02
4.668377812500000346e+02,-9.545181521196991525e+01
4.668380742187500232e+02,-9.757837459016019466e+01
4.668383671875000118e+02,-1.044404362396328310e+02
4.668386601562500005e+02,-1.051128186902760433e+02
4.668389531249999891e+02,-9.931506543808190202e+01
4.668392460937500346e+02,-9.937007795437688173e+01
4.668395390625000232e+02,-9.868537806998043038e+01
4.668398320312500118e+02,-8.995937851057900048e+01
4.668401250000000005e+02,-8.991067807549973168e+01
4.668404179687499891e+02,-9.781174603641721887e+01
4.668407109375000346e+02,-1.016697710821759273e+02
4.668410039062500232e+02,-9.851971383472613297e+01
4.668412968750000118e+02,-9.056535777978679391e+01
4.668415898437500005e+02,-9.400363325268237702e+01
4.668418828124999891e+02,-9.870697621092364216e+01
4.668421757812500346e+02,-9.374498077610140001e+01
4.668424687500000232e+02,-1.029190572613850208e+02
4.668427617187500118e+02,-1.054484874598514068e+02
4.668430546875000005e+02,-9.330058312511782503e+01
4.668433476562499891e+02,-8.923577093662301252e+01
4.668436406250000346e+02,-9.173377272024744400e+01
4.668439335937500232e+02,-8.933912726125585380e+01
4.668442265625000118e+02,-8.683377170156846603e+01
4.668445195312500005e+02,-8.986224904709864347e+01
4.668448124999999891e+02,-9.374990855886520080e+01
4.668451054687500346e+02,-9.639171806112392460e+01
4.668453984375000232e+02,-9.502504985109565894e+01
4.668456914062500118e+02,-9.422108417794649426e+01
4.668459843750000005e+02,-9.168616201290888057e+01
4.668462773437499891e+02,-9.300444778523610978e+01
4.668465703125000346e+02,-1.081112720742799240e+02
4.668468632812500232e+02,-1.058565757949028665e+02
4.668471562500000118e+02,-1.139710170375721532e+02
4.668474492187500005e+02,-1.021324643604186519e+02
4.668477421874999891e+02,-9.746285473480321571e+01
4.668480351562500346e+02,-9.440254115801691626e+01
4.668483281250000232e+02,-9.513383570365533615e+01
4.668486210937500118e+02,-9.930763865196753670e+01
4.668489140625000005e+02,-9.987063533926985315e+01
4.668492070312499891e+02,-9.845126334255468237e+01
4.668495000000000346e+02,-9.633803724517007083e+01
4.668497929687500232e+02,-9.337080242441187750e+01
4.668500859375000118e+02,-9.633168245056283752e+01
4.668503789062500005e+02,-1.070440184213790502e+02
4.668506718749999891e+02,-1.019541716469300070e+02
4.668509648437500346e+02,-1.005654416669212878e+02
4.668512578125000232e+02,-1.025162994171548547e+02
4.668515507812500118e+02,-9.811567888318745645e+01
4.668518437500000005e+02,-9.110129850604309354e+01
4.668521367187499891e+02,-1.022750090640468699e+02
4.668524296875000346e+02,-1.049434925913342056e+02
4.668527226562500232e+02,-9.129740520483152011e+01
4.668530156250000118e+02,-9.359522190498999805e+01
4.668533085937500005e+02,-1.036806938641637288e+02
4.668536015624999891e+02,-9.850291053141231146e+01
4.668538945312500346e+02,-9.321315283248256378e+01
4.668541875000000232e+02,-9.551417068101187624e+01
4.668544804687500118e+02,-9.284779045244427209e+01
4.668547734375000005e+02,-1.070798784639874270e+02
4.668550664062499891e+02,-9.110312882538391932e+01
4.668553593750000346e+02,-9.021598149831241642e+01
4.668556523437500232e+02,-9.466785558387408628e+01
4.668559453125000118e+02,-1.004741545455646587e+02
4.668562382812500005e+02,-8.979695578291874369e+01
4.668565312499999891e+02,-8.824076344519599502e+01
4.668568242187500346e+02,-9.052251506254741287e+01
4.668571171875000232e+02,-8.989442060794340250e+01
4.668574101562500118e+02,-9.438757913788347764e+01
4.668577031250000005e+02,-9.767895725985445665e+01
4.668579960937499891e+02,-1.004234528288779984e+02
4.668582890625000346e+02,-1.037134805677962959e+02
4.668585820312500232e+02,-9.473210625756358638e+01
4.668588750000000118e+02,-9.231248197643606090e+01
4.668591679687500005e+02,-9.779284127727183318e+01
4.668594609374999891e+02,-1.066056202290917838e+02
4.668597539062500346e+02,-9.392785922894482553e+01
4.668600468750000232e+02,-9.842739099133034131e+01
4.668603398437500118e+02,-9.968694870413200704e+01
4.668606328125000005e+02,-9.424623902318741386e+01
4.668609257812499891e+02,-9.309379824104523493e+01
4.668612187500000346e+02,-1.049234421729951521e+02
4.668615117187500232e+02,-9.978924245348638067e+01
4.668618046875000118e+02,-1.085093873322385463e+02
4.668620976562500005e+02,-1.042846436004928137e+02
4.668623906249999891e+02,-1.005046774245830221e+02
4.668626835937500346e+02,-1.007926282940763230e+02
4.668629765625000232e+02,-9.950965401910826813e+01
4.668632695312500118e+02,-1.013561586445284348e+02
4.668635625000000005e+02,-9.984353857522278020e+01
4.668638554687499891e+02,-1.026609778690013997e+02
4.668641484375000346e+02,-1.063556543521995650e+02
4.668644414062500232e+02,-9.582500088272523442e+01
4.668647343750000118e+02,-1.035226910288174622e+02
4.668650273437500005e+02,-9.553348025167808544e+01
4.668653203124999891e+02,-9.665128106103298933e+01
4.668656132812500346e+02,-9.243711838560335536e+01
4.668659062500000232e+02,-9.644550740637122033e+01
4.668661992187500118e+02,-9.234511093715623531e+01
4.668664921875000005e+02,-9.038048423567047962e+01
4.668667851562499891e+02,-8.657919673065583765e+01
4.668670781250000346e+02,-8.845998914956371095e+01
4.668673710937500232e+02,-9.549302296150037250e+01
4.668676640625000118e+02,-1.121102385031124840e+02
4.668679570312500005e+02,-9.727042659829541549e+01
4.668682499999999891e+02,-9.512920509384352385e+01
4.668685429687500346e+02,-1.037335265114299716e+02
4.668688359375000232e+02,-1.157549872521293537e+02
4.668691289062500118e+02,-9.953562811414690259e+01
4.668694218750000005e+02,-1.029576240595378067e+02
4.668697148437499891e+02,-9.632291927797504627e+01
4.668700078125000346e+02,-9.623661998011797891e+01
4.668703007812500232e+02,-1.055483997323045600e+02
4.668705937500000118e+02,-9.569016575686605108e+01
4.668708867187500005e+02,-9.537248814288970777e+01
4.668711796874999891e+02,-1.099228197971059018e+02
4.668714726562500346e+02,-9.323872199155063356e+01
4.668717656250000232e+02,-9.558597246820268367e+01
4.668720585937500118e+02,-9.238615955249559875e+01
4.668723515625000005e+02,-9.296471193194042826e+01
4.668726445312499891e+02,-9.641235381095343371e+01
4.668729375000000346e+02,-9.347261874301153739e+01
4.668732304687500232e+02,-9.374573406955545352e+01
4.668735234375000118e+02,-9.276912661083285627e+01
4.668738164062500005e+02,-9.896573433302305034e+01
4.668741093749999891e+02,-9.630438261320101390e+01
4.668744023437500346e+02,-9.310417983534040332e+01
4.668746953125000232e+02,-9.759063561672061837e+01
4.668749882812500118e+02,-1.049690971039918139e+02
4.668752812500000005e+02,-9.500257901190600762e+01
4.668755742187499891e+02,-9.200746214523114475e+01
4.668758671875000346e+02,-1.029498988860621012e+02
4.668761601562500232e+02,-9.968961457567604612e+01
4.668764531250000118e+02,-1.006048998824515479e+02
4.668767460937500005e+02,-9.921436446396097608e+01
4.668770390624999891e+02,-9.432028507348005064e+01
4.668773320312500346e+02,-9.042264323968764472e+01
4.668776250000000232e+02,-8.956165043441728812e+01
4.668779179687500118e+02,-1.052042430667242456e+02
4.668782109375000005e+02,-9.333154570432570551e+01
4.668785039062499891e+02,-9.110652730554505752e+01
4.668787968750000346e+02,-9.393001334804711178e+01
4.668790898437500232e+02,-1.028458243914383274e+02
4.668793828125000118e+02,-9.275687757358200258e+01
4.668796757812500005e+02,-9.432653673419567042e+01
4.668799687499999891e+02,-9.935195407591903916e+01
4.668802617187500346e+02,-9.309714122551396542e+01
4.668805546875000232e+02,-9.411874006084561017e+01
4.668808476562500118e+02,-9.791869157801257018e+01
4.668811406250000005e+02,-9.760605868846050726e+01
4.668814335937499891e+02,-9.368249413402770642e+01
4.668817265625000346e+02,-9.749870206203431167e+01
4.668820195312500232e+02,-9.167829507706497338e+01
4.668823125000000118e+02,-9.549824037844348368e+01
4.668826054687500005e+02,-9.521585171268633019e+01
4.668828984374999891e+02,-9.493281947949944310e+01
4.668831914062500346e+02,-1.034594359418865253e+02
4.668834843750000232e+02,-1.007470487316539476e+02
4.668837773437500118e+02,-9.208411592094930143e+01
4.668840703125000005e+02,-8.897753668653299997e+01
4.668843632812499891e+02,-8.903927382298910231e+01
4.668846562500000346e+02,-1.016493729199522278e+02
4.668849492187500232e+02,-9.745145684421760279e+01
4.668852421875000118e+02,-9.856962041105799699e+01
4.668855351562500005e+02,-9.693689202799204452e+01
4.668858281249999891e+02,-9.902207412150150390e+01
4.668861210937500346e+02,-9.804846460301172328e+01
4.668864140625000232e+02,-8.918382469174139260e+01
4.668867070312500118e+02,-9.013702054424715016e+01
4.668870000000000005e+02,-9.331275784274578200e+01
4.668872929687499891e+02,-9.458872544303984853e+01
4.668875859375000346e+02,-1.043128300649749463e+02
4.668878789062500232e+02,-9.881825258198874451e+01
4.668881718750000118e+02,-9.037684343961258548e+01
4.668884648437500005e+02,-9.572546547750340551e+01
4.668887578124999891e+02,-9.559370604761434720e+01
4.668890507812500346e+02,-9.416146378466726219e+01
4.668893437500000232e+02,-9.775640187008215776e+01
4.668896367187500118e+02,-9.665495041584286184e+01
4.668899296875000005e+02,-9.429233342823948760e+01
4.668902226562499891e+02,-9.472459991763430764e+01
4.668905156250000346e+02,-8.896815675881386198e+01
4.668908085937500232e+02,-9.134406155829017848e+01
4.668911015625000118e+02,-9.645476969104325349e+01
4.668913945312500005e+02,-9.312662392375726483e+01
4.668916874999999891e+02,-9.619900199157154930e+01
4.668919804687500346e+02,-1.092915190989717473e+02
4.668922734375000232e+02,-9.694185736070551229e+01
4.668925664062500118e+02,-9.381114292736347693e+01
4.668928593750000005e+02,-1.041498773742912789e+02
4.668931523437499891e+02,-9.229546192964546947e+01
4.668934453125000346e+02,-8.944613838206650769e+01
4.668937382812500232e+02,-9.558459572634745882e+01
4.668940312500000118e+02,-1.005228609172618945e+02
4.668943242187500005e+02,-9.554273370894831885e+01
4.668946171874999891e+02,-9.227137728611516820e+01
4.668949101562500346e+02,-9.656432310378735906e+01
4.668952031250000232e+02,-9.717772887010002592e+01
4.668954960937500118e+02,-9.546269976541046276e+01
4.668957890625000005e+02,-9.316745136969956320e+01
4.668960820312499891e+02,-8.879612163193388596e+01
4.668963750000000346e+02,-9.542193964897558089e+01
4.668966679687500232e+02,-9.766776093172265405e+01
4.668969609375000118e+02,-9.026488603231931052e+01
4.668972539062500005e+02,-9.374604143573299098e+01
4.668975468749999891e+02,-9.891574858970442108e+01
4.668978398437500346e+02,-9.650620316745690275e+01
4.668981328125000232e+02,-1.119313117861446756e+02
4.668984257812500118e+02,-9.778254760043900262e+01
4.668987187500000005e+02,-1.076873032401009880e+02
4.668990117187499891e+02,-9.896327199575196687e+01
4.668993046875000346e+02,-9.708089408186501146e+01
4.668995976562500232e+02,-9.796093500988091307e+01
4.668998906250000118e+02,-9.134401824938939285e+01
4.669001835937500005e+02,-9.379183506934543857e+01
4.669004765624999891e+02,-1.003309752419971943e+02
4.669007695312500346e+02,-1.086654844262205017e+02
4.669010625000000232e+02,-1.048496529080334625e+02
4.669013554687500118e+02,-1.032438689485597365e+02
4.669016484375000005e+02,-9.725721949438899117e+01
4.669019414062499891e+02,-9.276073575938892191e+01
4.669022343750000346e+02,-8.989795455822661552e+01
4.669025273437500232e+02,-9.188978481501534645e+01
4.669028203125000118e+02,-9.504222298650056189e+01
4.669031132812500005e+02,-9.287753887049228751e+01
4.669034062499999891e+02,-9.795311551257221083e+01
4.669036992187500346e+02,-1.004216585155737107e+02
4.669039921875000232e+02,-1.005692294146806489e+02
4.669042851562500118e+02,-9.455269485332462409e+01
4.669045781250000005e+02,-8.855624653106144706e+01
4.669048710937499891e+02,-9.577048054185036108e+01
4.669051640625000346e+02,-1.010773947156595085e+02
4.669054570312500232e+02,-1.097711236234270160e+02
4.669057500000000118e+02,-9.598560283266223792e+01
4.669060429687500005e+02,-9.695033381039999654e+01
4.669063359374999891e+02,-9.531854080748858848e+01
4.669066289062500346e+02,-9.278021319623653085e+01
4.669069218750000232e+02,-9.623419052435579601e+01
4.669072148437500118e+02,-8.909688735101414636e+01
4.669075078125000005e+02,-9.651882952989922160e+01
4.669078007812499891e+02,-1.019281366373101321e+02
4.669080937500000346e+02,-9.599113133489407801e+01
4.669083867187500232e+02,-9.529578083881264661e+01
4.669086796875000118e+02,-8.934006311276932877e+01
4.669089726562500005e+02,-8.997669919057616994e+01
4.669092656249999891e+02,-9.301723865793037760e+01
4.669095585937500346e+02,-9.887968371547532342e+01
4.669098515625000232e+02,-9.435266023862793361e+01
4.669101445312500118e+02,-1.006521789779694274e+02
4.669104375000000005e+02,-9.255065100496162245e+01
4.669107304687499891e+02,-9.373463036365626522e+01
4.669110234375000346e+02,-9.358500393403311080e+01
4.669113164062500232e+02,-9.688582796036529032e+01
4.669116093750000118e+02,-1.106189195420043490e+02
4.669119023437500005e+02,-1.004245945148667261e+02
4.669121953124999891e+02,-9.213426063811712652e+01
4.669124882812500346e+02,-8.938614858436187660e+01
4.669127812500000232e+02,-8.934628502370692615e+01
4.669130742187500118e+02,-9.976143923755471121e+01
4.669133671875000005e+02,-8.882237438932273221e+01
4.669136601562499891e+02,-9.275000308161742169e+01
4.669139531250000346e+02,-1.098397688983367573e+02
4.669142460937500232e+02,-1.039227213314837286e+02
4.669145390625000118e+02,-1.015083086881372623e+02
4.669148320312500005e+02,-9.281124817573052610e+01
4.669151249999999891e+02,-9.117394710079963716e+01
4.669154179687500346e+02,-1.013036373051979524e+02
4.669157109375000232e+02,-1.145411490240983028e+02
4.669160039062500118e+02,-9.118569595919682058e+01
4.669162968750000005e+02,-9.078894309874682733e+01
4.669165898437499891e+02,-9.907416594906690932e+01
4.669168828125000346e+02,-1.100329327903187675e+02
4.669171757812500232e+02,-9.094447071394341719e+01
4.669174687500000118e+02,-8.860180555960906190e+01
4.669177617187500005e+02,-9.058212647790796268e+01
4.669180546874999891e+02,-8.868836812555825588e+01
4.669183476562500346e+02,-8.793483394289307853e+01
4.669186406250000232e+02,-8.620592050876553003e+01
4.669189335937500118e+02,-8.869665236183244872e+01
4.669192265625000005e+02,-8.570904872904043259e+01
4.669195195312499891e+02,-8.541112615593743840e+01
4.669198125000000346e+02,-8.590058101799259305e+01
4.669201054687500232e+02,-8.985468349824517986e+01
4.669203984375000118e+02,-9.596136755244708638e+01
4.669206914062500005e+02,-9.078922675333157599e+01
4.669209843749999891e+02,-9.022253675040954590e+01
4.669212773437500346e+02,-9.114060067906291351e+01
4.669215703125000232e+02,-9.424610301730197648e+01
4.669218632812500118e+02,-9.279071768345386317e+01
4.669221562500000005e+02,-9.782950993602304379e+01
4.669224492187499891e+02,-9.003269461811555630e+01
4.669227421875000346e+02,-9.055258404038370657e+01
4.669230351562500232e+02,-9.212176216957925590e+01
4.669233281250000118e+02,-9.807807544978183500e+01
4.669236210937500005e+02,-9.149399285130374437e+01
4.669239140624999891e+02,-9.296576516195186457e+01
4.669242070312500346e+02,-9.918308517788796053e+01
4.669245000000000232e+02,-9.918664180955865106e+01
4.669247929687500118e+02,-9.160568541156590072e+01
4.669250859375000005e+02,-9.351505513477754050e+01
4.669253789062499891e+02,-9.204809316536889696e+01
4.669256718750000346e+02,-9.699854392752865806e+01
4.669259648437500232e+02,-9.698754331667763040e+01
4.669262578125000118e+02,-9.429301440249949451e+01
4.669265507812500005e+02,-9.304135661952108194e+01
4.669268437499999891e+02,-9.178162160159887151e+01
4.669271367187500346e+02,-9.119126368403971128e+01
4.669274296875000232e+02,-1.001429917611899043e+02
4.669277226562500118e+02,-9.102379491892523333e+01
4.669280156250000005e+02,-9.556640905250819173e+01
4.669283085937499891e+02,-9.356543649663058204e+01
4.669286015625000346e+02,-9.129167862027856017e+01
4.669288945312500232e+02,-9.313320099196320712e+01
4.669291875000000118e+02,-1.129490589892264154e+02
4.669294804687500005e+02,-9.579778059503740906e+01
4.669297734374999891e+02,-9.881423491505744039e+01
4.669300664062500346e+02,-9.136732853210378380e+01
4.669303593750000232e+02,-9.417205853369057422e+01
4.669306523437500118e+02,-9.747806243650067870e+01
4.669309453125000005e+02,-9.805926554166141784e+01
4.669312382812499891e+02,-1.207564251923460432e+02
4.669315312500000346e+02,-9.394517156317583328e+01
4.669318242187500232e+02,-9.161798280120466131e+01
4.669321171875000118e+02,-8.693851846526089844e+01
4.669324101562500005e+02,-9.022064954511536428e+01
4.669327031249999891e+02,-9.099030334161305689e+01
4.669329960937500346e+02,-9.612267716388323890e+01
4.669332890625000232e+02,-9.077188759244410221e+01
4.669335820312500118e+02,-9.079573784523071822e+01
4.669338750000000005e+02,-9.546179924950806139e+01
4.669341679687499891e+02,-1.071102280526068142e+02
4.669344609375000346e+02,-9.481139649350004106e+01
4.669347539062500232e+02,-9.678010132023601386e+01
4.669350468750000118e+02,-1.003952352893986841e+02
4.669353398437500005e+02,-9.787355631038779791e+01
4.669356328124999891e+02,-9.953272122121246923e+01
4.669359257812500346e+02,-9.622640849170610977e+01
4.669362187500000232e+02,-9.570417713601381138e+01
4.669365117187500118e+02,-9.209140313526606292e+01
4.669368046875000005e+02,-9.265557072540788397e+01
4.669370976562499891e+02,-1.236200453465448845e+02
4.669373906250000346e+02,-9.387389323125066198e+01
4.669376835937500232e+02,-9.313673712601712396e+01
4.669379765625000118e+02,-9.580393447974657306e+01
4.669382695312500005e+02,-9.805396628140391613e+01
4.669385624999999891e+02,-9.736306937141982587e+01
4.669388554687500346e+02,-1.024302477357132659e+02
4.669391484375000232e+02,-1.003532242053058212e+02
4.669394414062500118e+02,-9.775630373775059923e+01
4.669397343750000005e+02,-8.760469813110634618e+01
4.669400273437499891e+02,-9.121614869032883632e+01
4.669403203125000346e+02,-1.035730178639757639e+02
4.669406132812500232e+02,-9.300162110503021040e+01
4.669409062500000118e+02,-1.015025134306885235e+02
4.669411992187500005e+02,-1.044207525653679340e+02
4.669414921874999891e+02,-9.604301138983664998e+01
4.669417851562500346e+02,-9.321842604774836616e+01
4.669420781250000232e+02,-9.363367909519024579e+01
4.669423710937500118e+02,-9.205451104885298719e+01
4.669426640625000005e+02,-9.206285293171495709e+01
4.669429570312499891e+02,-8.922519520792627645e+01
4.669432500000000346e+02,-9.794789407764957900e+01
4.669435429687500232e+02,-9.167367095955718526e+01
4.669438359375000118e+02,-9.035529898189400910e+01
4.669441289062500005e+02,-9.541755082594875148e+01
4.669444218749999891e+02,-9.173812268489457722e+01
4.669447148437500346e+02,-9.279745659625918108e+01
4.669450078125000232e+02,-9.538062223589109578e+01
4.669453007812500118e+02,-9.080996755914128471e+01
4.669455937500000005e+02,-9.457974055543596137e+01
4.669458867187499891e+02,-9.190720377135389185e+01
4.669461796875000346e+02,-9.417097899500737412e+01
4.669464726562500232e+02,-9.576568084399218606e+01
4.669467656250000118e+02,-9.491854518350798742e+01
4.669470585937500005e+02,-1.117530825015041529e+02
4.669473515624999891e+02,-9.261035475102573855e+01
4.669476445312500346e+02,-1.073386574375571172e+02
4.669479375000000232e+02,-8.817065759766883559e+01
4.669482304687500118e+02,-9.128496413540815979e+01
4.669485234375000005e+02,-9.810572208663536742e+01
4.669488164062499891e+02,-1.056351706330630122e+02
4.669491093750000346e+02,-9.288671034183354891e+01
4.669494023437500232e+02,-8.977695150896903442e+01
4.669496953125000118e+02,-9.446813723734086921e+01
4.669499882812500005e+02,-9.477597932139792647e+01
4.669502812499999891e+02,-9.892217405761519444e+01
4.669505742187500346e+02,-9.237451471183314311e+01
4.669508671875000232e+02,-9.002372003083638674e+01
4.669511601562500118e+02,-9.376994863087668364e+01
4.669514531250000005e+02,-1.019138371200110385e+02
4.669517460937499891e+02,-9.217185108640498470e+01
4.669520390625000346e+02,-9.073273053616497918e+01
4.669523320312500232e+02,-9.768775554464693300e+01
4.669526250000000118e+02,-9.426004758096146929e+01
4.669529179687500005e+02,-9.036416407244456650e+01
4.669532109374999891e+02,-9.759769574231697220e+01
4.669535039062500346e+02,-8.780132229279033140e+01
4.669537968750000232e+02,-8.800302174426745694e+01
4.669540898437500118e+02,-9.567948511399124811e+01
4.669543828125000005e+02,-9.786756543547414822e+01
4.669546757812499891e+02,-1.122337806075543938e+02
4.669549687500000346e+02,-1.012963319467568368e+02
4.669552617187500232e+02,-1.026212229818250421e+02
4.669555546875000118e+02,-9.878353754340383830e+01
4.669558476562500005e+02,-9.724650167595223138e+01
4.669561406249999891e+02,-9.439003189881893263e+01
4.669564335937500346e+02,-1.093466588015860168e+02
4.669567265625000232e+02,-9.250483576923213036e+01
4.669570195312500118e+02,-9.308225954294277926e+01
4.669573125000000005e+02,-1.027430545702887059e+02
4.669576054687499891e+02,-1.124584605822923322e+02
4.669578984375000346e+02,-9.357162945746006244e+01
4.669581914062500232e+02,-8.998785070124590391e+01
4.669584843750000118e+02,-9.078610370153982956e+01
4.669587773437500005e+02,-9.279622273934350574e+01
4.669590703124999891e+02,-1.008722145023761811e+02
4.669593632812500346e+02,-1.008412097602482191e+02
4.669596562500000232e+02,-9.032018855071326868e+01
4.669599492187500118e+02,-8.582021621320571114e+01
4.669602421875000005e+02,-9.178143625727413735e+01
4.669605351562499891e+02,-9.892604891420916147e+01
4.669608281250000346e+02,-9.272143288478234524e+01
4.669611210937500232e+02,-9.206890704289168070e+01
4.669614140625000118e+02,-9.638554169198810939e+01
4.669617070312500005e+02,-9.210430689070255994e+01
4.669619999999999891e+02,-9.391275128347899681e+01
4.669622929687500346e+02,-8.874267585317849694e+01
4.669625859375000232e+02,-8.976792687188849129e+01
4.669628789062500118e+02,-9.519762494226854699e+01
4.669631718750000005e+02,-1.002752737897861692e+02
4.669634648437499891e+02,-9.910597121776601170e+01
4.669637578125000346e+02,-1.013135813096423874e+02
4.669640507812500232e+02,-1.001949809598160925e+02
4.669643437500000118e+02,-9.479482932406840234e+01
4.669646367187500005e+02,-1.030515677464389199e+02
4.669649296874999891e+02,-9.009762928008775873e+01
4.669652226562500346e+02,-8.805261765145942832e+01
4.669655156250000232e+02,-8.749414399027057243e+01
4.669658085937500118e+02,-9.395914764192248469e+01
4.669661015625000005e+02,-9.613330570001238584e+01
4.669663945312499891e+02,-9.530697145278824678e+01
4.669666875000000346e+02,-9.854980307787299409e+01
4.669669804687500232e+02,-9.514901697071243802e+01
4.669672734375000118e+02,-9.135532078366128417e+01
4.669675664062500005e+02,-9.556283766211677744e+01
4.669678593749999891e+02,-1.018449617506132938e+02
4.669681523437500346e+02,-8.886804891863411626e+01
4.669684453125000232e+02,-8.661389066966977168e+01
4.669687382812500118e+02,-9.444156590338594981e+01
4.669690312500000005e+02,-1.053741902347013024e+02
4.669693242187499891e+02,-9.408653017839675670e+01
4.669696171875000346e+02,-9.008684246042463428e+01
4.669699101562500232e+02,-9.395156833350809222e+01
4.669702031250000118e+02,-1.025581913644933820e+02
4.669704960937500005e+02,-8.677134710552989816e+01
4.669707890624999891e+02,-8.424768145533234076e+01
4.669710820312500346e+02,-8.968312123333345198e+01
4.669713750000000232e+02,-1.001220805354910084e+02
4.669716679687500118e+02,-9.404358979105069238e+01
4.669719609375000005e+02,-8.861237109090529884e+01
4.669722539062499891e+02,-1.047999780630340041e+02
4.669725468750000346e+02,-9.161589520851504176e+01
4.669728398437500232e+02,-8.751792895769418124e+01
4.669731328125000118e+02,-8.741037288504594471e+01
4.669734257812500005e+02,-9.730826616042466526e+01
4.669737187499999891e+02,-1.066282645709122079e+02
4.669740117187500346e+02,-9.461297339597079770e+01
4.669743046875000232e+02,-8.879085158665027677e+01
4.669745976562500118e+02,-9.627343023073110828e+01
4.669748906250000005e+02,-9.665792074467509565e+01
4.669751835937499891e+02,-1.072462610620063401e+02
4.669754765625000346e+02,-9.341235042695018365e+01
4.669757695312500232e+02,-9.192100705308739350e+01
4.669760625000000118e+02,-9.079840272647746247e+01
4.669763554687500005e+02,-9.798865995824914421e+01
4.669766484374999891e+02,-9.014375040274001094e+01
4.669769414062500346e+02,-8.975562485204228835e+01
4.669772343750000232e+02,-8.886381562906925069e+01
4.669775273437500118e+02,-8.771576738457721945e+01
4.669778203125000005e+02,-1.012000385720519233e+02
4.669781132812499891e+02,-9.143691683007884308e+01
4.669784062500000346e+02,-8.740698960648336424e+01
4.669786992187500232e+02,-9.533048219108741250e+01
4.669789921875000118e+02,-9.197549135519166441e+01
4.669792851562500005e+02,-9.888655389919762229e+01
4.669795781249999891e+02,-9.048907736837000471e+01
4.669798710937500346e+02,-8.855670814293306137e+01
4.669801640625000232e+02,-9.131878947694491444e+01
4.669804570312500118e+02,-9.199199414289307697e+01
4.669807500000000005e+02,-9.812774367244345797e+01
4.669810429687499891e+02,-9.925002276744126561e+01
4.669813359375000346e+02,-9.141938701155208946e+01
4.669816289062500232e+02,-8.743694892845107347e+01
4.669819218750000118e+02,-8.405207993282493817e+01
4.669822148437500005e+02,-8.728145487645277001e+01
4.669825078124999891e+02,-9.597194739617536641e+01
4.669828007812500346e+02,-8.925091083269832382e+01
4.669830937500000232e+02,-8.895720306495576324e+01
4.669833867187500118e+02,-9.075358719795329421e+01
4.669836796875000005e+02,-8.591309317126977874e+01
4.669839726562499891e+02,-8.719043464858167169e+01
4.669842656250000346e+02,-9.876225509769254529e+01
4.669845585937500232e+02,-8.885340779200654993e+01
4.669848515625000118e+02,-8.452929581100286782e+01
4.669851445312500005e+02,-9.505937478691984666e+01
4.669854374999999891e+02,-1.035705609075982778e+02
4.669857304687500346e+02,-9.441908953470345978e+01
4.669860234375000232e+02,-9.501002008358537410e+01
4.669863164062500118e+02,-9.755582374216798769e+01
4.669866093750000005e+02,-1.004217266850222927e+02
4.669869023437499891e+02,-1.008069551200595839e+02
4.669871953125000346e+02,-1.031271021441482389e+02
4.669874882812500232e+02,-9.688505867263707216e+01
4.669877812500000118e+02,-9.663747236214621239e+01
4.669880742187500005e+02,-9.963046608150534666e+01
4.669883671874999891e+02,-1.017649513477702214e+02
4.669886601562500346e+02,-9.033491458179462086e+01
4.669889531250000232e+02,-9.394211941387547427e+01
4.669892460937500118e+02,-9.117314058557795420e+01
4.669895390625000005e+02,-9.158703025222294514e+01
4.669898320312499891e+02,-8.846455837746970019e+01
4.669901250000000346e+02,-9.004604899066106327e+01
4.669904179687500232e+02,-9.267178894030756453e+01
4.669907109375000118e+02,-9.889617955669592675e+01
4.669910039062500005e+02,-9.601162704156817540e+01
4.669912968749999891e+02,-9.779764816705819896e+01
4.669915898437500346e+02,-9.334799553310753595e+01
4.669918828125000232e+02,-9.774008590239397165e+01
4.669921757812500118e+02,-9.443864104147957050e+01
4.669924687500000005e+02,-9.584396087608345738e+01
4.669927617187499891e+02,-9.329799501519420346e+01
4.669930546875000346e+02,-9.784379522948211161e+01
4.669933476562500232e+02,-9.238696973177678728e+01
4.669936406250000118e+02,-9.101489206371167029e+01
4.669939335937500005e+02,-8.953598610390704948e+01
4.669942265624999891e+02,-9.254341103082636266e+01
4.669945195312500346e+02,-1.105852604633070086e+02
4.669948125000000232e+02,-1.100142782858754487e+02
4.669951054687500118e+02,-9.118780134157859152e+01
4.669953984375000005e+02,-8.970886959422588802e+01
4.669956914062499891e+02,-9.730977440231168885e+01
4.669959843750000346e+02,-9.605234594722899999e+01
4.669962773437500232e+02,-9.043552399599650471e+01
4.669965703125000118e+02,-9.914241917106667756e+01
4.669968632812500005e+02,-9.198958867363444369e+01
4.669971562499999891e+02,-1.032188182055100754e+02
4.669974492187500346e+02,-1.070665372925064958e+02
4.669977421875000232e+02,-1.002218181692956165e+02
4.669980351562500118e+02,-9.275899649322352047e+01
4.669983281250000005e+02,-8.842921163602163404e+01
4.669986210937499891e+02,-9.665158501959190573e+01
4.669989140625000346e+02,-9.624173749861759575e+01
4.669992070312500232e+02,-9.115640583562493759e+01
4.669995000000000118e+02,-9.531981434184244506e+01
4.669997929687500005e+02,-1.046445903216004751e+02
4.670000859374999891e+02,-9.654108154828590216e+01
4.670003789062500346e+02,-9.183697489446444706e+01
4.670006718750000232e+02,-8.606641091715168557e+01
4.670009648437500118e+02,-8.795473977212127181e+01
4.670012578125000005e+02,-9.080969345619855915e+01
4.670015507812499891e+02,-9.132924561322889190e+01
4.670018437500000346e+02,-9.037631253675213827e+01
4.670021367187500232e+02,-9.679935573525858672e+01
4.670024296875000118e+02,-1.002127400924781995e+02
4.670027226562500005e+02,-9.546740711189011108e+01
4.670030156249999891e+02,-8.813384397217141952e+01
4.670033085937500346e+02,-9.342625125689471588e+01
4.670036015625000232e+02,-9.657927346068490237e+01
4.670038945312500118e+02,-9.294529999603737735e+01
4.670041875000000005e+02,-8.851273080019549866e+01
4.670044804687499891e+02,-8.803994121688498353e+01
4.670047734375000346e+02,-9.077653430446929406e+01
4.670050664062500232e+02,-8.727369295865456422e+01
4.670053593750000118e+02,-8.970656814915018629e+01
4.670056523437500005e+02,-9.962753689564129900e+01
4.670059453124999891e+02,-9.373068350066530741e+01
4.670062382812500346e+02,-9.119372210955467040e+01
4.670065312500000232e+02,-9.444561200651618549e+01
4.670068242187500118e+02,-9.505153620054001351e+01
4.670071171875000005e+02,-9.223631618313773117e+01
4.670074101562499891e+02,-9.015856569772353168e+01
4.670077031250000346e+02,-9.159024122592225581e+01
4.670079960937500232e+02,-9.670442899313363228e+01
4.670082890625000118e+02,-8.992192791521064521e+01
4.670085820312500005e+02,-8.629001963691780475e+01
4.670088749999999891e+02,-8.916442641746448317e+01
4.670091679687500346e+02,-9.286693831476645755e+01
4.670094609375000232e+02,-9.170290571945187708e+01
4.670097539062500118e+02,-9.075699510445372198e+01
4.670100468750000005e+02,-9.294882987007964914e+01
4.670103398437499891e+02,-9.007272966647420276e+01
4.670106328125000346e+02,-1.053645611478880255e+02
4.670109257812500232e+02,-9.076710613271303885e+01
4.670112187500000118e+02,-9.975927676869554261e+01
4.670115117187500005e+02,-8.583823947947573174e+01
4.670118046874999891e+02,-8.804316423332117836e+01
4.670120976562500346e+02,-9.307916187297695387e+01
4.670123906250000232e+02,-9.352529113212676748e+01
4.670126835937500118e+02,-8.759472405538596718e+01
4.670129765625000005e+02,-9.544318959235349098e+01
4.670132695312499891e+02,-9.764621638155092853e+01
4.670135625000000346e+02,-1.081156566734306921e+02
4.670138554687500232e+02,-1.119628072036573201e+02
4.670141484375000118e+02,-1.067689939094995708e+02
4.670144414062500005e+02,-9.075477140349421745e+01
4.670147343749999891e+02,-8.987710265230651885e+01
4.670150273437500346e+02,-9.495923453179293006e+01
4.670153203125000232e+02,-9.491647421308796595e+01
4.670156132812500118e+02,-9.145254375525369994e+01
4.670159062500000005e+02,-9.222224197223943065e+01
4.670161992187499891e+02,-9.573552436277131505e+01
4.670164921875000346e+02,-9.201090777996761005e+01
4.670167851562500232e+02,-9.229169580052870003e+01
4.670170781250000118e+02,-9.166605568497020329e+01
4.670173710937500005e+02,-1.048910344990820533e+02
4.670176640624999891e+02,-8.979649394580513899e+01
4.670179570312500346e+02,-8.951913671293522157e+01
4.670182500000000232e+02,-1.014518628285563864e+02
4.670185429687500118e+02,-9.454133396455019067e+01
4.670188359375000005e+02,-9.427361597246627412e+01
4.670191289062499891e+02,-8.985512450380079486e+01
4.670194218750000346e+02,-9.016095590552212968e+01
4.670197148437500232e+02,-9.884941121228406757e+01
4.670200078125000118e+02,-8.935416108417058467e+01
4.670203007812500005e+02,-9.815964823619813728e+01
4.670205937499999891e+02,-9.034832951950782842e+01
4.670208867187500346e+02,-8.970307236751648361e+01
4.670211796875000232e+02,-8.775639986609091636e+01
4.670214726562500118e+02,-9.523717004417190424e+01
4.670217656250000005e+02,-9.111003631186036955e+01
4.670220585937499891e+02,-8.700518468087666690e+01
4.670223515625000346e+02,-9.018059732177043486e+01
4.670226445312500232e+02,-9.201591623784601381e+01
4.670229375000000118e+02,-1.008636751785184771e+02
4.670232304687500005e+02,-9.287018816871528770e+01
4.670235234374999891e+02,-8.802196484629787676e+01
4.670238164062500346e+02,-9.194826482038368454e+01
4.670241093750000232e+02,-9.986566256180942958e+01
4.670244023437500118e+02,-9.493123117571153102e+01
4.670246953125000005e+02,-1.088008453957160668e+02
4.670249882812499891e+02,-1.011949822353114570e+02
4.670252812500000346e+02,-1.153660640419460037e+02
4.670255742187500232e+02,-9.177196347861331560e+01
4.670258671875000118e+02,-9.089400838408307948e+01
4.670261601562500005e+02,-9.180857451782753742e+01
4.670264531249999891e+02,-1.055106453106212570e+02
4.670267460937500346e+02,-9.206031159369247518e+01
4.670270390625000232e+02,-9.256594719312943198e+01
4.670273320312500118e+02,-1.092048448804082597e+02
4.670276250000000005e+02,-9.077039840374823143e+01
4.670279179687499891e+02,-9.129868990238324500e+01
4.670282109375000346e+02,-9.506028368317863908e+01
4.670285039062500232e+02,-9.073738679913661542e+01
4.670287968750000118e+02,-9.260053858359103174e+01
4.670290898437500005e+02,-9.021007898660059254e+01
4.670293828124999891e+02,-9.527932827733225452e+01
4.670296757812500346e+02,-9.143328181566752733e+01
4.670299687500000232e+02,-9.315125434461467080e+01
4.670302617187500118e+02,-9.457139683609574377e+01
4.670305546875000005e+02,-9.774971164823448078e+01
4.670308476562499891e+02,-9.122665436273818784e+01
4.670311406250000346e+02,-8.964793745176837092e+01
4.670314335937500232e+02,-9.203592550580729892e+01
4.670317265625000118e+02,-9.331291704151290389e+01
4.670320195312500005e+02,-9.299237583438666377e+01
4.670323124999999891e+02,-9.485133512858665483e+01
4.670326054687500346e+02,-8.861125533460645443e+01
4.670328984375000232e+02,-8.811395246842704410e+01
4.670331914062500118e+02,-9.451080957059419063e+01
4.670334843750000005e+02,-9.054962530051386693e+01
4.670337773437499891e+02,-9.188369479598362943e+01
4.670340703125000346e+02,-9.265522631029128320e+01
4.670343632812500232e+02,-8.645693845592531090e+01
4.670346562500000118e+02,-8.662646386131888221e+01
4.670349492187500005e+02,-1.003370495019276518e+02
4.670352421874999891e+02,-9.168034913184838786e+01
4.670355351562500346e+02,-1.196041210478379782e+02
4.670358281250000232e+02,-1.025236041232162307e+02
4.670361210937500118e+02,-9.823139807441890525e+01
4.670364140625000005e+02,-1.001670763617455719e+02
4.670367070312499891e+02,-9.727027279965454909e+01
4.670370000000000346e+02,-8.926444075921382648e+01
4.670372929687500232e+02,-9.108630090185302208e+01
4.670375859375000118e+02,-1.025659452280570036e+02
4.670378789062500005e+02,-9.363745436018079715e+01
4.670381718749999891e+02,-1.206427963256211910e+02
4.670384648437500346e+02,-8.830624632693806575e+01
4.670387578125000232e+02,-9.021046381127959535e+01
4.670390507812500118e+02,-8.563501302679605942e+01
4.670393437500000005e+02,-8.240652190195419280e+01
4.670396367187499891e+02,-8.510762859039019190e+01
4.670399296875000346e+02,-9.367480755001834325e+01
4.670402226562500232e+02,-9.091538458639820419e+01
4.670405156250000118e+02,-9.185702913529708269e+01
4.670408085937500005e+02,-1.099621229344381845e+02
4.670411015624999891e+02,-9.367206310296276683e+01
4.670413945312500346e+02,-9.789699450345025866e+01
4.670416875000000232e+02,-9.538126378200344391e+01
4.670419804687500118e+02,-9.205184352630816136e+01
4.670422734375000005e+02,-9.414800580927067131e+01
4.670425664062499891e+02,-9.955764440054065290e+01
4.670428593750000346e+02,-9.653562237027759352e+01
4.670431523437500232e+02,-9.144447888307357175e+01
4.670434453125000118e+02,-9.164736369256945636e+01
4.670437382812500005e+02,-9.075942395130523721e+01
4.670440312499999891e+02,-9.483264325372657311e+01
4.670443242187500346e+02,-9.561891792769812071e+01
4.670446171875000232e+02,-9.461256187054296163e+01
4.670449101562500118e+02,-9.125604059830143910e+01
4.670452031250000005e+02,-9.136952323208559790e+01
4.670454960937499891e+02,-8.847315841993177798e+01
4.670457890625000346e+02,-8.969262057370643504e+01
4.670460820312500232e+02,-8.730812105271814971e+01
4.670463750000000118e+02,-8.795051140433665182e+01
4.670466679687500005e+02,-9.043174096016841190e+01
4.670469609374999891e+02,-9.677454123175111533e+01
4.670472539062500346e+02,-9.424995268041399754e+01
4.670475468750000232e+02,-1.013894132610034546e+02
4.670478398437500118e+02,-9.895530864446362784e+01
4.670481328125000005e+02,-9.573660237906716475e+01
4.670484257812499891e+02,-9.375931119171733030e+01
4.670487187500000346e+02,-9.746493016518292052e+01
4.670490117187500232e+02,-8.988105988275903258e+01
4.670493046875000118e+02,-9.227391328137251492e+01
4.670495976562500005e+02,-9.210202712495002686e+01
4.670498906249999891e+02,-9.130716202318991748e+01
4.670501835937500346e+02,-9.656646398814157806e+01
4.670504765625000232e+02,-9.907693541975496032e+01
4.670507695312500118e+02,-9.239422704183517965e+01
4.670510625000000005e+02,-9.583902195959262826e+01
4.670513554687499891e+02,-9.405142186309763019e+01
4.670516484375000346e+02,-8.713051753391680165e+01
4.670519414062500232e+02,-9.033020687335113053e+01
4.670522343750000118e+02,-9.323572282256822064e+01
4.670525273437500005e+02,-9.240492978355720766e+01
4.670528203124999891e+02,-8.851200450792907759e+01
4.670531132812500346e+02,-9.642331402660921924e+01
4.670534062500000232e+02,-9.582381568688853690e+01
4.670536992187500118e+02,-1.143012144886564556e+02
4.670539921875000005e+02,-9.548866836322758900e+01
4.670542851562499891e+02,-9.485323148632309653e+01
4.670545781250000346e+02,-1.019517950573492016e+02
4.670548710937500232e+02,-1.179562877333428332e+02
4.670551640625000118e+02,-1.027091080471286233e+02
4.670554570312500005e+02,-9.420435534329443783e+01
4.670557499999999891e+02,-9.132480143936203376e+01
4.670560429687500346e+02,-9.116037914851987978e+01
4.670563359375000232e+02,-1.067745815943161602e+02
4.670566289062500118e+02,-9.249447369450182066e+01
4.670569218750000005e+02,-9.897444495091690442e+01
4.670572148437499891e+02,-9.817806486829368851e+01
4.670575078125000346e+02,-9.639933156393878733e+01
4.670578007812500232e+02,-9.904010137497243704e+01
4.670580937500000118e+02,-9.514071348656692351e+01
4.670583867187500005e+02,-8.971206146716576768e+01
4.670586796874999891e+02,-8.959801570993656128e+01
4.670589726562500346e+02,-1.052021703004296285e+02
4.670592656250000232e+02,-8.596483993137049140e+01
4.670595585937500118e+02,-9.046274449349958502e+01
4.670598515625000005e+02,-9.906672419986449540e+01
4.670601445312499891e+02,-8.986764203093075309e+01
4.670604375000000346e+02,-8.507500569470070673e+01
4.670607304687500232e+02,-8.669856494123168034e+01
4.670610234375000118e+02,-9.191289918479965593e+01
4.670613164062500005e+02,-9.528944792475874692e+01
4.670616093749999891e+02,-9.441822706169915591e+01
4.670619023437500346e+02,-9.269259562562673693e+01
4.670621953125000232e+02,-9.510489535838391362e+01
4.670624882812500118e+02,-1.040127852669891695e+02
4.670627812500000005e+02,-9.708561748835030869e+01
4.670630742187499891e+02,-8.979667802458179438e+01
4.670633671875000346e+02,-9.198406391918720715e+01
4.670636601562500232e+02,-9.363938919674416184e+01
4.670639531250000118e+02,-9.043178750187442461e+01
4.670642460937500005e+02,-9.425269685090273697e+01
4.670645390624999891e+02,-9.535742713035210727e+01
4.670648320312500346e+02,-9.533032083810766721e+01
4.670651250000000232e+02,-9.928585726310819837e+01
4.670654179687500118e+02,-9.553307711374199584e+01
4.670657109375000005e+02,-9.701845636732427636e+01
4.670660039062499891e+02,-9.716685042782812332e+01
4.670662968750000346e+02,-9.135595534267605444e+01
4.670665898437500232e+02,-8.997854571329186513e+01
4.670668828125000118e+02,-8.728622763989342559e+01
4.670671757812500005e+02,-9.196802770163577634e+01
4.670674687499999891e+02,-9.452636799165273374e+01
4.670677617187500346e+02,-9.734386489816527899e+01
4.670680546875000232e+02,-9.313439252845610383e+01
4.670683476562500118e+02,-9.337216933071317726e+01
4.670686406250000005e+02,-8.563850802890843283e+01
4.670689335937499891e+02,-8.615620344212686632e+01
4.670692265625000346e+02,-1.010163456407769900e+02
4.670695195312500232e+02,-9.469964963040791872e+01
4.670698125000000118e+02,-8.918590619964435007e+01
4.670701054687500005e+02,-8.914036019733049443e+01
4.670703984374999891e+02,-9.116256389248144387e+01
4.670706914062500346e+02,-9.147985074418856755e+01
4.670709843750000232e+02,-9.218036581107200789e+01
4.670712773437500118e+02,-8.991898730245003435e+01
4.670715703125000005e+02,-8.700919491577401743e+01
4.670718632812499891e+02,-9.228135939734259807e+01
4.670721562500000346e+02,-1.014314697477166476e+02
4.670724492187500232e+02,-8.867465198673573923e+01
4.670727421875000118e+02,-9.738559667316940249e+01
4.670730351562500005e+02,-9.908590164960251911e+01
4.670733281249999891e+02,-9.343308114894497862e+01
4.670736210937500346e+02,-9.390930558563982800e+01
4.670739140625000232e+02,-9.731084086175332004e+01
4.670742070312500118e+02,-8.554359279074539302e+01
4.670745000000000005e+02,-8.718060396378304233e+01
4.670747929687499891e+02,-9.242022552502412225e+01
4.670750859375000346e+02,-9.562754013922432250e+01
4.670753789062500232e+02,-9.143265509545597070e+01
4.670756718750000118e+02,-8.883649485121837586e+01
4.670759648437500005e+02,-9.686748831891661382e+01
4.670762578124999891e+02,-9.355178899056056707e+01
4.670765507812500346e+02,-9.316685651721465433e+01
4.670768437500000232e+02,-9.994035851514280466e+01
4.670771367187500118e+02,-1.027712151394667615e+02
4.670774296875000005e+02,-9.585354187473207332e+01
4.670777226562499891e+02,-9.090995249012280510e+01
4.670780156250000346e+02,-8.568260248122592770e+01
4.670783085937500232e+02,-9.467759743479896883e+01
4.670786015625000118e+02,-8.828479259254608280e+01
4.670788945312500005e+02,-8.809005911936711186e+01
4.670791874999999891e+02,-9.783623044981125361e+01
4.670794804687500346e+02,-9.104462193010746773e+01
4.670797734375000232e+02,-1.042393806357395931e+02
4.670800664062500118e+02,-8.745258382662255769e+01
4.670803593750000005e+02,-8.778771592251445099e+01
4.670806523437499891e+02,-1.030216786629383705e+02
4.670809453125000346e+02,-9.495671983073579270e+01
4.670812382812500232e+02,-1.046290033406296800e+02
4.670815312500000118e+02,-9.616971055359984177e+01
4.670818242187500005e+02,-1.012203524929262244e+02
4.670821171874999891e+02,-8.966835646524282311e+01
4.670824101562500346e+02,-8.687402823099947113e+01
4.670827031250000232e+02,-8.830073305501917957e+01
4.670829960937500118e+02,-8.949860047858400947e+01
4.670832890625000005e+02,-8.717309571346176256e+01
4.670835820312499891e+02,-9.111787883613845906e+01
4.670838750000000346e+02,-9.827547774859617391e+01
4.670841679687500232e+02,-1.017885763180881895e+02
4.670844609375000118e+02,-9.159403709690310791e+01
4.670847539062500005e+02,-8.938021125187222538e+01
4.670850468749999891e+02,-9.942424746793788870e+01
4.670853398437500346e+02,-9.747264379738255968e+01
4.670856328125000232e+02,-9.746217431261156605e+01
4.670859257812500118e+02,-9.181310054723977032e+01
4.670862187500000005e+02,-9.133052554457053418e+01
4.670865117187499891e+02,-9.252232900561969586e+01
4.670868046875000346e+02,-9.257844229550201476e+01
4.670870976562500232e+02,-1.049170057438757198e+02
4.670873906250000118e+02,-9.515513378326112104e+01
4.670876835937500005e+02,-8.756808448075476292e+01
4.670879765624999891e+02,-8.849573171342586875e+01
4.670882695312500346e+02,-9.138949981899656905e+01
4.670885625000000232e+02,-9.395866051901708715e+01
4.670888554687500118e+02,-9.266150535041411729e+01
4.670891484375000005e+02,-8.920285454561933136e+01
4.670894414062499891e+02,-9.795892409861352235e+01
4.670897343750000346e+02,-1.096842572785607075e+02
4.670900273437500232e+02,-9.649505680411269282e+01
4.670903203125000118e+02,-9.170781971364930030e+01
4.670906132812500005e+02,-9.535658776166407335e+01
4.670909062499999891e+02,-8.000886999251734721e+01
4.670911992187500346e+02,-7.545924919655141139e+01
4.670914921875000232e+02,-8.398170276667170242e+01
4.670917851562500118e+02,-9.085183756637087527e+01
4.670920781250000005e+02,-8.935747057985265940e+01
4.670923710937499891e+02,-9.462228886820822993e+01
4.670926640625000346e+02,-8.559690671126406869e+01
4.670929570312500232e+02,-9.195034147497621291e+01
4.670932500000000118e+02,-9.017706339359574486e+01
4.670935429687500005e+02,-8.975590907852418354e+01
4.670938359374999891e+02,-9.548192344996982683e+01
4.670941289062500346e+02,-9.525252186374764563e+01
4.670944218750000232e+02,-8.969590134433674677e+01
4.670947148437500118e+02,-8.910002615013047489e+01
4.670950078125000005e+02,-8.567939245989109054e+01
4.670953007812499891e+02,-8.255641627551065653e+01
4.670955937500000346e+02,-9.437933538465826189e+01
4.670958867187500232e+02,-8.710626361567902620e+01
4.670961796875000118e+02,-8.583051795293627606e+01
4.670964726562500005e+02,-8.819604420276360202e+01
4.670967656249999891e+02,-9.047028839056278571e+01
4.670970585937500346e+02,-9.212613015276167516e+01
4.670973515625000232e+02,-8.601773078313881626e+01
4.670976445312500118e+02,-9.094593136050713156e+01
4.670979375000000005e+02,-8.532199288597523434e+01
4.670982304687499891e+02,-8.412270963095734544e+01
4.670985234375000346e+02,-8.598142281117391406e+01
4.670988164062500232e+02,-9.643461724607482211e+01
4.670991093750000118e+02,-9.653819592586002329e+01
4.670994023437500005e+02,-9.509888580825381155e+01
4.670996953124999891e+02,-9.186946258886833050e+01
4.670999882812500346e+02,-9.109518838886052094e+01
4.671002812500000232e+02,-9.202137597287814685e+01
4.671005742187500118e+02,-8.783998314320325562e+01
4.671008671875000005e+02,-9.060212006081245306e+01
4.671011601562499891e+02,-9.612217564384253876e+01
4.671014531250000346e+02,-9.604208415197378201e+01
4.671017460937500232e+02,-9.132517318789977878e+01
4.671020390625000118e+02,-8.988186259610853313e+01
4.671023320312500005e+02,-9.577254720958737266e+01
4.671026249999999891e+02,-8.771372739735491564e+01
4.671029179687500346e+02,-8.990146829031834841e+01
4.671032109375000232e+02,-9.303433722227792657e+01
4.671035039062500118e+02,-8.632016370864860733e+01
4.671037968750000005e+02,-9.419477995589942054e+01
4.671040898437499891e+02,-9.358577768809341535e+01
4.671043828125000346e+02,-9.189222085976334142e+01
4.671046757812500232e+02,-1.054024942028460714e+02
4.671049687500000118e+02,-9.559004023383985782e+01
4.671052617187500005e+02,-8.581776500065502944e+01
4.671055546874999891e+02,-8.616949898747841985e+01
4.671058476562500346e+02,-9.138297331557166103e+01
4.671061406250000232e+02,-9.157846526235871920e+01
4.671064335937500118e+02,-8.624238258118151634e+01
4.671067265625000005e+02,-8.985745123900210274e+01
4.671070195312499891e+02,-9.602788361744309498e+01
4.671073125000000346e+02,-9.169707980933209512e+01
4.671076054687500232e+02,-8.983839503839465124e+01
4.671078984375000118e+02,-9.134487497477439888e+01
4.671081914062500005e+02,-1.081456081381679724e+02
4.671084843749999891e+02,-9.557139489166773672e+01
4.671087773437500346e+02,-8.838454552938614484e+01
4.671090703125000232e+02,-8.442151885281460011e+01
4.671093632812500118e+02,-8.422513399525236366e+01
4.671096562500000005e+02,-9.172135836708520173e+01
4.671099492187499891e+02,-9.837416343121628870e+01
4.671102421875000346e+02,-1.061727645326956235e+02
4.671105351562500232e+02,-9.208796342295127602e+01
4.671108281250000118e+02,-9.134403272062681367e+01
4.671111210937500005e+02,-8.999081535306883950e+01
4.671114140624999891e+02,-9.945311147982684474e+01
4.671117070312500346e+02,-1.000621982079987617e+02
4.671120000000000232e+02,-9.077779753100318771e+01
4.671122929687500118e+02,-8.812597245810530922e+01
4.671125859375000005e+02,-9.194392450591138299e+01
4.671128789062499891e+02,-9.084411731453602101e+01
4.671131718750000346e+02,-9.216730530936385435e+01
4.671134648437500232e+02,-1.007649754462110536e+02
4.671137578125000118e+02,-9.197779625907280376e+01
4.671140507812500005e+02,-1.020426018474787782e+02
4.671143437499999891e+02,-9.291446050813540580e+01
4.671146367187500346e+02,-8.419878281032271161e+01
4.671149296875000232e+02,-9.067009054953727798e+01
4.671152226562500118e+02,-1.012262430125529420e+02
4.671155156250000005e+02,-8.533192794438704709e+01
4.671158085937499891e+02,-8.422370415840694591e+01
4.671161015625000346e+02,-9.056799050153233566e+01
4.671163945312500232e+02,-1.026637794416639196e+02
4.671166875000000118e+02,-9.674284000979211839e+01
4.671169804687500005e+02,-9.430664091122444859e+01
4.671172734374999891e+02,-9.229473801351802820e+01
4.671175664062500346e+02,-1.052680098525773076e+02
4.671178593750000232e+02,-9.200396572636746839e+01
4.671181523437500118e+02,-9.945145120604797739e+01
4.671184453125000005e+02,-1.034710546578245527e+02
4.671187382812499891e+02,-8.330703333637478636e+01
4.671190312500000346e+02,-8.643397771742723990e+01
4.671193242187500232e+02,-8.709048143320015356e+01
4.671196171875000118e+02,-9.286394062305581087e+01
4.671199101562500005e+02,-9.154272319277765746e+01
4.671202031249999891e+02,-8.864015414766055301e+01
4.671204960937500346e+02,-8.856435156029709788e+01
4.671207890625000232e+02,-8.782064883530537713e+01
4.671210820312500118e+02,-9.202671577474070830e+01
4.671213750000000005e+02,-8.967199161545880770e+01
4.671216679687499891e+02,-9.109189178397498665e+01
4.671219609375000346e+02,-8.809393244037059389e+01
4.671222539062500232e+02,-8.818597467128368805e+01
4.671225468750000118e+02,-1.018331218315824174e+02
4.671228398437500005e+02,-9.966023281977122394e+01
4.671231328124999891e+02,-9.583145918212997572e+01
4.671234257812500346e+02,-9.316503536377635442e+01
4.671237187500000232e+02,-9.398231170611927610e+01
4.671240117187500118e+02,-9.123534968371188825e+01
4.671243046875000005e+02,-8.990783349708877381e+01
4.671245976562499891e+02,-9.328419493919017214e+01
4.671248906250000346e+02,-9.236283830879911250e+01
4.671251835937500232e+02,-8.906595376054153235e+01
4.671254765625000118e+02,-8.980612488873737220e+01
4.671257695312500005e+02,-8.680951114376111377e+01
4.671260624999999891e+02,-8.602550109954727020e+01
4.671263554687500346e+02,-8.508181112879297814e+01
4.671266484375000232e+02,-8.290549552702815106e+01
4.671269414062500118e+02,-8.611912987907044226e+01
4.671272343750000005e+02,-8.436060177873086730e+01
4.671275273437499891e+02,-8.477921442530256968e+01
4.671278203125000346e+02,-8.725251736744370135e+01
4.671281132812500232e+02,-8.499542644933157476e+01
4.671284062500000118e+02,-8.386930671211405297e+01
4.671286992187500005e+02,-8.365958368398240452e+01
4.671289921874999891e+02,-8.774061355263950190e+01
4.671292851562500346e+02,-9.113050167842925475e+01
4.671295781250000232e+02,-9.380551401709466575e+01
4.671298710937500118e+02,-9.129213335155179720e+01
4.671301640625000005e+02,-8.753924204297914002e+01
4.671304570312499891e+02,-9.032530670138861240e+01
4.671307500000000346e+02,-9.374452146825629484e+01
4.671310429687500232e+02,-8.932574684842238355e+01
4.671313359375000118e+02,-8.689022779272161756e+01
4.671316289062500005e+02,-8.895975323232171661e+01
4.671319218749999891e+02,-9.038704006114608092e+01
4.671322148437500346e+02,-9.802640455135269804e+01
4.671325078125000232e+02,-8.870612479707270381e+01
4.671328007812500118e+02,-8.399882222890565231e+01
4.671330937500000005e+02,-8.869945636728878924e+01
4.671333867187499891e+02,-1.066098044678900010e+02
4.671336796875000346e+02,-1.007826715281323402e+02
4.671339726562500232e+02,-9.468133675002184191e+01
4.671342656250000118e+02,-9.703060790752665810e+01
4.671345585937500005e+02,-8.687152777113630009e+01
4.671348515624999891e+02,-8.788259540291520011e+01
4.671351445312500346e+02,-9.626031202019481725e+01
4.671354375000000232e+02,-9.081409033529966734e+01
4.671357304687500118e+02,-9.106415226208007141e+01
4.671360234375000005e+02,-8.737094361023117983e+01
4.671363164062499891e+02,-8.744796427039582909e+01
4.671366093750000346e+02,-8.681315726829944879e+01
4.671369023437500232e+02,-9.390980328279258060e+01
4.671371953125000118e+02,-9.376749970358306996e+01
4.671374882812500005e+02,-9.118734304338497054e+01
4.671377812499999891e+02,-8.580209371578000344e+01
4.671380742187500346e+02,-8.678563038909112493e+01
4.671383671875000232e+02,-1.041553066354131545e+02
4.671386601562500118e+02,-8.662010433021789879e+01
4.671389531250000005e+02,-8.407011928645276555e+01
4.671392460937499891e+02,-9.003047416112374890e+01
4.671395390625000346e+02,-8.816763266956164102e+01
4.671398320312500232e+02,-8.847959863545864323e+01
4.671401250000000118e+02,-9.858449284026100656e+01
4.671404179687500005e+02,-9.209655789884386934e+01
4.671407109374999891e+02,-8.798349444198065328e+01
4.671410039062500346e+02,-1.069212253051919106e+02
4.671412968750000232e+02,-9.446711547827774780e+01
4.671415898437500118e+02,-9.631499895399551292e+01
4.671418828125000005e+02,-8.662291742011998963e+01
4.671421757812499891e+02,-8.445323063637061978e+01
4.671424687500000346e+02,-8.642091668364832913e+01
4.671427617187500232e+02,-9.528508190123272925e+01
4.671430546875000118e+02,-8.550594091423579357e+01
4.671433476562500005e+02,-8.411195500953641613e+01
4.671436406249999891e+02,-8.402567460508335273e+01
4.671439335937500346e+02,-8.681855405001095960e+01
4.671442265625000232e+02,-9.179807125267048207e+01
4.671445195312500118e+02,-9.592399312783369680e+01
4.671448125000000005e+02,-8.820942052625093766e+01
4.671451054687499891e+02,-8.764310350068075195e+01
4.671453984375000346e+02,-8.891046410257979460e+01
4.671456914062500232e+02,-8.825672213034179947e+01
4.671459843750000118e+02,-1.042141845861373213e+02
4.671462773437500005e+02,-8.832040801713802125e+01
4.671465703124999891e+02,-8.425426174338043950e+01
4.671468632812500346e+02,-8.763431844429290152e+01
4.671471562500000232e+02,-8.961090502196825014e+01
4.671474492187500118e+02,-9.761984519703028695e+01
4.671477421875000005e+02,-9.978578759992485914e+01
4.671480351562499891e+02,-1.005668501615859043e+02
4.671483281250000346e+02,-8.799671837670229024e+01
4.671486210937500232e+02,-9.527328517334098024e+01
4.671489140625000118e+02,-8.775600837189558945e+01
4.671492070312500005e+02,-8.305726095671431608e+01
4.671494999999999891e+02,-8.603357833433815927e+01
4.671497929687500346e+02,-8.975970673350335005e+01
4.671500859375000232e+02,-8.929541872771252997e+01
4.671503789062500118e+02,-8.889919585416230063e+01
4.671506718750000005e+02,-9.499481800313614599e+01
4.671509648437499891e+02,-9.207381616460857288e+01
4.671512578125000346e+02,-8.806367051573207050e+01
4.671515507812500232e+02,-9.183423170773073707e+01
4.671518437500000118e+02,-8.912138589272234412e+01
4.671521367187500005e+02,-8.958434036803807032e+01
4.671524296874999891e+02,-9.697364883873885333e+01
4.671527226562500346e+02,-8.684934534601416090e+01
4.671530156250000232e+02,-8.603953962607522499e+01
4.671533085937500118e+02,-8.016374434807438831e+01
4.671536015625000005e+02,-8.621959719628387120e+01
4.671538945312499891e+02,-9.672796217940906160e+01
4.671541875000000346e+02,-8.741881232225173903e+01
4.671544804687500232e+02,-9.537381190711151646e+01
4.671547734375000118e+02,-9.516855368153767358e+01
4.671550664062500005e+02,-9.076221573491565664e+01
4.671553593749999891e+02,-8.557426072280316021e+01
4.671556523437500346e+02,-8.557616612245837473e+01
4.671559453125000232e+02,-9.211646261319239670e+01
4.671562382812500118e+02,-9.159650993203429437e+01
4.671565312500000005e+02,-8.838882851493691817e+01
4.671568242187499891e+02,-8.833656875535700692e+01
4.671571171875000346e+02,-8.126121718175453168e+01
4.671574101562500232e+02,-8.119199989571747267e+01
4.671577031250000118e+02,-8.920393176478197006e+01
4.671579960937500005e+02,-9.431487668058970542e+01
4.671582890624999891e+02,-9.185703297741773099e+01
4.671585820312500346e+02,-9.284453254393797295e+01
4.671588750000000232e+02,-9.066082265562104681e+01
4.671591679687500118e+02,-8.997991511496505268e+01
4.671594609375000005e+02,-8.755991609760488359e+01
4.671597539062499891e+02,-8.879759061554418054e+01
4.671600468750000346e+02,-8.432005809122799178e+01
4.671603398437500232e+02,-8.390224431395205329e+01
4.671606328125000118e+02,-8.856364191513264927e+01
4.671609257812500005e+02,-9.390631696781380811e+01
4.671612187499999891e+02,-8.741444940490970339e+01
4.671615117187500346e+02,-8.912872198012382796e+01
4.671618046875000232e+02,-9.883498617825279098e+01
4.671620976562500118e+02,-1.072938533040293407e+02
4.671623906250000005e+02,-9.331531449386091026e+01
4.671626835937499891e+02,-9.733562831654437275e+01
4.671629765625000346e+02,-9.882199903697234333e+01
4.671632695312500232e+02,-8.804432510792506150e+01
4.671635625000000118e+02,-8.423483337416067229e+01
4.671638554687500005e+02,-9.026114130078892117e+01
4.671641484374999891e+02,-9.085455072402464793e+01
4.671644414062500346e+02,-9.412318271467314901e+01
4.671647343750000232e+02,-9.007728000207691821e+01
4.671650273437500118e+02,-9.541459917901102017e+01
4.671653203125000005e+02,-8.738142783762489785e+01
4.671656132812499891e+02,-8.959524066718350355e+01
4.671659062500000346e+02,-9.551598770893875212e+01
4.671661992187500232e+02,-8.568762804962766211e+01
4.671664921875000118e+02,-8.958167581698781134e+01
4.671667851562500005e+02,-9.786566057695878840e+01
4.671670781249999891e+02,-8.981732231240663111e+01
4.671673710937500346e+02,-8.260684552833754424e+01
4.671676640625000232e+02,-8.172205502013133582e+01
4.671679570312500118e+02,-8.623789083577716497e+01
4.671682500000000005e+02,-9.154273567328519334e+01
4.671685429687499891e+02,-9.346764812748317297e+01
4.671688359375000346e+02,-9.187395233046947851e+01
4.671691289062500232e+02,-9.276625286610578769e+01
4.671694218750000118e+02,-9.016180008222309539e+01
4.671697148437500005e+02,-9.166325655364826730e+01
4.671700078124999891e+02,-9.168498238167106251e+01
4.671703007812500346e+02,-8.843859319394425711e+01
4.671705937500000232e+02,-8.554209888860661692e+01
4.671708867187500118e+02,-9.444766115087054459e+01
4.671711796875000005e+02,-9.710709782647316501e+01
4.671714726562499891e+02,-8.892510442493717449e+01
4.671717656250000346e+02,-8.842211944255410572e+01
4.671720585937500232e+02,-8.689993457043213709e+01
4.671723515625000118e+02,-9.042857734312427453e+01
4.671726445312500005e+02,-8.771145347053561636e+01
4.671729374999999891e+02,-9.387112761351977497e+01
4.671732304687500346e+02,-9.734805027240884101e+01
4.671735234375000232e+02,-8.530389414045049534e+01
4.671738164062500118e+02,-8.657123682268753839e+01
4.671741093750000005e+02,-8.670680362795602036e+01
4.671744023437499891e+02,-8.594483711735792042e+01
4.671746953125000346e+02,-9.363190534970355827e+01
4.671749882812500232e+02,-8.874320300346386148e+01
4.671752812500000118e+02,-9.149086603448205324e+01
4.671755742187500005e+02,-9.237837466422517707e+01
4.671758671874999891e+02,-8.408802940100025580e+01
4.671761601562500346e+02,-8.623946286813571760e+01
4.671764531250000232e+02,-9.195227471052893975e+01
4.671767460937500118e+02,-8.453504443699426929e+01
4.671770390625000005e+02,-8.889267133904675688e+01
4.671773320312499891e+02,-1.101409064631959609e+02
4.671776250000000346e+02,-1.090961663763664546e+02
4.671779179687500232e+02,-8.655159352675909190e+01
4.671782109375000118e+02,-8.410244588636754770e+01
4.671785039062500005e+02,-8.674906436471414395e+01
4.671787968749999891e+02,-8.488068777020262701e+01
4.671790898437500346e+02,-8.813302292587927411e+01
4.671793828125000232e+02,-9.140519271331136508e+01
4.671796757812500118e+02,-8.874148115284030780e+01
4.671799687500000005e+02,-8.581213963595791938e+01
4.671802617187499891e+02,-8.728498659689265082e+01
4.671805546875000346e+02,-9.265976936729268232e+01
4.671808476562500232e+02,-9.607006320941174238e+01
4.671811406250000118e+02,-8.701094874533708889e+01
4.671814335937500005e+02,-1.000528732606920528e+02
4.671817265624999891e+02,-9.500556743325302023e+01
4.671820195312500346e+02,-9.180013279849328001e+01
4.671823125000000232e+02,-8.694056937867138402e+01
4.671826054687500118e+02,-8.606186576177840664e+01
4.671828984375000005e+02,-9.134699380375522537e+01
4.671831914062499891e+02,-8.443738384421106957e+01
4.671834843750000346e+02,-8.759786574800716608e+01
4.671837773437500232e+02,-8.922645652096457525e+01
4.671840703125000118e+02,-8.580238351026034138e+01
4.671843632812500005e+02,-1.018740774094344346e+02
4.671846562499999891e+02,-8.849475978425722644e+01
4.671849492187500346e+02,-9.994482200501317948e+01
4.671852421875000232e+02,-1.081178106997277979e+02
4.671855351562500118e+02,-9.522175080487487264e+01
4.671858281250000005e+02,-9.397829155547371727e+01
4.671861210937499891e+02,-9.329477908183321233e+01
4.671864140625000346e+02,-8.794989622710629362e+01
4.671867070312500232e+02,-8.698560046255298062e+01
4.671870000000000118e+02,-9.006357832930783047e+01
4.671872929687500005e+02,-9.114343203465347187e+01
4.671875859374999891e+02,-8.623697656169895254e+01
4.671878789062500346e+02,-8.146592636801656795e+01
4.671881718750000232e+02,-8.020387494424737440e+01
4.671884648437500118e+02,-8.004670905514643664e+01
4.671887578125000005e+02,-8.187717803945110973e+01
4.671890507812499891e+02,-8.910997577828607064e+01
4.671893437500000346e+02,-8.498866837167155097e+01
4.671896367187500232e+02,-8.281572623922920684e+01
4.671899296875000118e+02,-8.477162399661217762e+01
4.671902226562500005e+02,-8.954887953356163166e+01
4.671905156249999891e+02,-1.010429950921147935e+02
4.671908085937500346e+02,-9.495779012565152755e+01
4.671911015625000232e+02,-9.926915144905045452e+01
4.671913945312500118e+02,-8.461393082444176628e+01
4.671916875000000005e+02,-9.157348177678882450e+01
4.671919804687499891e+02,-1.025633910954271926e+02
4.671922734375000346e+02,-9.912358349866893548e+01
4.671925664062500232e+02,-9.111848101141596601e+01
4.671928593750000118e+02,-9.031350429440978189e+01
4.671931523437500005e+02,-8.282996692227595759e+01
4.671934453124999891e+02,-8.216149936860426806e+01
4.671937382812500346e+02,-8.621449629700538253e+01
4.671940312500000232e+02,-9.146244542359613661e+01
4.671943242187500118e+02,-9.064641474122194609e+01
4.671946171875000005e+02,-9.897218654513098102e+01
4.671949101562499891e+02,-8.893396577806976211e+01
4.671952031250000346e+02,-8.387582899599118491e+01
4.671954960937500232e+02,-9.455723959200064144e+01
4.671957890625000118e+02,-1.022266896073620330e+02
4.671960820312500005e+02,-9.561106050076618601e+01
4.671963749999999891e+02,-9.776690629270535737e+01
4.671966679687500346e+02,-8.977354929014308027e+01
4.671969609375000232e+02,-8.561429169945895978e+01
4.671972539062500118e+02,-9.799742558132530235e+01
4.671975468750000005e+02,-9.185619779426453135e+01
4.671978398437499891e+02,-8.795337929481370054e+01
4.671981328125000346e+02,-9.134320994629177903e+01
4.671984257812500232e+02,-8.499817338454134585e+01
4.671987187500000118e+02,-8.262843200035290181e+01
4.671990117187500005e+02,-8.646571492291577954e+01
4.671993046874999891e+02,-8.877788005021483286e+01
4.671995976562500346e+02,-9.424003977084701944e+01
4.671998906250000232e+02,-8.419607714738907589e+01
4.672001835937500118e+02,-8.338943843588722871e+01
4.672004765625000005e+02,-9.289838789652884543e+01
4.672007695312499891e+02,-8.565328048285326190e+01
4.672010625000000346e+02,-8.304065824743435087e+01
4.672013554687500232e+02,-8.470133526206886643e+01
4.672016484375000118e+02,-8.957524069856999915e+01
4.672019414062500005e+02,-8.385091251845473437e+01
4.672022343749999891e+02,-9.411292667743707341e+01
4.672025273437500346e+02,-8.550521446401236858e+01
4.672028203125000232e+02,-8.619424167213469445e+01
4.672031132812500118e+02,-1.015095968572369713e+02
4.672034062500000005e+02,-8.648664865173118699e+01
4.672036992187499891e+02,-9.052380484127189675e+01
4.672039921875000346e+02,-8.682100756201906222e+01
4.672042851562500232e+02,-8.734572765345262724e+01
4.672045781250000118e+02,-8.783984742643011145e+01
4.672048710937500005e+02,-8.493541623376754046e+01
4.672051640624999891e+02,-8.073659245429907116e+01
4.672054570312500346e+02,-7.955887890359809944e+01
4.672057500000000232e+02,-8.667950437041480427e+01
4.672060429687500118e+02,-8.557431185881070235e+01
4.672063359375000005e+02,-8.318515087380588113e+01
4.672066289062499891e+02,-8.302787045337484528e+01
4.672069218750000346e+02,-8.649588241099328911e+01
4.672072148437500232e+02,-8.357162918804530705e+01
4.672075078125000118e+02,-8.754613568280559832e+01
4.672078007812500005e+02,-9.076029862813430782e+01
4.672080937499999891e+02,-9.040171934951295896e+01
4.672083867187500346e+02,-8.806872601859012661e+01
4.672086796875000232e+02,-8.679977974465774082e+01
4.672089726562500118e+02,-8.330371621583947217e+01
4.672092656250000005e+02,-8.294714772964906047e+01
4.672095585937499891e+02,-9.172572508500164190e+01
4.672098515625000346e+02,-9.673422024222206517e+01
4.672101445312500232e+02,-8.959934629955583318e+01
4.672104375000000118e+02,-9.390933618161143670e+01
4.672107304687500005e+02,-8.601738341451323322e+01
4.672110234374999891e+02,-8.894384427167723572e+01
4.672113164062500346e+02,-8.392173132501172006e+01
4.672116093750000232e+02,-8.212587116333989457e+01
4.672119023437500118e+02,-8.588641595687845154e+01
4.672121953125000005e+02,-8.381900179873514389e+01
4.672124882812499891e+02,-8.468662155290647320e+01
4.672127812500000346e+02,-9.815378851829551365e+01
4.672130742187500232e+02,-9.694994798162886696e+01
4.672133671875000118e+02,-9.026237915151969560e+01
4.672136601562500005e+02,-8.650324791353781961e+01
4.672139531249999891e+02,-8.855543102959963164e+01
4.672142460937500346e+02,-8.910350763217911663e+01
4.672145390625000232e+02,-1.146185984850797723e+02
4.672148320312500118e+02,-1.019583916029202157e+02
4.672151250000000005e+02,-8.757084004358756602e+01
4.672154179687499891e+02,-8.023862563514643398e+01
4.672157109375000346e+02,-7.961972103844983906e+01
4.672160039062500232e+02,-8.495114021304792118e+01
4.672162968750000118e+02,-9.755357582849629239e+01
4.672165898437500005e+02,-9.168134019538202040e+01
4.672168828124999891e+02,-9.369822443244471799e+01
4.672171757812500346e+02,-8.944195533754560756e+01
4.672174687500000232e+02,-8.844157882939198601e+01
4.672177617187500118e+02,-8.962244807479817155e+01
4.672180546875000005e+02,-9.084312083532964266e+01
4.672183476562499891e+02,-9.036019428437248280e+01
4.672186406250000346e+02,-9.614152361789049905e+01
4.672189335937500232e+02,-8.843718428506187479e+01
4.672192265625000118e+02,-8.879524674611454316e+01
4.672195195312500005e+02,-7.800164476414209958e+01
4.672198124999999891e+02,-8.285153281557037985e+01
4.672201054687500346e+02,-1.033546703831264182e+02
4.672203984375000232e+02,-9.534415922632152274e+01
4.672206914062500118e+02,-9.970222520064129412e+01
4.672209843750000005e+02,-9.078007488868598784e+01
4.672212773437499891e+02,-9.414819635477965676e+01
4.672215703125000346e+02,-8.557344196826223026e+01
4.672218632812500232e+02,-8.521701013348207709e+01
4.672221562500000118e+02,-8.923529643041862869e+01
4.672224492187500005e+02,-8.595346682415686246e+01
4.672227421874999891e+02,-8.069614864219937544e+01
4.672230351562500346e+02,-8.365742663115341315e+01
4.672233281250000232e+02,-1.016946524618873582e+02
4.672236210937500118e+02,-8.768884441185774392e+01
4.672239140625000005e+02,-8.622400375542660811e+01
4.672242070312499891e+02,-8.281625651776448649e+01
4.672245000000000346e+02,-8.473710151295929904e+01
4.672247929687500232e+02,-8.380730541801128197e+01
4.672250859375000118e+02,-8.826244353542779209e+01
4.672253789062500005e+02,-9.441835623721215143e+01
4.672256718749999891e+02,-9.576249645882221273e+01
4.672259648437500346e+02,-8.873331451003302561e+01
4.672262578125000232e+02,-9.126206210089536341e+01
4.672265507812500118e+02,-8.691910289522766675e+01
4.672268437500000005e+02,-8.783494916871509872e+01
4.672271367187499891e+02,-9.102908730952661642e+01
4.672274296875000346e+02,-9.050522695789703675e+01
4.672277226562500232e+02,-8.800190795913223951e+01
4.672280156250000118e+02,-8.896949924064630011e+01
4.672283085937500005e+02,-9.403531044422774698e+01
4.672286015624999891e+02,-8.325274820925598362e+01
4.672288945312500346e+02,-8.595302336324635917e+01
4.672291875000000232e+02,-9.214399319615110073e+01
4.672294804687500118e+02,-8.757251878666620826e+01
4.672297734375000005e+02,-9.548846922625071443e+01
4.672300664062499891e+02,-8.483716188306993899e+01
4.672303593750000346e+02,-8.538627169640543002e+01
4.672306523437500232e+02,-8.438090939093200404e+01
4.672309453125000118e+02,-8.405236398765379136e+01
4.672312382812500005e+02,-9.503224360203367382e+01
4.672315312499999891e+02,-8.606775645707735123e+01
4.672318242187500346e+02,-8.396981953951814148e+01
4.672321171875000232e+02,-8.629025400990349226e+01
4.672324101562500118e+02,-8.840662035555135390e+01
4.672327031250000005e+02,-9.209824640923471861e+01
4.672329960937499891e+02,-9.568810339961915190e+01
4.672332890625000346e+02,-9.491690241578594112e+01
4.672335820312500232e+02,-8.984436838025575867e+01
4.672338750000000118e+02,-8.765474096225425171e+01
4.672341679687500005e+02,-8.488785200088722149e+01
4.672344609374999891e+02,-8.606010540700431477e+01
4.672347539062500346e+02,-9.045295067328214600e+01
4.672350468750000232e+02,-8.519487401686093619e+01
4.672353398437500118e+02,-8.883638386685588273e+01
4.672356328125000005e+02,-8.868866195639196803e+01
4.672359257812499891e+02,-8.744998646120026820e+01
4.672362187500000346e+02,-8.813550408606934639e+01
4.672365117187500232e+02,-8.634627460644465202e+01
4.672368046875000118e+02,-9.635724277911637614e+01
4.672370976562500005e+02,-9.178465158861500583e+01
4.672373906249999891e+02,-9.230604445241988287e+01
4.672376835937500346e+02,-8.674562014610043548e+01
4.672379765625000232e+02,-8.059001968374306557e+01
4.672382695312500118e+02,-8.001305845698172448e+01
4.672385625000000005e+02,-9.183942153787756979e+01
4.672388554687499891e+02,-8.366132296204881413e+01
4.672391484375000346e+02,-9.941396702205790348e+01
4.672394414062500232e+02,-9.347005862558165745e+01
4.672397343750000118e+02,-9.666818818378204980e+01
4.672400273437500005e+02,-8.852252979731149196e+01
4.672403203124999891e+02,-8.333194551537248174e+01
4.672406132812500346e+02,-8.064838817073224675e+01
4.672409062500000232e+02,-8.568950463937262896e+01
4.672411992187500118e+02,-8.873891011314091770e+01
4.672414921875000005e+02,-8.533291051666766691e+01
4.672417851562499891e+02,-8.838859965486298620e+01
4.672420781250000346e+02,-8.204080679986353175e+01
4.672423710937500232e+02,-8.406847563709601445e+01
4.672426640625000118e+02,-8.827139122278919103e+01
4.672429570312500005e+02,-8.522319124238072163e+01
4.672432499999999891e+02,-8.597972750998890490e+01
4.672435429687500346e+02,-8.799763100188307874e+01
4.672438359375000232e+02,-9.489103896568018115e+01
4.672441289062500118e+02,-8.943440553969213624e+01
4.672444218750000005e+02,-9.489615382457635917e+01
4.672447148437499891e+02,-8.669640678754184648e+01
4.672450078125000346e+02,-9.312254179881369964e+01
4.672453007812500232e+02,-9.117166096416453058e+01
4.672455937500000118e+02,-8.375987770019452228e+01
4.672458867187500005e+02,-8.657812875934284591e+01
4.672461796874999891e+02,-8.526866448830259060e+01
4.672464726562500346e+02,-8.323284706804726341e+01
4.672467656250000232e+02,-8.190920843325761780e+01
4.672470585937500118e+02,-8.851282980343997053e+01
4.672473515625000005e+02,-9.352671893568627581e+01
4.672476445312499891e+02,-9.136838696120669567e+01
4.672479375000000346e+02,-9.059976360881736923e+01
4.672482304687500232e+02,-8.908397258933590024e+01
4.672485234375000118e+02,-8.781928190296764569e+01
4.672488164062500005e+02,-8.965775315247810795e+01
4.672491093749999891e+02,-9.535033062148835370e+01
4.672494023437500346e+02,-9.893948092954433093e+01
4.672496953125000232e+02,-8.758748125039366528e+01
4.672499882812500118e+02,-8.263259933760846820e+01
4.672502812500000005e+02,-8.238059074646513125e+01
4.672505742187499891e+02,-8.372406965116839217e+01
4.672508671875000346e+02,-8.634347079755113441e+01
4.672511601562500232e+02,-9.653716340216014657e+01
4.672514531250000118e+02,-8.442752776789829738e+01
4.672517460937500005e+02,-8.151068767700935780e+01
4.672520390624999891e+02,-8.293556629640171707e+01
4.672523320312500346e+02,-8.447793712947867562e+01
4.672526250000000232e+02,-9.291910966814425876e+01
4.672529179687500118e+02,-9.284323440006757266e+01
4.672532109375000005e+02,-8.691946770416274148e+01
4.672535039062499891e+02,-8.393445315140579055e+01
4.672537968750000346e+02,-8.918190000761214264e+01
4.672540898437500232e+02,-8.789181690470849162e+01
4.672543828125000118e+02,-9.175113206576214964e+01
4.672546757812500005e+02,-8.702812625645357514e+01
4.672549687499999891e+02,-8.495699740948833778e+01
4.672552617187500346e+02,-9.282951511255738808e+01
4.672555546875000232e+02,-8.088968789909284851e+01
4.672558476562500118e+02,-8.904557702341941194e+01
4.672561406250000005e+02,-8.785663416784480262e+01
4.672564335937499891e+02,-9.176532982408110684e+01
4.672567265625000346e+02,-9.093316656020147093e+01
4.672570195312500232e+02,-8.879413560264387684e+01
4.672573125000000118e+02,-8.903194163746626089e+01
4.672576054687500005e+02,-9.100376474107503100e+01
4.672578984374999891e+02,-9.734121228771364542e+01
4.672581914062500346e+02,-1.006978880507766689e+02
4.672584843750000232e+02,-9.057919123074202616e+01
4.672587773437500118e+02,-8.647918133328751367e+01
4.672590703125000005e+02,-7.899610219350063289e+01
4.672593632812499891e+02,-9.022615968962557531e+01
4.672596562500000346e+02,-8.550415110191141821e+01
4.672599492187500232e+02,-8.970371221876133916e+01
4.672602421875000118e+02,-1.006085821016544912e+02
4.672605351562500005e+02,-8.828880115844903287e+01
4.672608281249999891e+02,-8.315782480215317207e+01
4.672611210937500346e+02,-8.209330343913742922e+01
4.672614140625000232e+02,-8.618819272789899344e+01
4.672617070312500118e+02,-9.199679802896866931e+01
4.672620000000000005e+02,-8.909172874159155242e+01
4.672622929687499891e+02,-8.586477758164078011e+01
4.672625859375000346e+02,-9.757926907425918728e+01
4.672628789062500232e+02,-8.460518648503594363e+01
4.672631718750000118e+02,-8.477940638662207107e+01
4.672634648437500005e+02,-8.489260730719925618e+01
4.672637578124999891e+02,-9.890460771735190804e+01
4.672640507812500346e+02,-8.152608796079719866e+01
4.672643437500000232e+02,-8.168683447595569191e+01
4.672646367187500118e+02,-9.468620413198331676e+01
4.672649296875000005e+02,-8.789574965584940003e+01
4.672652226562499891e+02,-8.346501170485137777e+01
4.672655156250000346e+02,-9.365842223397181954e+01
4.672658085937500232e+02,-8.878880848009387705e+01
4.672661015625000118e+02,-8.670715872933462265e+01
4.672663945312500005e+02,-9.580133686026206874e+01
4.672666874999999891e+02,-9.169124651454063724e+01
4.672669804687500346e+02,-8.864226531697575240e+01
4.672672734375000232e+02,-8.262919956972240243e+01
4.672675664062500118e+02,-7.871685930930118502e+01
4.672678593750000005e+02,-8.366521347203320147e+01
4.672681523437499891e+02,-8.766727249419973589e+01
4.672684453125000346e+02,-8.572561133315426218e+01
4.672687382812500232e+02,-8.590960966492758644e+01
4.672690312500000118e+02,-9.318764532122644084e+01
4.672693242187500005e+02,-8.686394685657218417e+01
4.672696171874999891e+02,-8.340209799914345012e+01
4.672699101562500346e+02,-8.126732896548998042e+01
4.672702031250000232e+02,-9.367375562446490278e+01
4.672704960937500118e+02,-8.902049586284086047e+01
4.672707890625000005e+02,-8.129368065275608046e+01
4.672710820312499891e+02,-7.525955986021898525e+01
4.672713750000000346e+02,-7.813068042703675076e+01
4.672716679687500232e+02,-8.108093458757194583e+01
4.672719609375000118e+02,-9.304218162294041861e+01
4.672722539062500005e+02,-8.541297119762127465e+01
4.672725468749999891e+02,-8.267553226440881531e+01
4.672728398437500346e+02,-1.034658480786216046e+02
4.672731328125000232e+02,-8.365451835579040107e+01
4.672734257812500118e+02,-8.154971960637038819e+01
4.672737187500000005e+02,-8.138119773414135238e+01
4.672740117187499891e+02,-8.913656594512495701e+01
4.672743046875000346e+02,-8.986799876132216980e+01
4.672745976562500232e+02,-8.247155768271097998e+01
4.672748906250000118e+02,-8.657845061014643306e+01
4.672751835937500005e+02,-8.589262614984987465e+01
4.672754765624999891e+02,-8.218748274490907590e+01
4.672757695312500346e+02,-8.465777681711971070e+01
4.672760625000000232e+02,-9.295196882365183910e+01
4.672763554687500118e+02,-8.908471378480869873e+01
4.672766484375000005e+02,-9.130336291250802105e+01
4.672769414062499891e+02,-9.602019276860869468e+01
4.672772343750000346e+02,-8.936200751979184531e+01
4.672775273437500232e+02,-8.224641715833810451e+01
4.672778203125000118e+02,-8.804962371149402145e+01
4.672781132812500005e+02,-9.246818092880226914e+01
4.672784062499999891e+02,-8.905803466252376666e+01
4.672786992187500346e+02,-9.849881921809617324e+01
4.672789921875000232e+02,-8.566027743436862352e+01
4.672792851562500118e+02,-8.167083745265698269e+01
4.672795781250000005e+02,-8.114920105450187293e+01
4.672798710937499891e+02,-8.859120892835206007e+01
4.672801640625000346e+02,-9.208751143948880724e+01
4.672804570312500232e+02,-8.299274616836027008e+01
4.672807500000000118e+02,-8.394138101131518681e+01
4.672810429687500005e+02,-9.907698194583049656e+01
4.672813359374999891e+02,-8.001663989142089406e+01
4.672816289062500346e+02,-7.448981730449402505e+01
4.672819218750000232e+02,-7.950090899249522636e+01
4.672822148437500118e+02,-9.242654430641808005e+01
4.672825078125000005e+02,-9.368531268478336926e+01
4.672828007812499891e+02,-8.415069925269824580e+01
4.672830937500000346e+02,-8.836629508265536970e+01
4.672833867187500232e+02,-8.673878595371513711e+01
4.672836796875000118e+02,-8.584833937400833292e+01
4.672839726562500005e+02,-8.586549289169511212e+01
4.672842656249999891e+02,-8.686655352186873813e+01
4.672845585937500346e+02,-9.455148483361932676e+01
4.672848515625000232e+02,-7.862671477772126138e+01
4.672851445312500118e+02,-7.570443959445850624e+01
4.672854375000000005e+02,-8.247649672930022291e+01
4.672857304687499891e+02,-9.045446912908674619e+01
4.672860234375000346e+02,-9.319870797893929648e+01
4.672863164062500232e+02,-8.914466071174261685e+01
4.672866093750000118e+02,-9.026732776786536760e+01
4.672869023437500005e+02,-8.614395931199931056e+01
4.672871953124999891e+02,-1.001929888372156370e+02
4.672874882812500346e+02,-9.172582805333915701e+01
4.672877812500000232e+02,-8.187054289898628667e+01
4.672880742187500118e+02,-7.969218935016203886e+01
4.672883671875000005e+02,-9.068856557195516643e+01
4.672886601562499891e+02,-9.093747140302653520e+01
4.672889531250000346e+02,-8.531930859329082750e+01
4.672892460937500232e+02,-9.089756853264644576e+01
4.672895390625000118e+02,-8.466470939640196036e+01
4.672898320312500005e+02,-9.133764586510358185e+01
4.672901249999999891e+02,-8.674383111028730298e+01
4.672904179687500346e+02,-8.663258704813134159e+01
4.672907109375000232e+02,-9.029031298909939096e+01
4.672910039062500118e+02,-8.351822105637317861e+01
4.672912968750000005e+02,-8.473644686455850206e+01
4.672915898437499891e+02,-8.651978730076081092e+01
4.672918828125000346e+02,-8.785421789087766342e+01
4.672921757812500232e+02,-8.926208075651247498e+01
4.672924687500000118e+02,-7.964943579887720659e+01
4.672927617187500005e+02,-7.949343155892748314e+01
4.672930546874999891e+02,-8.577636622040044756e+01
4.672933476562500346e+02,-9.170434844890883141e+01
4.672936406250000232e+02,-8.223423005337258473e+01
4.672939335937500118e+02,-7.973332922267496770e+01
4.672942265625000005e+02,-8.077992284971743686e+01
4.672945195312499891e+02,-9.523662449273346908e+01
4.672948125000000346e+02,-8.757108189071082904e+01
4.672951054687500232e+02,-8.957885663212941552e+01
4.672953984375000118e+02,-8.748885923499223338e+01
4.672956914062500005e+02,-7.816180724322686046e+01
4.672959843749999891e+02,-8.334703122386289920e+01
4.672962773437500346e+02,-9.499494259789830153e+01
4.672965703125000232e+02,-9.072810295153553284e+01
4.672968632812500118e+02,-8.557012312318553882e+01
4.672971562500000005e+02,-8.566330570382021392e+01
4.672974492187499891e+02,-8.380024695351265507e+01
4.672977421875000346e+02,-8.232759957236170578e+01
4.672980351562500232e+02,-8.591859439253509834e+01
4.672983281250000118e+02,-8.619909814319885299e+01
4.672986210937500005e+02,-9.575661898627728874e+01
4.672989140624999891e+02,-8.595804705683900693e+01
4.672992070312500346e+02,-8.594670851148676149e+01
4.672995000000000232e+02,-8.749541089979409492e+01
4.672997929687500118e+02,-8.580291188452136453e+01
4.673000859375000005e+02,-8.139916742169617692e+01
4.673003789062499891e+02,-8.151453226668056118e+01
4.673006718750000346e+02,-8.128678026110465282e+01
4.673009648437500232e+02,-8.594304071159822911e+01
4.673012578125000118e+02,-8.772082201008063862e+01
4.673015507812500005e+02,-8.245335585953742452e+01
4.673018437499999891e+02,-8.239612033307453487e+01
4.673021367187500346e+02,-8.678361255572585264e+01
4.673024296875000232e+02,-8.314275238515860167e+01
4.673027226562500118e+02,-7.967747583757807206e+01
4.673030156250000005e+02,-8.058174615019868270e+01
4.673033085937499891e+02,-8.374166046548437237e+01
4.673036015625000346e+02,-8.472533036704820120e+01
4.673038945312500232e+02,-8.057693238763980048e+01
4.673041875000000118e+02,-8.116735377357454695e+01
4.673044804687500005e+02,-8.261931609416863864e+01
4.673047734374999891e+02,-8.956248192238714978e+01
4.673050664062500346e+02,-8.503636062517355754e+01
4.673053593750000232e+02,-8.407111354609870091e+01
4.673056523437500118e+02,-8.964582756036000433e+01
4.673059453125000005e+02,-8.813897825073820513e+01
4.673062382812499891e+02,-9.143975057524943395e+01
4.673065312500000346e+02,-9.387631381138317010e+01
4.673068242187500232e+02,-1.077551422027192700e+02
4.673071171875000118e+02,-1.026615732466433286e+02
4.673074101562500005e+02,-8.272213085676216338e+01
4.673077031249999891e+02,-7.846813037159903104e+01
4.673079960937500346e+02,-8.306013576179540792e+01
4.673082890625000232e+02,-8.466880031829931852e+01
4.673085820312500118e+02,-8.744303326383959529e+01
4.673088750000000005e+02,-9.753877991019771798e+01
4.673091679687499891e+02,-8.466246790749593742e+01
4.673094609375000346e+02,-8.440083488552275526e+01
4.673097539062500232e+02,-8.690873246429602261e+01
4.673100468750000118e+02,-8.620034236606693412e+01
4.673103398437500005e+02,-8.821702879780934836e+01
4.673106328124999891e+02,-8.201419434176108325e+01
4.673109257812500346e+02,-8.872917727332145432e+01
4.673112187500000232e+02,-9.502180763723920620e+01
4.673115117187500118e+02,-1.050300836999704615e+02
4.673118046875000005e+02,-8.448708189681212843e+01
4.673120976562499891e+02,-8.139459576890722303e+01
4.673123906250000346e+02,-9.550814943947403890e+01
4.673126835937500232e+02,-9.474048660171150971e+01
4.673129765625000118e+02,-9.885098374932977094e+01
4.673132695312500005e+02,-8.174663129678071982e+01
4.673135624999999891e+02,-8.647781171065686578e+01
4.673138554687500346e+02,-9.493973877633638381e+01
4.673141484375000232e+02,-8.105614871668912258e+01
4.673144414062500118e+02,-7.867985495079749114e+01
4.673147343750000005e+02,-8.278334050576604852e+01
4.673150273437499891e+02,-9.008673947746316912e+01
4.673153203125000346e+02,-9.287378262675659357e+01
4.673156132812500232e+02,-9.455350602133820814e+01
4.673159062500000118e+02,-8.409378182512055844e+01
4.673161992187500005e+02,-8.134915492661663450e+01
4.673164921874999891e+02,-8.390966114229556183e+01
4.673167851562500346e+02,-9.248920412080914844e+01
4.673170781250000232e+02,-9.306815589856458359e+01
4.673173710937500118e+02,-8.173698367691379474e+01
4.673176640625000005e+02,-8.371355598526736230e+01
4.673179570312499891e+02,-8.230322468151780413e+01
4.673182500000000346e+02,-8.824386635142190016e+01
4.673185429687500232e+02,-8.810177515561974815e+01
4.673188359375000118e+02,-8.373381296703675503e+01
4.673191289062500005e+02,-8.503188256608359552e+01
4.673194218749999891e+02,-9.372031026527999131e+01
4.673197148437500346e+02,-8.769408257121675376e+01
4.673200078125000232e+02,-9.149847048542528682e+01
4.673203007812500118e+02,-8.691924473245920524e+01
4.673205937500000005e+02,-8.769778892586555230e+01
4.673208867187499891e+02,-9.037837622807295190e+01
4.673211796875000346e+02,-8.650497854146078680e+01
4.673214726562500232e+02,-8.352055281064878045e+01
4.673217656250000118e+02,-8.669206560583617716e+01
4.673220585937500005e+02,-8.621080888201407788e+01
4.673223515624999891e+02,-9.250499227249923706e+01
4.673226445312500346e+02,-8.589735220780788438e+01
4.673229375000000232e+02,-8.778269292331215468e+01
4.673232304687500118e+02,-8.870787847941330995e+01
4.673235234375000005e+02,-8.987647465000436853e+01
4.673238164062499891e+02,-9.659895057351496916e+01
4.673241093750000346e+02,-8.749455959545176142e+01
4.673244023437500232e+02,-8.406373911238958385e+01
4.673246953125000118e+02,-8.060113851530188356e+01
4.673249882812500005e+02,-7.701446726552056532e+01
4.673252812499999891e+02,-7.758611171018682739e+01
4.673255742187500346e+02,-8.410466903300823560e+01
4.673258671875000232e+02,-8.072835761484259365e+01
4.673261601562500118e+02,-8.765121901206653376e+01
4.673264531250000005e+02,-8.302555406014384687e+01
4.673267460937499891e+02,-9.269528771491133057e+01
4.673270390625000346e+02,-8.855473901787951263e+01
4.673273320312500232e+02,-8.738424634246798917e+01
4.673276250000000118e+02,-8.084504375905909512e+01
4.673279179687500005e+02,-8.251162442959289933e+01
4.673282109374999891e+02,-8.334070641047846095e+01
4.673285039062500346e+02,-8.611800550168914015e+01
4.673287968750000232e+02,-8.533409927446302845e+01
4.673290898437500118e+02,-9.397192613368440561e+01
4.673293828125000005e+02,-9.077853306255460097e+01
4.673296757812499891e+02,-8.490879959634264651e+01
4.673299687500000346e+02,-8.743224802204024115e+01
4.673302617187500232e+02,-8.381612701575613755e+01
4.673305546875000118e+02,-8.368052702586740565e+01
4.673308476562500005e+02,-8.375955285472198852e+01
4.673311406249999891e+02,-8.362762591244050725e+01
4.673314335937500346e+02,-9.048360171662372409e+01
4.673317265625000232e+02,-1.034617726311101080e+02
4.673320195312500118e+02,-1.022454634201233148e+02
4.673323125000000005e+02,-9.945200285819412045e+01
4.673326054687499891e+02,-8.806455129287222405e+01
4.673328984375000346e+02,-8.004310511780360571e+01
4.673331914062500232e+02,-7.492174908939459499e+01
4.673334843750000118e+02,-7.814707533503352010e+01
4.673337773437500005e+02,-9.135039262558120754e+01
4.673340703124999891e+02,-9.391719417417967009e+01
4.673343632812500346e+02,-8.824996790391303136e+01
4.673346562500000232e+02,-8.260171546924613040e+01
4.673349492187500118e+02,-8.680786711848134019e+01
4.673352421875000005e+02,-8.445965687536416056e+01
4.673355351562499891e+02,-8.065578309438494387e+01
4.673358281250000346e+02,-8.624650218886587538e+01
4.673361210937500232e+02,-8.164814901371957490e+01
4.673364140625000118e+02,-7.777637801865699885e+01
4.673367070312500005e+02,-7.542450969237231106e+01
4.673369999999999891e+02,-7.880131979924790642e+01
4.673372929687500346e+02,-8.133387275358712998e+01
4.673375859375000232e+02,-8.121504364880168225e+01
4.673378789062500118e+02,-9.181989397422158561e+01
4.673381718750000005e+02,-9.177324342405907487e+01
4.673384648437499891e+02,-8.666497402426495000e+01
4.673387578125000346e+02,-8.374198194495980374e+01
4.673390507812500232e+02,-8.985077585378309095e+01
4.673393437500000118e+02,-9.162484567891920051e+01
4.673396367187500005e+02,-7.934232974928383442e+01
4.673399296874999891e+02,-6.866310784109647614e+01
4.673402226562500346e+02,-7.170915576085285181e+01
4.673405156250000232e+02,-8.440558814339067339e+01
4.673408085937500118e+02,-8.427749858662900806e+01
4.673411015625000005e+02,-9.173791830287063931e+01
4.673413945312499891e+02,-9.504566014477717317e+01
4.673416875000000346e+02,-8.355467435794089681e+01
4.673419804687500232e+02,-8.385343096164902477e+01
4.673422734375000118e+02,-8.428423370634016010e+01
4.673425664062500005e+02,-8.191480819117381884e+01
4.673428593749999891e+02,-8.160314994267592681e+01
4.673431523437500346e+02,-8.487695163918206731e+01
4.673434453125000232e+02,-8.685181182262044786e+01
4.673437382812500118e+02,-7.939764704306851684e+01
4.673440312500000005e+02,-7.718954660487901265e+01
4.673443242187499891e+02,-7.918612764502844925e+01
4.673446171875000346e+02,-8.207205173559260913e+01
4.673449101562500232e+02,-8.887591178863860364e+01
4.673452031250000118e+02,-9.205774806068150440e+01
4.673454960937500005e+02,-9.009658357386572902e+01
4.673457890624999891e+02,-8.767133488946845432e+01
4.673460820312500346e+02,-8.432986590712908992e+01
4.673463750000000232e+02,-9.057057619844698593e+01
4.673466679687500118e+02,-1.020749832110592337e+02
4.673469609375000005e+02,-8.607432364811897685e+01
4.673472539062499891e+02,-7.495313492057482563e+01
4.673475468750000346e+02,-7.607426388566054243e+01
4.673478398437500232e+02,-8.761361730683435667e+01
4.673481328125000118e+02,-9.397029063896857792e+01
4.673484257812500005e+02,-8.878280143869085350e+01
4.673487187499999891e+02,-8.113511414414398359e+01
4.673490117187500346e+02,-8.034870196432180478e+01
4.673493046875000232e+02,-8.609346704639249026e+01
4.673495976562500118e+02,-9.087914499940795565e+01
4.673498906250000005e+02,-8.176570385931414364e+01
4.673501835937499891e+02,-7.757106431702101190e+01
4.673504765625000346e+02,-9.244112581695416964e+01
4.673507695312500232e+02,-8.125802517277371351e+01
4.673510625000000118e+02,-8.286139631743967016e+01
4.673513554687500005e+02,-8.202034385382454218e+01
4.673516484374999891e+02,-8.222337883709811024e+01
4.673519414062500346e+02,-8.929012652759737989e+01
4.673522343750000232e+02,-8.946399638090268525e+01
4.673525273437500118e+02,-9.105285255780962927e+01
4.673528203125000005e+02,-8.666828146059842197e+01
4.673531132812499891e+02,-9.451772951749558160e+01
4.673534062500000346e+02,-8.430380848836279029e+01
4.673536992187500232e+02,-7.948749572095547933e+01
4.673539921875000118e+02,-8.564578457399284162e+01
4.673542851562500005e+02,-9.445559266272900345e+01
4.673545781249999891e+02,-8.594824463475127629e+01
4.673548710937500346e+02,-8.180400507883881289e+01
4.673551640625000232e+02,-8.364820881055510426e+01
4.673554570312500118e+02,-8.648299788948091305e+01
4.673557500000000005e+02,-7.983302414849634943e+01
4.673560429687499891e+02,-8.446087280691429555e+01
4.673563359375000346e+02,-8.925799310402693720e+01
4.673566289062500232e+02,-8.712731773104280819e+01
4.673569218750000118e+02,-7.709849980545713777e+01
4.673572148437500005e+02,-7.874706247581744378e+01
4.673575078124999891e+02,-8.585196444948496719e+01
4.673578007812500346e+02,-8.348543194382199317e+01
4.673580937500000232e+02,-8.337847202169831462e+01
4.673583867187500118e+02,-9.345412464050872359e+01
4.673586796875000005e+02,-8.520733405903393987e+01
4.673589726562499891e+02,-8.615663013625564304e+01
4.673592656250000346e+02,-9.269900079325421416e+01
4.673595585937500232e+02,-8.603416538219877907e+01
4.673598515625000118e+02,-1.002655741068753201e+02
4.673601445312500005e+02,-9.348629281399777824e+01
4.673604374999999891e+02,-8.070065598497069459e+01
4.673607304687500346e+02,-8.550215709805715392e+01
4.673610234375000232e+02,-8.152951318620807797e+01
4.673613164062500118e+02,-8.240047710271333870e+01
4.673616093750000005e+02,-8.862342198442570407e+01
4.673619023437499891e+02,-9.376668358308607765e+01
4.673621953125000346e+02,-8.749704203408946057e+01
4.673624882812500232e+02,-1.158838518420622421e+02
4.673627812500000118e+02,-8.477593313070620695e+01
4.673630742187500005e+02,-8.509819947491763514e+01
4.673633671874999891e+02,-8.112706684230600729e+01
4.673636601562500346e+02,-8.152186066477624138e+01
4.673639531250000232e+02,-8.127211244712569282e+01
4.673642460937500118e+02,-8.131854926462682442e+01
4.673645390625000005e+02,-8.773270907190826051e+01
4.673648320312499891e+02,-8.068234333566464045e+01
4.673651250000000346e+02,-8.601523041328086094e+01
4.673654179687500232e+02,-8.418802366750705346e+01
4.673657109375000118e+02,-8.210296535197136336e+01
4.673660039062500005e+02,-7.903067960903773326e+01
4.673662968749999891e+02,-8.808461409988750290e+01
4.673665898437500346e+02,-8.873262325204642309e+01
4.673668828125000232e+02,-8.524943523870703643e+01
4.673671757812500118e+02,-8.831446451113859553e+01
4.673674687500000005e+02,-8.587170996613934904e+01
4.673677617187499891e+02,-8.031169534585872327e+01
4.673680546875000346e+02,-8.050959096152352856e+01
4.673683476562500232e+02,-8.447186860470077363e+01
4.673686406250000118e+02,-8.725154740572011747e+01
4.673689335937500005e+02,-8.304052962571093133e+01
4.673692265624999891e+02,-8.325493157546054590e+01
4.673695195312500346e+02,-7.733806860993942678e+01
4.673698125000000232e+02,-8.619429567513476798e+01
4.673701054687500118e+02,-8.303392906041564459e+01
4.673703984375000005e+02,-8.816705165726699533e+01
4.673706914062499891e+02,-9.234390392619815202e+01
4.673709843750000346e+02,-1.053804176753785384e+02
4.673712773437500232e+02,-8.607822070168504069e+01
4.673715703125000118e+02,-8.562171771279686538e+01
4.673718632812500005e+02,-8.818394543061303636e+01
4.673721562499999891e+02,-9.298553607708254276e+01
4.673724492187500346e+02,-9.481110875438822916e+01
4.673727421875000232e+02,-9.147985001981817277e+01
4.673730351562500118e+02,-8.783226881989172341e+01
4.673733281250000005e+02,-7.995688270658430952e+01
4.673736210937499891e+02,-7.654282104287091215e+01
4.673739140625000346e+02,-8.286341315222129822e+01
4.673742070312500232e+02,-9.253034684337245608e+01
4.673745000000000118e+02,-8.620452115256239267e+01
4.673747929687500005e+02,-8.851736226616822023e+01
4.673750859374999891e+02,-8.427946920822135723e+01
4.673753789062500346e+02,-7.851940933603232509e+01
4.673756718750000232e+02,-8.178202893495043213e+01
4.673759648437500118e+02,-8.566803975859318143e+01
4.673762578125000005e+02,-8.520118446078825514e+01
4.673765507812499891e+02,-7.989233517517016026e+01
4.673768437500000346e+02,-7.649332590143856692e+01
4.673771367187500232e+02,-8.546514203752415995e+01
4.673774296875000118e+02,-9.058593647910265645e+01
4.673777226562500005e+02,-8.779600265250417124e+01
4.673780156249999891e+02,-8.791056171742830827e+01
4.673783085937500346e+02,-8.895974768779872477e+01
4.673786015625000232e+02,-8.477585340748481713e+01
4.673788945312500118e+02,-8.299592028328976312e+01
4.673791875000000005e+02,-9.351567124952119059e+01
4.673794804687499891e+02,-7.947976024410918683e+01
4.673797734375000346e+02,-8.422247581113326476e+01
4.673800664062500232e+02,-8.011048390025479193e+01
4.673803593750000118e+02,-8.471488430577977624e+01
4.673806523437500005e+02,-8.675206357858989747e+01
4.673809453124999891e+02,-8.291228378860651560e+01
4.673812382812500346e+02,-8.631854850820671743e+01
4.673815312500000232e+02,-8.475710696633014152e+01
4.673818242187500118e+02,-8.487211560045038539e+01
4.673821171875000005e+02,-9.214705128173710591e+01
4.673824101562499891e+02,-8.131765569306134012e+01
4.673827031250000346e+02,-8.822921725489236167e+01
4.673829960937500232e+02,-9.229039928861038788e+01
4.673832890625000118e+02,-8.876407803651082418e+01
4.673835820312500005e+02,-9.805695794090190986e+01
4.673838749999999891e+02,-8.794793268845205603e+01
4.673841679687500346e+02,-8.640019965664195922e+01
4.673844609375000232e+02,-9.010816454694190725e+01
4.673847539062500118e+02,-8.915112943197195250e+01
4.673850468750000005e+02,-1.009399102348899646e+02
4.673853398437499891e+02,-8.804364064207489093e+01
4.673856328125000346e+02,-8.730028400971201563e+01
4.673859257812500232e+02,-8.036087984534535167e+01
4.673862187500000118e+02,-8.244154213120478403e+01
4.673865117187500005e+02,-9.924971451748483275e+01
4.673868046874999891e+02,-8.429741066376492142e+01
4.673870976562500346e+02,-8.395245626679253803e+01
4.673873906250000232e+02,-7.850460631597429995e+01
4.673876835937500118e+02,-7.863464040485963835e+01
4.673879765625000005e+02,-8.497785172049459845e+01
4.673882695312499891e+02,-8.387352051940759168e+01
4.673885625000000346e+02,-8.231230416222123836e+01
4.673888554687500232e+02,-8.143946848521682114e+01
4.673891484375000118e+02,-8.232294871304901562e+01
4.673894414062500005e+02,-8.373751086374993235e+01
4.673897343749999891e+02,-8.231041804622093139e+01
4.673900273437500346e+02,-8.835993051407442067e+01
4.673903203125000232e+02,-9.291318893093291820e+01
4.673906132812500118e+02,-8.739438602518933408e+01
4.673909062500000005e+02,-8.269384431236377964e+01
4.673911992187499891e+02,-8.216839469352746050e+01
4.673914921875000346e+02,-7.959674509317365221e+01
4.673917851562500232e+02,-1.036411541317414589e+02
4.673920781250000118e+02,-7.871061264449383543e+01
4.673923710937500005e+02,-7.778780380681678253e+01
4.673926640624999891e+02,-8.418217285988625065e+01
4.673929570312500346e+02,-9.153258431730225197e+01
4.673932500000000232e+02,-9.744297879063191203e+01
4.673935429687500118e+02,-9.393710916417909118e+01
4.673938359375000005e+02,-8.903164340591766290e+01
4.673941289062499891e+02,-8.497938374482342283e+01
4.673944218750000346e+02,-9.261610601517803332e+01
4.673947148437500232e+02,-8.280799122129701573e+01
4.673950078125000118e+02,-7.869099690193577601e+01
4.673953007812500005e+02,-8.385957878719182190e+01
4.673955937499999891e+02,-8.788082256241335699e+01
4.673958867187500346e+02,-9.008132149606440464e+01
4.673961796875000232e+02,-8.892982467440150174e+01
4.673964726562500118e+02,-9.007627041178574245e+01
4.673967656250000005e+02,-9.071864334759239057e+01
4.673970585937499891e+02,-8.947981816960077595e+01
4.673973515625000346e+02,-8.583028491480847322e+01
4.673976445312500232e+02,-8.691164289453253389e+01
4.673979375000000118e+02,-9.185215714272187881e+01
4.673982304687500005e+02,-8.753957804385134978e+01
4.673985234374999891e+02,-8.873260979589846897e+01
4.673988164062500346e+02,-9.177368577052868659e+01
4.673991093750000232e+02,-9.319312503614675336e+01
4.673994023437500118e+02,-1.032599938984497214e+02
4.673996953125000005e+02,-8.407479929383720219e+01
4.673999882812499891e+02,-8.376591068752169633e+01
4.674002812500000346e+02,-9.778503984023134876e+01
4.674005742187500232e+02,-8.382183177093935456e+01
4.674008671875000118e+02,-8.916231592195410371e+01
4.674011601562500005e+02,-8.321345802675104153e+01
4.674014531249999891e+02,-8.659069912989693307e+01
4.674017460937500346e+02,-8.257459283071746370e+01
4.674020390625000232e+02,-7.588094870782479973e+01
4.674023320312500118e+02,-7.528391277931608272e+01
4.674026250000000005e+02,-8.261141351283926326e+01
4.674029179687499891e+02,-8.259311650142470285e+01
4.674032109375000346e+02,-8.405883255364145157e+01
4.674035039062500232e+02,-8.397038055729257167e+01
4.674037968750000118e+02,-9.018598643018309247e+01
4.674040898437500005e+02,-8.241973611783016906e+01
4.674043828124999891e+02,-8.169059044872538777e+01
4.674046757812500346e+02,-8.737923010500003329e+01
4.674049687500000232e+02,-8.708294391103054011e+01
4.674052617187500118e+02,-7.921014700184289836e+01
4.674055546875000005e+02,-7.861404741245223704e+01
4.674058476562499891e+02,-8.034161413148677866e+01
4.674061406250000346e+02,-7.894765124256667832e+01
4.674064335937500232e+02,-8.221798544314466994e+01
4.674067265625000118e+02,-8.595276239516417149e+01
4.674070195312500005e+02,-9.615722549079964665e+01
4.674073124999999891e+02,-8.995040128313675609e+01
4.674076054687500346e+02,-8.624118616623641742e+01
4.674078984375000232e+02,-7.863785058162690689e+01
4.674081914062500118e+02,-8.073130310002370891e+01
4.674084843750000005e+02,-7.971004625959037071e+01
4.674087773437499891e+02,-7.952362707089230298e+01
4.674090703125000346e+02,-8.755996983955267865e+01
4.674093632812500232e+02,-8.089110954764613837e+01
4.674096562500000118e+02,-7.932086340068241270e+01
4.674099492187500005e+02,-8.368353978379950320e+01
4.674102421874999891e+02,-8.472173761333661446e+01
4.674105351562500346e+02,-7.550442862966062307e+01
4.674108281250000232e+02,-7.882120908982375340e+01
4.674111210937500118e+02,-8.824105671261541772e+01
4.674114140625000005e+02,-8.669249131418445131e+01
4.674117070312499891e+02,-8.604500035674985270e+01
4.674120000000000346e+02,-7.932832439620864307e+01
4.674122929687500232e+02,-7.596238291949296695e+01
4.674125859375000118e+02,-7.776044880340360521e+01
4.674128789062500005e+02,-9.204843931719335615e+01
4.674131718749999891e+02,-8.980953925363465373e+01
4.674134648437500346e+02,-8.339938417805548454e+01
4.674137578125000232e+02,-1.029120178494949300e+02
4.674140507812500118e+02,-8.702933450146146299e+01
4.674143437500000005e+02,-8.944071463435821556e+01
4.674146367187499891e+02,-7.928225951799862514e+01
4.674149296875000346e+02,-7.999053137482992781e+01
4.674152226562500232e+02,-8.237411540243687114e+01
4.674155156250000118e+02,-7.614879438014280311e+01
4.674158085937500005e+02,-7.043337848450428851e+01
4.674161015624999891e+02,-8.282840321298637321e+01
4.674163945312500346e+02,-8.260415858236457609e+01
4.674166875000000232e+02,-8.006323800312048888e+01
4.674169804687500118e+02,-7.948452033236830516e+01
4.674172734375000005e+02,-8.337594500397399599e+01
4.674175664062499891e+02,-8.366611390586498942e+01
4.674178593750000346e+02,-8.911855955547402175e+01
4.674181523437500232e+02,-8.503762671142030172e+01
4.674184453125000118e+02,-7.912443142779829941e+01
4.674187382812500005e+02,-8.224490194703935231e+01
4.674190312499999891e+02,-6.576384971411965807e+01
4.674193242187500346e+02,-6.306169532449408166e+01
4.674196171875000232e+02,-7.335709863704862244e+01
4.674199101562500118e+02,-8.066894465500604383e+01
4.674202031250000005e+02,-8.619127123668990009e+01
4.674204960937499891e+02,-8.555234953035377998e+01
4.674207890625000346e+02,-8.175829466536487189e+01
4.674210820312500232e+02,-7.764470711035750128e+01
4.674213750000000118e+02,-7.925345390261276179e+01
4.674216679687500005e+02,-7.739436550523761582e+01
4.674219609374999891e+02,-7.692454362976666005e+01
4.674222539062500346e+02,-8.183230392403331166e+01
4.674225468750000232e+02,-7.520762232382051593e+01
4.674228398437500118e+02,-7.587891296464584912e+01
4.674231328125000005e+02,-8.185272336739134857e+01
4.674234257812499891e+02,-8.353573705935178850e+01
4.674237187500000346e+02,-8.986417540331873965e+01
4.674240117187500232e+02,-8.162496302472276000e+01
4.674243046875000118e+02,-7.911722993953816285e+01
4.674245976562500005e+02,-8.287919330144676167e+01
4.674248906249999891e+02,-9.245994817647662956e+01
4.674251835937500346e+02,-7.877411762052093991e+01
4.674254765625000232e+02,-7.889522861343131410e+01
4.674257695312500118e+02,-8.755071276133277536e+01
4.674260625000000005e+02,-8.340801497466806325e+01
4.674263554687499891e+02,-7.566808428857761726e+01
4.674266484375000346e+02,-7.677684732792140210e+01
4.674269414062500232e+02,-8.139209704457243788e+01
4.674272343750000118e+02,-8.646918385586897671e+01
4.674275273437500005e+02,-1.001267116929216172e+02
4.674278203124999891e+02,-8.660540501729728646e+01
4.674281132812500346e+02,-9.248239854253637304e+01
4.674284062500000232e+02,-7.917453315508775802e+01
4.674286992187500118e+02,-8.193652983817253244e+01
4.674289921875000005e+02,-8.283746325064953453e+01
4.674292851562499891e+02,-8.783596675527535069e+01
4.674295781250000346e+02,-8.500784131619263917e+01
4.674298710937500232e+02,-8.479733810531330107e+01
4.674301640625000118e+02,-9.562027204093475063e+01
4.674304570312500005e+02,-8.626097918616363813e+01
4.674307499999999891e+02,-8.120480045111995082e+01
4.674310429687500346e+02,-9.297943399334081960e+01
4.674313359375000232e+02,-8.787633395210384890e+01
4.674316289062500118e+02,-8.205006870462851509e+01
4.674319218750000005e+02,-7.942941927132176261e+01
4.674322148437499891e+02,-9.472830104269550588e+01
4.674325078125000346e+02,-7.953687240695710159e+01
4.674328007812500232e+02,-7.902400626980463016e+01
4.674330937500000118e+02,-8.505539049276089258e+01
4.674333867187500005e+02,-8.527683910474567597e+01
4.674336796874999891e+02,-8.373966445033462946e+01
4.674339726562500346e+02,-7.884222606004799161e+01
4.674342656250000232e+02,-7.986143684861002612e+01
4.674345585937500118e+02,-9.469312838448546188e+01
4.674348515625000005e+02,-8.226041027155766017e+01
4.674351445312499891e+02,-8.224601364973359807e+01
4.674354375000000346e+02,-8.072039281381844944e+01
4.674357304687500232e+02,-7.968193382703044847e+01
4.674360234375000118e+02,-7.766734028696534153e+01
4.674363164062500005e+02,-8.203051398535095018e+01
4.674366093749999891e+02,-8.430754589412332223e+01
4.674369023437500346e+02,-8.425725139043660761e+01
4.674371953125000232e+02,-8.108305625636965885e+01
4.674374882812500118e+02,-8.228899267334827528e+01
4.674377812500000005e+02,-8.047098063523932865e+01
4.674380742187499891e+02,-7.962944488643378804e+01
4.674383671875000346e+02,-8.801970316559278729e+01
4.674386601562500232e+02,-8.171217588195951009e+01
4.674389531250000118e+02,-8.286718394083675321e+01
4.674392460937500005e+02,-7.967031697606674356e+01
4.674395390624999891e+02,-8.280851570466529665e+01
4.674398320312500346e+02,-7.851133630749518488e+01
4.674401250000000232e+02,-8.031258620441093399e+01
4.674404179687500118e+02,-9.150538116206611505e+01
4.674407109375000005e+02,-8.930495513193578461e+01
4.674410039062499891e+02,-9.102176043082182844e+01
4.674412968750000346e+02,-7.840501560156364746e+01
4.674415898437500232e+02,-8.538906733292986928e+01
4.674418828125000118e+02,-8.134359984652731157e+01
4.674421757812500005e+02,-8.525981864689073575e+01
4.674424687499999891e+02,-7.915213572915737927e+01
4.674427617187500346e+02,-7.709665937118833767e+01
4.674430546875000232e+02,-7.615710725859455010e+01
4.674433476562500118e+02,-8.060704570462334573e+01
4.674436406250000005e+02,-9.227944050978145185e+01
4.674439335937499891e+02,-8.470185100351231711e+01
4.674442265625000346e+02,-8.546108561541578297e+01
4.674445195312500232e+02,-7.893416440643754584e+01
4.674448125000000118e+02,-8.448850675152650069e+01
4.674451054687500005e+02,-7.933370694646509946e+01
4.674453984374999891e+02,-8.154627222941726927e+01
4.674456914062500346e+02,-7.682080808066386624e+01
4.674459843750000232e+02,-8.170093493994436074e+01
4.674462773437500118e+02,-8.078192864638322135e+01
4.674465703125000005e+02,-8.747750016578987697e+01
4.674468632812499891e+02,-8.292995015601347575e+01
4.674471562500000346e+02,-7.917791072515629480e+01
4.674474492187500232e+02,-8.522548953037292563e+01
4.674477421875000118e+02,-8.350199301827069576e+01
4.674480351562500005e+02,-8.423067535912993264e+01
4.674483281249999891e+02,-8.437003460870073468e+01
4.674486210937500346e+02,-7.726836516646370967e+01
4.674489140625000232e+02,-8.517212621067854172e+01
4.674492070312500118e+02,-8.681643858001828562e+01
4.674495000000000005e+02,-9.704849505078223615e+01
4.674497929687499891e+02,-7.498933598151646152e+01
4.674500859375000346e+02,-7.603063348453210324e+01
4.674503789062500232e+02,-8.606091037217991868e+01
4.674506718750000118e+02,-7.869470235498698685e+01
4.674509648437500005e+02,-7.978509824910226200e+01
4.674512578124999891e+02,-9.036109722551346124e+01
4.674515507812500346e+02,-9.076970447959921273e+01
4.674518437500000232e+02,-8.164133954668146487e+01
4.674521367187500118e+02,-8.044104924842017112e+01
4.674524296875000005e+02,-9.214438079600981268e+01
4.674527226562499891e+02,-8.052852405212762221e+01
4.674530156250000346e+02,-9.131134851620689119e+01
4.674533085937500232e+02,-7.980766636508965917e+01
4.674536015625000118e+02,-8.957602238132946582e+01
4.674538945312500005e+02,-7.672277537019445504e+01
4.674541874999999891e+02,-7.389666770194993717e+01
4.674544804687500346e+02,-8.037737217940325252e+01
4.674547734375000232e+02,-8.094791028737434146e+01
4.674550664062500118e+02,-7.924228620216300101e+01
4.674553593750000005e+02,-7.766223097724908087e+01
4.674556523437499891e+02,-7.742805467231971761e+01
4.674559453125000346e+02,-9.340268686482205851e+01
4.674562382812500232e+02,-8.671026402743913764e+01
4.674565312500000118e+02,-8.223839609209882440e+01
4.674568242187500005e+02,-8.990032920702567765e+01
4.674571171874999891e+02,-9.096136918000902938e+01
4.674574101562500346e+02,-7.940821177799958264e+01
4.674577031250000232e+02,-7.410036077976684510e+01
4.674579960937500118e+02,-7.584942841790083889e+01
4.674582890625000005e+02,-7.968909817329625866e+01
4.674585820312499891e+02,-7.881329918033897286e+01
4.674588750000000346e+02,-7.889577383855029780e+01
4.674591679687500232e+02,-8.179796758721975891e+01
4.674594609375000118e+02,-8.087929249008935528e+01
4.674597539062500005e+02,-8.063657678601892087e+01
4.674600468749999891e+02,-8.183837953644695062e+01
4.674603398437500346e+02,-9.022088926275935705e+01
4.674606328125000232e+02,-8.036819079673642818e+01
4.674609257812500118e+02,-7.253130817049110135e+01
4.674612187500000005e+02,-7.013313887452082440e+01
4.674615117187499891e+02,-7.347461119845719679e+01
4.674618046875000346e+02,-7.904026868900766090e+01
4.674620976562500232e+02,-8.359171096855166638e+01
4.674623906250000118e+02,-9.158191078565266707e+01
4.674626835937500005e+02,-7.875721749962137608e+01
4.674629765624999891e+02,-7.733058504379370390e+01
4.674632695312500346e+02,-8.100617048492884464e+01
4.674635625000000232e+02,-8.345545639435762553e+01
4.674638554687500118e+02,-7.370459455133392623e+01
4.674641484375000005e+02,-7.336122812837571416e+01
4.674644414062499891e+02,-6.834483567147989902e+01
4.674647343750000346e+02,-7.949266355243928217e+01
4.674650273437500232e+02,-7.692771418351944135e+01
4.674653203125000118e+02,-8.781344984746239390e+01
4.674656132812500005e+02,-8.564096289515359217e+01
4.674659062499999891e+02,-8.766650116877320897e+01
4.674661992187500346e+02,-8.371168796881754304e+01
4.674664921875000232e+02,-7.948452257225432049e+01
4.674667851562500118e+02,-7.953406784182918443e+01
4.674670781250000005e+02,-7.974760607258627942e+01
4.674673710937499891e+02,-7.534305738680103559e+01
4.674676640625000346e+02,-7.265290801067079940e+01
4.674679570312500232e+02,-8.120370338442492653e+01
4.674682500000000118e+02,-8.011014947186629342e+01
4.674685429687500005e+02,-7.547619183540197696e+01
4.674688359374999891e+02,-8.144603354905888182e+01
4.674691289062500346e+02,-9.099042944387778675e+01
4.674694218750000232e+02,-8.473924690660777514e+01
4.674697148437500118e+02,-8.057755746757855775e+01
4.674700078125000005e+02,-7.530402620353021348e+01
4.674703007812499891e+02,-7.720505691936443782e+01
4.674705937500000346e+02,-7.615014708015877432e+01
4.674708867187500232e+02,-7.142470516069263908e+01
4.674711796875000118e+02,-7.791636533074019155e+01
4.674714726562500005e+02,-8.193507596037579788e+01
4.674717656249999891e+02,-7.806884612631367304e+01
4.674720585937500346e+02,-7.647974951630585849e+01
4.674723515625000232e+02,-7.422639185038168819e+01
4.674726445312500118e+02,-7.196495608215543882e+01
4.674729375000000005e+02,-7.499877870272435132e+01
4.674732304687499891e+02,-8.134793108522279681e+01
4.674735234375000346e+02,-7.712610829942423152e+01
4.674738164062500232e+02,-7.499274756937717257e+01
4.674741093750000118e+02,-7.949251270352716858e+01
4.674744023437500005e+02,-7.540729350985927226e+01
4.674746953124999891e+02,-7.116765512758864531e+01
4.674749882812500346e+02,-7.332586872282257673e+01
4.674752812500000232e+02,-7.566938074568810180e+01
4.674755742187500118e+02,-8.051524415712039229e+01
4.674758671875000005e+02,-8.365805650444075070e+01
4.674761601562499891e+02,-9.613824347818800220e+01
4.674764531250000346e+02,-8.185622100106584753e+01
4.674767460937500232e+02,-7.172875330477845068e+01
4.674770390625000118e+02,-7.553994705184904035e+01
4.674773320312500005e+02,-7.943701228355608635e+01
4.674776249999999891e+02,-7.561244376927400879e+01
4.674779179687500346e+02,-6.452031268411107590e+01
4.674782109375000232e+02,-6.839206821764663857e+01
4.674785039062500118e+02,-7.913038957914498894e+01
4.674787968750000005e+02,-8.043969513688725215e+01
4.674790898437499891e+02,-7.275062866105679404e+01
4.674793828125000346e+02,-9.255122227224562437e+01
4.674796757812500232e+02,-8.769133416427996508e+01
4.674799687500000118e+02,-8.563968264689933108e+01
4.674802617187500005e+02,-7.407512057955318596e+01
4.674805546874999891e+02,-7.514867706053243523e+01
4.674808476562500346e+02,-7.571716408614604177e+01
4.674811406250000232e+02,-6.235586944753877248e+01
4.674814335937500118e+02,-5.324933682817915326e+01
4.674817265625000005e+02,-5.961924947763318983e+01
4.674820195312499891e+02,-7.191730112978278555e+01
4.674823125000000346e+02,-7.089755166090233729e+01
4.674826054687500232e+02,-7.698467192947570936e+01
4.674828984375000118e+02,-8.207864317334490067e+01
4.674831914062500005e+02,-7.516829816681951115e+01
4.674834843749999891e+02,-7.511667062705191711e+01
4.674837773437500346e+02,-7.749154535499066299e+01
4.674840703125000232e+02,-7.595566877369010683e+01
4.674843632812500118e+02,-8.241706877545375676e+01
4.674846562500000005e+02,-6.508493656776099101e+01
4.674849492187499891e+02,-6.055115751786562583e+01
4.674852421875000346e+02,-6.837971365349501696e+01
4.674855351562500232e+02,-7.785063957805924417e+01
4.674858281250000118e+02,-7.912760488435579020e+01
4.674861210937500005e+02,-7.171143321424848693e+01
4.674864140624999891e+02,-7.069908104058518461e+01
4.674867070312500346e+02,-7.192431549343341146e+01
4.674870000000000232e+02,-8.039566370908698900e+01
4.674872929687500118e+02,-8.678296439445367128e+01
4.674875859375000005e+02,-7.957741997130212042e+01
4.674878789062499891e+02,-6.916124891870524038e+01
4.674881718750000346e+02,-7.117543153667446632e+01
4.674884648437500232e+02,-8.945615107429500767e+01
4.674887578125000118e+02,-7.328397903134447233e+01
4.674890507812500005e+02,-7.327468551094302995e+01
4.674893437499999891e+02,-7.523240688024222322e+01
4.674896367187500346e+02,-7.958870673440688392e+01
4.674899296875000232e+02,-8.001590974628790320e+01
4.674902226562500118e+02,-7.365257972118671148e+01
4.674905156250000005e+02,-7.296010044444641096e+01
4.674908085937499891e+02,-6.945699224913465741e+01
4.674911015625000346e+02,-7.645260574012903021e+01
4.674913945312500232e+02,-8.117480226341682226e+01
4.674916875000000118e+02,-8.876906155897849260e+01
4.674919804687500005e+02,-7.616452324781762684e+01
4.674922734374999891e+02,-7.225183503833018506e+01
4.674925664062500346e+02,-8.354491062527172573e+01
4.674928593750000232e+02,-7.643382862140813927e+01
4.674931523437500118e+02,-7.154814830079531873e+01
4.674934453125000005e+02,-7.336093942231673282e+01
4.674937382812499891e+02,-7.322197747500450760e+01
4.674940312500000346e+02,-7.589539672799348580e+01
4.674943242187500232e+02,-8.495763581269584108e+01
4.674946171875000118e+02,-8.499679927765662057e+01
4.674949101562500005e+02,-7.902852747557258795e+01
4.674952031249999891e+02,-8.562869664140599468e+01
4.674954960937500346e+02,-7.121298143884226306e+01
4.674957890625000232e+02,-7.860203845807578205e+01
4.674960820312500118e+02,-7.002247205524115259e+01
4.674963750000000005e+02,-6.913893725536500767e+01
4.674966679687499891e+02,-7.329031276184436194e+01
4.674969609375000346e+02,-7.899660460470767021e+01
4.674972539062500232e+02,-7.326715954492526350e+01
4.674975468750000118e+02,-7.029644388781935049e+01
4.674978398437500005e+02,-7.065834964755009651e+01
4.674981328124999891e+02,-7.111230815757241430e+01
4.674984257812500346e+02,-7.874968015671802846e+01
4.674987187500000232e+02,-7.952945955989730464e+01
4.674990117187500118e+02,-7.726818039827500684e+01
4.674993046875000005e+02,-7.646736383692473282e+01
4.674995976562499891e+02,-8.185271292505976248e+01
4.674998906250000346e+02,-8.609442159732209632e+01
4.675001835937500232e+02,-8.717615466866256213e+01
4.675004765625000118e+02,-7.941181677545768025e+01
4.675007695312500005e+02,-7.633444692308067658e+01
4.675010624999999891e+02,-7.400447567091126189e+01
4.675013554687500346e+02,-7.296767352968720388e+01
4.675016484375000232e+02,-7.728873533689824171e+01
4.675019414062500118e+02,-6.885277452720760039e+01
4.675022343750000005e+02,-7.024312494365337045e+01
4.675025273437499891e+02,-7.811833829067157353e+01
4.675028203125000346e+02,-7.388260480337665115e+01
4.675031132812500232e+02,-7.557074617037466169e+01
4.675034062500000118e+02,-7.834470909908762337e+01
4.675036992187500005e+02,-7.776866677517421067e+01
4.675039921874999891e+02,-7.721862511434203213e+01
4.675042851562500346e+02,-7.444986432985263036e+01
4.675045781250000232e+02,-7.108277766552861010e+01
4.675048710937500118e+02,-7.169546925367366441e+01
4.675051640625000005e+02,-8.905874980661508289e+01
4.675054570312499891e+02,-8.391364427499524936e+01
4.675057500000000346e+02,-9.929184274982971203e+01
4.675060429687500232e+02,-8.304003288276439321e+01
4.675063359375000118e+02,-7.619941442623650119e+01
4.675066289062500005e+02,-7.763508432553715011e+01
4.675069218749999891e+02,-9.092369888912642750e+01
4.675072148437500346e+02,-7.371243768486473869e+01
4.675075078125000232e+02,-6.927547984871299036e+01
4.675078007812500118e+02,-7.013431903885243912e+01
4.675080937500000005e+02,-7.440330649455393086e+01
4.675083867187499891e+02,-8.322510910566668940e+01
4.675086796875000346e+02,-8.414220729400841492e+01
4.675089726562500232e+02,-7.893740040194906271e+01
4.675092656250000118e+02,-8.266125199312108407e+01
4.675095585937500005e+02,-8.356223770467667578e+01
4.675098515624999891e+02,-7.483567673947312926e+01
4.675101445312500346e+02,-7.087582842050085219e+01
4.675104375000000232e+02,-7.024936483416431088e+01
4.675107304687500118e+02,-6.651819501717343996e+01
4.675110234375000005e+02,-7.276993716660716416e+01
4.675113164062499891e+02,-8.755960039127930372e+01
4.675116093750000346e+02,-7.803086059924665108e+01
4.675119023437500232e+02,-7.345203907629192486e+01
4.675121953125000118e+02,-7.484599161888381502e+01
4.675124882812500005e+02,-8.407295631009534986e+01
4.675127812499999891e+02,-8.061041469555716787e+01
4.675130742187500346e+02,-7.699911623354947210e+01
4.675133671875000232e+02,-8.458269753197393470e+01
4.675136601562500118e+02,-7.446598559369483894e+01
4.675139531250000005e+02,-7.861768004049349656e+01
4.675142460937499891e+02,-8.003193930572093961e+01
4.675145390625000346e+02,-8.831848449947310087e+01
4.675148320312500232e+02,-7.460983095172774426e+01
4.675151250000000118e+02,-7.318795262493468101e+01
4.675154179687500005e+02,-7.633133784596574856e+01
4.675157109374999891e+02,-7.934404505409743535e+01
4.675160039062500346e+02,-7.311708135455887714e+01
4.675162968750000232e+02,-7.727954077435452973e+01
4.675165898437500118e+02,-7.430166646444764922e+01
4.675168828125000005e+02,-7.527652011259047526e+01
4.675171757812499891e+02,-7.351094127570375747e+01
4.675174687500000346e+02,-7.235048223472513484e+01
4.675177617187500232e+02,-7.173743355170950053e+01
4.675180546875000118e+02,-7.602705343546463723e+01
4.675183476562500005e+02,-8.334810589413484649e+01
4.675186406249999891e+02,-7.781159260436203340e+01
4.675189335937500346e+02,-7.589596828307770693e+01
4.675192265625000232e+02,-8.497056857916838624e+01
4.675195195312500118e+02,-7.455442291081445205e+01
4.675198125000000005e+02,-8.917227146963632833e+01
4.675201054687499891e+02,-7.407421560983689801e+01
4.675203984375000346e+02,-8.081841405781092647e+01
4.675206914062500232e+02,-7.957193934419642289e+01
4.675209843750000118e+02,-8.541913501049650392e+01
4.675212773437500005e+02,-8.005221284193507358e+01
4.675215703124999891e+02,-7.089334395674472944e+01
4.675218632812500346e+02,-7.111475343453970765e+01
4.675221562500000232e+02,-8.007027386664908875e+01
4.675224492187500118e+02,-7.601538688488260220e+01
4.675227421875000005e+02,-7.919803102379822235e+01
4.675230351562499891e+02,-7.769291325282097205e+01
4.675233281250000346e+02,-7.379114561939307748e+01
4.675236210937500232e+02,-7.123756212223477746e+01
4.675239140625000118e+02,-7.950076965212092261e+01
4.675242070312500005e+02,-7.352821267640460690e+01
4.675244999999999891e+02,-7.168237100417054819e+01
4.675247929687500346e+02,-6.780452700002405209e+01
4.675250859375000232e+02,-7.150213521425055774e+01
4.675253789062500118e+02,-7.455453241281412602e+01
4.675256718750000005e+02,-8.474027179725113967e+01
4.675259648437499891e+02,-8.182680986442409221e+01
4.675262578125000346e+02,-6.084130765971895016e+01
4.675265507812500232e+02,-4.876030118654691137e+01
4.675268437500000118e+02,-5.211493503862706689e+01
4.675271367187500005e+02,-9.080891110931253252e+01
4.675274296874999891e+02,-7.604625902947665850e+01
4.675277226562500346e+02,-7.819719279541408241e+01
4.675280156250000232e+02,-9.045511118597977429e+01
4.675283085937500118e+02,-8.679126113848332125e+01
4.675286015625000005e+02,-7.462389961253433057e+01
4.675288945312499891e+02,-7.962329720569472613e+01
4.675291875000000346e+02,-8.721689823701495925e+01
4.675294804687500232e+02,-7.894598117857161412e+01
4.675297734375000118e+02,-6.595786809774327253e+01
4.675300664062500005e+02,-5.975787915436266928e+01
4.675303593749999891e+02,-6.567448941581356792e+01
4.675306523437500346e+02,-8.078765944834390211e+01
4.675309453125000232e+02,-7.840308229129324502e+01
4.675312382812500118e+02,-8.128979990170014958e+01
4.675315312500000005e+02,-7.251792893190250311e+01
4.675318242187499891e+02,-7.231624671972470253e+01
4.675321171875000346e+02,-7.578247931129985204e+01
4.675324101562500232e+02,-7.315177022322552602e+01
4.675327031250000118e+02,-8.631216735461825351e+01
4.675329960937500005e+02,-7.723100641981514514e+01
4.675332890624999891e+02,-6.624281527629507593e+01
4.675335820312500346e+02,-6.532410567432626181e+01
4.675338750000000232e+02,-7.231951111093513873e+01
4.675341679687500118e+02,-7.893584643871096773e+01
4.675344609375000005e+02,-8.509737263372953464e+01
4.675347539062499891e+02,-7.901054485724205279e+01
4.675350468750000346e+02,-7.522840428482625441e+01
4.675353398437500232e+02,-8.211708270763247697e+01
4.675356328125000118e+02,-8.066108799895545189e+01
4.675359257812500005e+02,-7.828322244519308981e+01
4.675362187499999891e+02,-7.916416672557777190e+01
4.675365117187500346e+02,-7.368257545988326740e+01
4.675368046875000232e+02,-6.701181596251365136e+01
4.675370976562500118e+02,-6.922009336902347343e+01
4.675373906250000005e+02,-7.525717182030892616e+01
4.675376835937499891e+02,-7.273186772787110499e+01
4.675379765625000346e+02,-7.094291222430426558e+01
4.675382695312500232e+02,-7.154075318681981344e+01
4.675385625000000118e+02,-7.734535123674658053e+01
4.675388554687500005e+02,-7.507365834231536894e+01
4.675391484374999891e+02,-7.262109841004544819e+01
4.675394414062500346e+02,-7.368986981353799592e+01
4.675397343750000232e+02,-8.001591213303031225e+01
4.675400273437500118e+02,-7.107774774433947584e+01
4.675403203125000005e+02,-6.942513436285000239e+01
4.675406132812499891e+02,-8.135737952271669826e+01
4.675409062500000346e+02,-8.940444420800274372e+01
4.675411992187500232e+02,-7.865888232836806537e+01
4.675414921875000118e+02,-7.871020956325236284e+01
4.675417851562500005e+02,-8.329772628020444358e+01
4.675420781249999891e+02,-8.153251945066699591e+01
4.675423710937500346e+02,-7.213215690021311843e+01
4.675426640625000232e+02,-6.835169733494672073e+01
4.675429570312500118e+02,-7.191766208886780021e+01
4.675432500000000005e+02,-7.604887844663066687e+01
4.675435429687499891e+02,-6.307415215558879140e+01
4.675438359375000346e+02,-6.450848066038325612e+01
4.675441289062500232e+02,-7.308442214071550325e+01
4.675444218750000118e+02,-7.148659137179220124e+01
4.675447148437500005e+02,-6.897561680491030245e+01
4.675450078124999891e+02,-7.846786775054792429e+01
4.675453007812500346e+02,-6.746304202040978737e+01
4.675455937500000232e+02,-6.644488218790783662e+01
4.675458867187500118e+02,-6.761669027099689799e+01
4.675461796875000005e+02,-6.848013770345821172e+01
4.675464726562499891e+02,-8.270346916504345813e+01
4.675467656250000346e+02,-7.166184231833020135e+01
4.675470585937500232e+02,-6.897737041158397631e+01
4.675473515625000118e+02,-7.421986748180805193e+01
4.675476445312500005e+02,-8.175096039786589586e+01
4.675479374999999891e+02,-7.718493789691761719e+01
4.675482304687500346e+02,-7.908068670059218164e+01
4.675485234375000232e+02,-7.092166730551950593e+01
4.675488164062500118e+02,-7.308166761304318015e+01
4.675491093750000005e+02,-7.558787225853271252e+01
4.675494023437499891e+02,-7.168247778259176073e+01
4.675496953125000346e+02,-7.718524033961087127e+01
4.675499882812500232e+02,-7.593729990985616496e+01
4.675502812500000118e+02,-7.184056294881564497e+01
4.675505742187500005e+02,-7.882766126945148244e+01
4.675508671874999891e+02,-7.524107340202432681e+01
4.675511601562500346e+02,-7.464502329094506194e+01
4.675514531250000232e+02,-7.123441408028257626e+01
4.675517460937500118e+02,-8.310936159814046675e+01
4.675520390625000005e+02,-7.466562947006602258e+01
4.675523320312499891e+02,-7.027853910456539666e+01
4.675526250000000346e+02,-6.950711741339895866e+01
4.675529179687500232e+02,-6.871106724281293054e+01
4.675532109375000118e+02,-6.739228421504252253e+01
4.675535039062500005e+02,-6.815762482765224206e+01
4.675537968749999891e+02,-7.432867640976172652e+01
4.675540898437500346e+02,-8.266779849735711139e+01
4.675543828125000232e+02,-7.548084768852285720e+01
4.675546757812500118e+02,-7.481414228820617041e+01
4.675549687500000005e+02,-7.096927507482803321e+01
4.675552617187499891e+02,-6.900685886768314958e+01
4.675555546875000346e+02,-7.573047800504936333e+01
4.675558476562500232e+02,-6.753720625470816685e+01
4.675561406250000118e+02,-6.697355736581772589e+01
4.675564335937500005e+02,-6.943696056615449663e+01
4.675567265624999891e+02,-7.169886944455137723e+01
4.675570195312500346e+02,-6.960991124627922488e+01
4.675573125000000232e+02,-6.154812578188615646e+01
4.675576054687500118e+02,-6.738640424727722689e+01
4.675578984375000005e+02,-7.048299058771198133e+01
4.675581914062499891e+02,-6.414128342097183122e+01
4.675584843750000346e+02,-7.221128060952266026e+01
4.675587773437500232e+02,-7.107850066467901229e+01
4.675590703125000118e+02,-7.353376245780721376e+01
4.675593632812500005e+02,-6.448629346992247235e+01
4.675596562499999891e+02,-6.298076781398744828e+01
4.675599492187500346e+02,-6.556629329675354256e+01
4.675602421875000232e+02,-6.255041594245171410e+01
4.675605351562500118e+02,-6.817095271453213456e+01
4.675608281250000005e+02,-7.177431599405363727e+01
4.675611210937499891e+02,-6.985342552543257000e+01
4.675614140625000346e+02,-6.729775452014598613e+01
4.675617070312500232e+02,-7.807072806900717410e+01
4.675620000000000118e+02,-8.857938249247354179e+01
4.675622929687500005e+02,-7.238953845766876327e+01
4.675625859374999891e+02,-6.897635903689734960e+01
4.675628789062500346e+02,-6.442729738183655286e+01
4.675631718750000232e+02,-6.537142995492268938e+01
4.675634648437500118e+02,-8.079942821495731664e+01
4.675637578125000005e+02,-7.841990832850912341e+01
4.675640507812499891e+02,-7.496529365922739885e+01
4.675643437500000346e+02,-7.360587429559043926e+01
4.675646367187500232e+02,-8.113014667845911276e+01
4.675649296875000118e+02,-7.240793756076377008e+01
4.675652226562500005e+02,-6.648935268355350559e+01
4.675655156249999891e+02,-6.148230372055376591e+01
4.675658085937500346e+02,-6.636967906899566572e+01
4.675661015625000232e+02,-6.994768559683380715e+01
4.675663945312500118e+02,-7.118352014342826806e+01
4.675666875000000005e+02,-6.844914402167928813e+01
4.675669804687499891e+02,-7.444540874760383531e+01
4.675672734375000346e+02,-7.024491696423662290e+01
4.675675664062500232e+02,-6.865630926733493311e+01
4.675678593750000118e+02,-6.964144041585475975e+01
4.675681523437500005e+02,-6.389010281624237564e+01
4.675684453124999891e+02,-6.433893975919865227e+01
4.675687382812500346e+02,-6.833902401737381638e+01
4.675690312500000232e+02,-7.824826669796834722e+01
4.675693242187500118e+02,-7.524008037894569156e+01
4.675696171875000005e+02,-6.855871533274556384e+01
4.675699101562499891e+02,-7.620428835224112163e+01
4.675702031250000346e+02,-8.357782149757312595e+01
4.675704960937500232e+02,-8.348993930923947460e+01
4.675707890625000118e+02,-7.292327249896220565e+01
4.675710820312500005e+02,-6.621445988822399897e+01
4.675713749999999891e+02,-6.154990790611179108e+01
4.675716679687500346e+02,-6.801477768305606730e+01
4.675719609375000232e+02,-6.804469140783547232e+01
4.675722539062500118e+02,-6.239997854877030647e+01
4.675725468750000005e+02,-6.746064065823595968e+01
4.675728398437499891e+02,-6.075793228845314076e+01
4.675731328125000346e+02,-6.778183487715479316e+01
4.675734257812500232e+02,-8.067238762732075941e+01
4.675737187500000118e+02,-6.465612752193177926e+01
4.675740117187500005e+02,-6.076316031472522639e+01
4.675743046874999891e+02,-6.217703982367487470e+01
4.675745976562500346e+02,-7.641915223587515982e+01
4.675748906250000232e+02,-6.750183455709789371e+01
4.675751835937500118e+02,-7.444922434134147693e+01
4.675754765625000005e+02,-7.202475069036739797e+01
4.675757695312499891e+02,-7.354268108843027107e+01
4.675760625000000346e+02,-8.356506877765092156e+01
4.675763554687500232e+02,-7.028097997974748523e+01
4.675766484375000118e+02,-6.792717363070347858e+01
4.675769414062500005e+02,-6.195944709333563338e+01
4.675772343749999891e+02,-6.236560075817546078e+01
4.675775273437500346e+02,-7.474303750073168828e+01
4.675778203125000232e+02,-6.564164520785294599e+01
4.675781132812500118e+02,-6.140366471320398034e+01
4.675784062500000005e+02,-6.430032606955184349e+01
4.675786992187499891e+02,-6.790261300708452552e+01
4.675789921875000346e+02,-6.589750011806293628e+01
4.675792851562500232e+02,-6.338925057425842624e+01
4.675795781250000118e+02,-5.827647606806874592e+01
4.675798710937500005e+02,-6.220772300502073193e+01
4.675801640624999891e+02,-6.502467808392314907e+01
4.675804570312500346e+02,-7.552279953313934868e+01
4.675807500000000232e+02,-6.969830647043896477e+01
4.675810429687500118e+02,-6.592212360039211205e+01
4.675813359375000005e+02,-6.903813788287567377e+01
4.675816289062499891e+02,-6.138700469616900079e+01
4.675819218750000346e+02,-6.105478576456431483e+01
4.675822148437500232e+02,-6.575893935633283149e+01
4.675825078125000118e+02,-6.581979423488462544e+01
4.675828007812500005e+02,-7.096482657755468892e+01
4.675830937499999891e+02,-8.142788410356459394e+01
4.675833867187500346e+02,-6.976925525852340115e+01
4.675836796875000232e+02,-7.016395066132021441e+01
4.675839726562500118e+02,-6.245922354888250538e+01
4.675842656250000005e+02,-7.030506345754739073e+01
4.675845585937499891e+02,-7.467348461962319561e+01
4.675848515625000346e+02,-6.385575421764950477e+01
4.675851445312500232e+02,-5.257735069594928490e+01
4.675854375000000118e+02,-4.803112773294751037e+01
4.675857304687500005e+02,-5.739495824946371272e+01
4.675860234374999891e+02,-6.671427272154355137e+01
4.675863164062500346e+02,-6.954940708786105574e+01
4.675866093750000232e+02,-7.052159731237470908e+01
4.675869023437500118e+02,-5.950758800804265292e+01
4.675871953125000005e+02,-6.637474023770570852e+01
4.675874882812499891e+02,-7.370961829557717238e+01
4.675877812500000346e+02,-6.905496946085203547e+01
4.675880742187500232e+02,-6.366735310568292050e+01
4.675883671875000118e+02,-5.099162304296083903e+01
4.675886601562500005e+02,-3.225861676373942544e+01
4.675889531249999891e+02,-3.024580358148829973e+01
4.675892460937500346e+02,-4.484530805953566812e+01
4.675895390625000232e+02,-6.241449799334433379e+01
4.675898320312500118e+02,-6.517812231938539469e+01
4.675901250000000005e+02,-7.151866151224037083e+01
4.675904179687499891e+02,-6.297263963859948888e+01
4.675907109375000346e+02,-6.113811488361007207e+01
4.675910039062500232e+02,-7.499171033004235198e+01
4.675912968750000118e+02,-6.295520563287423954e+01
4.675915898437500005e+02,-8.185636753998144854e+01
4.675918828124999891e+02,-7.174404509266715024e+01
4.675921757812500346e+02,-4.982249799713150651e+01
4.675924687500000232e+02,-5.180111548750859640e+01
4.675927617187500118e+02,-6.136303937180350232e+01
4.675930546875000005e+02,-7.117685905388511003e+01
4.675933476562499891e+02,-6.771732906898145643e+01
4.675936406250000346e+02,-6.304582543153649965e+01
4.675939335937500232e+02,-6.921794262459654590e+01
4.675942265625000118e+02,-8.574024407245170210e+01
4.675945195312500005e+02,-7.403524571034908774e+01
4.675948124999999891e+02,-7.747238060207075705e+01
4.675951054687500346e+02,-6.708350949682336761e+01
4.675953984375000232e+02,-6.654629813061251298e+01
4.675956914062500118e+02,-5.923880621733722762e+01
4.675959843750000005e+02,-5.985961135171103109e+01
4.675962773437499891e+02,-7.199329996134514431e+01
4.675965703125000346e+02,-6.669059828190364669e+01
4.675968632812500232e+02,-6.501979177161271650e+01
4.675971562500000118e+02,-7.103934817594003448e+01
4.675974492187500005e+02,-6.490268964085885273e+01
4.675977421874999891e+02,-6.240027839432119094e+01
4.675980351562500346e+02,-5.921940231456613191e+01
4.675983281250000232e+02,-6.222308001793209087e+01
4.675986210937500118e+02,-6.877815994395065502e+01
4.675989140625000005e+02,-6.699710912931567464e+01
4.675992070312499891e+02,-6.337266409924799859e+01
4.675995000000000346e+02,-6.038624567343095606e+01
4.675997929687500232e+02,-6.423780648446610542e+01
4.676000859375000118e+02,-6.939005642485854253e+01
4.676003789062500005e+02,-6.534517150780925476e+01
4.676006718749999891e+02,-6.287984758054228962e+01
4.676009648437500346e+02,-6.765772558066268516e+01
4.676012578125000232e+02,-7.375442433932708752e+01
4.676015507812500118e+02,-8.159777736420912220e+01
4.676018437500000005e+02,-7.500214333876563444e+01
4.676021367187499891e+02,-8.614358999372100811e+01
4.676024296875000346e+02,-8.331323500571159002e+01
4.676027226562500232e+02,-6.879335560840928565e+01
4.676030156250000118e+02,-7.143007121402324344e+01
4.676033085937500005e+02,-6.620172646698645735e+01
4.676036015624999891e+02,-6.260559379931741120e+01
4.676038945312500346e+02,-6.373203811535712759e+01
4.676041875000000232e+02,-7.657508162952262865e+01
4.676044804687500118e+02,-7.231723197897341038e+01
4.676047734375000005e+02,-6.148335762396029480e+01
4.676050664062499891e+02,-6.605734015882842414e+01
4.676053593750000346e+02,-6.475877984794189501e+01
4.676056523437500232e+02,-6.578542835052265048e+01
4.676059453125000118e+02,-6.922679410272075984e+01
4.676062382812500005e+02,-6.203937121892370499e+01
4.676065312499999891e+02,-6.474601088990849007e+01
4.676068242187500346e+02,-8.078632471996667164e+01
4.676071171875000232e+02,-7.377772311693759377e+01
4.676074101562500118e+02,-7.771740714415562934e+01
4.676077031250000005e+02,-7.318289001823046647e+01
4.676079960937499891e+02,-7.097617874600224752e+01
4.676082890625000346e+02,-7.269795654694023312e+01
4.676085820312500232e+02,-7.977769798248749566e+01
4.676088750000000118e+02,-6.878140038332864492e+01
4.676091679687500005e+02,-6.753149015047428350e+01
4.676094609374999891e+02,-6.579549104217728939e+01
4.676097539062500346e+02,-7.222047032522281995e+01
4.676100468750000232e+02,-7.458815066142662431e+01
4.676103398437500118e+02,-7.245421435083861184e+01
4.676106328125000005e+02,-8.609044619465807102e+01
4.676109257812499891e+02,-6.856503165846970660e+01
4.676112187500000346e+02,-6.770192689492705540e+01
4.676115117187500232e+02,-7.016281796035303842e+01
4.676118046875000118e+02,-6.721511173994274202e+01
4.676120976562500005e+02,-6.315246961177217599e+01
4.676123906249999891e+02,-6.464631080545986208e+01
4.676126835937500346e+02,-6.618571154600898865e+01
4.676129765625000232e+02,-7.346312309384916261e+01
4.676132695312500118e+02,-8.118700754863581892e+01
4.676135625000000005e+02,-7.698211974213941744e+01
4.676138554687499891e+02,-7.639952134422217966e+01
4.676141484375000346e+02,-8.708368184992303895e+01
4.676144414062500232e+02,-6.998974781335634532e+01
4.676147343750000118e+02,-6.597771240196119891e+01
4.676150273437500005e+02,-6.974452799492722477e+01
4.676153203124999891e+02,-7.173547910776910896e+01
4.676156132812500346e+02,-7.788994949526143330e+01
4.676159062500000232e+02,-9.181304284819574946e+01
4.676161992187500118e+02,-6.981777991072974032e+01
4.676164921875000005e+02,-7.063722616453118519e+01
4.676167851562499891e+02,-7.550292874361105078e+01
4.676170781250000346e+02,-7.278375618304964689e+01
4.676173710937500232e+02,-6.436407475291302660e+01
4.676176640625000118e+02,-6.496560645602785655e+01
4.676179570312500005e+02,-6.858353938533829819e+01
4.676182499999999891e+02,-7.305794891867847696e+01
4.676185429687500346e+02,-7.311341746111037310e+01
4.676188359375000232e+02,-7.239441299579746669e+01
4.676191289062500118e+02,-7.865408749548804224e+01
4.676194218750000005e+02,-6.709165601333693019e+01
4.676197148437499891e+02,-6.745450532222790230e+01
4.676200078125000346e+02,-6.915514452787351729e+01
4.676203007812500232e+02,-6.255897804761080749e+01
4.676205937500000118e+02,-6.419128076038350628e+01
4.676208867187500005e+02,-7.658481164559806587e+01
4.676211796874999891e+02,-6.846836865553976281e+01
4.676214726562500346e+02,-7.037952943336020439e+01
4.676217656250000232e+02,-6.736553829290622275e+01
4.676220585937500118e+02,-7.665688184134781125e+01
4.676223515625000005e+02,-7.835065044278388768e+01
4.676226445312499891e+02,-8.244705023395846410e+01
4.676229375000000346e+02,-7.714086224186236507e+01
4.676232304687500232e+02,-7.022827179139429177e+01
4.676235234375000118e+02,-7.271342821625003694e+01
4.676238164062500005e+02,-8.493041367795713370e+01
4.676241093749999891e+02,-7.468497257412634838e+01
4.676244023437500346e+02,-6.981832201654182768e+01
4.676246953125000232e+02,-7.043772035073112647e+01
4.676249882812500118e+02,-7.296398259826410992e+01
4.676252812500000005e+02,-6.808871151550873435e+01
4.676255742187499891e+02,-7.872993621536686248e+01
4.676258671875000346e+02,-7.486734210627398056e+01
4.676261601562500232e+02,-7.447843792934546059e+01
4.676264531250000118e+02,-7.779751132464220120e+01
4.676267460937500005e+02,-7.857401237080188139e+01
4.676270390624999891e+02,-7.174793972684695120e+01
4.676273320312500346e+02,-6.632797219869729588e+01
4.676276250000000232e+02,-6.929824895973395371e+01
4.676279179687500118e+02,-8.566793832947399778e+01
4.676282109375000005e+02,-7.022157360959556627e+01
4.676285039062499891e+02,-7.383460522648063318e+01
4.676287968750000346e+02,-7.650292510502411858e+01
4.676290898437500232e+02,-6.927765268915948127e+01
4.676293828125000118e+02,-7.470158257918302525e+01
4.676296757812500005e+02,-9.607394396411126536e+01
4.676299687499999891e+02,-8.469958442829158685e+01
4.676302617187500346e+02,-7.758460242025412867e+01
4.676305546875000232e+02,-7.147627553457522254e+01
4.676308476562500118e+02,-8.228685460310271083e+01
4.676311406250000005e+02,-8.531837844625803768e+01
4.676314335937499891e+02,-7.260573786665946727e+01
4.676317265625000346e+02,-6.624056868665311981e+01
4.676320195312500232e+02,-7.058629377646892067e+01
4.676323125000000118e+02,-7.413647196981006005e+01
4.676326054687500005e+02,-8.078178500475870294e+01
4.676328984374999891e+02,-7.138640307093793069e+01
4.676331914062500346e+02,-7.177259581774622177e+01
4.676334843750000232e+02,-7.225247759259661962e+01
4.676337773437500118e+02,-7.032784996487600893e+01
4.676340703125000005e+02,-6.620227173534567555e+01
4.676343632812499891e+02,-7.111046357200478951e+01
4.676346562500000346e+02,-7.576397079133994339e+01
4.676349492187500232e+02,-6.723716105746072458e+01
4.676352421875000118e+02,-6.837515294605778138e+01
4.676355351562500005e+02,-7.833310138679973988e+01
4.676358281249999891e+02,-8.050003450269753102e+01
4.676361210937500346e+02,-7.778426836087398044e+01
4.676364140625000232e+02,-9.139164937450289017e+01
4.676367070312500118e+02,-9.181850053915499643e+01
4.676370000000000005e+02,-7.799861203481840732e+01
4.676372929687499891e+02,-7.147374899717758012e+01
4.676375859375000346e+02,-7.172511428669696443e+01
4.676378789062500232e+02,-7.415164962843036278e+01
4.676381718750000118e+02,-7.694940615141780427e+01
4.676384648437500005e+02,-7.175609213659274133e+01
4.676387578124999891e+02,-7.523204172288467362e+01
4.676390507812500346e+02,-7.444459972486140487e+01
4.676393437500000232e+02,-7.406340368867479640e+01
4.676396367187500118e+02,-7.502591176101269355e+01
4.676399296875000005e+02,-7.854507843855836313e+01
4.676402226562499891e+02,-7.330095861858731610e+01
4.676405156250000346e+02,-7.617863365393507991e+01
4.676408085937500232e+02,-1.099748923308685278e+02
4.676411015625000118e+02,-8.195258165280836238e+01
4.676413945312500005e+02,-7.627651205257042477e+01
4.676416874999999891e+02,-7.437652484622047666e+01
4.676419804687500346e+02,-7.885704035273454338e+01
4.676422734375000232e+02,-8.499145845322210846e+01
4.676425664062500118e+02,-7.436421404846760197e+01
4.676428593750000005e+02,-7.376053152811223868e+01
4.676431523437499891e+02,-8.297278439466296618e+01
4.676434453125000346e+02,-7.493064474588346968e+01
4.676437382812500232e+02,-6.860810710953177249e+01
4.676440312500000118e+02,-6.911970850254030552e+01
4.676443242187500005e+02,-7.657943042534768097e+01
4.676446171874999891e+02,-8.394093618860196671e+01
4.676449101562500346e+02,-8.415382997642338125e+01
4.676452031250000232e+02,-8.114442057169581801e+01
4.676454960937500118e+02,-8.649801746400120805e+01
4.676457890625000005e+02,-7.129653890548215145e+01
4.676460820312499891e+02,-7.522455855526766300e+01
4.676463750000000346e+02,-8.303100921184592664e+01
4.676466679687500232e+02,-8.004630455868537808e+01
4.676469609375000118e+02,-7.546813669426990145e+01
4.676472539062500005e+02,-7.374491559575525912e+01
4.676475468749999891e+02,-7.004052226479443277e+01
4.676478398437500346e+02,-7.203126877853203780e+01
4.676481328125000232e+02,-8.849665003966713073e+01
4.676484257812500118e+02,-9.019002463959579075e+01
4.676487187500000005e+02,-7.899831229514417430e+01
4.676490117187499891e+02,-7.229489046403008956e+01
4.676493046875000346e+02,-6.927879306433987949e+01
4.676495976562500232e+02,-7.663884594312611398e+01
4.676498906250000118e+02,-8.846090658408797935e+01
4.676501835937500005e+02,-8.449893944377680555e+01
4.676504765624999891e+02,-8.294332744012693581e+01
4.676507695312500346e+02,-5.631208744638095709e+01
4.676510625000000232e+02,-4.852392987198888363e+01
4.676513554687500118e+02,-5.642864236706712688e+01
4.676516484375000005e+02,-7.479734731057649810e+01
4.676519414062499891e+02,-8.206451756662860930e+01
4.676522343750000346e+02,-8.068455314479835749e+01
4.676525273437500232e+02,-8.041737722054662640e+01
4.676528203125000118e+02,-7.258594924611313104e+01
4.676531132812500005e+02,-7.208409734325056206e+01
4.676534062499999891e+02,-8.054805018519849114e+01
4.676536992187500346e+02,-7.807889082957481719e+01
4.676539921875000232e+02,-7.404497226045569391e+01
4.676542851562500118e+02,-6.763523541926613802e+01
4.676545781250000005e+02,-6.348368912182505142e+01
4.676548710937499891e+02,-7.683956939268648512e+01
4.676551640625000346e+02,-8.143127705334946143e+01
4.676554570312500232e+02,-8.977418101052609245e+01
4.676557500000000118e+02,-8.104283809192821764e+01
4.676560429687500005e+02,-7.560289438929116557e+01
4.676563359374999891e+02,-8.011839971979921415e+01
4.676566289062500346e+02,-7.892087857352052538e+01
4.676569218750000232e+02,-8.142860361613816167e+01
4.676572148437500118e+02,-7.542899398030525049e+01
4.676575078125000005e+02,-7.521426795330566506e+01
4.676578007812499891e+02,-7.171425121664788094e+01
4.676580937500000346e+02,-7.633310939803477879e+01
4.676583867187500232e+02,-7.520942587619761355e+01
4.676586796875000118e+02,-7.668033918178520025e+01
4.676589726562500005e+02,-8.662784872679088721e+01
4.676592656249999891e+02,-8.173502995576760100e+01
4.676595585937500346e+02,-7.915402608856086886e+01
4.676598515625000232e+02,-7.386684504629727144e+01
4.676601445312500118e+02,-7.537192558371515361e+01
4.676604375000000005e+02,-7.274483520964102468e+01
4.676607304687499891e+02,-8.013203217555169999e+01
4.676610234375000346e+02,-7.349568227702206968e+01
4.676613164062500232e+02,-7.324419119704683112e+01
4.676616093750000118e+02,-8.549120466041091504e+01
4.676619023437500005e+02,-7.904289237615479635e+01
4.676621953124999891e+02,-7.787972122760768912e+01
4.676624882812500346e+02,-7.372822957351991136e+01
4.676627812500000232e+02,-8.637418778108957440e+01
4.676630742187500118e+02,-7.630802354604740856e+01
4.676633671875000005e+02,-7.472698317501252063e+01
4.676636601562499891e+02,-7.349386920279901858e+01
4.676639531250000346e+02,-7.282178158182215100e+01
4.676642460937500232e+02,-7.998686812303289173e+01
4.676645390625000118e+02,-7.852004291278936421e+01
4.676648320312500005e+02,-7.349534331718999169e+01
4.676651249999999891e+02,-7.991881050364681016e+01
4.676654179687500346e+02,-8.268450468821724542e+01
4.676657109375000232e+02,-8.320790969852110663e+01
4.676660039062500118e+02,-7.696139112428222973e+01
4.676662968750000005e+02,-7.750465606851271616e+01
4.676665898437499891e+02,-8.078374376576682891e+01
4.676668828125000346e+02,-7.681023246692541306e+01
4.676671757812500232e+02,-7.472294261071840538e+01
4.676674687500000118e+02,-7.809782327714059136e+01
4.676677617187500005e+02,-8.200379484319878998e+01
4.676680546874999891e+02,-7.446424849140869640e+01
4.676683476562500346e+02,-7.064803605257209540e+01
4.676686406250000232e+02,-7.216159767635012656e+01
4.676689335937500118e+02,-7.776661474057091539e+01
4.676692265625000005e+02,-8.427489235123843514e+01
4.676695195312499891e+02,-7.547231367195634277e+01
4.676698125000000346e+02,-7.474933143252179946e+01
4.676701054687500232e+02,-7.986769159187430489e+01
4.676703984375000118e+02,-7.767043016696095492e+01
4.676706914062500005e+02,-8.631937543982633088e+01
4.676709843749999891e+02,-9.087523483934339197e+01
4.676712773437500346e+02,-7.718701679446483865e+01
4.676715703125000232e+02,-7.462852093447403945e+01
4.676718632812500118e+02,-7.222357460488173331e+01
4.676721562500000005e+02,-7.650230187446668140e+01
4.676724492187499891e+02,-8.569806539032184389e+01
4.676727421875000346e+02,-8.777726064805801798e+01
4.676730351562500232e+02,-8.321303489602898651e+01
4.676733281250000118e+02,-7.982636384925888251e+01
4.676736210937500005e+02,-9.498517225614655501e+01
4.676739140624999891e+02,-8.198647213087491536e+01
4.676742070312500346e+02,-7.761043696509429424e+01
4.676745000000000232e+02,-8.390847854344643508e+01
4.676747929687500118e+02,-8.448083954317402799e+01
4.676750859375000005e+02,-7.929551899189175401e+01
4.676753789062499891e+02,-7.633946913456904326e+01
4.676756718750000346e+02,-7.423991206312533109e+01
4.676759648437500232e+02,-8.433961137368818584e+01
4.676762578125000118e+02,-8.053434248444040122e+01
4.676765507812500005e+02,-7.374069316566333043e+01
4.676768437499999891e+02,-7.938666681882921239e+01
4.676771367187500346e+02,-8.568090561778134884e+01
4.676774296875000232e+02,-9.118695422823392960e+01
4.676777226562500118e+02,-7.874497108176564097e+01
4.676780156250000005e+02,-8.523603644566946969e+01
4.676783085937499891e+02,-7.538835119934175566e+01
4.676786015625000346e+02,-7.370500645954443542e+01
4.676788945312500232e+02,-7.742886936480599047e+01
4.676791875000000118e+02,-7.922959169630786391e+01
4.676794804687500005e+02,-8.593671214914820666e+01
4.676797734374999891e+02,-8.048917884055651939e+01
4.676800664062500346e+02,-8.073173973166611006e+01
4.676803593750000232e+02,-7.998062605881990805e+01
4.676806523437500118e+02,-7.129813745901397226e+01
4.676809453125000005e+02,-7.358874761212615567e+01
4.676812382812499891e+02,-7.985683177745144690e+01
4.676815312500000346e+02,-7.809271489591635884e+01
4.676818242187500232e+02,-7.636227366926192417e+01
4.676821171875000118e+02,-8.574023721842011980e+01
4.676824101562500005e+02,-8.735339584839614702e+01
4.676827031249999891e+02,-8.287932869324521334e+01
4.676829960937500346e+02,-7.905876204560269116e+01
4.676832890625000232e+02,-7.477830641300916170e+01
4.676835820312500118e+02,-7.915371569832058185e+01
4.676838750000000005e+02,-8.031451510087427437e+01
4.676841679687499891e+02,-7.784850905408310950e+01
4.676844609375000346e+02,-7.775890912796738519e+01
4.676847539062500232e+02,-8.738756593413447149e+01
4.676850468750000118e+02,-8.397901453834386132e+01
4.676853398437500005e+02,-8.533354073381696026e+01
4.676856328124999891e+02,-8.186912642228807613e+01
4.676859257812500346e+02,-8.094660171729414344e+01
4.676862187500000232e+02,-8.304348390653503031e+01
4.676865117187500118e+02,-7.936938661617502078e+01
4.676868046875000005e+02,-8.373327777799458715e+01
4.676870976562499891e+02,-8.500471530831828204e+01
4.676873906250000346e+02,-7.897214178675201879e+01
4.676876835937500232e+02,-7.505538741585853302e+01
4.676879765625000118e+02,-8.499803625644577210e+01
4.676882695312500005e+02,-8.489901560626761068e+01
4.676885624999999891e+02,-8.515098057777814233e+01
4.676888554687500346e+02,-8.765585271153149449e+01
4.676891484375000232e+02,-7.843869916175880519e+01
4.676894414062500118e+02,-7.483901507642920592e+01
4.676897343750000005e+02,-7.337536054880509084e+01
4.676900273437499891e+02,-9.236513043011393620e+01
4.676903203125000346e+02,-7.415229694214274048e+01
4.676906132812500232e+02,-7.820611803576068155e+01
4.676909062500000118e+02,-7.997621632949956449e+01
4.676911992187500005e+02,-8.026496247029749043e+01
4.676914921874999891e+02,-7.767550041606897082e+01
4.676917851562500346e+02,-7.825697610416018790e+01
4.676920781250000232e+02,-8.613748317647517183e+01
4.676923710937500118e+02,-7.863847019345035960e+01
4.676926640625000005e+02,-6.700158712026663466e+01
4.676929570312499891e+02,-6.829459749604663443e+01
4.676932500000000346e+02,-8.786196321289544642e+01
4.676935429687500232e+02,-8.057321528408232325e+01
4.676938359375000118e+02,-9.098945461665920220e+01
4.676941289062500005e+02,-8.523909378320877295e+01
4.676944218749999891e+02,-8.188503901428424570e+01
4.676947148437500346e+02,-7.239656586753248746e+01
4.676950078125000232e+02,-7.723184736244550663e+01
4.676953007812500118e+02,-8.958552730498128369e+01
4.676955937500000005e+02,-8.410132451574172308e+01
4.676958867187499891e+02,-7.575506340321096843e+01
4.676961796875000346e+02,-6.891604745279722977e+01
4.676964726562500232e+02,-7.364539689539324741e+01
4.676967656250000118e+02,-8.655589958261558081e+01
4.676970585937500005e+02,-8.578123226722716765e+01
4.676973515624999891e+02,-7.907775535631171238e+01
4.676976445312500346e+02,-7.972496706639576303e+01
4.676979375000000232e+02,-7.485755060382929571e+01
4.676982304687500118e+02,-7.628185003761038274e+01
4.676985234375000005e+02,-8.112300447045055307e+01
4.676988164062499891e+02,-8.407217441549883574e+01
4.676991093750000346e+02,-8.059939270143338774e+01
4.676994023437500232e+02,-7.681297405344245988e+01
4.676996953125000118e+02,-7.292995349634864510e+01
4.676999882812500005e+02,-8.107125031186015462e+01
4.677002812499999891e+02,-8.594182593584753249e+01
4.677005742187500346e+02,-8.518820769708798935e+01
4.677008671875000232e+02,-9.172326109409659978e+01
4.677011601562500118e+02,-8.103073049246111736e+01
4.677014531250000005e+02,-7.982460503979115174e+01
4.677017460937499891e+02,-8.710690170182689940e+01
4.677020390625000346e+02,-8.144042512110607390e+01
4.677023320312500232e+02,-8.670577381733623668e+01
4.677026250000000118e+02,-7.581181200245396212e+01
4.677029179687500005e+02,-9.082241604938187152e+01
4.677032109374999891e+02,-7.709009324625861836e+01
4.677035039062500346e+02,-7.790198612201140804e+01
4.677037968750000232e+02,-7.922655832178830337e+01
4.677040898437500118e+02,-8.003932951570817522e+01
4.677043828125000005e+02,-7.326425975805116764e+01
4.677046757812499891e+02,-7.592511298657666430e+01
4.677049687500000346e+02,-7.711627531475960495e+01
4.677052617187500232e+02,-7.923671390708919660e+01
4.677055546875000118e+02,-7.785697765694035866e+01
4.677058476562500005e+02,-8.143597830215068711e+01
4.677061406249999891e+02,-7.673206878272553411e+01
4.677064335937500346e+02,-7.571490032103912426e+01
4.677067265625000232e+02,-7.591631283684010612e+01
4.677070195312500118e+02,-7.855805660087865760e+01
4.677073125000000005e+02,-7.979471366910532026e+01
4.677076054687499891e+02,-8.495907193268644164e+01
4.677078984375000346e+02,-8.075039979588540007e+01
4.677081914062500232e+02,-7.736320203744297430e+01
4.677084843750000118e+02,-8.093416474589366771e+01
4.677087773437500005e+02,-8.348802094647467698e+01
4.677090703124999891e+02,-7.795500398988201596e+01
4.677093632812500346e+02,-8.039705391240568133e+01
4.677096562500000232e+02,-8.028931496103375309e+01
4.677099492187500118e+02,-8.357722993028063740e+01
4.677102421875000005e+02,-8.218978739614055939e+01
4.677105351562499891e+02,-7.650647075369336392e+01
4.677108281250000346e+02,-8.104398385814536709e+01
4.677111210937500232e+02,-7.894371800372594805e+01
4.677114140625000118e+02,-7.856208595172982712e+01
4.677117070312500005e+02,-7.808956547061237075e+01
4.677119999999999891e+02,-7.509942141890594769e+01
4.677122929687500346e+02,-7.375647493815620237e+01
4.677125859375000232e+02,-7.849452686177242811e+01
4.677128789062500118e+02,-7.444298641353078949e+01
4.677131718750000005e+02,-6.387950753097868528e+01
4.677134648437499891e+02,-6.609023582752918458e+01
4.677137578125000346e+02,-8.294671457815277904e+01
4.677140507812500232e+02,-8.623519250573576755e+01
4.677143437500000118e+02,-8.291467924853296267e+01
4.677146367187500005e+02,-7.746863718992437953e+01
4.677149296874999891e+02,-7.681977272080831654e+01
4.677152226562500346e+02,-8.698255245334445362e+01
4.677155156250000232e+02,-7.835103975566437384e+01
4.677158085937500118e+02,-8.095882048424039112e+01
4.677161015625000005e+02,-8.161329654051554883e+01
4.677163945312499891e+02,-7.483189829900868517e+01
4.677166875000000346e+02,-7.063581624280975291e+01
4.677169804687500232e+02,-7.329132938367798999e+01
4.677172734375000118e+02,-7.859709333836576661e+01
4.677175664062500005e+02,-7.997410895448153667e+01
4.677178593749999891e+02,-7.849863730871655321e+01
4.677181523437500346e+02,-7.830783856008261523e+01
4.677184453125000232e+02,-7.568794170305122293e+01
4.677187382812500118e+02,-7.997725201110272053e+01
4.677190312500000005e+02,-8.431943046723034740e+01
4.677193242187499891e+02,-8.628907956478869323e+01
4.677196171875000346e+02,-9.915978862318945630e+01
4.677199101562500232e+02,-7.710126745124414072e+01
4.677202031250000118e+02,-7.567959014390768857e+01
4.677204960937500005e+02,-8.193659536210813599e+01
4.677207890624999891e+02,-8.410766748295500861e+01
4.677210820312500346e+02,-7.937257956220939548e+01
4.677213750000000232e+02,-8.711795950953191436e+01
4.677216679687500118e+02,-9.287403578469975685e+01
4.677219609375000005e+02,-8.889802061941207967e+01
4.677222539062499891e+02,-8.117064460971938900e+01
4.677225468750000346e+02,-8.430227574812414559e+01
4.677228398437500232e+02,-7.990831765960410848e+01
4.677231328125000118e+02,-9.137214992972701566e+01
4.677234257812500005e+02,-7.954705299985502620e+01
4.677237187499999891e+02,-8.789438173591888415e+01
4.677240117187500346e+02,-9.440450307767109450e+01
4.677243046875000232e+02,-8.283433356642360934e+01
4.677245976562500118e+02,-7.925089448219083010e+01
4.677248906250000005e+02,-7.872996688255585696e+01
4.677251835937499891e+02,-8.624530655819782510e+01
4.677254765625000346e+02,-9.504177601847969470e+01
4.677257695312500232e+02,-8.927094708775658205e+01
4.677260625000000118e+02,-8.274800741527397463e+01
4.677263554687500005e+02,-8.134819350490651857e+01
4.677266484374999891e+02,-8.307225537908226443e+01
4.677269414062500346e+02,-8.399081063377978751e+01
4.677272343750000232e+02,-9.502031667011090121e+01
4.677275273437500118e+02,-8.548080367575524008e+01
4.677278203125000005e+02,-8.072912761674587045e+01
4.677281132812499891e+02,-7.859118316821158601e+01
4.677284062500000346e+02,-8.041465679814291434e+01
4.677286992187500232e+02,-9.104405770703232292e+01
4.677289921875000118e+02,-8.103967934966597397e+01
4.677292851562500005e+02,-7.923506398610525991e+01
4.677295781249999891e+02,-8.411057700964541084e+01
4.677298710937500346e+02,-8.101606883328915387e+01
4.677301640625000232e+02,-8.021885415955638621e+01
4.677304570312500118e+02,-8.449832310560468329e+01
4.677307500000000005e+02,-7.821049658630701629e+01
4.677310429687499891e+02,-8.927950508524065754e+01
4.677313359375000346e+02,-7.831719863685688665e+01
4.677316289062500232e+02,-7.702398061175411215e+01
4.677319218750000118e+02,-7.895008139892877352e+01
4.677322148437500005e+02,-8.267472467991245821e+01
4.677325078124999891e+02,-8.598659538980186312e+01
4.677328007812500346e+02,-8.247717920792680957e+01
4.677330937500000232e+02,-8.685857627537109238e+01
4.677333867187500118e+02,-8.357030967372494956e+01
4.677336796875000005e+02,-8.823827787532013645e+01
4.677339726562499891e+02,-8.350657144588888059e+01
4.677342656250000346e+02,-8.693342494352759786e+01
4.677345585937500232e+02,-8.322563718466030025e+01
4.677348515625000118e+02,-7.958760420207146069e+01
4.677351445312500005e+02,-9.538227444429681157e+01
4.677354374999999891e+02,-7.698123471938156115e+01
4.677357304687500346e+02,-9.958920474472547824e+01
4.677360234375000232e+02,-8.860929180038058917e+01
4.677363164062500118e+02,-8.382953377614221324e+01
4.677366093750000005e+02,-7.718650774154701821e+01
4.677369023437499891e+02,-7.983419602069876930e+01
4.677371953125000346e+02,-1.058125146673923922e+02
4.677374882812500232e+02,-8.999095939345851036e+01
4.677377812500000118e+02,-1.001705127171932332e+02
4.677380742187500005e+02,-7.703117183539097823e+01
4.677383671874999891e+02,-8.171167302498548679e+01
4.677386601562500346e+02,-8.237877576788793021e+01
4.677389531250000232e+02,-8.046099842205998698e+01
4.677392460937500118e+02,-7.877805114690285393e+01
4.677395390625000005e+02,-9.331694647884842198e+01
4.677398320312499891e+02,-9.747434463366099067e+01
4.677401250000000346e+02,-9.162229402156594915e+01
4.677404179687500232e+02,-8.376298289287225884e+01
4.677407109375000118e+02,-9.328500561621254406e+01
4.677410039062500005e+02,-9.383624642826893592e+01
4.677412968749999891e+02,-9.873447684348001019e+01
4.677415898437500346e+02,-9.211380454285389874e+01
4.677418828125000232e+02,-8.045940391686913529e+01
4.677421757812500118e+02,-7.951638105726571837e+01
4.677424687500000005e+02,-8.139528360543293672e+01
4.677427617187499891e+02,-8.778991222901233016e+01
4.677430546875000346e+02,-8.705955619102495291e+01
4.677433476562500232e+02,-8.188554827730956731e+01
4.677436406250000118e+02,-8.681321453313839243e+01
4.677439335937500005e+02,-8.645696259914703319e+01
4.677442265624999891e+02,-8.479030741932214710e+01
4.677445195312500346e+02,-8.777717645841859451e+01
4.677448125000000232e+02,-7.681857677564353537e+01
4.677451054687500118e+02,-7.747406908562022920e+01
4.677453984375000005e+02,-8.227374026191401413e+01
4.677456914062499891e+02,-7.906077615687667048e+01
4.677459843750000346e+02,-7.889919512016834346e+01
4.677462773437500232e+02,-8.277181912235768380e+01
4.677465703125000118e+02,-8.227212755734355198e+01
4.677468632812500005e+02,-8.294589132043518021e+01
4.677471562499999891e+02,-8.181717135366808691e+01
4.677474492187500346e+02,-9.195809650912295297e+01
4.677477421875000232e+02,-8.362809624664774333e+01
4.677480351562500118e+02,-9.102689937401251541e+01
4.677483281250000005e+02,-8.245772067187486698e+01
4.677486210937499891e+02,-9.421536869787061619e+01
4.677489140625000346e+02,-9.998780627643307639e+01
4.677492070312500232e+02,-9.227536092569897619e+01
4.677495000000000118e+02,-8.291451703310306698e+01
4.677497929687500005e+02,-7.917549743564903508e+01
4.677500859374999891e+02,-8.262619764154555924e+01
4.677503789062500346e+02,-8.525564463264997528e+01
4.677506718750000232e+02,-8.027318953399262114e+01
4.677509648437500118e+02,-8.107054947870335582e+01
4.677512578125000005e+02,-7.831073830647758882e+01
4.677515507812499891e+02,-8.484056692051665038e+01
4.677518437500000346e+02,-8.324577751230494016e+01
4.677521367187500232e+02,-9.291313276278985711e+01
4.677524296875000118e+02,-8.118146634900503500e+01
4.677527226562500005e+02,-8.897958231161560150e+01
4.677530156249999891e+02,-8.702449576040338286e+01
4.677533085937500346e+02,-8.552951362945057667e+01
4.677536015625000232e+02,-8.887466260959796216e+01
4.677538945312500118e+02,-8.733702548194899862e+01
4.677541875000000005e+02,-8.569133386241638561e+01
4.677544804687499891e+02,-8.387321710130859742e+01
4.677547734375000346e+02,-7.486691022810688878e+01
4.677550664062500232e+02,-7.369404309240850637e+01
4.677553593750000118e+02,-7.832187475977971758e+01
4.677556523437500005e+02,-7.690219579019181140e+01
4.677559453124999891e+02,-7.961123710924417196e+01
4.677562382812500346e+02,-8.830414410740269204e+01
4.677565312500000232e+02,-8.938909501750536890e+01
4.677568242187500118e+02,-8.503410153359553192e+01
4.677571171875000005e+02,-8.074753125957687416e+01
4.677574101562499891e+02,-8.500547546872338955e+01
4.677577031250000346e+02,-8.279871594150669978e+01
4.677579960937500232e+02,-8.523852093911901306e+01
4.677582890625000118e+02,-7.464570989398572465e+01
4.677585820312500005e+02,-7.556451450190328956e+01
4.677588749999999891e+02,-8.283689517313293038e+01
4.677591679687500346e+02,-8.988876142168224703e+01
4.677594609375000232e+02,-9.200821826240502332e+01
4.677597539062500118e+02,-1.014483585862059698e+02
4.677600468750000005e+02,-8.241520430645761053e+01
4.677603398437499891e+02,-7.805108001826577890e+01
4.677606328125000346e+02,-8.319447833637215695e+01
4.677609257812500232e+02,-9.093240612849855609e+01
4.677612187500000118e+02,-8.467958607348349176e+01
4.677615117187500005e+02,-8.501998834149910067e+01
4.677618046874999891e+02,-8.045292351953943921e+01
4.677620976562500346e+02,-9.348584738199356536e+01
4.677623906250000232e+02,-7.979805578363846053e+01
4.677626835937500118e+02,-7.809584334706671882e+01
4.677629765625000005e+02,-8.147897515116972045e+01
4.677632695312499891e+02,-9.641382058277599754e+01
4.677635625000000346e+02,-8.887464425770130561e+01
4.677638554687500232e+02,-8.752014016497788873e+01
4.677641484375000118e+02,-8.435605702540692619e+01
4.677644414062500005e+02,-8.435518830016307845e+01
4.677647343749999891e+02,-8.164920904515454936e+01
4.677650273437500346e+02,-8.190280653115510745e+01
4.677653203125000232e+02,-7.971074531770528893e+01
4.677656132812500118e+02,-8.675091023142832114e+01
4.677659062500000005e+02,-8.052753569727094884e+01
4.677661992187499891e+02,-8.300666072085540748e+01
4.677664921875000346e+02,-8.671267449236559344e+01
4.677667851562500232e+02,-8.724986035772688808e+01
4.677670781250000118e+02,-8.221130385430024035e+01
4.677673710937500005e+02,-8.119812384258548832e+01
4.677676640624999891e+02,-7.674470297031709265e+01
4.677679570312500346e+02,-7.393410923307222049e+01
4.677682500000000232e+02,-7.416873893279390018e+01
4.677685429687500118e+02,-7.785058427366433875e+01
4.677688359375000005e+02,-8.450328459878480203e+01
4.677691289062499891e+02,-8.413225845290050131e+01
4.677694218750000346e+02,-8.887083646381157109e+01
4.677697148437500232e+02,-8.233851696395066710e+01
4.677700078125000118e+02,-8.047167931815687325e+01
4.677703007812500005e+02,-8.028660773195356626e+01
4.677705937499999891e+02,-8.126497337334367899e+01
4.677708867187500346e+02,-8.281974785143924578e+01
4.677711796875000232e+02,-8.357549412303123404e+01
4.677714726562500118e+02,-8.064229795092887798e+01
4.677717656250000005e+02,-8.140498163054715519e+01
4.677720585937499891e+02,-8.826453149251987895e+01
4.677723515625000346e+02,-8.869358955214229923e+01
4.677726445312500232e+02,-9.437798371339519576e+01
4.677729375000000118e+02,-9.783207198226973844e+01
4.677732304687500005e+02,-8.868032670858808331e+01
4.677735234374999891e+02,-9.526517685360931864e+01
4.677738164062500346e+02,-9.036331557286467842e+01
4.677741093750000232e+02,-8.365311806266905137e+01
4.677744023437500118e+02,-7.884085197875322137e+01
4.677746953125000005e+02,-7.884220671370036371e+01
4.677749882812499891e+02,-8.691855683603536420e+01
4.677752812500000346e+02,-8.608998591443004500e+01
4.677755742187500232e+02,-8.044628372904462310e+01
4.677758671875000118e+02,-8.574845892031299854e+01
4.677761601562500005e+02,-9.155861203482204758e+01
4.677764531249999891e+02,-8.787450922610460680e+01
4.677767460937500346e+02,-8.905650484708584713e+01
4.677770390625000232e+02,-8.991619098885402650e+01
4.677773320312500118e+02,-8.898253115530465607e+01
4.677776250000000005e+02,-8.159745411474011689e+01
4.677779179687499891e+02,-8.395432553119304941e+01
4.677782109375000346e+02,-9.234229431971809277e+01
4.677785039062500232e+02,-8.721069893732418166e+01
4.677787968750000118e+02,-8.081109420107033259e+01
4.677790898437500005e+02,-7.571091362184677109e+01
4.677793828124999891e+02,-7.469277023368752566e+01
4.677796757812500346e+02,-8.223631602422409514e+01
4.677799687500000232e+02,-8.996162987683221957e+01
4.677802617187500118e+02,-8.908970543023039568e+01
4.677805546875000005e+02,-1.015620298315695607e+02
4.677808476562499891e+02,-9.113153360947006831e+01
4.677811406250000346e+02,-8.489469361185851426e+01
4.677814335937500232e+02,-9.095826848385415531e+01
4.677817265625000118e+02,-8.142421563098878323e+01
4.677820195312500005e+02,-8.165085205390603562e+01
4.677823124999999891e+02,-7.830909554004156803e+01
4.677826054687500346e+02,-8.209696199128993044e+01
4.677828984375000232e+02,-8.375421914349777808e+01
4.677831914062500118e+02,-9.111638107659948105e+01
4.677834843750000005e+02,-8.800039586605288378e+01
4.677837773437499891e+02,-8.937013411171191990e+01
4.677840703125000346e+02,-9.758879316527699643e+01
4.677843632812500232e+02,-8.531866501682716830e+01
4.677846562500000118e+02,-8.578646694773266290e+01
4.677849492187500005e+02,-9.279674434325966104e+01
4.677852421874999891e+02,-8.395837455096925339e+01
4.677855351562500346e+02,-7.864066926979361938e+01
4.677858281250000232e+02,-8.575100766956691700e+01
4.677861210937500118e+02,-8.057915304869773365e+01
4.677864140625000005e+02,-7.812161970744325856e+01
4.677867070312499891e+02,-9.292758868252860793e+01
4.677870000000000346e+02,-8.209388975429473589e+01
4.677872929687500232e+02,-8.395265547339165835e+01
4.677875859375000118e+02,-8.644890733768590962e+01
4.677878789062500005e+02,-7.955592551376378196e+01
4.677881718749999891e+02,-7.957172848167493839e+01
4.677884648437500346e+02,-9.035371752011633362e+01
4.677887578125000232e+02,-9.032778303625958927e+01
4.677890507812500118e+02,-8.852040960735591568e+01
4.677893437500000005e+02,-8.552627201789788103e+01
4.677896367187499891e+02,-8.318026214995084899e+01
4.677899296875000346e+02,-8.529086712522691016e+01
4.677902226562500232e+02,-8.707514105325441278e+01
4.677905156250000118e+02,-8.355390806085365796e+01
4.677908085937500005e+02,-8.252774891623786857e+01
4.677911015624999891e+02,-9.090581722689270805e+01
4.677913945312500346e+02,-8.755962946856358542e+01
4.677916875000000232e+02,-8.162092914227912388e+01
4.677919804687500118e+02,-9.354237911157014196e+01
4.677922734375000005e+02,-8.234043149872445611e+01
4.677925664062499891e+02,-9.499131066818519287e+01
4.677928593750000346e+02,-8.323809970147937065e+01
4.677931523437500232e+02,-8.981389602144386686e+01
4.677934453125000118e+02,-8.574392618415318168e+01
4.677937382812500005e+02,-8.551383604781855752e+01
4.677940312499999891e+02,-8.821336401609677580e+01
4.677943242187500346e+02,-8.662166479180859824e+01
4.677946171875000232e+02,-8.899562247444836771e+01
4.677949101562500118e+02,-8.346876703441891721e+01
4.677952031250000005e+02,-8.203254483491924987e+01
4.677954960937499891e+02,-8.268567522283156279e+01
4.677957890625000346e+02,-8.863991526013556665e+01
4.677960820312500232e+02,-8.197318130039398909e+01
4.677963750000000118e+02,-8.753935498995795683e+01
4.677966679687500005e+02,-8.594055597043258388e+01
4.677969609374999891e+02,-8.021271659951189292e+01
4.677972539062500346e+02,-8.124153263294401484e+01
4.677975468750000232e+02,-8.612205053841239533e+01
4.677978398437500118e+02,-8.448756744244020922e+01
4.677981328125000005e+02,-9.268407620691138504e+01
4.677984257812499891e+02,-1.012551370403457440e+02
4.677987187500000346e+02,-9.133926764725303826e+01
4.677990117187500232e+02,-8.603900632909612511e+01
4.677993046875000118e+02,-8.637196270240374929e+01
4.677995976562500005e+02,-9.007895182777750165e+01
4.677998906249999891e+02,-8.068925213446104294e+01
4.678001835937500346e+02,-7.923441194930090603e+01
4.678004765625000232e+02,-7.948738547269145727e+01
4.678007695312500118e+02,-7.796151049421764867e+01
4.678010625000000005e+02,-7.879959959911347767e+01
4.678013554687499891e+02,-9.590148008810750468e+01
4.678016484375000346e+02,-9.296510909939149769e+01
4.678019414062500232e+02,-8.802380400289847273e+01
4.678022343750000118e+02,-8.306443729000648091e+01
4.678025273437500005e+02,-9.086981634081055859e+01
4.678028203124999891e+02,-8.181380349882562086e+01
4.678031132812500346e+02,-8.507029658544189488e+01
4.678034062500000232e+02,-9.652379411302464973e+01
4.678036992187500118e+02,-8.512860511281304809e+01
4.678039921875000005e+02,-7.825585510804826583e+01
4.678042851562499891e+02,-7.667664660251438136e+01
4.678045781250000346e+02,-8.410577049213767964e+01
4.678048710937500232e+02,-8.216926704067459752e+01
4.678051640625000118e+02,-8.672144515493178574e+01
4.678054570312500005e+02,-8.894960088540753418e+01
4.678057499999999891e+02,-9.321278684937303183e+01
4.678060429687500346e+02,-8.421735156449850024e+01
4.678063359375000232e+02,-8.231255341087454269e+01
4.678066289062500118e+02,-8.803789863266476345e+01
4.678069218750000005e+02,-8.117324090871873921e+01
4.678072148437499891e+02,-8.289983713222711970e+01
4.678075078125000346e+02,-8.456977848242651419e+01
4.678078007812500232e+02,-8.615092636040161267e+01
4.678080937500000118e+02,-7.839590011362852806e+01
4.678083867187500005e+02,-7.913482642617702822e+01
4.678086796874999891e+02,-1.058839299706001924e+02
4.678089726562500346e+02,-8.361183287734904468e+01
4.678092656250000232e+02,-7.994270278227887161e+01
4.678095585937500118e+02,-7.762903780939714693e+01
4.678098515625000005e+02,-9.112478322852950896e+01
4.678101445312499891e+02,-8.651524929221949378e+01
4.678104375000000346e+02,-8.028296769231987184e+01
4.678107304687500232e+02,-7.788780240074282801e+01
4.678110234375000118e+02,-8.493911702081695125e+01
4.678113164062500005e+02,-8.042943957802499710e+01
4.678116093749999891e+02,-8.060665088076667928e+01
4.678119023437500346e+02,-8.592551466545549488e+01
4.678121953125000232e+02,-7.949510808941110440e+01
4.678124882812500118e+02,-7.755692455444199140e+01
4.678127812500000005e+02,-8.225443212682867511e+01
4.678130742187499891e+02,-8.916180526235166326e+01
4.678133671875000346e+02,-8.772905590143166421e+01
4.678136601562500232e+02,-8.955969762805536050e+01
4.678139531250000118e+02,-9.128387274162336951e+01
4.678142460937500005e+02,-8.547394429015531614e+01
4.678145390624999891e+02,-1.050326268710416144e+02
4.678148320312500346e+02,-8.008381856702672508e+01
4.678151250000000232e+02,-8.228082124395868391e+01
4.678154179687500118e+02,-8.883853132951507803e+01
4.678157109375000005e+02,-8.800860878887307592e+01
4.678160039062499891e+02,-8.619341867464400764e+01
4.678162968750000346e+02,-8.724628512422997062e+01
4.678165898437500232e+02,-8.385795995973785466e+01
4.678168828125000118e+02,-7.807276756526550798e+01
4.678171757812500005e+02,-7.880603093943869908e+01
4.678174687499999891e+02,-8.989906948288106037e+01
4.678177617187500346e+02,-8.597077018907832269e+01
4.678180546875000232e+02,-8.169730235168404420e+01
4.678183476562500118e+02,-8.135270393994343863e+01
4.678186406250000005e+02,-8.670979191252351370e+01
4.678189335937499891e+02,-8.306514385286833146e+01
4.678192265625000346e+02,-8.626667838219844953e+01
4.678195195312500232e+02,-8.818845485154801622e+01
4.678198125000000118e+02,-8.335218287801450288e+01
4.678201054687500005e+02,-8.158078764004855543e+01
4.678203984374999891e+02,-7.896076447595964964e+01
4.678206914062500346e+02,-7.976179488461579581e+01
4.678209843750000232e+02,-9.579305770731028247e+01
4.678212773437500118e+02,-9.797983375233648928e+01
4.678215703125000005e+02,-8.285218940744482552e+01
4.678218632812499891e+02,-8.263350152350705002e+01
4.678221562500000346e+02,-9.162589947027193205e+01
4.678224492187500232e+02,-8.592223490493715587e+01
4.678227421875000118e+02,-9.056334811437837118e+01
4.678230351562500005e+02,-1.165423303589549846e+02
4.678233281249999891e+02,-9.619975253868572906e+01
4.678236210937500346e+02,-8.675743514146518010e+01
4.678239140625000232e+02,-8.904957990049626915e+01
4.678242070312500118e+02,-7.998369582553701207e+01
4.678245000000000005e+02,-8.578720353369624263e+01
4.678247929687499891e+02,-8.198529461067309398e+01
4.678250859375000346e+02,-8.661559146364811568e+01
4.678253789062500232e+02,-8.877639237139128170e+01
4.678256718750000118e+02,-9.686131610263636560e+01
4.678259648437500005e+02,-8.985405282829825069e+01
4.678262578124999891e+02,-8.321041384348657743e+01
4.678265507812500346e+02,-8.074995624126260907e+01
4.678268437500000232e+02,-7.630630244555936770e+01
4.678271367187500118e+02,-8.299209888424294945e+01
4.678274296875000005e+02,-9.215436493762479131e+01
4.678277226562499891e+02,-8.412880413335415142e+01
4.678280156250000346e+02,-7.736566556912818271e+01
4.678283085937500232e+02,-7.922416611664611708e+01
4.678286015625000118e+02,-8.757359763575890099e+01
4.678288945312500005e+02,-9.138844721071350818e+01
4.678291874999999891e+02,-9.577710920700140207e+01
4.678294804687500346e+02,-8.541310975140511630e+01
4.678297734375000232e+02,-8.288885808381559173e+01
4.678300664062500118e+02,-8.701724076828307375e+01
4.678303593750000005e+02,-8.137146827356063739e+01
4.678306523437499891e+02,-1.036716077801262088e+02
4.678309453125000346e+02,-8.698089376753725332e+01
4.678312382812500232e+02,-1.017233731582186209e+02
4.678315312500000118e+02,-8.572258900066849208e+01
4.678318242187500005e+02,-8.328752537989558391e+01
4.678321171874999891e+02,-8.367896716384117894e+01
4.678324101562500346e+02,-9.572477948447254903e+01
4.678327031250000232e+02,-9.500944593597125731e+01
4.678329960937500118e+02,-8.439605903911174778e+01
4.678332890625000005e+02,-8.024173037661728358e+01
4.678335820312499891e+02,-8.336334505779697679e+01
4.678338750000000346e+02,-8.796793337850371586e+01
4.678341679687500232e+02,-8.262332730268498437e+01
4.678344609375000118e+02,-8.538585341847218046e+01
4.678347539062500005e+02,-9.327763119820174609e+01
4.678350468749999891e+02,-9.818764799186909897e+01
4.678353398437500346e+02,-8.213780561729807062e+01
4.678356328125000232e+02,-7.809946310882502019e+01
4.678359257812500118e+02,-8.080116384352160708e+01
4.678362187500000005e+02,-8.477843287203226907e+01
4.678365117187499891e+02,-9.353302349333171151e+01
4.678368046875000346e+02,-8.356958300436423315e+01
4.678370976562500232e+02,-8.380642662692933698e+01
4.678373906250000118e+02,-7.688813407364153818e+01
4.678376835937500005e+02,-6.975660733704856398e+01
4.678379765624999891e+02,-7.800505210161772141e+01
4.678382695312500346e+02,-9.576974849096944808e+01
4.678385625000000232e+02,-8.788744029535811819e+01
4.678388554687500118e+02,-8.166680855894546198e+01
4.678391484375000005e+02,-8.034524250611765694e+01
4.678394414062499891e+02,-8.793619424347063784e+01
4.678397343750000346e+02,-1.022311975585010799e+02
4.678400273437500232e+02,-8.528762751578625512e+01
4.678403203125000118e+02,-7.854376956623463002e+01
4.678406132812500005e+02,-8.169022883803012292e+01
4.678409062499999891e+02,-7.877442871807414804e+01
4.678411992187500346e+02,-7.794611169309555976e+01
4.678414921875000232e+02,-8.346358364820589770e+01
4.678417851562500118e+02,-8.110383595787526190e+01
4.678420781250000005e+02,-8.079954191470478975e+01
4.678423710937499891e+02,-8.060609669040275094e+01
4.678426640625000346e+02,-8.415683906963471372e+01
4.678429570312500232e+02,-8.277676255884573209e+01
4.678432500000000118e+02,-8.760328720251072809e+01
4.678435429687500005e+02,-8.947321060241978330e+01
4.678438359374999891e+02,-8.935816616752268260e+01
4.678441289062500346e+02,-9.788220023038407192e+01
4.678444218750000232e+02,-8.138074171531825129e+01
4.678447148437500118e+02,-7.933844765597842752e+01
4.678450078125000005e+02,-8.167035554104253947e+01
4.678453007812499891e+02,-8.397789270037841902e+01
4.678455937500000346e+02,-8.683903136726650018e+01
4.678458867187500232e+02,-1.008091874313598169e+02
4.678461796875000118e+02,-9.088864228941376666e+01
4.678464726562500005e+02,-9.124134228096538379e+01
4.678467656249999891e+02,-8.821643741993318599e+01
4.678470585937500346e+02,-8.210550463994150050e+01
4.678473515625000232e+02,-8.529414398000285757e+01
4.678476445312500118e+02,-9.119737701145004394e+01
4.678479375000000005e+02,-8.739801516152044769e+01
4.678482304687499891e+02,-8.916891045581675712e+01
4.678485234375000346e+02,-8.753492625054067844e+01
4.678488164062500232e+02,-8.237324087211221979e+01
4.678491093750000118e+02,-8.869129875502957816e+01
4.678494023437500005e+02,-8.599220381716683903e+01
4.678496953124999891e+02,-8.711453058089459489e+01
4.678499882812500346e+02,-8.433646482679694145e+01
4.678502812500000232e+02,-8.136466096171008644e+01
4.678505742187500118e+02,-8.051495543213118822e+01
4.678508671875000005e+02,-8.443585322585809649e+01
4.678511601562499891e+02,-9.290288373279918233e+01
4.678514531250000346e+02,-9.101488679622693212e+01
4.678517460937500232e+02,-8.361630154086917344e+01
4.678520390625000118e+02,-8.524065575047879406e+01
4.678523320312500005e+02,-8.493290371199221056e+01
4.678526249999999891e+02,-7.809194007884946132e+01
4.678529179687500346e+02,-8.044035301738269084e+01
4.678532109375000232e+02,-9.505955341668239100e+01
4.678535039062500118e+02,-9.640430175240453536e+01
4.678537968750000005e+02,-9.453490532858195650e+01
4.678540898437499891e+02,-9.418460452413776807e+01
4.678543828125000346e+02,-9.785007695784824477e+01
4.678546757812500232e+02,-8.430652104078575348e+01
4.678549687500000118e+02,-8.264291582610148623e+01
4.678552617187500005e+02,-8.346801776076486590e+01
4.678555546874999891e+02,-8.321806675699872358e+01
4.678558476562500346e+02,-8.747673811220556672e+01
4.678561406250000232e+02,-9.063615235598427944e+01
4.678564335937500118e+02,-8.526521228738778291e+01
4.678567265625000005e+02,-9.038201578383603874e+01
4.678570195312499891e+02,-8.742346841370010679e+01
4.678573125000000346e+02,-9.238331209956326973e+01
4.678576054687500232e+02,-8.890062489413656976e+01
4.678578984375000118e+02,-8.529261742215641107e+01
4.678581914062500005e+02,-9.495532487849418146e+01
4.678584843749999891e+02,-9.545236746666546424e+01
4.678587773437500346e+02,-8.814541253729453274e+01
4.678590703125000232e+02,-8.282068288139370793e+01
4.678593632812500118e+02,-8.702041657750780246e+01
4.678596562500000005e+02,-8.861763847359094370e+01
4.678599492187499891e+02,-8.579786286583572519e+01
4.678602421875000346e+02,-8.399673254615015594e+01
4.678605351562500232e+02,-9.455764687629212517e+01
4.678608281250000118e+02,-1.015344188667236835e+02
4.678611210937500005e+02,-9.604473868050284580e+01
4.678614140624999891e+02,-8.358151153101414366e+01
4.678617070312500346e+02,-8.326260361683013400e+01
4.678620000000000232e+02,-1.034478520406093480e+02
4.678622929687500118e+02,-8.475857111184097903e+01
4.678625859375000005e+02,-8.847384797836697601e+01
4.678628789062499891e+02,-8.971414802829713153e+01
4.678631718750000346e+02,-8.579906658342000014e+01
4.678634648437500232e+02,-8.543737443308458523e+01
4.678637578125000118e+02,-9.075643079481164932e+01
4.678640507812500005e+02,-8.740124320108787970e+01
4.678643437499999891e+02,-9.213311144222794269e+01
4.678646367187500346e+02,-9.165320719151702633e+01
4.678649296875000232e+02,-8.704249460826920881e+01
4.678652226562500118e+02,-8.233156247898600100e+01
4.678655156250000005e+02,-8.565938948162678912e+01
4.678658085937499891e+02,-8.681344963363022771e+01
4.678661015625000346e+02,-8.379585630510075589e+01
4.678663945312500232e+02,-8.900678202652100879e+01
4.678666875000000118e+02,-9.548281824989837219e+01
4.678669804687500005e+02,-9.048272011141209248e+01
4.678672734374999891e+02,-9.743577160213339994e+01
4.678675664062500346e+02,-9.031314177083135064e+01
4.678678593750000232e+02,-8.419802546298213031e+01
4.678681523437500118e+02,-8.549904440987013743e+01
4.678684453125000005e+02,-9.574013566476753567e+01
4.678687382812499891e+02,-8.625537128572219103e+01
4.678690312500000346e+02,-8.415371660658594521e+01
4.678693242187500232e+02,-9.245294361382109116e+01
4.678696171875000118e+02,-8.636458325434881544e+01
4.678699101562500005e+02,-8.476034180489196501e+01
4.678702031249999891e+02,-8.047918027052476475e+01
4.678704960937500346e+02,-8.304625968758513466e+01
4.678707890625000232e+02,-8.985157994504540113e+01
4.678710820312500118e+02,-8.343871509562438860e+01
4.678713750000000005e+02,-8.207304150456828040e+01
4.678716679687499891e+02,-7.748635364924699331e+01
4.678719609375000346e+02,-8.088458341411551089e+01
4.678722539062500232e+02,-9.046255564210818534e+01
4.678725468750000118e+02,-8.474364739758898679e+01
4.678728398437500005e+02,-9.040870405041798108e+01
4.678731328124999891e+02,-8.061353562175608545e+01
4.678734257812500346e+02,-8.260978135275627210e+01
4.678737187500000232e+02,-8.818649121602103946e+01
4.678740117187500118e+02,-8.937848708446061607e+01
4.678743046875000005e+02,-9.685696856144622302e+01
4.678745976562499891e+02,-9.370620879237304734e+01
4.678748906250000346e+02,-9.072760927213145976e+01
4.678751835937500232e+02,-9.156974513937115034e+01
4.678754765625000118e+02,-8.445271538893116769e+01
4.678757695312500005e+02,-9.035578455404723286e+01
4.678760624999999891e+02,-8.607093806038498940e+01
4.678763554687500346e+02,-8.604799207246844617e+01
4.678766484375000232e+02,-8.706428251308915378e+01
4.678769414062500118e+02,-8.508113600148645617e+01
4.678772343750000005e+02,-9.929299582407885794e+01
4.678775273437499891e+02,-8.908932308704393677e+01
4.678778203125000346e+02,-9.471576363708652480e+01
4.678781132812500232e+02,-9.237301576214902354e+01
4.678784062500000118e+02,-1.015157118336380080e+02
4.678786992187500005e+02,-8.557897177014331191e+01
4.678789921874999891e+02,-8.314129676455482354e+01
4.678792851562500346e+02,-8.668594930818377975e+01
4.678795781250000232e+02,-8.592797684413991988e+01
4.678798710937500118e+02,-8.335577546650149827e+01
4.678801640625000005e+02,-8.491934533738279356e+01
4.678804570312499891e+02,-8.503695620495585672e+01
4.678807500000000346e+02,-8.264672170189952283e+01
4.678810429687500232e+02,-8.256239700714584728e+01
4.678813359375000118e+02,-8.695260093465704188e+01
4.678816289062500005e+02,-8.061116179307381913e+01
4.678819218749999891e+02,-7.819756528800471074e+01
4.678822148437500346e+02,-8.371111187927304798e+01
4.678825078125000232e+02,-8.744173785913008601e+01
4.678828007812500118e+02,-8.653277073309376988e+01
4.678830937500000005e+02,-9.669378653119592570e+01
4.678833867187499891e+02,-8.523422026731923040e+01
4.678836796875000346e+02,-8.059096727625947665e+01
4.678839726562500232e+02,-8.223281792991095074e+01
4.678842656250000118e+02,-9.083410209241776556e+01
4.678845585937500005e+02,-9.314071592897445839e+01
4.678848515624999891e+02,-8.348628213246965402e+01
4.678851445312500346e+02,-8.245132770674386791e+01
4.678854375000000232e+02,-8.458488513512489249e+01
4.678857304687500118e+02,-8.092081429057628839e+01
4.678860234375000005e+02,-8.227042007311644056e+01
4.678863164062499891e+02,-8.796345916334999515e+01
4.678866093750000346e+02,-1.055335143082890568e+02
4.678869023437500232e+02,-9.636384225842323303e+01
4.678871953125000118e+02,-9.152673396796616601e+01
4.678874882812500005e+02,-8.785912700503538986e+01
4.678877812499999891e+02,-9.663564013777261152e+01
4.678880742187500346e+02,-8.550075420175554086e+01
4.678883671875000232e+02,-8.452549890238925911e+01
4.678886601562500118e+02,-8.283413417934580991e+01
4.678889531250000005e+02,-8.742973202844196123e+01
4.678892460937499891e+02,-7.854997767463676439e+01
4.678895390625000346e+02,-9.014220959425034607e+01
4.678898320312500232e+02,-8.945193371389663639e+01
4.678901250000000118e+02,-9.476365468408317838e+01
4.678904179687500005e+02,-9.143099382067464376e+01
4.678907109374999891e+02,-8.652199881195454623e+01
4.678910039062500346e+02,-8.725610820292126846e+01
4.678912968750000232e+02,-8.922362646675851749e+01
4.678915898437500118e+02,-1.004849469166062477e+02
4.678918828125000005e+02,-9.192492953843685655e+01
4.678921757812499891e+02,-8.853493610969997007e+01
4.678924687500000346e+02,-7.676255081493580690e+01
4.678927617187500232e+02,-7.742339137346337452e+01
4.678930546875000118e+02,-9.558335730994753021e+01
4.678933476562500005e+02,-9.051216645386899984e+01
4.678936406249999891e+02,-9.279222741994230717e+01
4.678939335937500346e+02,-1.005750197084571340e+02
4.678942265625000232e+02,-8.930778583802349146e+01
4.678945195312500118e+02,-9.721063574141959407e+01
4.678948125000000005e+02,-8.733295113069553395e+01
4.678951054687499891e+02,-8.781974194618186402e+01
4.678953984375000346e+02,-8.815982306949968006e+01
4.678956914062500232e+02,-8.026883168332415153e+01
4.678959843750000118e+02,-8.014800427715498188e+01
4.678962773437500005e+02,-8.573305854482686073e+01
4.678965703124999891e+02,-9.179457439473439706e+01
4.678968632812500346e+02,-8.868975894762630219e+01
4.678971562500000232e+02,-8.883208909254423702e+01
4.678974492187500118e+02,-9.865100920495109449e+01
4.678977421875000005e+02,-8.452912173489121983e+01
4.678980351562499891e+02,-8.162518717418552683e+01
4.678983281250000346e+02,-8.393203449370629698e+01
4.678986210937500232e+02,-8.567573199313048349e+01
4.678989140625000118e+02,-8.574764750072586139e+01
4.678992070312500005e+02,-9.877046590393226211e+01
4.678994999999999891e+02,-9.063398904396956368e+01
4.678997929687500346e+02,-7.962904038067627255e+01
4.679000859375000232e+02,-7.794703094584076553e+01
4.679003789062500118e+02,-8.909279390758401007e+01
4.679006718750000005e+02,-8.863890886568923122e+01
4.679009648437499891e+02,-8.854748153881531891e+01
4.679012578125000346e+02,-1.005808729287800247e+02
4.679015507812500232e+02,-9.495490854834913819e+01
4.679018437500000118e+02,-1.067130327653398751e+02
4.679021367187500005e+02,-8.429912874369017572e+01
4.679024296874999891e+02,-8.162683564339040743e+01
4.679027226562500346e+02,-8.124457360659000926e+01
4.679030156250000232e+02,-8.026559317545738281e+01
4.679033085937500118e+02,-7.828342779517083727e+01
4.679036015625000005e+02,-9.414676767668916568e+01
4.679038945312499891e+02,-8.811029206189247986e+01
4.679041875000000346e+02,-8.542074422036677106e+01
4.679044804687500232e+02,-8.856125904181517683e+01
4.679047734375000118e+02,-9.357563947513750691e+01
4.679050664062500005e+02,-8.469036915378538311e+01
4.679053593749999891e+02,-8.372209595816536876e+01
4.679056523437500346e+02,-8.856969422180164031e+01
4.679059453125000232e+02,-9.227294791890577130e+01
4.679062382812500118e+02,-8.474506787836162403e+01
4.679065312500000005e+02,-8.033040975864906841e+01
4.679068242187499891e+02,-8.298804649738629280e+01
4.679071171875000346e+02,-8.472582180112200945e+01
4.679074101562500232e+02,-8.629564826632760344e+01
4.679077031250000118e+02,-7.981371201113033464e+01
4.679079960937500005e+02,-8.154241989682297742e+01
4.679082890624999891e+02,-8.732198598489334529e+01
4.679085820312500346e+02,-8.673002702517314333e+01
4.679088750000000232e+02,-9.195273654054091139e+01
4.679091679687500118e+02,-8.732920606919239503e+01
4.679094609375000005e+02,-8.513641507760388549e+01
4.679097539062499891e+02,-9.012313091090226180e+01
4.679100468750000346e+02,-7.878383910247794120e+01
4.679103398437500232e+02,-8.417500723667745888e+01
4.679106328125000118e+02,-9.063555437429985773e+01
4.679109257812500005e+02,-8.770684251371270079e+01
4.679112187499999891e+02,-9.693430589314381507e+01
4.679115117187500346e+02,-8.827840165859088017e+01
4.679118046875000232e+02,-8.431102522467409699e+01
4.679120976562500118e+02,-8.852514658371353562e+01
4.679123906250000005e+02,-8.734410226577857372e+01
4.679126835937499891e+02,-1.069936001861017019e+02
4.679129765625000346e+02,-8.376366010272710128e+01
4.679132695312500232e+02,-8.430275253330921714e+01
4.679135625000000118e+02,-8.321821604701598574e+01
4.679138554687500005e+02,-9.405715065137086128e+01
4.679141484374999891e+02,-9.073572776099499038e+01
4.679144414062500346e+02,-8.596238964775605496e+01
4.679147343750000232e+02,-8.866581720041318704e+01
4.679150273437500118e+02,-8.888418102855257530e+01
4.679153203125000005e+02,-8.161868701074111243e+01
4.679156132812499891e+02,-8.612838991041994063e+01
4.679159062500000346e+02,-8.758204720884903338e+01
4.679161992187500232e+02,-8.598243134758547512e+01
4.679164921875000118e+02,-8.821266227540672844e+01
4.679167851562500005e+02,-9.222706516643751229e+01
4.679170781249999891e+02,-8.663084839225862765e+01
4.679173710937500346e+02,-9.393826252073023397e+01
4.679176640625000232e+02,-1.043128755700497265e+02
4.679179570312500118e+02,-8.770380059360478242e+01
4.679182500000000005e+02,-9.047845684555466050e+01
4.679185429687499891e+02,-8.054656060516873595e+01
4.679188359375000346e+02,-8.842465854905927358e+01
4.679191289062500232e+02,-8.138647085038839180e+01
4.679194218750000118e+02,-8.173467001999443937e+01
4.679197148437500005e+02,-8.385142633951872426e+01
4.679200078124999891e+02,-8.705657532491966322e+01
4.679203007812500346e+02,-9.018715790049157022e+01
4.679205937500000232e+02,-9.673012502208604246e+01
4.679208867187500118e+02,-9.713770703252561134e+01
4.679211796875000005e+02,-8.900462934145046745e+01
4.679214726562499891e+02,-8.944839378292819276e+01
4.679217656250000346e+02,-9.472779735903822029e+01
4.679220585937500232e+02,-9.355413810997168866e+01
4.679223515625000118e+02,-8.583738061930330332e+01
4.679226445312500005e+02,-9.148605162224883713e+01
4.679229374999999891e+02,-9.927473592292778903e+01
4.679232304687500346e+02,-8.880546687380892479e+01
4.679235234375000232e+02,-8.536158133389328384e+01
4.679238164062500118e+02,-8.360359522483418004e+01
4.679241093750000005e+02,-8.949790347117104261e+01
4.679244023437499891e+02,-8.855739565136178726e+01
4.679246953125000346e+02,-8.867918461353922055e+01
4.679249882812500232e+02,-9.058347538046461978e+01
4.679252812500000118e+02,-8.525302893724648357e+01
4.679255742187500005e+02,-8.337682113513659488e+01
4.679258671874999891e+02,-8.459790267600988045e+01
4.679261601562500346e+02,-9.055047175211007016e+01
4.679264531250000232e+02,-9.021930963060731301e+01
4.679267460937500118e+02,-8.503270336119575745e+01
4.679270390625000005e+02,-8.300819433061597863e+01
4.679273320312499891e+02,-8.697035194609415498e+01
4.679276250000000346e+02,-8.957151725388349917e+01
4.679279179687500232e+02,-8.625680557468255927e+01
4.679282109375000118e+02,-9.107948606954388993e+01
4.679285039062500005e+02,-9.469565095015995837e+01
4.679287968749999891e+02,-9.174515224753143627e+01
4.679290898437500346e+02,-8.730308238113089203e+01
4.679293828125000232e+02,-9.466084743124574175e+01
4.679296757812500118e+02,-8.661782500320708778e+01
4.679299687500000005e+02,-1.000601384096214730e+02
4.679302617187499891e+02,-8.331420762425450732e+01
4.679305546875000346e+02,-8.265692405698580103e+01
4.679308476562500232e+02,-8.320754254843740227e+01
4.679311406250000118e+02,-9.096601551003158193e+01
4.679314335937500005e+02,-8.899481554902898495e+01
4.679317265624999891e+02,-8.799392949548439447e+01
4.679320195312500346e+02,-8.976643958071598206e+01
4.679323125000000232e+02,-8.830486388223093286e+01
4.679326054687500118e+02,-9.185734663917867238e+01
4.679328984375000005e+02,-8.862027600827394735e+01
4.679331914062499891e+02,-9.875775640440221537e+01
4.679334843750000346e+02,-8.743129780346136215e+01
4.679337773437500232e+02,-8.704975135157015131e+01
4.679340703125000118e+02,-8.782330818889963098e+01
4.679343632812500005e+02,-8.856027133465325107e+01
4.679346562499999891e+02,-8.431535882595242981e+01
4.679349492187500346e+02,-8.623570269433103874e+01
4.679352421875000232e+02,-8.331942207469758443e+01
4.679355351562500118e+02,-9.121853171787901715e+01
4.679358281250000005e+02,-9.903048586735700098e+01
4.679361210937499891e+02,-9.607365294417776624e+01
4.679364140625000346e+02,-9.272627650589079451e+01
4.679367070312500232e+02,-9.719759365093568704e+01
4.679370000000000118e+02,-8.559580103404417173e+01
4.679372929687500005e+02,-8.669179273532110130e+01
4.679375859374999891e+02,-8.230752463759721138e+01
4.679378789062500346e+02,-8.485264266578120385e+01
4.679381718750000232e+02,-8.469022175201797609e+01
4.679384648437500118e+02,-8.849230211942631286e+01
4.679387578125000005e+02,-9.211396687869395805e+01
4.679390507812499891e+02,-9.095558045938579994e+01
4.679393437500000346e+02,-8.519488794508771434e+01
4.679396367187500232e+02,-8.327745931063313378e+01
4.679399296875000118e+02,-8.367288835142798575e+01
4.679402226562500005e+02,-9.102364115441875470e+01
4.679405156249999891e+02,-8.542208331554127199e+01
4.679408085937500346e+02,-9.299233908087708755e+01
4.679411015625000232e+02,-9.048657891018116572e+01
4.679413945312500118e+02,-8.638069200938845427e+01
4.679416875000000005e+02,-7.962596775522581538e+01
4.679419804687499891e+02,-8.164232046678206700e+01
4.679422734375000346e+02,-8.590383322988124348e+01
4.679425664062500232e+02,-8.942004769005808384e+01
4.679428593750000118e+02,-8.759673654258115505e+01
4.679431523437500005e+02,-8.798963085904853187e+01
4.679434453124999891e+02,-8.429024370466532901e+01
4.679437382812500346e+02,-8.324439455141181554e+01
4.679440312500000232e+02,-8.202773353164192827e+01
4.679443242187500118e+02,-8.294767935402653336e+01
4.679446171875000005e+02,-8.791279359699959173e+01
4.679449101562499891e+02,-9.018600036664037134e+01
4.679452031250000346e+02,-8.988383417330602754e+01
4.679454960937500232e+02,-9.036758608404784354e+01
4.679457890625000118e+02,-8.757188292292489962e+01
4.679460820312500005e+02,-8.483248968567735915e+01
4.679463749999999891e+02,-9.560269344730551211e+01
4.679466679687500346e+02,-8.388329144751929789e+01
4.679469609375000232e+02,-8.310731826440857617e+01
4.679472539062500118e+02,-8.160367145406665657e+01
4.679475468750000005e+02,-8.704100233519214669e+01
4.679478398437499891e+02,-1.097333192655174514e+02
4.679481328125000346e+02,-9.214560295006499757e+01
4.679484257812500232e+02,-9.068238493402321865e+01
4.679487187500000118e+02,-8.939444903600153225e+01
4.679490117187500005e+02,-8.748182374721909582e+01
4.679493046874999891e+02,-8.480221315361600887e+01
4.679495976562500346e+02,-8.966379145364165026e+01
4.679498906250000232e+02,-9.533898708919331000e+01
4.679501835937500118e+02,-8.884613010618377871e+01
4.679504765625000005e+02,-8.613115108684240795e+01
4.679507695312499891e+02,-9.979258047840778545e+01
4.679510625000000346e+02,-8.852153484613189960e+01
4.679513554687500232e+02,-8.474050790116220355e+01
4.679516484375000118e+02,-8.384508144007648411e+01
4.679519414062500005e+02,-9.165755125832161809e+01
4.679522343749999891e+02,-9.216053994070342981e+01
4.679525273437500346e+02,-9.089847347265695987e+01
4.679528203125000232e+02,-9.206012731564749174e+01
4.679531132812500118e+02,-8.149420442647027585e+01
4.679534062500000005e+02,-8.250890072858575763e+01
4.679536992187499891e+02,-9.030761220823164592e+01
4.679539921875000346e+02,-8.664829614590451001e+01
4.679542851562500232e+02,-1.224193581679043916e+02
4.679545781250000118e+02,-7.868800426487896971e+01
4.679548710937500005e+02,-7.671254424561706742e+01
4.679551640624999891e+02,-9.007625194246099909e+01
4.679554570312500346e+02,-8.831650038970978756e+01
4.679557500000000232e+02,-8.836736667029850878e+01
4.679560429687500118e+02,-9.647107482530331879e+01
4.679563359375000005e+02,-9.266540124127044464e+01
4.679566289062499891e+02,-9.932625924402167072e+01
4.679569218750000346e+02,-9.190647435226898665e+01
4.679572148437500232e+02,-1.165671266745998764e+02
4.679575078125000118e+02,-9.027523090234387837e+01
4.679578007812500005e+02,-8.916940697069890120e+01
4.679580937499999891e+02,-8.080738808996441946e+01
4.679583867187500346e+02,-8.159498666994016958e+01
4.679586796875000232e+02,-9.670277658374837415e+01
4.679589726562500118e+02,-1.020714017272621135e+02
4.679592656250000005e+02,-8.709748085465980694e+01
4.679595585937499891e+02,-9.346273923382906901e+01
4.679598515625000346e+02,-8.682578809195837266e+01
4.679601445312500232e+02,-8.792025164118354041e+01
4.679604375000000118e+02,-9.238430358801893760e+01
4.679607304687500005e+02,-8.577678822014033244e+01
4.679610234374999891e+02,-8.230152215161194817e+01
4.679613164062500346e+02,-8.848480197618982857e+01
4.679616093750000232e+02,-9.390060712040207136e+01
4.679619023437500118e+02,-8.417156852148491453e+01
4.679621953125000005e+02,-8.455338965835822762e+01
4.679624882812499891e+02,-9.045659400374790948e+01
4.679627812500000346e+02,-8.892093442886778121e+01
4.679630742187500232e+02,-8.524841567892437411e+01
4.679633671875000118e+02,-1.009838482012676764e+02
4.679636601562500005e+02,-8.423618726344408003e+01
4.679639531249999891e+02,-8.664391381677737058e+01
4.679642460937500346e+02,-8.735246711087235383e+01
4.679645390625000232e+02,-8.862850015137338744e+01
4.679648320312500118e+02,-8.586465980272676290e+01
4.679651250000000005e+02,-8.725155987395430657e+01
4.679654179687499891e+02,-8.211096202651884823e+01
4.679657109375000346e+02,-8.289759410173061838e+01
4.679660039062500232e+02,-8.421284503822380429e+01
4.679662968750000118e+02,-8.549098715334943677e+01
4.679665898437500005e+02,-8.540093365675491555e+01
4.679668828124999891e+02,-8.547084609525367682e+01
4.679671757812500346e+02,-9.444907329295875797e+01
4.679674687500000232e+02,-9.040134889900519966e+01
4.679677617187500118e+02,-1.003677126273079239e+02
4.679680546875000005e+02,-9.034567905447430292e+01
4.679683476562499891e+02,-8.199410377774405845e+01
4.679686406250000346e+02,-8.167498943944374901e+01
4.679689335937500232e+02,-8.499135195618528371e+01
4.679692265625000118e+02,-8.586320493829828138e+01
4.679695195312500005e+02,-8.457676410327044891e+01
4.679698124999999891e+02,-8.501909123908487231e+01
4.679701054687500346e+02,-8.822807645493153927e+01
4.679703984375000232e+02,-8.496168610399433874e+01
4.679706914062500118e+02,-8.464662945906034963e+01
4.679709843750000005e+02,-8.502341454909748109e+01
4.679712773437499891e+02,-8.012489133521350482e+01
4.679715703125000346e+02,-8.336905709636262429e+01
4.679718632812500232e+02,-9.074477801932829379e+01
4.679721562500000118e+02,-7.915839331696386694e+01
4.679724492187500005e+02,-8.254497659237028984e+01
4.679727421874999891e+02,-9.006574183907153497e+01
4.679730351562500346e+02,-9.039187817118305190e+01
4.679733281250000232e+02,-9.004651311486347254e+01
4.679736210937500118e+02,-8.575663504060943865e+01
4.679739140625000005e+02,-8.375780967480771722e+01
4.679742070312499891e+02,-8.696363954891842241e+01
4.679745000000000346e+02,-9.110092113686356186e+01
4.679747929687500232e+02,-1.023053062714076589e+02
4.679750859375000118e+02,-8.972117180166124228e+01
4.679753789062500005e+02,-1.368958208597369719e+02
4.679756718749999891e+02,-8.514346810148032318e+01
4.679759648437500346e+02,-8.423034064777235130e+01
4.679762578125000232e+02,-9.237743976421468517e+01
4.679765507812500118e+02,-8.959607131281650538e+01
4.679768437500000005e+02,-8.650650897863610567e+01
4.679771367187499891e+02,-8.605638156029829133e+01
4.679774296875000346e+02,-8.263813877395372742e+01
4.679777226562500232e+02,-8.312042568322114278e+01
4.679780156250000118e+02,-1.050145442812281829e+02
4.679783085937500005e+02,-9.458151570613735259e+01
4.679786015624999891e+02,-9.453543044422707453e+01
4.679788945312500346e+02,-8.640144168858698492e+01
4.679791875000000232e+02,-8.324533642956470203e+01
4.679794804687500118e+02,-9.039949511344426014e+01
4.679797734375000005e+02,-8.692534714181476829e+01
4.679800664062499891e+02,-8.765793434567852671e+01
4.679803593750000346e+02,-9.904871520866566925e+01
4.679806523437500232e+02,-8.652848233909406872e+01
4.679809453125000118e+02,-8.718813764944427191e+01
4.679812382812500005e+02,-9.371520147454657490e+01
4.679815312499999891e+02,-9.750994261983908018e+01
4.679818242187500346e+02,-8.885626948013729987e+01
4.679821171875000232e+02,-8.738906502810246479e+01
4.679824101562500118e+02,-8.994025656763567156e+01
4.679827031250000005e+02,-8.732248596595485424e+01
4.679829960937499891e+02,-9.005850352985062557e+01
4.679832890625000346e+02,-8.858009429126711609e+01
4.679835820312500232e+02,-9.075259470840713050e+01
4.679838750000000118e+02,-9.054566459631061548e+01
4.679841679687500005e+02,-8.540029867184175316e+01
4.679844609374999891e+02,-8.422188354536655197e+01
4.679847539062500346e+02,-9.295730860981910837e+01
4.679850468750000232e+02,-9.058054689405146576e+01
4.679853398437500118e+02,-9.260186937713334032e+01
4.679856328125000005e+02,-8.693520870083560226e+01
4.679859257812499891e+02,-9.308089980567345378e+01
4.679862187500000346e+02,-8.397635251079826446e+01
4.679865117187500232e+02,-9.464273512586011350e+01
4.679868046875000118e+02,-9.191434272787871862e+01
4.679870976562500005e+02,-9.546239009132281694e+01
4.679873906249999891e+02,-9.558308771613887700e+01
4.679876835937500346e+02,-9.199754496440033336e+01
4.679879765625000232e+02,-9.297845900314314349e+01
4.679882695312500118e+02,-9.890580053154701545e+01
4.679885625000000005e+02,-8.872558160801690974e+01
4.679888554687499891e+02,-8.300485365074827371e+01
4.679891484375000346e+02,-8.422362202724193025e+01
4.679894414062500232e+02,-8.497223442140679595e+01
4.679897343750000118e+02,-8.773896483614045394e+01
4.679900273437500005e+02,-9.486007895210323682e+01
4.679903203124999891e+02,-9.633733242469719471e+01
4.679906132812500346e+02,-1.105029748346212273e+02
4.679909062500000232e+02,-1.152925682305060064e+02
4.679911992187500118e+02,-1.027846811955135991e+02
4.679914921875000005e+02,-8.742842177478829058e+01
4.679917851562499891e+02,-9.959966675780064804e+01
4.679920781250000346e+02,-1.010601743646986819e+02
4.679923710937500232e+02,-8.468904415379414274e+01
4.679926640625000118e+02,-8.596714800373709409e+01
4.679929570312500005e+02,-8.372333978841497526e+01
4.679932499999999891e+02,-8.587752350726179884e+01
4.679935429687500346e+02,-8.242494959093242812e+01
4.679938359375000232e+02,-8.361117379207757949e+01
4.679941289062500118e+02,-8.773604333394814603e+01
4.679944218750000005e+02,-8.428626975683815203e+01
4.679947148437499891e+02,-8.516427027507894820e+01
4.679950078125000346e+02,-8.738707941565365900e+01
4.679953007812500232e+02,-8.662075480133611904e+01
4.679955937500000118e+02,-9.094675138786723778e+01
4.679958867187500005e+02,-9.119904762431190193e+01
4.679961796874999891e+02,-9.502545979679641164e+01
4.679964726562500346e+02,-1.027943980472298477e+02
4.679967656250000232e+02,-9.518702547042605033e+01
4.679970585937500118e+02,-9.325734677308943787e+01
4.679973515625000005e+02,-9.482643007428279702e+01
4.679976445312499891e+02,-9.816404599462588010e+01
4.679979375000000346e+02,-9.174729033857119020e+01
4.679982304687500232e+02,-8.891279563973496636e+01
4.679985234375000118e+02,-9.946259600273550916e+01
4.679988164062500005e+02,-8.272477679506047821e+01
4.679991093749999891e+02,-8.413955136517424194e+01
4.679994023437500346e+02,-8.822247365988476986e+01
4.679996953125000232e+02,-8.791797854441030324e+01
4.679999882812500118e+02,-8.869432334752312386e+01
4.680002812500000005e+02,-9.959171682341148824e+01
4.680005742187499891e+02,-8.889263784393050116e+01
4.680008671875000346e+02,-8.854740437195050617e+01
4.680011601562500232e+02,-9.029068218415685010e+01
4.680014531250000118e+02,-8.428693786210533290e+01
4.680017460937500005e+02,-8.291181230876003383e+01
4.680020390624999891e+02,-8.611060501419220259e+01
4.680023320312500346e+02,-8.878553957046312917e+01
4.680026250000000232e+02,-8.632145203730657101e+01
4.680029179687500118e+02,-8.798633297112836260e+01
4.680032109375000005e+02,-9.857335567234281370e+01
4.680035039062499891e+02,-9.385915129073623575e+01
4.680037968750000346e+02,-9.916656284845365121e+01
4.680040898437500232e+02,-8.889404064532355676e+01
4.680043828125000118e+02,-1.039072273272724942e+02
4.680046757812500005e+02,-9.365813798238315258e+01
4.680049687499999891e+02,-9.112994435575431851e+01
4.680052617187500346e+02,-9.043887245222522608e+01
4.680055546875000232e+02,-8.456654243994915987e+01
4.680058476562500118e+02,-8.734129470030094922e+01
4.680061406250000005e+02,-9.092372342701131060e+01
4.680064335937499891e+02,-9.158075970156652090e+01
4.680067265625000346e+02,-9.283441608929447852e+01
4.680070195312500232e+02,-9.289695180384438800e+01
4.680073125000000118e+02,-9.050938076378542974e+01
4.680076054687500005e+02,-9.651250777414855975e+01
4.680078984374999891e+02,-1.064309950764183412e+02
4.680081914062500346e+02,-9.248974008556049853e+01
4.680084843750000232e+02,-9.058674990813392469e+01
4.680087773437500118e+02,-9.337040258970817774e+01
4.680090703125000005e+02,-9.148644317433777928e+01
4.680093632812499891e+02,-9.112985495809110148e+01
4.680096562500000346e+02,-8.879665313942817306e+01
4.680099492187500232e+02,-8.681274009570493888e+01
4.680102421875000118e+02,-8.639223352483324447e+01
4.680105351562500005e+02,-9.219295161574002861e+01
4.680108281249999891e+02,-9.256022762265844506e+01
4.680111210937500346e+02,-9.553810865402114416e+01
4.680114140625000232e+02,-8.600684708683978386e+01
4.680117070312500118e+02,-8.660580448104590801e+01
4.680120000000000005e+02,-8.952772089024011848e+01
4.680122929687499891e+02,-8.882261635969315705e+01
4.680125859375000346e+02,-9.692796930588315263e+01
4.680128789062500232e+02,-8.761050786303175641e+01
4.680131718750000118e+02,-8.636092136622076509e+01
4.680134648437500005e+02,-8.691584839238174709e+01
4.680137578124999891e+02,-8.701544987705388223e+01
4.680140507812500346e+02,-8.553417251743437077e+01
4.680143437500000232e+02,-9.386367772644275931e+01
4.680146367187500118e+02,-9.455577585872609347e+01
4.680149296875000005e+02,-8.820231027514354594e+01
4.680152226562499891e+02,-9.016745420987517434e+01
4.680155156250000346e+02,-9.420314337500474267e+01
4.680158085937500232e+02,-9.678875853634544058e+01
4.680161015625000118e+02,-9.034210496332208606e+01
4.680163945312500005e+02,-8.506541791707734035e+01
4.680166874999999891e+02,-8.672103407980857526e+01
4.680169804687500346e+02,-8.593171275796250086e+01
4.680172734375000232e+02,-9.055308412484299652e+01
4.680175664062500118e+02,-9.348584092515862665e+01
4.680178593750000005e+02,-9.998714225780084064e+01
4.680181523437499891e+02,-9.597603964943921540e+01
4.680184453125000346e+02,-8.832804550629373352e+01
4.680187382812500232e+02,-9.206576199448663544e+01
4.680190312500000118e+02,-9.133590692006926304e+01
4.680193242187500005e+02,-8.589706149985227057e+01
4.680196171874999891e+02,-8.523000185159105513e+01
4.680199101562500346e+02,-9.106287240657991333e+01
4.680202031250000232e+02,-8.496916924929521997e+01
4.680204960937500118e+02,-8.165164109606386944e+01
4.680207890625000005e+02,-8.345759908211061884e+01
4.680210820312499891e+02,-8.470999573271018335e+01
4.680213750000000346e+02,-9.149569280114988601e+01
4.680216679687500232e+02,-9.440759253998970735e+01
4.680219609375000118e+02,-8.987832083038300368e+01
4.680222539062500005e+02,-8.237739677550401041e+01
4.680225468749999891e+02,-8.961849836807257930e+01
4.680228398437500346e+02,-1.032367528463277040e+02
4.680231328125000232e+02,-8.953451105541745392e+01
4.680234257812500118e+02,-8.592870989706794660e+01
4.680237187500000005e+02,-9.041417701258220063e+01
4.680240117187499891e+02,-9.828156333427310187e+01
4.680243046875000346e+02,-8.368941602052956341e+01
4.680245976562500232e+02,-8.365672596972157748e+01
4.680248906250000118e+02,-8.584832091225045758e+01
4.680251835937500005e+02,-9.334661815218922243e+01
4.680254765624999891e+02,-8.822733004235836063e+01
4.680257695312500346e+02,-8.651268928483283105e+01
4.680260625000000232e+02,-8.942493542724101019e+01
4.680263554687500118e+02,-8.926127275035335629e+01
4.680266484375000005e+02,-1.135483825883593880e+02
4.680269414062499891e+02,-9.399907909239229298e+01
4.680272343750000346e+02,-8.696906421471966553e+01
4.680275273437500232e+02,-8.711813689412380768e+01
4.680278203125000118e+02,-8.736303910776516091e+01
4.680281132812500005e+02,-8.637167906880469559e+01
4.680284062499999891e+02,-8.652956762919157541e+01
4.680286992187500346e+02,-8.638393473800901745e+01
4.680289921875000232e+02,-8.419938539209960027e+01
4.680292851562500118e+02,-8.433463392405278114e+01
4.680295781250000005e+02,-8.992952193940462280e+01
4.680298710937499891e+02,-9.202874113783954613e+01
4.680301640625000346e+02,-1.056440470969243819e+02
4.680304570312500232e+02,-8.940022582947045748e+01
4.680307500000000118e+02,-8.626567507050498307e+01
4.680310429687500005e+02,-8.306814387861187754e+01
4.680313359374999891e+02,-9.078649251660898756e+01
4.680316289062500346e+02,-9.891531834529281753e+01
4.680319218750000232e+02,-1.026851471608790689e+02
4.680322148437500118e+02,-9.113189846048683762e+01
4.680325078125000005e+02,-1.009140147483638117e+02
4.680328007812499891e+02,-8.798952991066704499e+01
4.680330937500000346e+02,-8.688063529976055577e+01
4.680333867187500232e+02,-9.128587004252871395e+01
4.680336796875000118e+02,-9.895643611863434330e+01
4.680339726562500005e+02,-9.775854368885801193e+01
4.680342656249999891e+02,-8.704690633910021802e+01
4.680345585937500346e+02,-8.784739729497319161e+01
4.680348515625000232e+02,-8.759862447534490570e+01
4.680351445312500118e+02,-8.185836141559613566e+01
4.680354375000000005e+02,-8.160111703645262082e+01
4.680357304687499891e+02,-8.215130521748790215e+01
4.680360234375000346e+02,-8.661830819170620543e+01
4.680363164062500232e+02,-9.646546631682078043e+01
4.680366093750000118e+02,-9.935455294205141286e+01
4.680369023437500005e+02,-8.578216437021811203e+01
4.680371953124999891e+02,-9.194781308996256541e+01
4.680374882812500346e+02,-9.014752251564243579e+01
4.680377812500000232e+02,-9.458850354164820828e+01
4.680380742187500118e+02,-9.431684418691189364e+01
4.680383671875000005e+02,-9.313018010114802792e+01
4.680386601562499891e+02,-9.932899722031679346e+01
4.680389531250000346e+02,-9.074841019203327619e+01
4.680392460937500232e+02,-9.202423999557454692e+01
4.680395390625000118e+02,-8.312134460277346193e+01
4.680398320312500005e+02,-8.200031898873064051e+01
4.680401249999999891e+02,-1.015243346228625541e+02
4.680404179687500346e+02,-8.564210707256462740e+01
4.680407109375000232e+02,-8.323348642132944519e+01
4.680410039062500118e+02,-8.400842192392879326e+01
4.680412968750000005e+02,-9.239803882284711278e+01
4.680415898437499891e+02,-8.896401145224791662e+01
4.680418828125000346e+02,-8.616501952700849642e+01
4.680421757812500232e+02,-8.895271991183179239e+01
4.680424687500000118e+02,-9.015327530227138197e+01
4.680427617187500005e+02,-8.491722553204181168e+01
4.680430546874999891e+02,-8.745930713779628718e+01
4.680433476562500346e+02,-8.622633649566554936e+01
4.680436406250000232e+02,-9.116620723203016041e+01
4.680439335937500118e+02,-1.035359726062699650e+02
4.680442265625000005e+02,-1.181836305846557593e+02
4.680445195312499891e+02,-9.759145947650978314e+01
4.680448125000000346e+02,-9.346977973882680146e+01
4.680451054687500232e+02,-9.170084634147323754e+01
4.680453984375000118e+02,-8.424397017676020027e+01
4.680456914062500005e+02,-8.215760323389011432e+01
4.680459843749999891e+02,-9.211574820718152523e+01
4.680462773437500346e+02,-8.737123752328713522e+01
4.680465703125000232e+02,-8.597752253946103451e+01
4.680468632812500118e+02,-8.790485821014799228e+01
4.680471562500000005e+02,-9.732436110150192121e+01
4.680474492187499891e+02,-9.000233876635712704e+01
4.680477421875000346e+02,-8.953784348207612709e+01
4.680480351562500232e+02,-8.951577672490108739e+01
4.680483281250000118e+02,-1.068210887248139613e+02
4.680486210937500005e+02,-9.083326364841079226e+01
4.680489140624999891e+02,-8.609490888698974231e+01
4.680492070312500346e+02,-8.692452559519571764e+01
4.680495000000000232e+02,-8.783250764991443305e+01
4.680497929687500118e+02,-8.545340038351561418e+01
4.680500859375000005e+02,-8.666579959389672183e+01
4.680503789062499891e+02,-8.384002527208737376e+01
4.680506718750000346e+02,-1.012657726782860550e+02
4.680509648437500232e+02,-8.120269628079657309e+01
4.680512578125000118e+02,-8.303938526940024190e+01
4.680515507812500005e+02,-8.879207917723792320e+01
4.680518437499999891e+02,-9.146295618896736812e+01
4.680521367187500346e+02,-9.814221838990414426e+01
4.680524296875000232e+02,-9.445599135824521397e+01
4.680527226562500118e+02,-9.808909187869585367e+01
4.680530156250000005e+02,-9.454196092938903462e+01
4.680533085937499891e+02,-9.264762483212437871e+01
4.680536015625000346e+02,-9.437239100204823217e+01
4.680538945312500232e+02,-9.422408525839642834e+01
4.680541875000000118e+02,-8.879074721377099877e+01
4.680544804687500005e+02,-9.256710211230853247e+01
4.680547734374999891e+02,-9.298176897351210357e+01
4.680550664062500346e+02,-9.112981415455159606e+01
4.680553593750000232e+02,-8.363253509980538070e+01
4.680556523437500118e+02,-8.418618861965967426e+01
4.680559453125000005e+02,-1.011383888990421838e+02
4.680562382812499891e+02,-9.097089910147302305e+01
4.680565312500000346e+02,-9.919099475289549162e+01
4.680568242187500232e+02,-8.990897209107841093e+01
4.680571171875000118e+02,-1.171263845714659055e+02
4.680574101562500005e+02,-1.016849450437689484e+02
4.680577031249999891e+02,-8.860722949749332145e+01
4.680579960937500346e+02,-9.518899256095451733e+01
4.680582890625000232e+02,-9.989486917756198636e+01
4.680585820312500118e+02,-8.821846452573103647e+01
4.680588750000000005e+02,-8.417413252651803646e+01
4.680591679687499891e+02,-9.378359751916555354e+01
4.680594609375000346e+02,-1.039962131436071644e+02
4.680597539062500232e+02,-9.333400816106264131e+01
4.680600468750000118e+02,-9.754145629963362296e+01
4.680603398437500005e+02,-8.494203122735997624e+01
4.680606328124999891e+02,-8.539120865179214093e+01
4.680609257812500346e+02,-9.925953386439456949e+01
4.680612187500000232e+02,-9.872222125233722068e+01
4.680615117187500118e+02,-8.992851676321737386e+01
4.680618046875000005e+02,-8.800546902260238369e+01
4.680620976562499891e+02,-9.812596055607414769e+01
4.680623906250000346e+02,-9.194332352265587360e+01
4.680626835937500232e+02,-9.787179946695034971e+01
4.680629765625000118e+02,-8.815080715387361465e+01
4.680632695312500005e+02,-8.839469762436573319e+01
4.680635624999999891e+02,-9.999175190859153872e+01
4.680638554687500346e+02,-1.002350368713034356e+02
4.680641484375000232e+02,-9.138864891858088413e+01
4.680644414062500118e+02,-9.176562004881098744e+01
4.680647343750000005e+02,-9.824337454402190417e+01
4.680650273437499891e+02,-8.905153150861016798e+01
4.680653203125000346e+02,-8.624186362821998841e+01
4.680656132812500232e+02,-9.251752237237170107e+01
4.680659062500000118e+02,-1.017110862957339492e+02
4.680661992187500005e+02,-9.289940253342800247e+01
4.680664921874999891e+02,-9.596840563604803265e+01
4.680667851562500346e+02,-1.036090539106254482e+02
4.680670781250000232e+02,-9.041778559281152639e+01
4.680673710937500118e+02,-9.515408004844363177e+01
4.680676640625000005e+02,-9.197327002162202803e+01
4.680679570312499891e+02,-9.489219197110108439e+01
4.680682500000000346e+02,-9.166564591535603768e+01
4.680685429687500232e+02,-9.135126234275330148e+01
4.680688359375000118e+02,-9.259759744750016353e+01
4.680691289062500005e+02,-9.612681907815817794e+01
4.680694218749999891e+02,-1.034232832328359279e+02
4.680697148437500346e+02,-8.812890140558553753e+01
4.680700078125000232e+02,-8.943686971764635985e+01
4.680703007812500118e+02,-9.286971262893484891e+01
4.680705937500000005e+02,-9.991261651531192456e+01
4.680708867187499891e+02,-9.050314983597493779e+01
4.680711796875000346e+02,-8.988566163194747105e+01
4.680714726562500232e+02,-9.103843737129633951e+01
4.680717656250000118e+02,-9.320514097470055503e+01
4.680720585937500005e+02,-9.174543964171924415e+01
4.680723515624999891e+02,-9.099456155917339117e+01
4.680726445312500346e+02,-9.549574753949842432e+01
4.680729375000000232e+02,-8.903147409120612110e+01
4.680732304687500118e+02,-9.082476638189581308e+01
4.680735234375000005e+02,-9.069801003489088487e+01
4.680738164062499891e+02,-1.103141187672141399e+02
4.680741093750000346e+02,-9.041376794745121970e+01
4.680744023437500232e+02,-9.155604943710132204e+01
4.680746953125000118e+02,-9.170596445237961802e+01
4.680749882812500005e+02,-8.537115488034228861e+01
4.680752812499999891e+02,-8.731593345025702035e+01
4.680755742187500346e+02,-9.768341474280322245e+01
4.680758671875000232e+02,-9.105220795792649824e+01
4.680761601562500118e+02,-8.989203490327437862e+01
4.680764531250000005e+02,-9.620760290640957635e+01
4.680767460937499891e+02,-9.917241189145391900e+01
4.680770390625000346e+02,-1.081683535797650393e+02
4.680773320312500232e+02,-9.107895081604624465e+01
4.680776250000000118e+02,-1.040407137950434162e+02
4.680779179687500005e+02,-1.012494994798007184e+02
4.680782109374999891e+02,-9.421558358928831467e+01
4.680785039062500346e+02,-9.509089986478460332e+01
4.680787968750000232e+02,-9.035764460948513488e+01
4.680790898437500118e+02,-8.471828215213137980e+01
4.680793828125000005e+02,-8.716460706862389429e+01
4.680796757812499891e+02,-9.779098209340118331e+01
4.680799687500000346e+02,-1.016964066315233026e+02
4.680802617187500232e+02,-8.954713887507071490e+01
4.680805546875000118e+02,-8.630537665470077968e+01
4.680808476562500005e+02,-9.276991792127182634e+01
4.680811406249999891e+02,-9.136027928285203359e+01
4.680814335937500346e+02,-8.903953745002284847e+01
4.680817265625000232e+02,-9.140863078353649485e+01
4.680820195312500118e+02,-9.133763330302286931e+01
4.680823125000000005e+02,-9.198409881834780322e+01
4.680826054687499891e+02,-8.557470299139009740e+01
4.680828984375000346e+02,-9.582588205994923669e+01
4.680831914062500232e+02,-9.292426761654169809e+01
4.680834843750000118e+02,-1.023662522543771729e+02
4.680837773437500005e+02,-1.017220511538033065e+02
4.680840703124999891e+02,-8.870329856540784874e+01
4.680843632812500346e+02,-8.553768714933329420e+01
4.680846562500000232e+02,-9.370064010883525896e+01
4.680849492187500118e+02,-9.097415383671913958e+01
4.680852421875000005e+02,-9.725245378208509806e+01
4.680855351562499891e+02,-8.671519580668956451e+01
4.680858281250000346e+02,-8.741414138699538228e+01
4.680861210937500232e+02,-9.006043754739357610e+01
4.680864140625000118e+02,-7.676481097031816603e+01
4.680867070312500005e+02,-7.703295979639062807e+01
4.680869999999999891e+02,-9.196702744588179712e+01
4.680872929687500346e+02,-9.783132478478975713e+01
4.680875859375000232e+02,-9.521594238962480006e+01
4.680878789062500118e+02,-1.004247070633179675e+02
4.680881718750000005e+02,-8.498507809464975082e+01
4.680884648437499891e+02,-8.350736145121913978e+01
4.680887578125000346e+02,-9.037740186247611973e+01
4.680890507812500232e+02,-9.711511597485954894e+01
4.680893437500000118e+02,-1.005350361153902838e+02
4.680896367187500005e+02,-9.400908585190538247e+01
4.680899296874999891e+02,-8.531858549591980534e+01
4.680902226562500346e+02,-9.135406151979425715e+01
4.680905156250000232e+02,-9.446219857699965416e+01
4.680908085937500118e+02,-8.746713841169679426e+01
4.680911015625000005e+02,-9.800056435112233544e+01
4.680913945312499891e+02,-9.375016424585395214e+01
4.680916875000000346e+02,-9.553907069248730011e+01
4.680919804687500232e+02,-1.049616237031137018e+02
4.680922734375000118e+02,-1.102233485940398481e+02
4.680925664062500005e+02,-1.010608982204420272e+02
4.680928593749999891e+02,-8.868516766843697496e+01
4.680931523437500346e+02,-9.100615264199440446e+01
4.680934453125000232e+02,-9.613660713718260808e+01
4.680937382812500118e+02,-9.154387375680157390e+01
4.680940312500000005e+02,-8.988639932025745338e+01
4.680943242187499891e+02,-8.604310475931627877e+01
4.680946171875000346e+02,-8.914523061970724882e+01
4.680949101562500232e+02,-8.554890282602455898e+01
4.680952031250000118e+02,-8.601955547038932082e+01
4.680954960937500005e+02,-8.964696847429826221e+01
4.680957890624999891e+02,-8.686715408514686487e+01
4.680960820312500346e+02,-8.532234323945773724e+01
4.680963750000000232e+02,-9.275410527948820061e+01
4.680966679687500118e+02,-9.444735637446534327e+01
4.680969609375000005e+02,-1.182136405980221525e+02
4.680972539062499891e+02,-8.539828647557733632e+01
4.680975468750000346e+02,-8.459602935363653842e+01
4.680978398437500232e+02,-9.265505896299066535e+01
4.680981328125000118e+02,-9.023525887869112694e+01
4.680984257812500005e+02,-9.033344377311846074e+01
4.680987187499999891e+02,-9.538844810992171119e+01
4.680990117187500346e+02,-9.271198942007031008e+01
4.680993046875000232e+02,-8.704609233082727826e+01
4.680995976562500118e+02,-9.493298773537603097e+01
4.680998906250000005e+02,-8.980071800618941325e+01
4.681001835937499891e+02,-9.181594815454636205e+01
4.681004765625000346e+02,-9.610893422549389697e+01
4.681007695312500232e+02,-1.004997619856841737e+02
4.681010625000000118e+02,-9.268164932665797551e+01
4.681013554687500005e+02,-9.047526737390340656e+01
4.681016484374999891e+02,-8.985092978213243953e+01
4.681019414062500346e+02,-9.196235513427295416e+01
4.681022343750000232e+02,-9.281382327597680160e+01
4.681025273437500118e+02,-9.979074308607310684e+01
4.681028203125000005e+02,-9.010743311257175492e+01
4.681031132812499891e+02,-8.701389943375524183e+01
4.681034062500000346e+02,-8.895429951041263905e+01
4.681036992187500232e+02,-9.838557359384368795e+01
4.681039921875000118e+02,-9.817496208331553476e+01
4.681042851562500005e+02,-9.250939220774121452e+01
4.681045781249999891e+02,-9.465257369203587245e+01
4.681048710937500346e+02,-1.083405696986901745e+02
4.681051640625000232e+02,-9.219055098660355441e+01
4.681054570312500118e+02,-9.113048920951354148e+01
4.681057500000000005e+02,-9.865185531554531906e+01
4.681060429687499891e+02,-9.099120519534048412e+01
4.681063359375000346e+02,-9.450477096185690584e+01
4.681066289062500232e+02,-9.750696152460277233e+01
4.681069218750000118e+02,-9.741824176790794354e+01
4.681072148437500005e+02,-9.047346968888427909e+01
4.681075078124999891e+02,-9.146670034812004246e+01
4.681078007812500346e+02,-1.007839410356689314e+02
4.681080937500000232e+02,-9.065380251888102237e+01
4.681083867187500118e+02,-9.575643075307353058e+01
4.681086796875000005e+02,-8.613287216972713622e+01
4.681089726562499891e+02,-8.539236400208125133e+01
4.681092656250000346e+02,-9.444840645884494279e+01
4.681095585937500232e+02,-9.371967235722424050e+01
4.681098515625000118e+02,-8.965095196800142219e+01
4.681101445312500005e+02,-8.710137146875413805e+01
4.681104374999999891e+02,-9.720804654037088710e+01
4.681107304687500346e+02,-9.492127086614485165e+01
4.681110234375000232e+02,-9.122522978748803268e+01
4.681113164062500118e+02,-9.202398185623104609e+01
4.681116093750000005e+02,-9.554451125933888989e+01
4.681119023437499891e+02,-9.329110587901190854e+01
4.681121953125000346e+02,-9.240648655275536782e+01
4.681124882812500232e+02,-9.776646808536285960e+01
4.681127812500000118e+02,-9.172287693821068899e+01
4.681130742187500005e+02,-9.239517566869520238e+01
4.681133671874999891e+02,-9.646486846848182495e+01
4.681136601562500346e+02,-8.969451891621136497e+01
4.681139531250000232e+02,-9.713116811081683011e+01
4.681142460937500118e+02,-9.883927064420754505e+01
4.681145390625000005e+02,-9.493579353984843294e+01
4.681148320312499891e+02,-9.719358436185819983e+01
4.681151250000000346e+02,-1.111784414283474831e+02
4.681154179687500232e+02,-9.655255081157555708e+01
4.681157109375000118e+02,-1.068149996579120682e+02
4.681160039062500005e+02,-9.392830301180109132e+01
4.681162968749999891e+02,-8.547981682840068629e+01
4.681165898437500346e+02,-8.426649435417702705e+01
4.681168828125000232e+02,-8.616836974062124455e+01
4.681171757812500118e+02,-8.727620391488110840e+01
4.681174687500000005e+02,-8.952606531187166183e+01
4.681177617187499891e+02,-9.393829059903674761e+01
4.681180546875000346e+02,-9.280179246423672623e+01
4.681183476562500232e+02,-8.507293733285145265e+01
4.681186406250000118e+02,-8.933479938504504503e+01
4.681189335937500005e+02,-9.631996990042766527e+01
4.681192265624999891e+02,-9.134930720328208054e+01
4.681195195312500346e+02,-9.233679419410256628e+01
4.681198125000000232e+02,-1.027257321562692312e+02
4.681201054687500118e+02,-9.838092191718743607e+01
4.681203984375000005e+02,-9.505351327131134553e+01
4.681206914062499891e+02,-8.959502492194636147e+01
4.681209843750000346e+02,-9.057451197824632061e+01
4.681212773437500232e+02,-9.032654555891153336e+01
4.681215703125000118e+02,-9.426490446414277358e+01
4.681218632812500005e+02,-9.911377833017694172e+01
4.681221562499999891e+02,-9.640955165977987917e+01
4.681224492187500346e+02,-9.995060436639607815e+01
4.681227421875000232e+02,-9.741530052966126618e+01
4.681230351562500118e+02,-1.012532527403053564e+02
4.681233281250000005e+02,-9.681632803162020195e+01
4.681236210937499891e+02,-9.607456475552480413e+01
4.681239140625000346e+02,-9.788133375001665115e+01
4.681242070312500232e+02,-1.003704305971751864e+02
4.681245000000000118e+02,-9.373588801079330324e+01
4.681247929687500005e+02,-9.398479978415292635e+01
4.681250859374999891e+02,-1.022809863151301357e+02
4.681253789062500346e+02,-9.460476830983610341e+01
4.681256718750000232e+02,-9.440933991978758399e+01
4.681259648437500118e+02,-9.052437803884613743e+01
4.681262578125000005e+02,-8.991928581747403371e+01
4.681265507812499891e+02,-1.011537898381990317e+02
4.681268437500000346e+02,-9.243638945432672926e+01
4.681271367187500232e+02,-9.892533198164878172e+01
4.681274296875000118e+02,-9.283689973398408313e+01
4.681277226562500005e+02,-1.018557140577096618e+02
4.681280156249999891e+02,-9.952827256558590818e+01
4.681283085937500346e+02,-9.516103134565655353e+01
4.681286015625000232e+02,-8.873888078569154914e+01
4.681288945312500118e+02,-9.025397911251650385e+01
4.681291875000000005e+02,-9.803426528389637440e+01
4.681294804687499891e+02,-8.682117518543618928e+01
4.681297734375000346e+02,-8.858898090600220598e+01
4.681300664062500232e+02,-9.437198300708112697e+01
4.681303593750000118e+02,-9.729342202699440634e+01
4.681306523437500005e+02,-9.339157054389966106e+01
4.681309453124999891e+02,-9.559609974751612071e+01
4.681312382812500346e+02,-9.087873227001877297e+01
4.681315312500000232e+02,-8.949703145112826519e+01
4.681318242187500118e+02,-8.901035774782874910e+01
4.681321171875000005e+02,-8.985508702736474618e+01
4.681324101562499891e+02,-9.056110234541847603e+01
4.681327031250000346e+02,-9.167235603436000702e+01
4.681329960937500232e+02,-9.703410427923492421e+01
4.681332890625000118e+02,-9.374560620214271012e+01
4.681335820312500005e+02,-9.440508151966113815e+01
4.681338749999999891e+02,-9.153397825148523737e+01
4.681341679687500346e+02,-9.592960159356638883e+01
4.681344609375000232e+02,-9.135127610150527744e+01
4.681347539062500118e+02,-9.736112240819036856e+01
4.681350468750000005e+02,-9.119265087210098386e+01
4.681353398437499891e+02,-9.395186845746879101e+01
4.681356328125000346e+02,-8.937462588409857744e+01
4.681359257812500232e+02,-8.867294332343482210e+01
4.681362187500000118e+02,-9.082998353325925223e+01
4.681365117187500005e+02,-9.045137312780823891e+01
4.681368046874999891e+02,-9.248375948869194474e+01
4.681370976562500346e+02,-9.987338025121795226e+01
4.681373906250000232e+02,-9.357306794743537637e+01
4.681376835937500118e+02,-9.138751733857552040e+01
4.681379765625000005e+02,-8.854817845773537499e+01
4.681382695312499891e+02,-9.300020375939963913e+01
4.681385625000000346e+02,-9.068827950072069655e+01
4.681388554687500232e+02,-8.906735724831335688e+01
4.681391484375000118e+02,-9.494780873284945244e+01
4.681394414062500005e+02,-9.804515062715468332e+01
4.681397343749999891e+02,-8.951860095231421610e+01
4.681400273437500346e+02,-9.231156971340641348e+01
4.681403203125000232e+02,-1.035079614940088959e+02
4.681406132812500118e+02,-8.887011339839784796e+01
4.681409062500000005e+02,-8.855801209251843886e+01
4.681411992187499891e+02,-1.145798074929195707e+02
4.681414921875000346e+02,-9.540405371492255426e+01
4.681417851562500232e+02,-9.554853678176469600e+01
4.681420781250000118e+02,-9.260398297704509218e+01
4.681423710937500005e+02,-9.211365680330922601e+01
4.681426640624999891e+02,-8.858591900782371908e+01
4.681429570312500346e+02,-9.835779306364594277e+01
4.681432500000000232e+02,-8.678437883784766882e+01
4.681435429687500118e+02,-8.788594522278749821e+01
4.681438359375000005e+02,-9.060105844053290980e+01
4.681441289062499891e+02,-8.726684966263981380e+01
4.681444218750000346e+02,-9.048574999960250409e+01
4.681447148437500232e+02,-8.632697388712173847e+01
4.681450078125000118e+02,-9.285156119525879603e+01
4.681453007812500005e+02,-1.028636624610714279e+02
4.681455937499999891e+02,-9.845874562793127893e+01
4.681458867187500346e+02,-9.525890653709028300e+01
4.681461796875000232e+02,-1.110153969260220208e+02
4.681464726562500118e+02,-8.918546867120531374e+01
4.681467656250000005e+02,-9.015282643937781870e+01
4.681470585937499891e+02,-9.452552835704337042e+01
4.681473515625000346e+02,-8.741479928625474827e+01
4.681476445312500232e+02,-9.449651237410151339e+01
4.681479375000000118e+02,-9.288678220995889490e+01
4.681482304687500005e+02,-9.434666378061911018e+01
4.681485234374999891e+02,-9.572254699416896528e+01
4.681488164062500346e+02,-9.656179485956332087e+01
4.681491093750000232e+02,-9.634974488488170152e+01
4.681494023437500118e+02,-1.064730970292848156e+02
4.681496953125000005e+02,-9.447785331759124006e+01
4.681499882812499891e+02,-9.220129526158123667e+01
4.681502812500000346e+02,-9.314475415433574312e+01
4.681505742187500232e+02,-9.275314527494712991e+01
4.681508671875000118e+02,-8.971904527230367421e+01
4.681511601562500005e+02,-9.677338139936009043e+01
4.681514531249999891e+02,-9.780611623199752103e+01
4.681517460937500346e+02,-9.020493093246787453e+01
4.681520390625000232e+02,-8.718918971468349355e+01
4.681523320312500118e+02,-9.379771589042006497e+01
4.681526250000000005e+02,-8.688080217993299925e+01
4.681529179687499891e+02,-8.431955405208057641e+01
4.681532109375000346e+02,-8.890771037072369154e+01
4.681535039062500232e+02,-9.420004789274693735e+01
4.681537968750000118e+02,-9.212054648731972861e+01
4.681540898437500005e+02,-9.073921826937458945e+01
4.681543828124999891e+02,-9.214691270518024169e+01
4.681546757812500346e+02,-9.526363133758010804e+01
4.681549687500000232e+02,-9.262721047879605862e+01
4.681552617187500118e+02,-8.944485685281873089e+01
4.681555546875000005e+02,-8.593453063617403132e+01
4.681558476562499891e+02,-8.748814884320596263e+01
4.681561406250000346e+02,-9.379111646063371666e+01
4.681564335937500232e+02,-9.107351570234825999e+01
4.681567265625000118e+02,-9.097736966012985249e+01
4.681570195312500005e+02,-9.069459063950696986e+01
4.681573124999999891e+02,-9.745971457450720266e+01
4.681576054687500346e+02,-1.002280211508073506e+02
4.681578984375000232e+02,-1.083490636299358698e+02
4.681581914062500118e+02,-9.677591938194252918e+01
4.681584843750000005e+02,-1.007843599007736088e+02
4.681587773437499891e+02,-1.123064100456208507e+02
4.681590703125000346e+02,-9.737986002188826262e+01
4.681593632812500232e+02,-1.025287334523607399e+02
4.681596562500000118e+02,-8.743901148246297339e+01
4.681599492187500005e+02,-9.015754400532918567e+01
4.681602421874999891e+02,-9.685191560821132839e+01
4.681605351562500346e+02,-9.427454050736322699e+01
4.681608281250000232e+02,-8.953882426458918076e+01
4.681611210937500118e+02,-9.088699894859252026e+01
4.681614140625000005e+02,-9.391458263962502429e+01
4.681617070312499891e+02,-9.358879692864513800e+01
4.681620000000000346e+02,-9.569285855924944428e+01
4.681622929687500232e+02,-9.101733199919905815e+01
4.681625859375000118e+02,-9.515231215797059861e+01
4.681628789062500005e+02,-9.595240754871920785e+01
4.681631718749999891e+02,-9.165885487834295020e+01
4.681634648437500346e+02,-1.059039757556137715e+02
4.681637578125000232e+02,-9.512292142568574604e+01
4.681640507812500118e+02,-9.266439925669745037e+01
4.681643437500000005e+02,-1.024544151039864630e+02
4.681646367187499891e+02,-9.509908974349352206e+01
4.681649296875000346e+02,-9.537534976315805579e+01
4.681652226562500232e+02,-9.040745243928031982e+01
4.681655156250000118e+02,-8.895424306003567949e+01
4.681658085937500005e+02,-8.941263140812365862e+01
4.681661015624999891e+02,-8.954803221176305783e+01
4.681663945312500346e+02,-9.135997595880934341e+01
4.681666875000000232e+02,-8.952653951654417597e+01
4.681669804687500118e+02,-9.138004994873158182e+01
4.681672734375000005e+02,-9.413352752926988387e+01
4.681675664062499891e+02,-9.074868619788601620e+01
4.681678593750000346e+02,-8.778601174799051421e+01
4.681681523437500232e+02,-8.773925823273069113e+01
4.681684453125000118e+02,-8.847714941473935824e+01
4.681687382812500005e+02,-9.069657171231588677e+01
4.681690312499999891e+02,-8.762551016567483941e+01
4.681693242187500346e+02,-9.170887753120489094e+01
4.681696171875000232e+02,-9.249535959645240268e+01
4.681699101562500118e+02,-9.119099346420992447e+01
4.681702031250000005e+02,-8.560356082104306097e+01
4.681704960937499891e+02,-8.908752208146037788e+01
4.681707890625000346e+02,-9.386802701813132899e+01
4.681710820312500232e+02,-9.541888517406937353e+01
4.681713750000000118e+02,-9.293402008022809468e+01
4.681716679687500005e+02,-9.594043358870976590e+01
4.681719609374999891e+02,-9.393948718590959857e+01
4.681722539062500346e+02,-9.467527818235659254e+01
4.681725468750000232e+02,-9.114095301370652180e+01
4.681728398437500118e+02,-9.692501963033657830e+01
4.681731328125000005e+02,-8.847457726823550672e+01
4.681734257812499891e+02,-8.645852212959697169e+01
4.681737187500000346e+02,-9.473086331243720792e+01
4.681740117187500232e+02,-1.041059461681405338e+02
4.681743046875000118e+02,-9.431396172493352026e+01
4.681745976562500005e+02,-8.742363685462092349e+01
4.681748906249999891e+02,-9.353363495196752808e+01
4.681751835937500346e+02,-9.297324316624076346e+01
4.681754765625000232e+02,-9.238472395788005542e+01
4.681757695312500118e+02,-9.159830675841237735e+01
4.681760625000000005e+02,-8.869850531909463598e+01
4.681763554687499891e+02,-8.956537062577928054e+01
4.681766484375000346e+02,-9.192396125904974724e+01
4.681769414062500232e+02,-9.108588495148923414e+01
4.681772343750000118e+02,-9.423425227399508231e+01
4.681775273437500005e+02,-9.817763468517071601e+01
4.681778203124999891e+02,-9.625167076450816239e+01
4.681781132812500346e+02,-1.113718963713000392e+02
4.681784062500000232e+02,-9.226195737854347101e+01
4.681786992187500118e+02,-9.243166534830638170e+01
4.681789921875000005e+02,-9.018120179769965716e+01
4.681792851562499891e+02,-8.511912579863536621e+01
4.681795781250000346e+02,-8.580649423455574265e+01
4.681798710937500232e+02,-9.680568419047486373e+01
4.681801640625000118e+02,-9.909025696979892928e+01
4.681804570312500005e+02,-1.003813716988019422e+02
4.681807499999999891e+02,-9.661900808800689333e+01
4.681810429687500346e+02,-9.352602889472107961e+01
4.681813359375000232e+02,-1.017497392188558365e+02
4.681816289062500118e+02,-1.000547302297906072e+02
4.681819218750000005e+02,-9.872104357054081447e+01
4.681822148437499891e+02,-9.692897456895798314e+01
4.681825078125000346e+02,-1.032732882751017058e+02
4.681828007812500232e+02,-9.466279730025942740e+01
4.681830937500000118e+02,-9.295526191163104102e+01
4.681833867187500005e+02,-9.413310972156672563e+01
4.681836796874999891e+02,-9.640104337810272739e+01
4.681839726562500346e+02,-9.305283076972500567e+01
4.681842656250000232e+02,-9.644031705382217012e+01
4.681845585937500118e+02,-9.297709566622202715e+01
4.681848515625000005e+02,-9.148461505997245524e+01
4.681851445312499891e+02,-9.228401182016939686e+01
4.681854375000000346e+02,-9.274051312968337868e+01
4.681857304687500232e+02,-1.076214600455951285e+02
4.681860234375000118e+02,-9.060972432446985181e+01
4.681863164062500005e+02,-8.741984158423123574e+01
4.681866093749999891e+02,-8.710098282563001248e+01
4.681869023437500346e+02,-1.031856270337094088e+02
4.681871953125000232e+02,-9.174630364447615705e+01
4.681874882812500118e+02,-9.463048497257359770e+01
4.681877812500000005e+02,-9.410345329890326127e+01
4.681880742187499891e+02,-1.051317292471394325e+02
4.681883671875000346e+02,-1.025944515020172645e+02
4.681886601562500232e+02,-9.785753412884730551e+01
4.681889531250000118e+02,-9.358582404566027435e+01
4.681892460937500005e+02,-1.212464996456785968e+02
4.681895390624999891e+02,-9.597884402075594323e+01
4.681898320312500346e+02,-9.618300340996083264e+01
4.681901250000000232e+02,-9.422410685807321329e+01
4.681904179687500118e+02,-9.892017855267147297e+01
4.681907109375000005e+02,-1.067852287691225399e+02
4.681910039062499891e+02,-9.320895261783212504e+01
4.681912968750000346e+02,-1.094576744757931692e+02
4.681915898437500232e+02,-9.541933075626282346e+01
4.681918828125000118e+02,-1.069779640801342850e+02
4.681921757812500005e+02,-1.044738616972060754e+02
4.681924687499999891e+02,-9.745752172537132196e+01
4.681927617187500346e+02,-8.536642214804987816e+01
4.681930546875000232e+02,-8.783260029584408812e+01
4.681933476562500118e+02,-1.011064237101846999e+02
4.681936406250000005e+02,-9.710006443800223508e+01
4.681939335937499891e+02,-1.068564019451255263e+02
4.681942265625000346e+02,-9.606418392804422979e+01
4.681945195312500232e+02,-8.899185457865581839e+01
4.681948125000000118e+02,-8.886870031150193938e+01
4.681951054687500005e+02,-9.120175237918245159e+01
4.681953984374999891e+02,-9.083526756993143181e+01
4.681956914062500346e+02,-8.975150565754273657e+01
4.681959843750000232e+02,-9.116865873991415015e+01
4.681962773437500118e+02,-9.338852291940339967e+01
4.681965703125000005e+02,-9.259170092963248067e+01
4.681968632812499891e+02,-9.920916245027022740e+01
4.681971562500000346e+02,-9.043976305809047744e+01
4.681974492187500232e+02,-8.864769933588179640e+01
4.681977421875000118e+02,-8.473105907090810263e+01
4.681980351562500005e+02,-8.616899891051252780e+01
4.681983281249999891e+02,-9.138337424311096413e+01
4.681986210937500346e+02,-8.759854910057978827e+01
4.681989140625000232e+02,-9.451574823384028434e+01
4.681992070312500118e+02,-9.390908102701465054e+01
4.681995000000000005e+02,-9.051982900917528241e+01
4.681997929687499891e+02,-9.191745367183136750e+01
4.682000859375000346e+02,-9.232354193876169290e+01
4.682003789062500232e+02,-8.731074808582319235e+01
4.682006718750000118e+02,-8.905078214174139362e+01
4.682009648437500005e+02,-9.658734230975646540e+01
4.682012578124999891e+02,-9.823388286202522579e+01
4.682015507812500346e+02,-9.939761349323583772e+01
4.682018437500000232e+02,-8.974726663795999571e+01
4.682021367187500118e+02,-1.041873766368509848e+02
4.682024296875000005e+02,-1.002491451955109483e+02
4.682027226562499891e+02,-9.892011859740613033e+01
4.682030156250000346e+02,-9.321178947750027532e+01
4.682033085937500232e+02,-9.577826159291635122e+01
4.682036015625000118e+02,-9.225798288155831983e+01
4.682038945312500005e+02,-8.967988862916853066e+01
4.682041874999999891e+02,-9.134227383633023578e+01
4.682044804687500346e+02,-9.070244932026548668e+01
4.682047734375000232e+02,-9.046620784840355611e+01
4.682050664062500118e+02,-1.145705477771183496e+02
4.682053593750000005e+02,-1.003959959443807151e+02
4.682056523437499891e+02,-9.045697681856275096e+01
4.682059453125000346e+02,-9.396156547625616895e+01
4.682062382812500232e+02,-9.895406221591181861e+01
4.682065312500000118e+02,-9.433832706914508037e+01
4.682068242187500005e+02,-8.992537926683510818e+01
4.682071171874999891e+02,-8.821775181592407478e+01
4.682074101562500346e+02,-9.066628154367208481e+01
4.682077031250000232e+02,-9.711397427758240042e+01
4.682079960937500118e+02,-9.800357374422809187e+01
4.682082890625000005e+02,-8.873833340695014726e+01
4.682085820312499891e+02,-9.573174213276249134e+01
4.682088750000000346e+02,-9.088757421230071998e+01
4.682091679687500232e+02,-9.157561118372154851e+01
4.682094609375000118e+02,-9.213789608702788314e+01
4.682097539062500005e+02,-1.036025519335524052e+02
4.682100468749999891e+02,-9.558016415609485250e+01
4.682103398437500346e+02,-9.100894591820502910e+01
4.682106328125000232e+02,-9.485670669021580181e+01
4.682109257812500118e+02,-1.050046121327552271e+02
4.682112187500000005e+02,-9.823047905603955599e+01
4.682115117187499891e+02,-9.496145487111483874e+01
4.682118046875000346e+02,-1.034504136913101746e+02
4.682120976562500232e+02,-9.415486595688892635e+01
4.682123906250000118e+02,-9.473454181495094417e+01
4.682126835937500005e+02,-9.608370388444514276e+01
4.682129765624999891e+02,-9.728814226070048221e+01
4.682132695312500346e+02,-9.173151234479533400e+01
4.682135625000000232e+02,-9.369670982754803390e+01
4.682138554687500118e+02,-9.316754291102442664e+01
4.682141484375000005e+02,-9.069274345817194671e+01
4.682144414062499891e+02,-9.020398789318426225e+01
4.682147343750000346e+02,-8.755776788450341996e+01
4.682150273437500232e+02,-8.814907905969000979e+01
4.682153203125000118e+02,-9.395445438456624743e+01
4.682156132812500005e+02,-1.008529352047378893e+02
4.682159062499999891e+02,-9.898282608824797535e+01
4.682161992187500346e+02,-9.506635769107487022e+01
4.682164921875000232e+02,-9.020315337437047276e+01
4.682167851562500118e+02,-9.882229829371470942e+01
4.682170781250000005e+02,-9.284247996199141539e+01
4.682173710937499891e+02,-8.912976765406583013e+01
4.682176640625000346e+02,-8.548340915763088788e+01
4.682179570312500232e+02,-8.660730907453120153e+01
4.682182500000000118e+02,-9.304569424600840932e+01
4.682185429687500005e+02,-1.125810230525169402e+02
4.682188359374999891e+02,-1.007713921718011534e+02
4.682191289062500346e+02,-9.220441141161261100e+01
4.682194218750000232e+02,-9.086203343442801383e+01
4.682197148437500118e+02,-9.180752193892595869e+01
4.682200078125000005e+02,-9.191786484058083317e+01
4.682203007812499891e+02,-9.359860280147337619e+01
4.682205937500000346e+02,-9.197175264007876194e+01
4.682208867187500232e+02,-9.743963931030921799e+01
4.682211796875000118e+02,-9.300337909445482865e+01
4.682214726562500005e+02,-9.123573477424768896e+01
4.682217656249999891e+02,-9.755998031773449952e+01
4.682220585937500346e+02,-1.050448689013768302e+02
4.682223515625000232e+02,-9.921791068811999992e+01
4.682226445312500118e+02,-9.301759113481720931e+01
4.682229375000000005e+02,-9.566922387783235138e+01
4.682232304687499891e+02,-9.512273609486321391e+01
4.682235234375000346e+02,-9.167117650906945414e+01
4.682238164062500232e+02,-9.785596515175684829e+01
4.682241093750000118e+02,-9.030851796824097732e+01
4.682244023437500005e+02,-9.003956559463310327e+01
4.682246953124999891e+02,-1.002353371517906879e+02
4.682249882812500346e+02,-9.104947529772488224e+01
4.682252812500000232e+02,-9.935011583048657258e+01
4.682255742187500118e+02,-1.004952708238214854e+02
4.682258671875000005e+02,-9.209427509146033231e+01
4.682261601562499891e+02,-8.874745336206990487e+01
4.682264531250000346e+02,-9.354342640182937885e+01
4.682267460937500232e+02,-9.681055749252479359e+01
4.682270390625000118e+02,-9.200756406735173698e+01
4.682273320312500005e+02,-9.470820872875320617e+01
4.682276249999999891e+02,-9.161498337518361268e+01
4.682279179687500346e+02,-9.871077084299655269e+01
4.682282109375000232e+02,-8.788690087565157683e+01
4.682285039062500118e+02,-9.685344054869335650e+01
4.682287968750000005e+02,-9.178546555843639965e+01
4.682290898437499891e+02,-9.017567341734208242e+01
4.682293828125000346e+02,-1.019847250753685728e+02
4.682296757812500232e+02,-9.149583096916119018e+01
4.682299687500000118e+02,-9.672140506097741763e+01
4.682302617187500005e+02,-1.013213594812088161e+02
4.682305546874999891e+02,-1.043095097312118469e+02
4.682308476562500346e+02,-9.866421691178338449e+01
4.682311406250000232e+02,-1.036848328653860705e+02
4.682314335937500118e+02,-1.005265789173804762e+02
4.682317265625000005e+02,-9.606195371123556015e+01
4.682320195312499891e+02,-9.313925932830601084e+01
4.682323125000000346e+02,-9.144643658539246189e+01
4.682326054687500232e+02,-9.143933344489440174e+01
4.682328984375000118e+02,-9.568432041429197454e+01
4.682331914062500005e+02,-9.604677811401126064e+01
4.682334843749999891e+02,-9.942358620281848403e+01
4.682337773437500346e+02,-9.135121793891521236e+01
4.682340703125000232e+02,-8.989237617654157475e+01
4.682343632812500118e+02,-8.990485831416111751e+01
4.682346562500000005e+02,-9.257743559989165760e+01
4.682349492187499891e+02,-9.238627192787326692e+01
4.682352421875000346e+02,-8.999274205396262971e+01
4.682355351562500232e+02,-9.046403419093594778e+01
4.682358281250000118e+02,-1.035485970258830690e+02
4.682361210937500005e+02,-9.532142347202979238e+01
4.682364140624999891e+02,-9.514997491992195933e+01
4.682367070312500346e+02,-1.044130286785181880e+02
4.682370000000000232e+02,-1.049799712881130773e+02
4.682372929687500118e+02,-9.388631501053990291e+01
4.682375859375000005e+02,-9.538336143333626183e+01
4.682378789062499891e+02,-9.768701968811157599e+01
4.682381718750000346e+02,-1.006828284555966206e+02
4.682384648437500232e+02,-9.625906283855060508e+01
4.682387578125000118e+02,-9.831897292738554484e+01
4.682390507812500005e+02,-1.131015816925189483e+02
4.682393437499999891e+02,-1.010466969619340603e+02
4.682396367187500346e+02,-9.218286023921761796e+01
4.682399296875000232e+02,-9.518371240781844733e+01
4.682402226562500118e+02,-9.833603952953350813e+01
4.682405156250000005e+02,-1.020797288839564629e+02
4.682408085937499891e+02,-9.230725677267579954e+01
4.682411015625000346e+02,-8.957638231036327170e+01
4.682413945312500232e+02,-8.867188899306697181e+01
4.682416875000000118e+02,-9.034119069653252154e+01
4.682419804687500005e+02,-9.418463348154742221e+01
4.682422734374999891e+02,-1.029604430056144082e+02
4.682425664062500346e+02,-9.656901786822334088e+01
4.682428593750000232e+02,-1.011033978757650829e+02
4.682431523437500118e+02,-1.054199771318120327e+02
4.682434453125000005e+02,-9.796178390360688581e+01
4.682437382812499891e+02,-9.367604411037800105e+01
4.682440312500000346e+02,-9.536555367925515725e+01
4.682443242187500232e+02,-8.699195591614468981e+01
4.682446171875000118e+02,-1.171849951574043018e+02
4.682449101562500005e+02,-8.854877812610834553e+01
4.682452031249999891e+02,-8.719130083653817564e+01
4.682454960937500346e+02,-8.667892316969636113e+01
4.682457890625000232e+02,-9.076336695485497330e+01
4.682460820312500118e+02,-9.550607085250439354e+01
4.682463750000000005e+02,-1.089484824678495869e+02
4.682466679687499891e+02,-9.805413489613998479e+01
4.682469609375000346e+02,-9.687555440356233305e+01
4.682472539062500232e+02,-1.074512558621337632e+02
4.682475468750000118e+02,-9.452857785318798278e+01
4.682478398437500005e+02,-9.924476836911858868e+01
4.682481328124999891e+02,-9.858237726897328912e+01
4.682484257812500346e+02,-9.431621814725997410e+01
4.682487187500000232e+02,-8.982975318933338826e+01
4.682490117187500118e+02,-9.153284142250598165e+01
4.682493046875000005e+02,-9.127726669193637576e+01
4.682495976562499891e+02,-9.155536378034852873e+01
4.682498906250000346e+02,-9.504811188928502474e+01
4.682501835937500232e+02,-9.649412254923760202e+01
4.682504765625000118e+02,-9.080145229980612953e+01
4.682507695312500005e+02,-8.808712038185555571e+01
4.682510624999999891e+02,-8.965480042573888397e+01
4.682513554687500346e+02,-8.976432706580352772e+01
4.682516484375000232e+02,-9.168919742805147166e+01
4.682519414062500118e+02,-1.005257450264524550e+02
4.682522343750000005e+02,-1.021754936379411873e+02
4.682525273437499891e+02,-9.679562544069898422e+01
4.682528203125000346e+02,-9.475065687523995450e+01
4.682531132812500232e+02,-1.032415455339551613e+02
4.682534062500000118e+02,-9.526648929995221238e+01
4.682536992187500005e+02,-9.155282401409604631e+01
4.682539921874999891e+02,-9.240986326791470162e+01
4.682542851562500346e+02,-1.107153326287017450e+02
4.682545781250000232e+02,-9.726145090849614405e+01
4.682548710937500118e+02,-8.971504893451103158e+01
4.682551640625000005e+02,-8.919826109251934554e+01
4.682554570312499891e+02,-1.067612166024510429e+02
4.682557500000000346e+02,-9.399179503394844915e+01
4.682560429687500232e+02,-9.574972992598230803e+01
4.682563359375000118e+02,-9.473733264332237525e+01
4.682566289062500005e+02,-8.736211651784176979e+01
4.682569218749999891e+02,-8.886270347632108724e+01
4.682572148437500346e+02,-9.616212371986421203e+01
4.682575078125000232e+02,-9.578762016500222387e+01
4.682578007812500118e+02,-9.009992260447475587e+01
4.682580937500000005e+02,-8.803011019226968870e+01
4.682583867187499891e+02,-8.717050405036130201e+01
4.682586796875000346e+02,-8.989994609409764337e+01
4.682589726562500232e+02,-8.991139565706265557e+01
4.682592656250000118e+02,-9.176534157930709057e+01
4.682595585937500005e+02,-9.081861331616084954e+01
4.682598515624999891e+02,-8.840722091951465700e+01
4.682601445312500346e+02,-8.955405277461704827e+01
4.682604375000000232e+02,-1.050190752911100986e+02
4.682607304687500118e+02,-9.177420842225464526e+01
4.682610234375000005e+02,-8.826321400978834220e+01
4.682613164062499891e+02,-9.343478406193523256e+01
4.682616093750000346e+02,-9.055996262514121042e+01
4.682619023437500232e+02,-9.276244930458615556e+01
4.682621953125000118e+02,-9.464278018606441378e+01
4.682624882812500005e+02,-8.792911824447097047e+01
4.682627812499999891e+02,-9.281901137636384647e+01
4.682630742187500346e+02,-1.011918453917549101e+02
4.682633671875000232e+02,-1.023123131543230215e+02
4.682636601562500118e+02,-9.513814906571916197e+01
4.682639531250000005e+02,-9.358210426536160753e+01
4.682642460937499891e+02,-8.796247747370966863e+01
4.682645390625000346e+02,-9.464597540448767177e+01
4.682648320312500232e+02,-8.732908291613591700e+01
4.682651250000000118e+02,-8.742962667304524871e+01
4.682654179687500005e+02,-1.027278148889074316e+02
4.682657109374999891e+02,-9.136366354888198771e+01
4.682660039062500346e+02,-1.008519441511796231e+02
4.682662968750000232e+02,-9.586284839201226760e+01
4.682665898437500118e+02,-1.012246835831823830e+02
4.682668828125000005e+02,-9.455661472495437181e+01
4.682671757812499891e+02,-1.047398731222961601e+02
4.682674687500000346e+02,-1.042136247865115450e+02
4.682677617187500232e+02,-9.458929223535994879e+01
4.682680546875000118e+02,-9.382023876617878955e+01
4.682683476562500005e+02,-9.977999691571950791e+01
4.682686406249999891e+02,-9.639396641206467109e+01
4.682689335937500346e+02,-9.395380257429729909e+01
4.682692265625000232e+02,-9.273191726170183813e+01
4.682695195312500118e+02,-8.801776997229872279e+01
4.682698125000000005e+02,-9.729290851378851812e+01
4.682701054687499891e+02,-1.072899065452560308e+02
4.682703984375000346e+02,-8.902174562207797237e+01
4.682706914062500232e+02,-8.902656449788692328e+01
4.682709843750000118e+02,-1.102287650612119450e+02
4.682712773437500005e+02,-1.008500461673258286e+02
4.682715703124999891e+02,-1.028869482809469105e+02
4.682718632812500346e+02,-9.800559857567395738e+01
4.682721562500000232e+02,-9.388902634315672913e+01
4.682724492187500118e+02,-9.321624600733520083e+01
4.682727421875000005e+02,-9.320600021414811920e+01
4.682730351562499891e+02,-9.333378662822481431e+01
4.682733281250000346e+02,-1.006662463463017474e+02
4.682736210937500232e+02,-9.419464886515419266e+01
4.682739140625000118e+02,-8.726439100261991655e+01
4.682742070312500005e+02,-9.071610860341149873e+01
4.682744999999999891e+02,-1.050930688255725300e+02
4.682747929687500346e+02,-1.092750966588353236e+02
4.682750859375000232e+02,-9.492567580858484177e+01
4.682753789062500118e+02,-9.294745140500268121e+01
4.682756718750000005e+02,-9.713573425929882887e+01
4.682759648437499891e+02,-9.894677918741406586e+01
4.682762578125000346e+02,-1.017808135515886505e+02
4.682765507812500232e+02,-9.914954711314420877e+01
4.682768437500000118e+02,-9.992913057103100982e+01
4.682771367187500005e+02,-9.932391275901638039e+01
4.682774296874999891e+02,-9.880560236630802251e+01
4.682777226562500346e+02,-1.036893750475637290e+02
4.682780156250000232e+02,-1.025997008943598701e+02
4.682783085937500118e+02,-1.004224799119043325e+02
4.682786015625000005e+02,-1.174858333708803002e+02
4.682788945312499891e+02,-9.974403358081836757e+01
4.682791875000000346e+02,-1.020317183918528485e+02
4.682794804687500232e+02,-9.697854613738442708e+01
4.682797734375000118e+02,-8.776575078754382275e+01
4.682800664062500005e+02,-8.719113386304270819e+01
4.682803593749999891e+02,-8.764517309060637729e+01
4.682806523437500346e+02,-8.779060803587539397e+01
4.682809453125000232e+02,-9.128018074585064312e+01
4.682812382812500118e+02,-9.783791490553205961e+01
4.682815312500000005e+02,-9.038106046643758873e+01
4.682818242187499891e+02,-9.028227567204106663e+01
4.682821171875000346e+02,-9.089041341735837420e+01
4.682824101562500232e+02,-9.008740950847708007e+01
4.682827031250000118e+02,-9.246320312223069493e+01
4.682829960937500005e+02,-9.556971154846137040e+01
4.682832890624999891e+02,-1.008613575971962746e+02
4.682835820312500346e+02,-9.653219908410606820e+01
4.682838750000000232e+02,-9.197809763740426092e+01
4.682841679687500118e+02,-8.922645784091430698e+01
4.682844609375000005e+02,-8.915604527230838983e+01
4.682847539062499891e+02,-9.567488006560623148e+01
4.682850468750000346e+02,-9.241252141113947971e+01
4.682853398437500232e+02,-9.438155038524128315e+01
4.682856328125000118e+02,-9.944686514968097413e+01
4.682859257812500005e+02,-1.013231046585645743e+02
4.682862187499999891e+02,-9.970517492067138221e+01
4.682865117187500346e+02,-9.664635326519754699e+01
4.682868046875000232e+02,-9.676829105732389280e+01
4.682870976562500118e+02,-8.815732297526581362e+01
4.682873906250000005e+02,-9.019091459873527583e+01
4.682876835937499891e+02,-9.645316842129582824e+01
4.682879765625000346e+02,-9.244069663501093714e+01
4.682882695312500232e+02,-9.000351402109347987e+01
4.682885625000000118e+02,-8.801376808138257957e+01
4.682888554687500005e+02,-8.906188894959907998e+01
4.682891484374999891e+02,-9.242248368201728681e+01
4.682894414062500346e+02,-9.161013262544454960e+01
4.682897343750000232e+02,-9.564069737252637537e+01
4.682900273437500118e+02,-1.009350949234898280e+02
4.682903203125000005e+02,-1.157149409935225890e+02
4.682906132812499891e+02,-1.019583942404889711e+02
4.682909062500000346e+02,-9.706506814889154100e+01
4.682911992187500232e+02,-8.916343051454580859e+01
4.682914921875000118e+02,-9.167455678132880337e+01
4.682917851562500005e+02,-1.071141493412185355e+02
4.682920781249999891e+02,-9.990384075644975326e+01
4.682923710937500346e+02,-9.899964243477384684e+01
4.682926640625000232e+02,-1.014646046339639724e+02
4.682929570312500118e+02,-1.053300956755036850e+02
4.682932500000000005e+02,-9.764906535348110594e+01
4.682935429687499891e+02,-9.874714233955594977e+01
4.682938359375000346e+02,-1.071395320700039377e+02
4.682941289062500232e+02,-9.688610171937737903e+01
4.682944218750000118e+02,-1.147356880634876717e+02
4.682947148437500005e+02,-1.150243257284961942e+02
4.682950078124999891e+02,-1.024331152039441122e+02
4.682953007812500346e+02,-1.030006620321609603e+02
4.682955937500000232e+02,-8.941413735125188111e+01
4.682958867187500118e+02,-9.265378503063675453e+01
4.682961796875000005e+02,-9.029575308170652193e+01
4.682964726562499891e+02,-9.158837117272086914e+01
4.682967656250000346e+02,-1.057307526922681973e+02
4.682970585937500232e+02,-9.027373267475822161e+01
4.682973515625000118e+02,-9.058783529067474660e+01
4.682976445312500005e+02,-9.326612177614575216e+01
4.682979374999999891e+02,-9.898731818890806267e+01
4.682982304687500346e+02,-9.203071154641926910e+01
4.682985234375000232e+02,-9.261350509939298092e+01
4.682988164062500118e+02,-1.064050757992001479e+02
4.682991093750000005e+02,-9.443362461376699457e+01
4.682994023437499891e+02,-9.302760956306259743e+01
4.682996953125000346e+02,-9.389389163084472045e+01
4.682999882812500232e+02,-9.179471314384174718e+01
4.683002812500000118e+02,-9.734120422607205114e+01
4.683005742187500005e+02,-9.706147174326039817e+01
4.683008671874999891e+02,-9.831511634738478733e+01
4.683011601562500346e+02,-9.456165321735794294e+01
4.683014531250000232e+02,-9.380765813893802374e+01
4.683017460937500118e+02,-9.435627164820525081e+01
4.683020390625000005e+02,-1.007531883885072546e+02
4.683023320312499891e+02,-9.920671625720295594e+01
4.683026250000000346e+02,-1.049607966093076783e+02
4.683029179687500232e+02,-9.243631437587464461e+01
4.683032109375000118e+02,-9.107816225119444198e+01
4.683035039062500005e+02,-8.973405495134326770e+01
4.683037968749999891e+02,-9.227993366641157991e+01
4.683040898437500346e+02,-9.001103955084869312e+01
4.683043828125000232e+02,-9.239890599247159741e+01
4.683046757812500118e+02,-9.174345955809951647e+01
4.683049687500000005e+02,-1.037604193084850976e+02
4.683052617187499891e+02,-1.017096714454450819e+02
4.683055546875000346e+02,-9.519033213527944781e+01
4.683058476562500232e+02,-1.082123576561286029e+02
4.683061406250000118e+02,-9.615843757387595758e+01
4.683064335937500005e+02,-9.777911036582523252e+01
4.683067265624999891e+02,-9.168826299531319535e+01
4.683070195312500346e+02,-9.388100714805796088e+01
4.683073125000000232e+02,-8.821168508084394944e+01
4.683076054687500118e+02,-9.305888487253369590e+01
4.683078984375000005e+02,-1.001782119735838847e+02
4.683081914062499891e+02,-9.352495707121876478e+01
4.683084843750000346e+02,-9.499502494550401366e+01
4.683087773437500232e+02,-9.967216702955083463e+01
4.683090703125000118e+02,-9.884520945982984585e+01
4.683093632812500005e+02,-9.744349592001006499e+01
4.683096562499999891e+02,-1.217400492221736243e+02
4.683099492187500346e+02,-1.129645150491229231e+02
4.683102421875000232e+02,-1.187360573724490962e+02
4.683105351562500118e+02,-9.523461426378833039e+01
4.683108281250000005e+02,-9.039988187799389152e+01
4.683111210937499891e+02,-9.305550127375248337e+01
4.683114140625000346e+02,-9.485717041924337423e+01
4.683117070312500232e+02,-1.020601002041414773e+02
4.683120000000000118e+02,-1.080288488848779878e+02
4.683122929687500005e+02,-9.455656257970545653e+01
4.683125859374999891e+02,-1.194948240373866923e+02
4.683128789062500346e+02,-9.216110983273500779e+01
4.683131718750000232e+02,-9.257176122175198429e+01
4.683134648437500118e+02,-9.469746145076879884e+01
4.683137578125000005e+02,-9.417926426550440056e+01
4.683140507812499891e+02,-9.154966291887048158e+01
4.683143437500000346e+02,-9.963360694927976624e+01
4.683146367187500232e+02,-1.045403172423508806e+02
4.683149296875000118e+02,-9.588233430647228772e+01
4.683152226562500005e+02,-9.848825374100485419e+01
4.683155156249999891e+02,-1.023860715482035602e+02
4.683158085937500346e+02,-1.092150805361821426e+02
4.683161015625000232e+02,-1.048509596062715588e+02
4.683163945312500118e+02,-1.038223137131674889e+02
4.683166875000000005e+02,-9.138831413948757643e+01
4.683169804687499891e+02,-9.164943247542660743e+01
4.683172734375000346e+02,-9.615229646999878810e+01
4.683175664062500232e+02,-1.055015941493651894e+02
4.683178593750000118e+02,-9.762370351879835084e+01
4.683181523437500005e+02,-1.096273798030212276e+02
4.683184453124999891e+02,-1.029938768083950436e+02
4.683187382812500346e+02,-9.881782507963950479e+01
4.683190312500000232e+02,-1.072823980781345057e+02
4.683193242187500118e+02,-1.003214733460988555e+02
4.683196171875000005e+02,-1.018726793103962223e+02
4.683199101562499891e+02,-9.753063750950380495e+01
4.683202031250000346e+02,-9.043951176769655831e+01
4.683204960937500232e+02,-8.963094931275584543e+01
4.683207890625000118e+02,-9.111798623997123059e+01
4.683210820312500005e+02,-9.115174989374241932e+01
4.683213749999999891e+02,-9.155086816292133278e+01
4.683216679687500346e+02,-9.383885188619956352e+01
4.683219609375000232e+02,-9.785663781503409098e+01
4.683222539062500118e+02,-9.755394535913100640e+01
4.683225468750000005e+02,-9.636005757231026791e+01
4.683228398437499891e+02,-1.107255287805568003e+02
4.683231328125000346e+02,-9.053872086997394319e+01
4.683234257812500232e+02,-9.144467542708211738e+01
4.683237187500000118e+02,-9.496625915766563253e+01
4.683240117187500005e+02,-9.315796178853405252e+01
4.683243046874999891e+02,-1.024717993635662765e+02
4.683245976562500346e+02,-9.038005058975031147e+01
4.683248906250000232e+02,-8.677747275831606544e+01
4.683251835937500118e+02,-1.001858880604343085e+02
4.683254765625000005e+02,-1.092504047168010430e+02
4.683257695312499891e+02,-9.017679987632142513e+01
4.683260625000000346e+02,-9.005382499785508799e+01
4.683263554687500232e+02,-9.706922313813620917e+01
4.683266484375000118e+02,-1.188904057675367341e+02
4.683269414062500005e+02,-9.573859944966811497e+01
4.683272343749999891e+02,-9.516331525146009085e+01
4.683275273437500346e+02,-9.479435223373485542e+01
4.683278203125000232e+02,-8.908615768118329470e+01
4.683281132812500118e+02,-8.968262484283474123e+01
4.683284062500000005e+02,-9.272773834001951343e+01
4.683286992187499891e+02,-1.081438308260217127e+02
4.683289921875000346e+02,-1.007087061543833642e+02
4.683292851562500232e+02,-9.702785558599529736e+01
4.683295781250000118e+02,-8.974048801858849345e+01
4.683298710937500005e+02,-9.317479295644842807e+01
4.683301640624999891e+02,-1.008668197853593540e+02
4.683304570312500346e+02,-9.686187818183168474e+01
4.683307500000000232e+02,-1.095970664641345422e+02
4.683310429687500118e+02,-9.214584465930695956e+01
4.683313359375000005e+02,-9.193766149153582035e+01
4.683316289062499891e+02,-9.888355743994327440e+01
4.683319218750000346e+02,-1.129812045263290088e+02
4.683322148437500232e+02,-1.020365540400717634e+02
4.683325078125000118e+02,-1.071154875695358868e+02
4.683328007812500005e+02,-9.949541412696336806e+01
4.683330937499999891e+02,-9.912102840725208353e+01
4.683333867187500346e+02,-9.221659655559861335e+01
4.683336796875000232e+02,-9.257438953370284196e+01
4.683339726562500118e+02,-9.648532833507056239e+01
4.683342656250000005e+02,-9.067496182189216825e+01
4.683345585937499891e+02,-9.239696570587049962e+01
4.683348515625000346e+02,-9.739414226819781106e+01
4.683351445312500232e+02,-1.068322148201352775e+02
4.683354375000000118e+02,-9.931592066507646166e+01
4.683357304687500005e+02,-9.327044272932587887e+01
4.683360234374999891e+02,-8.901962373147804897e+01
4.683363164062500346e+02,-9.137064242658759383e+01
4.683366093750000232e+02,-1.087770511382083072e+02
4.683369023437500118e+02,-1.000577273594521444e+02
4.683371953125000005e+02,-9.799538779006935840e+01
4.683374882812499891e+02,-9.406551475996414524e+01
4.683377812500000346e+02,-9.147568543578609024e+01
4.683380742187500232e+02,-9.524720348137633152e+01
4.683383671875000118e+02,-1.088817972856375462e+02
4.683386601562500005e+02,-1.040043294157889164e+02
4.683389531249999891e+02,-9.834513341799356567e+01
4.683392460937500346e+02,-1.006148377501623514e+02
4.683395390625000232e+02,-9.495173949540026115e+01
4.683398320312500118e+02,-9.291752355748157299e+01
4.683401250000000005e+02,-9.820717011844408262e+01
4.683404179687499891e+02,-9.980372504782296517e+01
4.683407109375000346e+02,-9.257586163144922864e+01
4.683410039062500232e+02,-9.695246427425274760e+01
4.683412968750000118e+02,-1.052368132459640293e+02
4.683415898437500005e+02,-9.176322613821741925e+01
4.683418828124999891e+02,-9.043558353249949278e+01
4.683421757812500346e+02,-9.816705428742147888e+01
4.683424687500000232e+02,-1.024867898177206484e+02
4.683427617187500118e+02,-1.011645602743429038e+02
4.683430546875000005e+02,-1.029798108568483883e+02
4.683433476562499891e+02,-9.746406030705072965e+01
4.683436406250000346e+02,-9.633463059078943047e+01
4.683439335937500232e+02,-1.009813338595554910e+02
4.683442265625000118e+02,-9.877558075201443444e+01
4.683445195312500005e+02,-9.449441932983815207e+01
4.683448124999999891e+02,-9.165025606271633762e+01
4.683451054687500346e+02,-9.116163001679332467e+01
4.683453984375000232e+02,-1.024142549855830282e+02
4.683456914062500118e+02,-9.252499311900095336e+01
4.683459843750000005e+02,-9.528552270600897600e+01
4.683462773437499891e+02,-9.931081755225650909e+01
4.683465703125000346e+02,-9.367971559751441646e+01
4.683468632812500232e+02,-9.284549193810521217e+01
4.683471562500000118e+02,-9.312281398992864467e+01
4.683474492187500005e+02,-1.009115047222351080e+02
4.683477421874999891e+02,-1.007809236550380376e+02
4.683480351562500346e+02,-9.888407059712285729e+01
4.683483281250000232e+02,-1.021146653307569494e+02
4.683486210937500118e+02,-9.363528904939583697e+01
4.683489140625000005e+02,-1.038490312687207506e+02
4.683492070312499891e+02,-1.063538402281572530e+02
4.683495000000000346e+02,-9.902037475376181419e+01
4.683497929687500232e+02,-1.050434530308721435e+02
4.683500859375000118e+02,-1.186775419655736812e+02
4.683503789062500005e+02,-1.085036983190886417e+02
4.683506718749999891e+02,-9.350398725500326691e+01
4.683509648437500346e+02,-1.029662558137061978e+02
4.683512578125000232e+02,-9.869244751630910173e+01
4.683515507812500118e+02,-1.000411825550642533e+02
4.683518437500000005e+02,-1.053489007229844958e+02
4.683521367187499891e+02,-1.021359863226581126e+02
4.683524296875000346e+02,-9.481488969219937246e+01
4.683527226562500232e+02,-9.242001828297908617e+01
4.683530156250000118e+02,-9.855980838034646752e+01
4.683533085937500005e+02,-9.495361978415728288e+01
4.683536015624999891e+02,-1.018464855657166197e+02
4.683538945312500346e+02,-1.007540868519063082e+02
4.683541875000000232e+02,-1.044193235986996768e+02
4.683544804687500118e+02,-9.987967000166560183e+01
4.683547734375000005e+02,-1.123868063401788930e+02
4.683550664062499891e+02,-1.066338933010002563e+02
4.683553593750000346e+02,-1.086192821750823612e+02
4.683556523437500232e+02,-1.009154980983850010e+02
4.683559453125000118e+02,-9.350084165380638979e+01
4.683562382812500005e+02,-9.850838057848949347e+01
4.683565312499999891e+02,-1.042584074771293672e+02
4.683568242187500346e+02,-1.073183915072680037e+02
4.683571171875000232e+02,-9.426547605911864025e+01
4.683574101562500118e+02,-9.629713364550896415e+01
4.683577031250000005e+02,-9.526445015670890371e+01
4.683579960937499891e+02,-9.530000306437536040e+01
4.683582890625000346e+02,-1.011036107704051688e+02
4.683585820312500232e+02,-9.387517506190656036e+01
4.683588750000000118e+02,-9.487456323319321427e+01
4.683591679687500005e+02,-9.280508908756523567e+01
4.683594609374999891e+02,-9.976847626816453385e+01
4.683597539062500346e+02,-1.081517639117709138e+02
4.683600468750000232e+02,-9.989111682912624701e+01
4.683603398437500118e+02,-9.502719645687301409e+01
4.683606328125000005e+02,-1.007387018436948409e+02
4.683609257812499891e+02,-1.037164142538953797e+02
4.683612187500000346e+02,-9.866717584311332701e+01
4.683615117187500232e+02,-9.295561511705876967e+01
4.683618046875000118e+02,-1.010011663053786322e+02
4.683620976562500005e+02,-1.049932309210134633e+02
4.683623906249999891e+02,-9.790306811987980495e+01
4.683626835937500346e+02,-1.013963716135611293e+02
4.683629765625000232e+02,-9.944937349642599145e+01
4.683632695312500118e+02,-1.040248398424962915e+02
4.683635625000000005e+02,-9.660741344316647883e+01
4.683638554687499891e+02,-9.640311135285429600e+01
4.683641484375000346e+02,-1.050825424650502384e+02
4.683644414062500232e+02,-9.419414542204030738e+01
4.683647343750000118e+02,-9.659840284360215890e+01
4.683650273437500005e+02,-9.319906247625073092e+01
4.683653203124999891e+02,-1.132292387500959592e+02
4.683656132812500346e+02,-9.082987270199882346e+01
4.683659062500000232e+02,-9.360455646573777244e+01
4.683661992187500118e+02,-9.651559174261508645e+01
4.683664921875000005e+02,-1.017874294048054935e+02
4.683667851562499891e+02,-1.200989443123337423e+02
4.683670781250000346e+02,-9.542181895749573073e+01
4.683673710937500232e+02,-9.466704767931918241e+01
4.683676640625000118e+02,-9.683354649411184312e+01
4.683679570312500005e+02,-9.471434988667166976e+01
4.683682499999999891e+02,-9.844568519438838905e+01
4.683685429687500346e+02,-1.060530449437519280e+02
4.683688359375000232e+02,-9.502178768210117710e+01
4.683691289062500118e+02,-9.425430468248565319e+01
4.683694218750000005e+02,-9.031751650230553707e+01
4.683697148437499891e+02,-9.087410040176226289e+01
4.683700078125000346e+02,-9.402573809444776032e+01
4.683703007812500232e+02,-1.007720273754437699e+02
4.683705937500000118e+02,-1.047847832263855139e+02
4.683708867187500005e+02,-1.010344158081811656e+02
4.683711796874999891e+02,-9.400047298991283640e+01
4.683714726562500346e+02,-1.047668356043795654e+02
4.683717656250000232e+02,-9.829120512833452494e+01
4.683720585937500118e+02,-9.387324267119466015e+01
4.683723515625000005e+02,-1.007680911730424782e+02
4.683726445312499891e+02,-1.106879402899792950e+02
4.683729375000000346e+02,-1.046445628566968935e+02
4.683732304687500232e+02,-1.000120267975859036e+02
4.683735234375000118e+02,-9.644249986545750630e+01
4.683738164062500005e+02,-9.915814877423574103e+01
4.683741093749999891e+02,-9.892477288942622238e+01
4.683744023437500346e+02,-9.913869265788385121e+01
4.683746953125000232e+02,-1.020917844832151644e+02
4.683749882812500118e+02,-9.538949514545836905e+01
4.683752812500000005e+02,-9.855608976752500894e+01
4.683755742187499891e+02,-9.888258470324379346e+01
4.683758671875000346e+02,-9.792926614858251355e+01
4.683761601562500232e+02,-9.876649847046280684e+01
4.683764531250000118e+02,-9.816815625131623335e+01
4.683767460937500005e+02,-9.298071160437680760e+01
4.683770390624999891e+02,-9.964998588997821116e+01
4.683773320312500346e+02,-9.479040191006194505e+01
4.683776250000000232e+02,-9.350669278779986371e+01
4.683779179687500118e+02,-9.932894210694360027e+01
4.683782109375000005e+02,-9.909154262553838066e+01
4.683785039062499891e+02,-1.056325905031796566e+02
4.683787968750000346e+02,-9.819188042532501015e+01
4.683790898437500232e+02,-9.163877283439440191e+01
4.683793828125000118e+02,-9.457719061960190743e+01
4.683796757812500005e+02,-1.022686848840960891e+02
4.683799687499999891e+02,-9.933649349371881954e+01
4.683802617187500346e+02,-9.986220245427709585e+01
4.683805546875000232e+02,-1.078815060208338963e+02
4.683808476562500118e+02,-9.588686755637564829e+01
4.683811406250000005e+02,-9.179798518621198866e+01
4.683814335937499891e+02,-9.201326444650800340e+01
4.683817265625000346e+02,-9.218428021878887080e+01
4.683820195312500232e+02,-9.234118497597152952e+01
4.683823125000000118e+02,-1.024550160594014869e+02
4.683826054687500005e+02,-9.380379055417961354e+01
4.683828984374999891e+02,-9.102595710744995472e+01
4.683831914062500346e+02,-1.006878234588998424e+02
4.683834843750000232e+02,-1.086168736349651738e+02
4.683837773437500118e+02,-1.087928227722242269e+02
4.683840703125000005e+02,-1.021565874105298519e+02
4.683843632812499891e+02,-9.545560382609507144e+01
4.683846562500000346e+02,-9.534341565258459639e+01
4.683849492187500232e+02,-9.278671993616427471e+01
4.683852421875000118e+02,-1.015412030146821394e+02
4.683855351562500005e+02,-1.005474290702968005e+02
4.683858281249999891e+02,-1.130604378716236340e+02
4.683861210937500346e+02,-1.176150036011884623e+02
4.683864140625000232e+02,-1.008168753590008038e+02
4.683867070312500118e+02,-1.089159457500682748e+02
4.683870000000000005e+02,-9.446180783616240717e+01
4.683872929687499891e+02,-9.982009579053432446e+01
4.683875859375000346e+02,-9.872710370001284730e+01
4.683878789062500232e+02,-9.626665563508470314e+01
4.683881718750000118e+02,-9.311891324043665463e+01
4.683884648437500005e+02,-1.066362469035740617e+02
4.683887578124999891e+02,-9.309847340639480251e+01
4.683890507812500346e+02,-9.598286251328124763e+01
4.683893437500000232e+02,-9.874256651143363683e+01
4.683896367187500118e+02,-9.795088967534903190e+01
4.683899296875000005e+02,-9.906929499863151989e+01
4.683902226562499891e+02,-9.310694981565649186e+01
4.683905156250000346e+02,-1.009398260210919034e+02
4.683908085937500232e+02,-9.606338830096450465e+01
4.683911015625000118e+02,-9.838376150333841963e+01
4.683913945312500005e+02,-9.875716618858099594e+01
4.683916874999999891e+02,-9.916195236905144839e+01
4.683919804687500346e+02,-1.006911272497857226e+02
4.683922734375000232e+02,-1.033803496684082148e+02
4.683925664062500118e+02,-1.073590920255119556e+02
4.683928593750000005e+02,-1.088367341685406444e+02
4.683931523437499891e+02,-9.883559064597548627e+01
4.683934453125000346e+02,-9.454083342015249514e+01
4.683937382812500232e+02,-9.967724755675516235e+01
4.683940312500000118e+02,-1.076016295987368920e+02
4.683943242187500005e+02,-9.906774502321036380e+01
4.683946171874999891e+02,-9.205609408869925403e+01
4.683949101562500346e+02,-9.211255038266020279e+01
4.683952031250000232e+02,-9.880484962556563744e+01
4.683954960937500118e+02,-1.122017742236004665e+02
4.683957890625000005e+02,-1.025105378573499877e+02
4.683960820312499891e+02,-1.019797577393977122e+02
4.683963750000000346e+02,-1.019163144485711001e+02
4.683966679687500232e+02,-9.752934841883261186e+01
4.683969609375000118e+02,-9.517113408217807091e+01
4.683972539062500005e+02,-9.164017252094922128e+01
4.683975468749999891e+02,-9.607871873897460091e+01
4.683978398437500346e+02,-1.003237551576947340e+02
4.683981328125000232e+02,-9.874147838566676683e+01
4.683984257812500118e+02,-9.211960121012231184e+01
4.683987187500000005e+02,-9.292504634831119859e+01
4.683990117187499891e+02,-9.806483069821099718e+01
4.683993046875000346e+02,-9.478856212082112620e+01
4.683995976562500232e+02,-9.501727660182842783e+01
4.683998906250000118e+02,-9.041893808799511589e+01
4.684001835937500005e+02,-9.390318146753961059e+01
4.684004765624999891e+02,-1.087045549926993999e+02
4.684007695312500346e+02,-9.214648521689518645e+01
4.684010625000000232e+02,-9.274565894334180882e+01
4.684013554687500118e+02,-9.797852722157742278e+01
4.684016484375000005e+02,-1.032098215431268642e+02
4.684019414062499891e+02,-9.874962385858245284e+01
4.684022343750000346e+02,-9.694308993931441876e+01
4.684025273437500232e+02,-9.287056152062314140e+01
4.684028203125000118e+02,-9.037747386689846962e+01
4.684031132812500005e+02,-9.684053275131125815e+01
4.684034062499999891e+02,-9.639030167412359162e+01
4.684036992187500346e+02,-9.511418942368328544e+01
4.684039921875000232e+02,-9.736395885424057894e+01
4.684042851562500118e+02,-9.107780212779962881e+01
4.684045781250000005e+02,-9.096088959009347263e+01
4.684048710937499891e+02,-9.103016539475788704e+01
4.684051640625000346e+02,-9.098908981316688482e+01
4.684054570312500232e+02,-9.777895490380032584e+01
4.684057500000000118e+02,-9.755727266740319692e+01
4.684060429687500005e+02,-9.808272455660193145e+01
4.684063359374999891e+02,-1.046573890190193481e+02
4.684066289062500346e+02,-1.078483510717019414e+02
4.684069218750000232e+02,-1.228408279232230313e+02
4.684072148437500118e+02,-9.712816841950969149e+01
4.684075078125000005e+02,-9.083541696435571566e+01
4.684078007812499891e+02,-9.279443975642519149e+01
4.684080937500000346e+02,-9.483193076362098850e+01
4.684083867187500232e+02,-8.944979974504533971e+01
4.684086796875000118e+02,-8.782140630392767378e+01
4.684089726562500005e+02,-9.818874421069585878e+01
4.684092656249999891e+02,-9.500391411216179449e+01
4.684095585937500346e+02,-9.840951799677586109e+01
4.684098515625000232e+02,-9.161762963725226427e+01
4.684101445312500118e+02,-9.227555393813707951e+01
4.684104375000000005e+02,-9.840901741194610963e+01
4.684107304687499891e+02,-1.002228738387557172e+02
4.684110234375000346e+02,-1.019102574629829974e+02
4.684113164062500232e+02,-9.442745290184728901e+01
4.684116093750000118e+02,-9.331440017268464260e+01
4.684119023437500005e+02,-9.692082863201974874e+01
4.684121953124999891e+02,-9.693037927842489410e+01
4.684124882812500346e+02,-1.024469853167124995e+02
4.684127812500000232e+02,-1.019022708105014203e+02
4.684130742187500118e+02,-1.083186984774257269e+02
4.684133671875000005e+02,-1.058432029497813573e+02
4.684136601562499891e+02,-1.024691385624143578e+02
4.684139531250000346e+02,-9.763561419886784165e+01
4.684142460937500232e+02,-1.017952053194982653e+02
4.684145390625000118e+02,-1.135298760777262999e+02
4.684148320312500005e+02,-9.927599555184686153e+01
4.684151249999999891e+02,-9.523369981945472773e+01
4.684154179687500346e+02,-9.830027881243259458e+01
4.684157109375000232e+02,-9.334271491073322125e+01
4.684160039062500118e+02,-9.295435714940573746e+01
4.684162968750000005e+02,-1.058754381168135126e+02
4.684165898437499891e+02,-9.139295074291223386e+01
4.684168828125000346e+02,-9.285405498761792842e+01
4.684171757812500232e+02,-9.878960057119820704e+01
4.684174687500000118e+02,-9.866957490915271478e+01
4.684177617187500005e+02,-1.044118103366516834e+02
4.684180546874999891e+02,-9.666851083525051536e+01
4.684183476562500346e+02,-9.178974039555839681e+01
4.684186406250000232e+02,-9.968823479851309344e+01
4.684189335937500118e+02,-1.000001694566961703e+02
4.684192265625000005e+02,-1.035169754847686221e+02
4.684195195312499891e+02,-9.456507156463275976e+01
4.684198125000000346e+02,-1.018797030382127957e+02
4.684201054687500232e+02,-9.618732518713407842e+01
4.684203984375000118e+02,-1.062462033567754105e+02
4.684206914062500005e+02,-1.004471003356171508e+02
4.684209843749999891e+02,-1.015120799338931334e+02
4.684212773437500346e+02,-9.290536127743551731e+01
4.684215703125000232e+02,-9.475139220611492874e+01
4.684218632812500118e+02,-1.014098676020416292e+02
4.684221562500000005e+02,-9.797111967294797807e+01
4.684224492187499891e+02,-9.289602822744443245e+01
4.684227421875000346e+02,-9.564207964378488214e+01
4.684230351562500232e+02,-9.469278461015781545e+01
4.684233281250000118e+02,-9.347877229427977852e+01
4.684236210937500005e+02,-9.609321258452624193e+01
4.684239140624999891e+02,-9.489049445344079459e+01
4.684242070312500346e+02,-9.152976246573926744e+01
4.684245000000000232e+02,-9.433917169492758603e+01
4.684247929687500118e+02,-1.014182938430846690e+02
4.684250859375000005e+02,-9.670489263369562138e+01
4.684253789062499891e+02,-9.864145949940906632e+01
4.684256718750000346e+02,-9.746914272798767342e+01
4.684259648437500232e+02,-9.889926254169006370e+01
4.684262578125000118e+02,-9.534904803226821457e+01
4.684265507812500005e+02,-9.502371591134840401e+01
4.684268437499999891e+02,-9.350571491924300460e+01
4.684271367187500346e+02,-9.944911854064942247e+01
4.684274296875000232e+02,-9.655280887995414218e+01
4.684277226562500118e+02,-9.321899800970939509e+01
4.684280156250000005e+02,-1.002660712436844221e+02
4.684283085937499891e+02,-9.903721919134059704e+01
4.684286015625000346e+02,-9.130098144040708519e+01
4.684288945312500232e+02,-9.722803919978476017e+01
4.684291875000000118e+02,-9.909874028746018837e+01
4.684294804687500005e+02,-1.103921185453621945e+02
4.684297734374999891e+02,-1.027395641815544707e+02
4.684300664062500346e+02,-1.111064080031999595e+02
4.684303593750000232e+02,-9.872827420990901715e+01
4.684306523437500118e+02,-9.123918346866460638e+01
4.684309453125000005e+02,-9.054930091581290696e+01
4.684312382812499891e+02,-9.389335858663436341e+01
4.684315312500000346e+02,-9.672870985046687053e+01
4.684318242187500232e+02,-9.670925139874645993e+01
4.684321171875000118e+02,-1.063515314285067035e+02
4.684324101562500005e+02,-9.409635643751224165e+01
4.684327031249999891e+02,-9.578006525730444309e+01
4.684329960937500346e+02,-1.043145275198847060e+02
4.684332890625000232e+02,-9.274926063372824103e+01
4.684335820312500118e+02,-9.169473076857215688e+01
4.684338750000000005e+02,-9.491027784704959913e+01
4.684341679687499891e+02,-9.503719634941205641e+01
4.684344609375000346e+02,-9.570874154884083396e+01
4.684347539062500232e+02,-1.006165775612409874e+02
4.684350468750000118e+02,-9.654993406572442893e+01
4.684353398437500005e+02,-9.311235144312041712e+01
4.684356328124999891e+02,-9.050227721497087430e+01
4.684359257812500346e+02,-9.860754228234208085e+01
4.684362187500000232e+02,-9.318822852462993467e+01
4.684365117187500118e+02,-9.222818462263832373e+01
4.684368046875000005e+02,-9.833251390929351032e+01
4.684370976562499891e+02,-9.924097084737664431e+01
4.684373906250000346e+02,-9.612497804178717331e+01
4.684376835937500232e+02,-9.726060287614276945e+01
4.684379765625000118e+02,-9.200688317462305577e+01
4.684382695312500005e+02,-9.508059810202229301e+01
4.684385624999999891e+02,-1.125235696378967276e+02
4.684388554687500346e+02,-9.577339607283860801e+01
4.684391484375000232e+02,-9.672864742277158712e+01
4.684394414062500118e+02,-1.012952308918496840e+02
4.684397343750000005e+02,-9.265904742792427840e+01
4.684400273437499891e+02,-9.282941571791613455e+01
4.684403203125000346e+02,-1.035557407719925891e+02
4.684406132812500232e+02,-1.020491354744516457e+02
4.684409062500000118e+02,-1.058627478697019626e+02
4.684411992187500005e+02,-1.067647313809833634e+02
4.684414921874999891e+02,-1.036719245999115770e+02
4.684417851562500346e+02,-1.024800315806791531e+02
4.684420781250000232e+02,-1.068469796595001640e+02
4.684423710937500118e+02,-1.027712916445601223e+02
4.684426640625000005e+02,-1.037348912197437869e+02
4.684429570312499891e+02,-9.666257367020477886e+01
4.684432500000000346e+02,-9.190251946163498076e+01
4.684435429687500232e+02,-9.445906536140745402e+01
4.684438359375000118e+02,-9.647066964315962423e+01
4.684441289062500005e+02,-1.012459398921544960e+02
4.684444218749999891e+02,-9.793448241223802597e+01
4.684447148437500346e+02,-1.005285985321330742e+02
4.684450078125000232e+02,-9.998912911130486236e+01
4.684453007812500118e+02,-9.906215385843323418e+01
4.684455937500000005e+02,-1.042703978216400174e+02
4.684458867187499891e+02,-1.002741061478221525e+02
4.684461796875000346e+02,-9.345661157919062134e+01
4.684464726562500232e+02,-9.118676123105190356e+01
4.684467656250000118e+02,-9.172040563994337958e+01
4.684470585937500005e+02,-9.461806709582734243e+01
4.684473515624999891e+02,-9.435974245580308661e+01
4.684476445312500346e+02,-9.500438175126241447e+01
4.684479375000000232e+02,-9.590519151388164687e+01
4.684482304687500118e+02,-9.554761434019573585e+01
4.684485234375000005e+02,-9.819398568717508624e+01
4.684488164062499891e+02,-1.062210573837163139e+02
4.684491093750000346e+02,-9.585248694315937712e+01
4.684494023437500232e+02,-9.602795221165936823e+01
4.684496953125000118e+02,-9.316868004115038104e+01
4.684499882812500005e+02,-9.291159997410593974e+01
4.684502812499999891e+02,-9.733970181725396742e+01
4.684505742187500346e+02,-1.042600173819697886e+02
4.684508671875000232e+02,-9.717962102767522481e+01
4.684511601562500118e+02,-9.938136916753202854e+01
4.684514531250000005e+02,-1.018835178899123264e+02
4.684517460937499891e+02,-1.002806603697511889e+02
4.684520390625000346e+02,-9.342694463667481841e+01
4.684523320312500232e+02,-9.329353380523060935e+01
4.684526250000000118e+02,-9.172269146801863826e+01
4.684529179687500005e+02,-9.922931820101121048e+01
4.684532109374999891e+02,-1.031355223972847739e+02
4.684535039062500346e+02,-1.013819897318951035e+02
4.684537968750000232e+02,-9.675594239941155195e+01
4.684540898437500118e+02,-9.234246565355768155e+01
4.684543828125000005e+02,-1.033545519733408611e+02
4.684546757812499891e+02,-9.402006182104160814e+01
4.684549687500000346e+02,-9.633513749406922955e+01
4.684552617187500232e+02,-9.538360861579693051e+01
4.684555546875000118e+02,-9.491900373347246500e+01
4.684558476562500005e+02,-9.299617158049585441e+01
4.684561406249999891e+02,-9.992920570042451800e+01
4.684564335937500346e+02,-9.814438149589021521e+01
4.684567265625000232e+02,-9.086972089097173466e+01
4.684570195312500118e+02,-9.002398905407964946e+01
4.684573125000000005e+02,-9.006004622806207749e+01
4.684576054687499891e+02,-1.012465823119383685e+02
4.684578984375000346e+02,-9.915568693945158429e+01
4.684581914062500232e+02,-9.920291758385589276e+01
4.684584843750000118e+02,-1.182244596042874463e+02
4.684587773437500005e+02,-1.040087604296507919e+02
4.684590703124999891e+02,-1.021697802085952844e+02
4.684593632812500346e+02,-1.047307877613319533e+02
4.684596562500000232e+02,-1.130768191990814273e+02
4.684599492187500118e+02,-1.123195427316378243e+02
4.684602421875000005e+02,-9.841513858807147130e+01
4.684605351562499891e+02,-9.432975552598834668e+01
4.684608281250000346e+02,-9.281523950439280668e+01
4.684611210937500232e+02,-1.021692161167074744e+02
4.684614140625000118e+02,-9.541026366669470349e+01
4.684617070312500005e+02,-9.377704091674539200e+01
4.684619999999999891e+02,-9.318600539635789914e+01
4.684622929687500346e+02,-9.234806305387144221e+01
4.684625859375000232e+02,-1.031214588455784451e+02
4.684628789062500118e+02,-9.997168138155399220e+01
4.684631718750000005e+02,-1.017981437467813777e+02
4.684634648437499891e+02,-1.105252868211845794e+02
4.684637578125000346e+02,-9.380208624146435170e+01
4.684640507812500232e+02,-9.459103708404070687e+01
4.684643437500000118e+02,-9.664404884853574629e+01
4.684646367187500005e+02,-1.034346090830677838e+02
4.684649296874999891e+02,-9.390439403654886519e+01
4.684652226562500346e+02,-9.540394628236435892e+01
4.684655156250000232e+02,-1.074559314551577245e+02
4.684658085937500118e+02,-9.705076523368418862e+01
4.684661015625000005e+02,-9.284141833378851061e+01
4.684663945312499891e+02,-9.414329650216603795e+01
4.684666875000000346e+02,-1.003932647503480098e+02
4.684669804687500232e+02,-9.750640508120852701e+01
4.684672734375000118e+02,-1.098983723823968432e+02
4.684675664062500005e+02,-9.857752296143368653e+01
4.684678593749999891e+02,-1.012483827150617799e+02
4.684681523437500346e+02,-9.485097849759314670e+01
4.684684453125000232e+02,-9.434629522376853572e+01
4.684687382812500118e+02,-1.027165449352710880e+02
4.684690312500000005e+02,-9.311598645385544160e+01
4.684693242187499891e+02,-9.940671348427541432e+01
4.684696171875000346e+02,-9.648650123045364069e+01
4.684699101562500232e+02,-9.514384830460633680e+01
4.684702031250000118e+02,-1.011664587296791495e+02
4.684704960937500005e+02,-9.803754669921021048e+01
4.684707890624999891e+02,-9.999885095373596755e+01
4.684710820312500346e+02,-9.582059230966481778e+01
4.684713750000000232e+02,-9.260117798696123259e+01
4.684716679687500118e+02,-9.116360242238636147e+01
4.684719609375000005e+02,-9.304419833888979952e+01
4.684722539062499891e+02,-8.926426556818182689e+01
4.684725468750000346e+02,-9.086424948605252894e+01
4.684728398437500232e+02,-1.013152446212891533e+02
4.684731328125000118e+02,-1.074037482982970602e+02
4.684734257812500005e+02,-9.749954247579886157e+01
4.684737187499999891e+02,-9.216944145578905534e+01
4.684740117187500346e+02,-9.240651609751195394e+01
4.684743046875000232e+02,-9.092354962955533892e+01
4.684745976562500118e+02,-9.584860186075054855e+01
4.684748906250000005e+02,-1.093608624993177756e+02
4.684751835937499891e+02,-1.031579444248674093e+02
4.684754765625000346e+02,-9.878780942420965516e+01
4.684757695312500232e+02,-9.516093948217898912e+01
4.684760625000000118e+02,-1.061429772108814262e+02
4.684763554687500005e+02,-9.993716270447977479e+01
4.684766484374999891e+02,-1.082863721427841597e+02
4.684769414062500346e+02,-9.881872058686730043e+01
4.684772343750000232e+02,-9.400642238119040428e+01
4.684775273437500118e+02,-9.508523055053585438e+01
4.684778203125000005e+02,-9.860964591350791864e+01
4.684781132812499891e+02,-1.002516236501464419e+02
4.684784062500000346e+02,-9.808525729333096876e+01
4.684786992187500232e+02,-1.015284522961412677e+02
4.684789921875000118e+02,-9.284390368770783653e+01
4.684792851562500005e+02,-9.295261862751226545e+01
4.684795781249999891e+02,-1.048669252782572130e+02
4.684798710937500346e+02,-9.649949539542831189e+01
4.684801640625000232e+02,-9.786031668587727950e+01
4.684804570312500118e+02,-9.849117286128860371e+01
4.684807500000000005e+02,-1.006808734770662852e+02
4.684810429687499891e+02,-9.653070312509171913e+01
4.684813359375000346e+02,-9.447532288215491292e+01
4.684816289062500232e+02,-9.891078099036114679e+01
4.684819218750000118e+02,-1.062057060360705236e+02
4.684822148437500005e+02,-9.670311803265946082e+01
4.684825078124999891e+02,-9.508692695319167854e+01
4.684828007812500346e+02,-9.468923421577372324e+01
4.684830937500000232e+02,-9.801816637764856921e+01
4.684833867187500118e+02,-1.016417165628572405e+02
4.684836796875000005e+02,-9.613498845505417023e+01
4.684839726562499891e+02,-9.546619739489676704e+01
4.684842656250000346e+02,-9.440619478526399178e+01
4.684845585937500232e+02,-9.251677557618427272e+01
4.684848515625000118e+02,-9.343070454593187435e+01
4.684851445312500005e+02,-9.658664389845901610e+01
4.684854374999999891e+02,-9.979373571469061233e+01
4.684857304687500346e+02,-9.925480455548289171e+01
4.684860234375000232e+02,-9.817629638759188992e+01
4.684863164062500118e+02,-9.613718256173675059e+01
4.684866093750000005e+02,-9.732591995732258283e+01
4.684869023437499891e+02,-9.902663410475732064e+01
4.684871953125000346e+02,-1.032793564085713172e+02
4.684874882812500232e+02,-1.003940448116932203e+02
4.684877812500000118e+02,-9.959739990027355816e+01
4.684880742187500005e+02,-1.061524304467835407e+02
4.684883671874999891e+02,-1.067437139182790276e+02
4.684886601562500346e+02,-9.863844778496263643e+01
4.684889531250000232e+02,-9.972427079848820597e+01
4.684892460937500118e+02,-9.674630088833508523e+01
4.684895390625000005e+02,-9.773235641805831619e+01
4.684898320312499891e+02,-1.019995319786077772e+02
4.684901250000000346e+02,-9.585574500503683737e+01
4.684904179687500232e+02,-9.902443631819592440e+01
4.684907109375000118e+02,-1.068007202511978591e+02
4.684910039062500005e+02,-1.042901676049024786e+02
4.684912968749999891e+02,-9.910496760928431570e+01
4.684915898437500346e+02,-1.004193754476250291e+02
4.684918828125000232e+02,-9.162642553517736133e+01
4.684921757812500118e+02,-9.115130236211710724e+01
4.684924687500000005e+02,-9.601840616788618377e+01
4.684927617187499891e+02,-9.513652316927618813e+01
4.684930546875000346e+02,-9.792803208572694018e+01
4.684933476562500232e+02,-1.005568090502994352e+02
4.684936406250000118e+02,-1.014425284452639744e+02
4.684939335937500005e+02,-9.877015089144666149e+01
4.684942265624999891e+02,-9.476134599064990027e+01
4.684945195312500346e+02,-9.871938634536773804e+01
4.684948125000000232e+02,-1.060718475655144744e+02
4.684951054687500118e+02,-1.001312331983950230e+02
4.684953984375000005e+02,-9.943274335395769015e+01
4.684956914062499891e+02,-1.019452691189017060e+02
4.684959843750000346e+02,-9.278351934357021946e+01
4.684962773437500232e+02,-9.866329184654159690e+01
4.684965703125000118e+02,-9.878916040403460386e+01
4.684968632812500005e+02,-9.677010261158288529e+01
4.684971562499999891e+02,-1.061181944856333104e+02
4.684974492187500346e+02,-9.674093876952329651e+01
4.684977421875000232e+02,-9.726015634846531555e+01
4.684980351562500118e+02,-9.450021815059690766e+01
4.684983281250000005e+02,-9.224885241490012788e+01
4.684986210937499891e+02,-9.110007254290556489e+01
4.684989140625000346e+02,-9.769280400896948890e+01
4.684992070312500232e+02,-1.031663125271888362e+02
4.684995000000000118e+02,-9.642254313612959038e+01
4.684997929687500005e+02,-9.556808646966399579e+01
4.685000859374999891e+02,-1.027769081476434678e+02
4.685003789062500346e+02,-9.388504638138114444e+01
4.685006718750000232e+02,-1.079021149943884694e+02
4.685009648437500118e+02,-1.027829831645730962e+02
4.685012578125000005e+02,-1.061771128737217538e+02
4.685015507812499891e+02,-1.080063372205700887e+02
4.685018437500000346e+02,-1.030364137990370210e+02
4.685021367187500232e+02,-1.030175932823118217e+02
4.685024296875000118e+02,-9.625881094547482064e+01
4.685027226562500005e+02,-9.705027163279200408e+01
4.685030156249999891e+02,-1.000243654531912654e+02
4.685033085937500346e+02,-1.039585849795281405e+02
4.685036015625000232e+02,-1.055426906467692731e+02
4.685038945312500118e+02,-1.026470877330483091e+02
4.685041875000000005e+02,-1.071906983800300139e+02
4.685044804687499891e+02,-9.831273935362965233e+01
4.685047734375000346e+02,-9.784029466555425358e+01
4.685050664062500232e+02,-9.691809646200613315e+01
4.685053593750000118e+02,-9.469887892235465188e+01
4.685056523437500005e+02,-9.656483044753497325e+01
4.685059453124999891e+02,-1.018432028907541849e+02
4.685062382812500346e+02,-9.183936845226908474e+01
4.685065312500000232e+02,-9.608537381938819522e+01
4.685068242187500118e+02,-1.100581228923265655e+02
4.685071171875000005e+02,-1.117542810269652733e+02
4.685074101562499891e+02,-1.053748530584763046e+02
4.685077031250000346e+02,-1.126546238807382991e+02
4.685079960937500232e+02,-1.031499081636810757e+02
4.685082890625000118e+02,-9.705083766934862410e+01
4.685085820312500005e+02,-9.098440061156918546e+01
4.685088749999999891e+02,-9.010711769528241177e+01
4.685091679687500346e+02,-8.989769445059074826e+01
4.685094609375000232e+02,-9.387664817182883326e+01
4.685097539062500118e+02,-1.085195091722400349e+02
4.685100468750000005e+02,-9.352012688832783738e+01
4.685103398437499891e+02,-9.253634338551086103e+01
4.685106328125000346e+02,-1.010934439451118436e+02
4.685109257812500232e+02,-9.538116027217540704e+01
4.685112187500000118e+02,-9.646383984311361814e+01
4.685115117187500005e+02,-1.017365007142802682e+02
4.685118046874999891e+02,-1.077309416366634593e+02
4.685120976562500346e+02,-1.044058368820437579e+02
4.685123906250000232e+02,-9.708233889869794098e+01
4.685126835937500118e+02,-9.633088520352204398e+01
4.685129765625000005e+02,-1.059178001004681846e+02
4.685132695312499891e+02,-1.005787542056877726e+02
4.685135625000000346e+02,-1.043675945477779976e+02
4.685138554687500232e+02,-1.064269480621393740e+02
4.685141484375000118e+02,-1.080959861774287987e+02
4.685144414062500005e+02,-1.115240859569623666e+02
4.685147343749999891e+02,-1.001126038187115199e+02
4.685150273437500346e+02,-9.818831433756264460e+01
4.685153203125000232e+02,-1.004499210253394068e+02
4.685156132812500118e+02,-1.000823468162254102e+02
4.685159062500000005e+02,-1.030353008272551421e+02
4.685161992187499891e+02,-9.896853773189292269e+01
4.685164921875000346e+02,-1.022271288188606064e+02
4.685167851562500232e+02,-1.141252808255281224e+02
4.685170781250000118e+02,-9.999826159397062497e+01
4.685173710937500005e+02,-1.007242930988126659e+02
4.685176640624999891e+02,-1.022917215306093226e+02
4.685179570312500346e+02,-9.961245958747669249e+01
4.685182500000000232e+02,-9.958349380885051971e+01
4.685185429687500118e+02,-9.640661025863448685e+01
4.685188359375000005e+02,-1.078584809124456854e+02
4.685191289062499891e+02,-9.640112657686408681e+01
4.685194218750000346e+02,-9.581868948616877901e+01
4.685197148437500232e+02,-9.698955868444019757e+01
4.685200078125000118e+02,-9.743855363884881626e+01
4.685203007812500005e+02,-9.609820473090613291e+01
4.685205937499999891e+02,-9.618353046530310735e+01
4.685208867187500346e+02,-9.940863564335650437e+01
4.685211796875000232e+02,-9.768115820342451627e+01
4.685214726562500118e+02,-9.373385399374339499e+01
4.685217656250000005e+02,-9.321817458598869166e+01
4.685220585937499891e+02,-1.076103545562657615e+02
4.685223515625000346e+02,-1.105570400838473688e+02
4.685226445312500232e+02,-1.059378156398891946e+02
4.685229375000000118e+02,-1.035315221783458526e+02
4.685232304687500005e+02,-9.685638409337539656e+01
4.685235234374999891e+02,-9.673670507302502131e+01
4.685238164062500346e+02,-9.422110366944522752e+01
4.685241093750000232e+02,-9.243008462580698392e+01
4.685244023437500118e+02,-9.803588703997169773e+01
4.685246953125000005e+02,-9.735386568721531830e+01
4.685249882812499891e+02,-9.799622080493460885e+01
4.685252812500000346e+02,-1.000845217437391739e+02
4.685255742187500232e+02,-9.845480423926765923e+01
4.685258671875000118e+02,-9.552301483574757412e+01
4.685261601562500005e+02,-9.970842551883633575e+01
4.685264531249999891e+02,-1.035173512811512353e+02
4.685267460937500346e+02,-9.617466567111057429e+01
4.685270390625000232e+02,-9.733590140447827821e+01
4.685273320312500118e+02,-1.010197408183345544e+02
4.685276250000000005e+02,-1.036255857065598889e+02
4.685279179687499891e+02,-1.043439865730368155e+02
4.685282109375000346e+02,-1.010701360432672686e+02
4.685285039062500232e+02,-1.082614491404824975e+02
4.685287968750000118e+02,-9.827063713832924918e+01
4.685290898437500005e+02,-1.001220780588362516e+02
4.685293828124999891e+02,-9.656696674392847513e+01
4.685296757812500346e+02,-9.603255022583880418e+01
4.685299687500000232e+02,-9.796705207919826819e+01
4.685302617187500118e+02,-9.720220690645587069e+01
4.685305546875000005e+02,-9.763357419295223849e+01
4.685308476562499891e+02,-1.083184563965653666e+02
4.685311406250000346e+02,-9.725497234594051577e+01
4.685314335937500232e+02,-1.047872134600106477e+02
4.685317265625000118e+02,-1.158877631944504003e+02
4.685320195312500005e+02,-1.030370419106024542e+02
4.685323124999999891e+02,-1.040728467993253048e+02
4.685326054687500346e+02,-9.756891572656947176e+01
4.685328984375000232e+02,-1.108688323240344857e+02
4.685331914062500118e+02,-9.686674281815973586e+01
4.685334843750000005e+02,-9.461245303670429507e+01
4.685337773437499891e+02,-9.632393122037882449e+01
4.685340703125000346e+02,-1.026520350084159645e+02
4.685343632812500232e+02,-1.016395241471430495e+02
4.685346562500000118e+02,-9.847195197063790317e+01
4.685349492187500005e+02,-9.634238152802994648e+01
4.685352421874999891e+02,-1.016050340250219932e+02
4.685355351562500346e+02,-9.837976400430180490e+01
4.685358281250000232e+02,-9.645440603658828138e+01
4.685361210937500118e+02,-1.028862615466489814e+02
4.685364140625000005e+02,-1.010431299898744015e+02
4.685367070312499891e+02,-9.841029285292991347e+01
4.685370000000000346e+02,-1.052393302192003688e+02
4.685372929687500232e+02,-1.032268394430058152e+02
4.685375859375000118e+02,-1.031880832877125727e+02
4.685378789062500005e+02,-1.005894787192287509e+02
4.685381718749999891e+02,-1.058047655831988862e+02
4.685384648437500346e+02,-9.883069419557577362e+01
4.685387578125000232e+02,-1.027692830439444833e+02
4.685390507812500118e+02,-9.879075027684865518e+01
4.685393437500000005e+02,-9.212096654581134203e+01
4.685396367187499891e+02,-9.311469339278345103e+01
4.685399296875000346e+02,-9.443826191834676820e+01
4.685402226562500232e+02,-1.002929141523366354e+02
4.685405156250000118e+02,-1.053997470663476861e+02
4.685408085937500005e+02,-9.952842421114215199e+01
4.685411015624999891e+02,-9.583424199487845385e+01
4.685413945312500346e+02,-1.004350785244059807e+02
4.685416875000000232e+02,-1.042467961645515260e+02
4.685419804687500118e+02,-1.059388195537335378e+02
4.685422734375000005e+02,-1.030120217952539292e+02
4.685425664062499891e+02,-1.026643970131692782e+02
4.685428593750000346e+02,-9.542452300459873982e+01
4.685431523437500232e+02,-9.999226091461530075e+01
4.685434453125000118e+02,-1.089660077985571718e+02
4.685437382812500005e+02,-1.015015078074642787e+02
4.685440312499999891e+02,-9.646259021042016002e+01
4.685443242187500346e+02,-1.026886387848372664e+02
4.685446171875000232e+02,-9.706192733284416363e+01
4.685449101562500118e+02,-9.618251287348394385e+01
4.685452031250000005e+02,-9.522856309341887027e+01
4.685454960937499891e+02,-9.714098354331342478e+01
4.685457890625000346e+02,-9.831917099139400307e+01
4.685460820312500232e+02,-1.038191500359246078e+02
4.685463750000000118e+02,-1.113344242827327690e+02
4.685466679687500005e+02,-1.128347717052722032e+02
4.685469609374999891e+02,-9.651461440052912621e+01
4.685472539062500346e+02,-9.826375298985448126e+01
4.685475468750000232e+02,-9.652093477230791052e+01
4.685478398437500118e+02,-9.700400331356675565e+01
4.685481328125000005e+02,-9.717099288288886783e+01
4.685484257812499891e+02,-9.867284968518478649e+01
4.685487187500000346e+02,-1.035922838202316001e+02
4.685490117187500232e+02,-1.056736611592450146e+02
4.685493046875000118e+02,-1.016706578612489125e+02
4.685495976562500005e+02,-9.654380976006035553e+01
4.685498906249999891e+02,-9.805380209263336155e+01
4.685501835937500346e+02,-1.013295750048955313e+02
4.685504765625000232e+02,-9.819102791776730044e+01
4.685507695312500118e+02,-9.579345861287052344e+01
4.685510625000000005e+02,-9.567066868818685066e+01
4.685513554687499891e+02,-9.647362811708376285e+01
4.685516484375000346e+02,-1.025824647340160567e+02
4.685519414062500232e+02,-9.903697911261943432e+01
4.685522343750000118e+02,-1.018170407363958248e+02
4.685525273437500005e+02,-1.034212832696852900e+02
4.685528203124999891e+02,-9.956521684833857933e+01
4.685531132812500346e+02,-9.706435227050261005e+01
4.685534062500000232e+02,-1.090479769018789966e+02
4.685536992187500118e+02,-1.021191503402017418e+02
4.685539921875000005e+02,-9.852830280678064412e+01
4.685542851562499891e+02,-9.900197019535892196e+01
4.685545781250000346e+02,-1.171788984486774012e+02
4.685548710937500232e+02,-9.860640512618572018e+01
4.685551640625000118e+02,-1.013968828645714666e+02
4.685554570312500005e+02,-1.036544262258364171e+02
4.685557499999999891e+02,-9.277942513514467748e+01
4.685560429687500346e+02,-9.116042080071844111e+01
4.685563359375000232e+02,-9.416299029729741221e+01
4.685566289062500118e+02,-1.022990408014276653e+02
4.685569218750000005e+02,-1.154662671207243250e+02
4.685572148437499891e+02,-1.050434608799004934e+02
4.685575078125000346e+02,-1.077656720726761961e+02
4.685578007812500232e+02,-1.003191889832540227e+02
4.685580937500000118e+02,-1.000191606353418337e+02
4.685583867187500005e+02,-1.001824516414565096e+02
4.685586796874999891e+02,-1.002535525781461843e+02
4.685589726562500346e+02,-9.955583493570726716e+01
4.685592656250000232e+02,-9.726604561796081327e+01
4.685595585937500118e+02,-1.001097343906579340e+02
4.685598515625000005e+02,-1.007784522591732639e+02
4.685601445312499891e+02,-9.802697153038513989e+01
4.685604375000000346e+02,-9.245632142639878737e+01
4.685607304687500232e+02,-9.405925569957416599e+01
4.685610234375000118e+02,-9.463724343120360061e+01
4.685613164062500005e+02,-9.977326899418861217e+01
4.685616093749999891e+02,-9.446460946786551460e+01
4.685619023437500346e+02,-9.634223991981322399e+01
4.685621953125000232e+02,-1.040936518203613730e+02
4.685624882812500118e+02,-1.073423437931324713e+02
4.685627812500000005e+02,-1.061865744649389569e+02
4.685630742187499891e+02,-1.180735867828944095e+02
4.685633671875000346e+02,-1.009987461196142249e+02
4.685636601562500232e+02,-9.972373353251336425e+01
4.685639531250000118e+02,-1.194439905477231179e+02
4.685642460937500005e+02,-9.890568860650786576e+01
4.685645390624999891e+02,-9.326812497651390288e+01
4.685648320312500346e+02,-9.861438953793918927e+01
4.685651250000000232e+02,-1.027974537886930904e+02
4.685654179687500118e+02,-9.827908952867835524e+01
4.685657109375000005e+02,-9.633657257257083018e+01
4.685660039062499891e+02,-9.643152567701162070e+01
4.685662968750000346e+02,-1.042416010910276896e+02
4.685665898437500232e+02,-1.037440425365921328e+02
4.685668828125000118e+02,-9.457219345338029370e+01
4.685671757812500005e+02,-9.554112658891598642e+01
4.685674687499999891e+02,-1.095547936729001322e+02
4.685677617187500346e+02,-1.002108076177240150e+02
4.685680546875000232e+02,-9.568987452962814189e+01
4.685683476562500118e+02,-9.834088332500671470e+01
4.685686406250000005e+02,-1.072140757922217489e+02
4.685689335937499891e+02,-1.039526048103010538e+02
4.685692265625000346e+02,-9.759026339442633002e+01
4.685695195312500232e+02,-9.797944986896568764e+01
4.685698125000000118e+02,-9.853965735518573865e+01
4.685701054687500005e+02,-9.588339798724464913e+01
4.685703984374999891e+02,-1.001357723786945257e+02
4.685706914062500346e+02,-9.690335777957635344e+01
4.685709843750000232e+02,-9.469258239007405109e+01
4.685712773437500118e+02,-9.695515491354989024e+01
4.685715703125000005e+02,-1.006413079134240718e+02
4.685718632812499891e+02,-1.000338691258335899e+02
4.685721562500000346e+02,-9.657327061089013398e+01
4.685724492187500232e+02,-1.048027044539273902e+02
4.685727421875000118e+02,-1.094902593510487634e+02
4.685730351562500005e+02,-1.113892370718035068e+02
4.685733281249999891e+02,-1.014570030696706056e+02
4.685736210937500346e+02,-1.026662671355820464e+02
4.685739140625000232e+02,-1.003740409371201423e+02
4.685742070312500118e+02,-1.017375967859313164e+02
4.685745000000000005e+02,-1.040156825539626340e+02
4.685747929687499891e+02,-9.919688411576986198e+01
4.685750859375000346e+02,-9.565078631115071062e+01
4.685753789062500232e+02,-1.105090577912589538e+02
4.685756718750000118e+02,-1.062313254433788074e+02
4.685759648437500005e+02,-1.042460635062038108e+02
4.685762578124999891e+02,-9.978457740781698249e+01
4.685765507812500346e+02,-9.827552639188382955e+01
4.685768437500000232e+02,-9.685385399897855052e+01
4.685771367187500118e+02,-1.008442205487897354e+02
4.685774296875000005e+02,-1.107281175701089353e+02
4.685777226562499891e+02,-9.982312932375940306e+01
4.685780156250000346e+02,-9.712754512072778823e+01
4.685783085937500232e+02,-9.648371958116624114e+01
4.685786015625000118e+02,-9.871412506852269075e+01
4.685788945312500005e+02,-1.025573513647732540e+02
4.685791874999999891e+02,-1.037989024207633122e+02
4.685794804687500346e+02,-9.912697904032371810e+01
4.685797734375000232e+02,-1.009518841144691095e+02
4.685800664062500118e+02,-1.010198274345757454e+02
4.685803593750000005e+02,-9.931418836923917581e+01
4.685806523437499891e+02,-1.033514882351293096e+02
4.685809453125000346e+02,-9.933344572170904030e+01
4.685812382812500232e+02,-1.079269631707638268e+02
4.685815312500000118e+02,-1.062985237966056928e+02
4.685818242187500005e+02,-9.910268504608480100e+01
4.685821171874999891e+02,-1.063957769200365675e+02
4.685824101562500346e+02,-9.604811847728836938e+01
4.685827031250000232e+02,-1.010247174580200067e+02
4.685829960937500118e+02,-1.061384900400953626e+02
4.685832890625000005e+02,-1.052158541310337228e+02
4.685835820312499891e+02,-1.012069648994304174e+02
4.685838750000000346e+02,-9.382387822054910487e+01
4.685841679687500232e+02,-9.425188311577849731e+01
4.685844609375000118e+02,-9.871290120272388435e+01
4.685847539062500005e+02,-9.791950568144852696e+01
4.685850468749999891e+02,-9.827496054787624757e+01
4.685853398437500346e+02,-9.879708965273070476e+01
4.685856328125000232e+02,-9.477507926892045020e+01
4.685859257812500118e+02,-9.562451747317015815e+01
4.685862187500000005e+02,-1.001177208554563265e+02
4.685865117187499891e+02,-9.876714786394367707e+01
4.685868046875000346e+02,-9.727257903642397707e+01
4.685870976562500232e+02,-1.090214449624353961e+02
4.685873906250000118e+02,-9.704477072952784056e+01
4.685876835937500005e+02,-9.360162472069013972e+01
4.685879765624999891e+02,-9.775034726077875291e+01
4.685882695312500346e+02,-1.013026751339250495e+02
4.685885625000000232e+02,-1.108853727229960100e+02
4.685888554687500118e+02,-1.020693635888036113e+02
4.685891484375000005e+02,-9.960025310946147670e+01
4.685894414062499891e+02,-1.045424025682127365e+02
4.685897343750000346e+02,-1.017311633623707792e+02
4.685900273437500232e+02,-9.749480992825166936e+01
4.685903203125000118e+02,-9.715802664003931000e+01
4.685906132812500005e+02,-1.011231124520160733e+02
4.685909062499999891e+02,-1.040890110492697147e+02
4.685911992187500346e+02,-1.064382586843986473e+02
4.685914921875000232e+02,-1.034996388374685381e+02
4.685917851562500118e+02,-9.682418535416253746e+01
4.685920781250000005e+02,-9.418938940760192224e+01
4.685923710937499891e+02,-9.730393299012844466e+01
4.685926640625000346e+02,-9.521016403847683307e+01
4.685929570312500232e+02,-1.105473695755282790e+02
4.685932500000000118e+02,-1.108167854611355096e+02
4.685935429687500005e+02,-1.012318289290375475e+02
4.685938359374999891e+02,-9.548909262819842070e+01
4.685941289062500346e+02,-9.618964354028224761e+01
4.685944218750000232e+02,-1.095219412052221344e+02
4.685947148437500118e+02,-1.154901066203257898e+02
4.685950078125000005e+02,-1.036906960626635765e+02
4.685953007812499891e+02,-1.018909138480161687e+02
4.685955937500000346e+02,-1.000746776032792695e+02
4.685958867187500232e+02,-9.453914208382373374e+01
4.685961796875000118e+02,-1.024654163543365257e+02
4.685964726562500005e+02,-9.699207280281018484e+01
4.685967656249999891e+02,-9.457367369701279358e+01
4.685970585937500346e+02,-1.049540772873824181e+02
4.685973515625000232e+02,-9.801846404739097807e+01
4.685976445312500118e+02,-9.782087741559836047e+01
4.685979375000000005e+02,-1.034301092943260016e+02
4.685982304687499891e+02,-1.135799810118654420e+02
4.685985234375000346e+02,-1.107654937903413099e+02
4.685988164062500232e+02,-1.105210984909815011e+02
4.685991093750000118e+02,-9.973301155357042092e+01
4.685994023437500005e+02,-9.957860538549523710e+01
4.685996953124999891e+02,-1.014371441179126379e+02
4.685999882812500346e+02,-9.829904453298061640e+01
4.686002812500000232e+02,-9.801452941047827494e+01
4.686005742187500118e+02,-9.811583431615113682e+01
4.686008671875000005e+02,-9.715158432041556580e+01
4.686011601562499891e+02,-1.063470662097888919e+02
4.686014531250000346e+02,-1.037328392040047476e+02
4.686017460937500232e+02,-1.038442567773551559e+02
4.686020390625000118e+02,-1.001398383798203042e+02
4.686023320312500005e+02,-1.113736611035949551e+02
4.686026249999999891e+02,-1.055842102030668030e+02
4.686029179687500346e+02,-1.019890608983204174e+02
4.686032109375000232e+02,-1.006984711978230678e+02
4.686035039062500118e+02,-9.552730411536177257e+01
4.686037968750000005e+02,-9.649945005605302129e+01
4.686040898437499891e+02,-9.970598513211066916e+01
4.686043828125000346e+02,-1.009076355235489899e+02
4.686046757812500232e+02,-1.137680477917454027e+02
4.686049687500000118e+02,-1.031533280920157694e+02
4.686052617187500005e+02,-1.021354110367636139e+02
4.686055546874999891e+02,-1.036990388641513761e+02
4.686058476562500346e+02,-1.055556173134924904e+02
4.686061406250000232e+02,-1.068589107012033566e+02
4.686064335937500118e+02,-9.707739883974528539e+01
4.686067265625000005e+02,-9.516935837993570146e+01
4.686070195312499891e+02,-1.008653228136783468e+02
4.686073125000000346e+02,-9.615793816010268813e+01
4.686076054687500232e+02,-9.605487729759767035e+01
4.686078984375000118e+02,-1.009409842771923422e+02
4.686081914062500005e+02,-1.145228455856869942e+02
4.686084843749999891e+02,-1.134722846304522932e+02
4.686087773437500346e+02,-1.086346877289245469e+02
4.686090703125000232e+02,-1.095152522525899883e+02
4.686093632812500118e+02,-9.984689434466945102e+01
4.686096562500000005e+02,-1.002503666243601117e+02
4.686099492187499891e+02,-1.086225388171264683e+02
4.686102421875000346e+02,-1.121653529656729233e+02
4.686105351562500232e+02,-1.023014846670204747e+02
4.686108281250000118e+02,-1.010204912339729049e+02
4.686111210937500005e+02,-1.028025878036261673e+02
4.686114140624999891e+02,-1.013618340709190306e+02
4.686117070312500346e+02,-1.000949732101289413e+02
4.686120000000000232e+02,-1.044660532755200677e+02
4.686122929687500118e+02,-1.037386435406641851e+02
4.686125859375000005e+02,-9.942731397101204038e+01
4.686128789062499891e+02,-9.865768883197233663e+01
4.686131718750000346e+02,-9.973752574553228101e+01
4.686134648437500232e+02,-9.478269346291983766e+01
4.686137578125000118e+02,-9.788901347418850207e+01
4.686140507812500005e+02,-1.074455684994144775e+02
4.686143437499999891e+02,-9.724649321379592948e+01
4.686146367187500346e+02,-1.008849558385803675e+02
4.686149296875000232e+02,-1.025083186950894429e+02
4.686152226562500118e+02,-9.511075412276787233e+01
4.686155156250000005e+02,-1.009414540788752390e+02
4.686158085937499891e+02,-1.142458227705712659e+02
4.686161015625000346e+02,-1.046247848077537128e+02
4.686163945312500232e+02,-9.623223039903605525e+01
4.686166875000000118e+02,-9.562249101694482079e+01
4.686169804687500005e+02,-1.018734052938267780e+02
4.686172734374999891e+02,-1.034046440730539302e+02
4.686175664062500346e+02,-9.832984856557030184e+01
4.686178593750000232e+02,-9.487359313490736668e+01
4.686181523437500118e+02,-9.973504970861243635e+01
4.686184453125000005e+02,-9.888445545585690866e+01
4.686187382812499891e+02,-9.955139676028004203e+01
4.686190312500000346e+02,-9.453002915943724815e+01
4.686193242187500232e+02,-9.715818817595649648e+01
4.686196171875000118e+02,-1.032460088054000238e+02
4.686199101562500005e+02,-1.023722576571919092e+02
4.686202031249999891e+02,-1.043949628663544331e+02
4.686204960937500346e+02,-1.047437152477185975e+02
4.686207890625000232e+02,-1.188047207724141288e+02
4.686210820312500118e+02,-1.007801404097161821e+02
4.686213750000000005e+02,-9.968643851051722038e+01
4.686216679687499891e+02,-1.016544283709950207e+02
4.686219609375000346e+02,-1.126873915509003297e+02
4.686222539062500232e+02,-9.960003854526567579e+01
4.686225468750000118e+02,-1.094361403787215750e+02
4.686228398437500005e+02,-1.055498839123505377e+02
4.686231328124999891e+02,-1.079073886007347483e+02
4.686234257812500346e+02,-1.074008615273614708e+02
4.686237187500000232e+02,-1.079561052057066064e+02
4.686240117187500118e+02,-1.123656858550359345e+02
4.686243046875000005e+02,-1.063818001308186325e+02
4.686245976562499891e+02,-1.028257935386850761e+02
4.686248906250000346e+02,-1.183417257524882871e+02
4.686251835937500232e+02,-1.008137234025312807e+02
4.686254765625000118e+02,-9.782340615543994033e+01
4.686257695312500005e+02,-1.090787091186842162e+02
4.686260624999999891e+02,-1.024322934861185388e+02
4.686263554687500346e+02,-1.022437701175931295e+02
4.686266484375000232e+02,-9.647969920710255565e+01
4.686269414062500118e+02,-9.732839381559138303e+01
4.686272343750000005e+02,-9.943543489974130978e+01
4.686275273437499891e+02,-1.077269782664545659e+02
4.686278203125000346e+02,-1.094240255524462668e+02
4.686281132812500232e+02,-1.051594749781499729e+02
4.686284062500000118e+02,-1.006293360353357258e+02
4.686286992187500005e+02,-9.846222840066909043e+01
4.686289921874999891e+02,-9.529970028665147197e+01
4.686292851562500346e+02,-1.008099092888001422e+02
4.686295781250000232e+02,-1.011678345368431167e+02
4.686298710937500118e+02,-1.043975060297365189e+02
4.686301640625000005e+02,-1.182245855232534950e+02
4.686304570312499891e+02,-9.638333973957655587e+01
4.686307500000000346e+02,-9.999855835999562714e+01
4.686310429687500232e+02,-1.045112584759904735e+02
4.686313359375000118e+02,-9.772918219030498221e+01
4.686316289062500005e+02,-1.008195853715100867e+02
4.686319218749999891e+02,-9.935560764790255917e+01
4.686322148437500346e+02,-1.009428531113394740e+02
4.686325078125000232e+02,-1.036283344111231770e+02
4.686328007812500118e+02,-1.010962252435347608e+02
4.686330937500000005e+02,-9.800535958899041589e+01
4.686333867187499891e+02,-9.600097600900745931e+01
4.686336796875000346e+02,-1.032875572504926112e+02
4.686339726562500232e+02,-1.023049817269209143e+02
4.686342656250000118e+02,-1.003507202578527426e+02
4.686345585937500005e+02,-1.051880081632274511e+02
4.686348515624999891e+02,-1.006592695334922780e+02
4.686351445312500346e+02,-1.023341812970666354e+02
4.686354375000000232e+02,-1.007323203994416474e+02
4.686357304687500118e+02,-1.038019794769589623e+02
4.686360234375000005e+02,-9.842363345224651994e+01
4.686363164062499891e+02,-9.735496130005002158e+01
4.686366093750000346e+02,-1.012029278151095326e+02
4.686369023437500232e+02,-1.013873735541470182e+02
4.686371953125000118e+02,-1.084732933799659804e+02
4.686374882812500005e+02,-9.839041940284822374e+01
4.686377812499999891e+02,-9.353719557166061804e+01
4.686380742187500346e+02,-9.940734981266196257e+01
4.686383671875000232e+02,-1.058890792101973659e+02
4.686386601562500118e+02,-1.038860117850914975e+02
4.686389531250000005e+02,-1.087457889675691831e+02
4.686392460937499891e+02,-9.854072567608190525e+01
4.686395390625000346e+02,-9.676909130469064735e+01
4.686398320312500232e+02,-1.024135829283032990e+02
4.686401250000000118e+02,-1.045098329251986371e+02
4.686404179687500005e+02,-9.725193326191859455e+01
4.686407109374999891e+02,-9.956785936554842920e+01
4.686410039062500346e+02,-1.122140130807940892e+02
4.686412968750000232e+02,-1.019845453838979523e+02
4.686415898437500118e+02,-1.012741894901751039e+02
4.686418828125000005e+02,-1.027481237585512019e+02
4.686421757812499891e+02,-9.636247775441037788e+01
4.686424687500000346e+02,-9.444511931139409455e+01
4.686427617187500232e+02,-9.567868235902217577e+01
4.686430546875000118e+02,-1.154703940991502265e+02
4.686433476562500005e+02,-9.937008436772023856e+01
4.686436406249999891e+02,-1.006167526437677395e+02
4.686439335937500346e+02,-1.016725193238897020e+02
4.686442265625000232e+02,-1.029409342917963670e+02
4.686445195312500118e+02,-9.793086369110559986e+01
4.686448125000000005e+02,-1.006584900420395456e+02
4.686451054687499891e+02,-9.777087008113849720e+01
4.686453984375000346e+02,-9.822686180521897370e+01
4.686456914062500232e+02,-9.659721091745316812e+01
4.686459843750000118e+02,-1.070378192485958664e+02
4.686462773437500005e+02,-1.087621886974025074e+02
4.686465703124999891e+02,-1.047211625543273783e+02
4.686468632812500346e+02,-9.936295515437109316e+01
4.686471562500000232e+02,-9.698985161474054451e+01
4.686474492187500118e+02,-1.022907026680735640e+02
4.686477421875000005e+02,-9.982249038998503465e+01
4.686480351562499891e+02,-9.988165205271597813e+01
4.686483281250000346e+02,-9.739266077994147963e+01
4.686486210937500232e+02,-9.810755488610764985e+01
4.686489140625000118e+02,-9.890083255508871218e+01
4.686492070312500005e+02,-9.960759836260729116e+01
4.686494999999999891e+02,-9.710940054519898013e+01
4.686497929687500346e+02,-1.041366984098891919e+02
4.686500859375000232e+02,-9.408518636191746509e+01
4.686503789062500118e+02,-1.013231798978522278e+02
4.686506718750000005e+02,-9.968190839370770107e+01
4.686509648437499891e+02,-9.967786698839253745e+01
4.686512578125000346e+02,-1.010866537297812897e+02
4.686515507812500232e+02,-9.919469555650567827e+01
4.686518437500000118e+02,-1.014343189936307397e+02
4.686521367187500005e+02,-9.924417840452457540e+01
4.686524296874999891e+02,-9.794566086308408615e+01
4.686527226562500346e+02,-1.012469499171304506e+02
4.686530156250000232e+02,-1.079684526019062218e+02
4.686533085937500118e+02,-1.057756408802150361e+02
4.686536015625000005e+02,-1.028218471157916127e+02
4.686538945312499891e+02,-1.054888916599191475e+02
4.686541875000000346e+02,-1.078413205000543371e+02
4.686544804687500232e+02,-9.973445830126061651e+01
4.686547734375000118e+02,-9.455233439865706657e+01
4.686550664062500005e+02,-1.016298168105924447e+02
4.686553593749999891e+02,-1.070678135807894904e+02
4.686556523437500346e+02,-1.250143378180129332e+02
4.686559453125000232e+02,-1.120927441515678424e+02
4.686562382812500118e+02,-1.041688665406002201e+02
4.686565312500000005e+02,-1.027985648261451246e+02
4.686568242187499891e+02,-9.759710517084295134e+01
4.686571171875000346e+02,-9.942342574035122027e+01
4.686574101562500232e+02,-9.457321059458040224e+01
4.686577031250000118e+02,-9.747807012190298792e+01
4.686579960937500005e+02,-1.035581346003303622e+02
4.686582890624999891e+02,-9.949185158855426891e+01
4.686585820312500346e+02,-1.044704965309412614e+02
4.686588750000000232e+02,-9.948460299520198191e+01
4.686591679687500118e+02,-9.991039943834215364e+01
4.686594609375000005e+02,-9.706184698517945719e+01
4.686597539062499891e+02,-1.022213948546600903e+02
4.686600468750000346e+02,-1.049018099321351229e+02
4.686603398437500232e+02,-1.045103651118141386e+02
4.686606328125000118e+02,-9.770064518548792876e+01
4.686609257812500005e+02,-9.223117969239214631e+01
4.686612187499999891e+02,-9.524407367130217494e+01
4.686615117187500346e+02,-1.046433345413199447e+02
4.686618046875000232e+02,-9.950424330836332842e+01
4.686620976562500118e+02,-9.754361103613857154e+01
4.686623906250000005e+02,-1.001359064380034170e+02
4.686626835937499891e+02,-1.037835175019928329e+02
4.686629765625000346e+02,-9.904353674158534204e+01
4.686632695312500232e+02,-9.942378839489973075e+01
4.686635625000000118e+02,-1.024188826213954684e+02
4.686638554687500005e+02,-1.023378532837196246e+02
4.686641484374999891e+02,-1.015693107303606837e+02
4.686644414062500346e+02,-1.239640495645325871e+02
4.686647343750000232e+02,-1.009569373718531722e+02
4.686650273437500118e+02,-1.088993330770923933e+02
4.686653203125000005e+02,-1.066306853077784211e+02
4.686656132812499891e+02,-1.064441222533618259e+02
4.686659062500000346e+02,-1.006573585920533134e+02
4.686661992187500232e+02,-1.039342117244690087e+02
4.686664921875000118e+02,-1.119139581684603399e+02
4.686667851562500005e+02,-1.056010976950363442e+02
4.686670781249999891e+02,-1.034938303957256522e+02
4.686673710937500346e+02,-1.221477345255112823e+02
4.686676640625000232e+02,-1.059359679978084898e+02
4.686679570312500118e+02,-1.046865073960532300e+02
4.686682500000000005e+02,-9.729667082430212588e+01
4.686685429687499891e+02,-1.051461024370381381e+02
4.686688359375000346e+02,-1.027821041914161668e+02
4.686691289062500232e+02,-1.016213047701318004e+02
4.686694218750000118e+02,-1.030471261751279428e+02
4.686697148437500005e+02,-1.009212474321675046e+02
4.686700078124999891e+02,-9.912427465665766135e+01
4.686703007812500346e+02,-1.001891823429043740e+02
4.686705937500000232e+02,-1.088686269758731697e+02
4.686708867187500118e+02,-9.979689686549141925e+01
4.686711796875000005e+02,-1.080388026242945045e+02
4.686714726562499891e+02,-9.812564820504138652e+01
4.686717656250000346e+02,-9.444233587395189033e+01
4.686720585937500232e+02,-9.586012077619130878e+01
4.686723515625000118e+02,-1.059567854535501965e+02
4.686726445312500005e+02,-1.071330099268841849e+02
4.686729374999999891e+02,-1.022455698567474940e+02
4.686732304687500346e+02,-9.877519840892429670e+01
4.686735234375000232e+02,-9.789458978721557969e+01
4.686738164062500118e+02,-1.176112197620770132e+02
4.686741093750000005e+02,-9.725397798368246072e+01
4.686744023437499891e+02,-9.921388334549260435e+01
4.686746953125000346e+02,-1.086940626229254150e+02
4.686749882812500232e+02,-1.035945243517858501e+02
4.686752812500000118e+02,-1.098185915189735624e+02
4.686755742187500005e+02,-1.084241374412752492e+02
4.686758671874999891e+02,-9.988815139293969025e+01
4.686761601562500346e+02,-1.006757813696043371e+02
4.686764531250000232e+02,-9.992713225894094364e+01
4.686767460937500118e+02,-9.888273501960850353e+01
4.686770390625000005e+02,-1.117574173937964872e+02
4.686773320312499891e+02,-1.084260930551564854e+02
4.686776250000000346e+02,-1.007207724229989907e+02
4.686779179687500232e+02,-1.003575934034606973e+02
4.686782109375000118e+02,-1.033388390964936008e+02
4.686785039062500005e+02,-1.009585109088209975e+02
4.686787968749999891e+02,-1.004789949743056923e+02
4.686790898437500346e+02,-9.828514840320636381e+01
4.686793828125000232e+02,-1.003862028351685183e+02
4.686796757812500118e+02,-1.078032373142679887e+02
4.686799687500000005e+02,-1.109761032651071702e+02
4.686802617187499891e+02,-1.099211946517096550e+02
4.686805546875000346e+02,-1.054219997501759707e+02
4.686808476562500232e+02,-1.333010500507290317e+02
4.686811406250000118e+02,-1.035668785303338524e+02
4.686814335937500005e+02,-1.128065686977705298e+02
4.686817265624999891e+02,-1.040628547348377708e+02
4.686820195312500346e+02,-1.165280738697191509e+02
4.686823125000000232e+02,-1.067443240466854348e+02
4.686826054687500118e+02,-1.096507623436855283e+02
4.686828984375000005e+02,-1.110814919131791214e+02
4.686831914062499891e+02,-1.022302620414929919e+02
4.686834843750000346e+02,-9.482724894248691783e+01
4.686837773437500232e+02,-9.561897951463394918e+01
4.686840703125000118e+02,-9.810393043837473215e+01
4.686843632812500005e+02,-1.013000382564381709e+02
4.686846562499999891e+02,-1.024322122990236892e+02
4.686849492187500346e+02,-1.014412048374332898e+02
4.686852421875000232e+02,-9.721501510013257530e+01
4.686855351562500118e+02,-9.844361877550434770e+01
4.686858281250000005e+02,-9.895361621745709613e+01
4.686861210937499891e+02,-1.096992001555724841e+02
4.686864140625000346e+02,-1.039441522534056475e+02
4.686867070312500232e+02,-1.056131965054626818e+02
4.686870000000000118e+02,-1.135819798936974081e+02
4.686872929687500005e+02,-1.066042058496360028e+02
4.686875859374999891e+02,-1.054869812482260869e+02
4.686878789062500346e+02,-1.031434669774123591e+02
4.686881718750000232e+02,-9.773285805783501701e+01
4.686884648437500118e+02,-9.881241913441472491e+01
4.686887578125000005e+02,-1.052105060457069214e+02
4.686890507812499891e+02,-1.107936358891491579e+02
4.686893437500000346e+02,-1.058490397752776033e+02
4.686896367187500232e+02,-1.132273418136266372e+02
4.686899296875000118e+02,-1.043695606913793767e+02
4.686902226562500005e+02,-1.003837792578371761e+02
4.686905156249999891e+02,-1.136518261828397840e+02
4.686908085937500346e+02,-1.037051647225679289e+02
4.686911015625000232e+02,-1.005762287712501859e+02
4.686913945312500118e+02,-9.835585821069734891e+01
4.686916875000000005e+02,-9.683814730193478226e+01
4.686919804687499891e+02,-9.882237751913741874e+01
4.686922734375000346e+02,-1.047920806132130878e+02
4.686925664062500232e+02,-1.102119305130327120e+02
4.686928593750000118e+02,-9.902456540325637491e+01
4.686931523437500005e+02,-1.004767329275077117e+02
4.686934453124999891e+02,-1.111042233217051347e+02
4.686937382812500346e+02,-1.013102748477107866e+02
4.686940312500000232e+02,-1.029957226256934462e+02
4.686943242187500118e+02,-1.001942812753916030e+02
4.686946171875000005e+02,-9.959649345009265176e+01
4.686949101562499891e+02,-1.067672536509537622e+02
4.686952031250000346e+02,-1.013785631149674913e+02
4.686954960937500232e+02,-1.079047590596966302e+02
4.686957890625000118e+02,-1.125566327491410021e+02
4.686960820312500005e+02,-1.016086507590930239e+02
4.686963749999999891e+02,-1.006215263496181080e+02
4.686966679687500346e+02,-1.037322853390853936e+02
4.686969609375000232e+02,-1.179621334625100531e+02
4.686972539062500118e+02,-1.091289243543524634e+02
4.686975468750000005e+02,-1.042537551801567588e+02
4.686978398437499891e+02,-1.018327370763151976e+02
4.686981328125000346e+02,-1.084750644283931962e+02
4.686984257812500232e+02,-1.117222270953082131e+02
4.686987187500000118e+02,-1.149445487321239767e+02
4.686990117187500005e+02,-1.303866314127752730e+02
4.686993046874999891e+02,-1.028468962515805032e+02
4.686995976562500346e+02,-9.701869468454354717e+01
4.686998906250000232e+02,-1.023513268195723214e+02
4.687001835937500118e+02,-9.939833974809428696e+01
4.687004765625000005e+02,-1.009008546694224435e+02
4.687007695312499891e+02,-1.015863435585894763e+02
4.687010625000000346e+02,-9.530663649045709462e+01
4.687013554687500232e+02,-9.675011854058512029e+01
4.687016484375000118e+02,-1.042582489671632828e+02
4.687019414062500005e+02,-1.068043439977881945e+02
4.687022343749999891e+02,-1.027155130985418197e+02
4.687025273437500346e+02,-1.018094968870076258e+02
4.687028203125000232e+02,-1.076315787323874815e+02
4.687031132812500118e+02,-1.054555097025367871e+02
4.687034062500000005e+02,-1.227024663932248814e+02
4.687036992187499891e+02,-1.083441247100124087e+02
4.687039921875000346e+02,-1.010957555292969516e+02
4.687042851562500232e+02,-1.019371482620070424e+02
4.687045781250000118e+02,-9.943894653972057540e+01
4.687048710937500005e+02,-1.006735164454090068e+02
4.687051640624999891e+02,-1.050514920423546243e+02
4.687054570312500346e+02,-1.031309595816414060e+02
4.687057500000000232e+02,-1.038403612399216200e+02
4.687060429687500118e+02,-1.029205230275367455e+02
4.687063359375000005e+02,-1.015076558277448413e+02
4.687066289062499891e+02,-9.812550814958461842e+01
4.687069218750000346e+02,-9.910312008828478270e+01
4.687072148437500232e+02,-9.786862675335146378e+01
4.687075078125000118e+02,-1.044579979630787818e+02
4.687078007812500005e+02,-1.047153229690662783e+02
4.687080937499999891e+02,-1.107775457297507842e+02
4.687083867187500346e+02,-9.961588413826490296e+01
4.687086796875000232e+02,-9.808778230398289111e+01
4.687089726562500118e+02,-1.027706993596583942e+02
4.687092656250000005e+02,-1.035722465109525103e+02
4.687095585937499891e+02,-1.002741778879349965e+02
4.687098515625000346e+02,-1.020698050376678765e+02
4.687101445312500232e+02,-9.922722248698678982e+01
4.687104375000000118e+02,-9.995803509580797197e+01
4.687107304687500005e+02,-1.042065363306865464e+02
4.687110234374999891e+02,-9.748373325833446756e+01
4.687113164062500346e+02,-9.860653292899449696e+01
4.687116093750000232e+02,-1.024893244989054466e+02
4.687119023437500118e+02,-1.073157663738245162e+02
4.687121953125000005e+02,-1.036597152938557542e+02
4.687124882812499891e+02,-1.023314622103352320e+02
4.687127812500000346e+02,-1.161946222970139928e+02
4.687130742187500232e+02,-1.019122100869752643e+02
4.687133671875000118e+02,-9.892328831544710965e+01
4.687136601562500005e+02,-1.019119053647377484e+02
4.687139531249999891e+02,-1.035037271602930531e+02
4.687142460937500346e+02,-1.007875107390455582e+02
4.687145390625000232e+02,-9.927902943432752636e+01
4.687148320312500118e+02,-1.011590610977294489e+02
4.687151250000000005e+02,-1.057932012310884460e+02
4.687154179687499891e+02,-1.026882283672578637e+02
4.687157109375000346e+02,-1.043867060334380028e+02
4.687160039062500232e+02,-1.240078053891512155e+02
4.687162968750000118e+02,-1.003638639226093403e+02
4.687165898437500005e+02,-9.827655967692741967e+01
4.687168828124999891e+02,-1.074611538318251007e+02
4.687171757812500346e+02,-1.016746517868279653e+02
4.687174687500000232e+02,-1.052081842689283206e+02
4.687177617187500118e+02,-1.028917887830205018e+02
4.687180546875000005e+02,-9.997464263946868357e+01
4.687183476562499891e+02,-1.017149701488375797e+02
4.687186406250000346e+02,-1.028928822351309122e+02
4.687189335937500232e+02,-1.115297281547061630e+02
4.687192265625000118e+02,-1.055411551254721445e+02
4.687195195312500005e+02,-1.110992130927200350e+02
4.687198124999999891e+02,-1.011034786089323489e+02
4.687201054687500346e+02,-9.838134552334662430e+01
4.687203984375000232e+02,-9.750299340582191121e+01
4.687206914062500118e+02,-9.848003216732608678e+01
4.687209843750000005e+02,-9.751770124187882516e+01
4.687212773437499891e+02,-1.012231181960330986e+02
4.687215703125000346e+02,-1.226919393880032487e+02
4.687218632812500232e+02,-9.920330744282311741e+01
4.687221562500000118e+02,-9.947547560657545773e+01
4.687224492187500005e+02,-1.089863255575579331e+02
4.687227421874999891e+02,-1.074188922482266548e+02
4.687230351562500346e+02,-1.217644721969091535e+02
4.687233281250000232e+02,-1.012598150336860101e+02
4.687236210937500118e+02,-1.028261263094752422e+02
4.687239140625000005e+02,-1.010089116896446910e+02
4.687242070312499891e+02,-1.039259080982237862e+02
4.687245000000000346e+02,-9.989303094825714879e+01
4.687247929687500232e+02,-1.012114953603653760e+02
4.687250859375000118e+02,-9.810864373874997568e+01
4.687253789062500005e+02,-9.687131644163346778e+01
4.687256718749999891e+02,-1.011580099473169270e+02
4.687259648437500346e+02,-1.128967351797765417e+02
4.687262578125000232e+02,-1.046138926100638002e+02
4.687265507812500118e+02,-1.061385533013386180e+02
4.687268437500000005e+02,-1.080877529091012548e+02
4.687271367187499891e+02,-1.028839811708470791e+02
4.687274296875000346e+02,-9.867597639943765842e+01
4.687277226562500232e+02,-9.424470362079419772e+01
4.687280156250000118e+02,-9.628835029914264965e+01
4.687283085937500005e+02,-1.024289604756502712e+02
4.687286015624999891e+02,-1.045307711787556428e+02
4.687288945312500346e+02,-1.044370631457445739e+02
4.687291875000000232e+02,-1.001316082166234054e+02
4.687294804687500118e+02,-1.005292468690353473e+02
4.687297734375000005e+02,-1.010427270348610165e+02
4.687300664062499891e+02,-1.047680573052293909e+02
4.687303593750000346e+02,-9.774928065123407350e+01
4.687306523437500232e+02,-1.036738940390429491e+02
4.687309453125000118e+02,-1.039790360803350779e+02
4.687312382812500005e+02,-9.853460047353031825e+01
4.687315312499999891e+02,-1.084123835308277393e+02
4.687318242187500346e+02,-1.045346156313637778e+02
4.687321171875000232e+02,-1.122679207999119058e+02
4.687324101562500118e+02,-1.005485985578601458e+02
4.687327031250000005e+02,-9.801115560186869402e+01
4.687329960937499891e+02,-1.011349118360243580e+02
4.687332890625000346e+02,-1.010655009441464642e+02
4.687335820312500232e+02,-1.115231762446123014e+02
4.687338750000000118e+02,-1.016686347268890955e+02
4.687341679687500005e+02,-1.029883512141290822e+02
4.687344609374999891e+02,-1.094381966467526865e+02
4.687347539062500346e+02,-1.027401061256985599e+02
4.687350468750000232e+02,-1.067357435044089584e+02
4.687353398437500118e+02,-1.114593739702145854e+02
4.687356328125000005e+02,-1.000388349073429737e+02
4.687359257812499891e+02,-9.641960987154743634e+01
4.687362187500000346e+02,-1.036287778137840974e+02
4.687365117187500232e+02,-1.029121138378475564e+02
4.687368046875000118e+02,-1.011882638457655617e+02
4.687370976562500005e+02,-1.053734428610550253e+02
4.687373906249999891e+02,-1.071731485998887479e+02
4.687376835937500346e+02,-1.017931097444583344e+02
4.687379765625000232e+02,-1.010845594506781566e+02
4.687382695312500118e+02,-1.085639715874035147e+02
4.687385625000000005e+02,-1.115994104388281585e+02
4.687388554687499891e+02,-1.053810863076535753e+02
4.687391484375000346e+02,-1.121641597804587036e+02
4.687394414062500232e+02,-9.984357416336095525e+01
4.687397343750000118e+02,-9.839661442709854100e+01
4.687400273437500005e+02,-1.005549632316055693e+02
4.687403203124999891e+02,-1.085306465462271603e+02
4.687406132812500346e+02,-1.033256331386702982e+02
4.687409062500000232e+02,-1.112066416272956104e+02
4.687411992187500118e+02,-1.067907919068626086e+02
4.687414921875000005e+02,-1.023131654591307296e+02
4.687417851562499891e+02,-1.094048012237166603e+02
4.687420781250000346e+02,-1.044499190020902688e+02
4.687423710937500232e+02,-1.085929394072051650e+02
4.687426640625000118e+02,-1.053549361191834635e+02
4.687429570312500005e+02,-1.029736935427451954e+02
4.687432499999999891e+02,-1.049540133302025140e+02
4.687435429687500346e+02,-1.027468001879175858e+02
4.687438359375000232e+02,-1.024586904695298841e+02
4.687441289062500118e+02,-1.124600226300913306e+02
4.687444218750000005e+02,-1.119121589970624200e+02
4.687447148437499891e+02,-1.007222039843381225e+02
4.687450078125000346e+02,-9.938897697749963811e+01
4.687453007812500232e+02,-1.027811522603644931e+02
4.687455937500000118e+02,-1.052381833039501942e+02
4.687458867187500005e+02,-1.102385833202735341e+02
4.687461796874999891e+02,-1.079953445087820114e+02
4.687464726562500346e+02,-1.033082933497186389e+02
4.687467656250000232e+02,-1.003589865473014129e+02
4.687470585937500118e+02,-1.004398330032159663e+02
4.687473515625000005e+02,-1.215959981862338850e+02
4.687476445312499891e+02,-1.121919010110453172e+02
4.687479375000000346e+02,-1.019207442985781995e+02
4.687482304687500232e+02,-1.074905090926905018e+02
4.687485234375000118e+02,-1.113830775683134675e+02
4.687488164062500005e+02,-1.102544084952664321e+02
4.687491093749999891e+02,-1.037674203958922590e+02
4.687494023437500346e+02,-1.147087860614242061e+02
4.687496953125000232e+02,-1.041215748236649858e+02
4.687499882812500118e+02,-9.826874396539670897e+01
4.687502812500000005e+02,-1.052216331989404807e+02
4.687505742187499891e+02,-1.096374955971171516e+02
4.687508671875000346e+02,-1.038582749507911558e+02
4.687511601562500232e+02,-1.063580022870305584e+02
4.687514531250000118e+02,-9.817833047451144068e+01
4.687517460937500005e+02,-9.674040109516181474e+01
4.687520390624999891e+02,-1.019984287987429354e+02
4.687523320312500346e+02,-9.932007261864345082e+01
4.687526250000000232e+02,-9.921479908891996047e+01
4.687529179687500118e+02,-1.036356454898874233e+02
4.687532109375000005e+02,-1.019923334371650725e+02
4.687535039062499891e+02,-1.008060275912901460e+02
4.687537968750000346e+02,-1.107814331499236573e+02
4.687540898437500232e+02,-1.062518860150963178e+02
4.687543828125000118e+02,-1.096798438653576682e+02
4.687546757812500005e+02,-1.099331106989734508e+02
4.687549687499999891e+02,-1.067325401861719882e+02
4.687552617187500346e+02,-1.023587555507400992e+02
4.687555546875000232e+02,-1.030729302498088629e+02
4.687558476562500118e+02,-1.057574724536364528e+02
4.687561406250000005e+02,-9.862484083030267357e+01
4.687564335937499891e+02,-1.055738573852978703e+02
4.687567265625000346e+02,-1.037578105969795104e+02
4.687570195312500232e+02,-9.956839276213142398e+01
4.687573125000000118e+02,-1.040942148770575670e+02
4.687576054687500005e+02,-1.056042776550681310e+02
4.687578984374999891e+02,-1.091430033770294017e+02
4.687581914062500346e+02,-1.096059885775300984e+02
4.687584843750000232e+02,-1.001183011853597975e+02
4.687587773437500118e+02,-9.827557664777242508e+01
4.687590703125000005e+02,-1.016301528351598904e+02
4.687593632812499891e+02,-1.050773883738873451e+02
4.687596562500000346e+02,-1.038544300838086798e+02
4.687599492187500232e+02,-1.077585139223569541e+02
4.687602421875000118e+02,-1.054599644946073624e+02
4.687605351562500005e+02,-9.764470488852062147e+01
4.687608281249999891e+02,-1.001036088322842801e+02
4.687611210937500346e+02,-1.153182213165059977e+02
4.687614140625000232e+02,-1.047989996564283217e+02
4.687617070312500118e+02,-1.012421379166387112e+02
