Frequency_MHz,Power_dBHz
4.663620000000000232e+02,-8.385586120620848760e+01
4.663622929687500118e+02,-8.359858421764084824e+01
4.663625859375000005e+02,-8.076586406627083647e+01
4.663628789062499891e+02,-7.911961810657298599e+01
4.663631718750000346e+02,-7.840416352763865859e+01
4.663634648437500232e+02,-7.810568369588312976e+01
4.663637578125000118e+02,-8.151637612839265046e+01
4.663640507812500005e+02,-8.819818161953838853e+01
4.663643437499999891e+02,-8.531491573717005394e+01
4.663646367187500346e+02,-8.309845155134952677e+01
4.663649296875000232e+02,-8.398842096728705542e+01
4.663652226562500118e+02,-8.134929041168595631e+01
4.663655156250000005e+02,-7.768356022353603407e+01
4.663658085937499891e+02,-7.785451316345037753e+01
4.663661015625000346e+02,-7.737743499825512572e+01
4.663663945312500232e+02,-8.212834124890832754e+01
4.663666875000000118e+02,-9.686290134715285660e+01
4.663669804687500005e+02,-8.338445696997334267e+01
4.663672734374999891e+02,-8.059794914498651508e+01
4.663675664062500346e+02,-8.396301963960412706e+01
4.663678593750000232e+02,-8.106462225958034651e+01
4.663681523437500118e+02,-7.826532510792452513e+01
4.663684453125000005e+02,-8.052797989775406506e+01
4.663687382812499891e+02,-8.162510134274231177e+01
4.663690312500000346e+02,-8.443010893637561765e+01
4.663693242187500232e+02,-8.819434486398742479e+01
4.663696171875000118e+02,-8.199963680480651362e+01
4.663699101562500005e+02,-7.869977043152951524e+01
4.663702031249999891e+02,-8.113460933281957921e+01
4.663704960937500346e+02,-8.074686790748492626e+01
4.663707890625000232e+02,-8.267661538610579441e+01
4.663710820312500118e+02,-8.996768561180252277e+01
4.663713750000000005e+02,-1.006529576026086801e+02
4.663716679687499891e+02,-8.707362471147686733e+01
4.663719609375000346e+02,-8.216527657087627290e+01
4.663722539062500232e+02,-8.055114491446150282e+01
4.663725468750000118e+02,-7.741969902670517456e+01
4.663728398437500005e+02,-7.972143102507921242e+01
4.663731328124999891e+02,-8.487107233918624161e+01
4.663734257812500346e+02,-9.731480877985218569e+01
4.663737187500000232e+02,-8.721560607276069277e+01
4.663740117187500118e+02,-8.547675599835221760e+01
4.663743046875000005e+02,-8.725694340572245267e+01
4.663745976562499891e+02,-7.811980965656532305e+01
4.663748906250000346e+02,-7.859012763154477454e+01
4.663751835937500232e+02,-7.736178150881114846e+01
4.663754765625000118e+02,-8.157231221159688062e+01
4.663757695312500005e+02,-9.988920795778497563e+01
4.663760624999999891e+02,-8.171146486112087359e+01
4.663763554687500346e+02,-8.088850362405344185e+01
4.663766484375000232e+02,-8.457446003262813861e+01
4.663769414062500118e+02,-8.373357098324183312e+01
4.663772343750000005e+02,-7.542576555456432175e+01
4.663775273437499891e+02,-7.879458852824367909e+01
4.663778203125000346e+02,-7.992334048726074514e+01
4.663781132812500232e+02,-8.692711470240899985e+01
4.663784062500000118e+02,-8.240364271073802627e+01
4.663786992187500005e+02,-7.948525119852510556e+01
4.663789921874999891e+02,-8.213957873688124778e+01
4.663792851562500346e+02,-9.168930522105472392e+01
4.663795781250000232e+02,-7.972570284784809758e+01
4.663798710937500118e+02,-7.450069152612310575e+01
4.663801640625000005e+02,-8.182342922431220700e+01
4.663804570312499891e+02,-8.185529619712818317e+01
4.663807500000000346e+02,-8.075183101844044131e+01
4.663810429687500232e+02,-8.016943945555340179e+01
4.663813359375000118e+02,-8.088208562363902843e+01
4.663816289062500005e+02,-8.890105034953961649e+01
4.663819218749999891e+02,-9.171206952779584753e+01
4.663822148437500346e+02,-7.750984142814067468e+01
4.663825078125000232e+02,-7.555539258765142563e+01
4.663828007812500118e+02,-8.970481976863399609e+01
4.663830937500000005e+02,-7.783980001754574118e+01
4.663833867187499891e+02,-7.734339474340715981e+01
4.663836796875000346e+02,-7.839459541412500698e+01
4.663839726562500232e+02,-8.443820950553813987e+01
4.663842656250000118e+02,-8.747243004285570578e+01
4.663845585937500005e+02,-8.168777042796767773e+01
4.663848515624999891e+02,-7.824362592412862227e+01
4.663851445312500346e+02,-7.850609441170882974e+01
4.663854375000000232e+02,-8.796749233097486353e+01
4.663857304687500118e+02,-7.584026487401990835e+01
4.663860234375000005e+02,-7.689223407047383319e+01
4.663863164062499891e+02,-7.788528913237114182e+01
4.663866093750000346e+02,-8.856797803177899198e+01
4.663869023437500232e+02,-8.481509093063181126e+01
4.663871953125000118e+02,-7.991289467193587370e+01
4.663874882812500005e+02,-8.346312290119823274e+01
4.663877812499999891e+02,-8.430802132154181550e+01
4.663880742187500346e+02,-8.096787498083308776e+01
4.663883671875000232e+02,-7.697517772283185877e+01
4.663886601562500118e+02,-7.819325331044466054e+01
4.663889531250000005e+02,-8.085121218506287732e+01
4.663892460937499891e+02,-8.744553537627011508e+01
4.663895390625000346e+02,-8.538136505365719131e+01
4.663898320312500232e+02,-8.256031682670280247e+01
4.663901250000000118e+02,-1.061343789448168593e+02
4.663904179687500005e+02,-8.643050818928853118e+01
4.663907109374999891e+02,-8.009726206778853452e+01
4.663910039062500346e+02,-8.044563380348392911e+01
4.663912968750000232e+02,-8.377892065522254939e+01
4.663915898437500118e+02,-9.379478424640362277e+01
4.663918828125000005e+02,-9.350538907201953975e+01
4.663921757812499891e+02,-8.471571208105302730e+01
4.663924687500000346e+02,-8.126627020937000623e+01
4.663927617187500232e+02,-8.722835332895868987e+01
4.663930546875000118e+02,-8.271727779531300939e+01
4.663933476562500005e+02,-8.382288213187669612e+01
4.663936406249999891e+02,-8.609489154110332265e+01
4.663939335937500346e+02,-8.432555769944458746e+01
4.663942265625000232e+02,-8.307919058213073527e+01
4.663945195312500118e+02,-1.085205516403708828e+02
4.663948125000000005e+02,-8.196166093902655803e+01
4.663951054687499891e+02,-7.988031314792493731e+01
4.663953984375000346e+02,-8.738834231929618568e+01
4.663956914062500232e+02,-8.469535385506915759e+01
4.663959843750000118e+02,-9.195402274812977339e+01
4.663962773437500005e+02,-8.543143399638435653e+01
4.663965703124999891e+02,-7.891956209817766421e+01
4.663968632812500346e+02,-8.048070953446001852e+01
4.663971562500000232e+02,-1.271177022286130267e+02
4.663974492187500118e+02,-8.124957555273995524e+01
4.663977421875000005e+02,-8.256536167327702458e+01
4.663980351562499891e+02,-9.424408568930351748e+01
4.663983281250000346e+02,-9.574851623979915871e+01
4.663986210937500232e+02,-8.778167238219322144e+01
4.663989140625000118e+02,-8.362505448420895959e+01
4.663992070312500005e+02,-7.969965350681884786e+01
4.663994999999999891e+02,-8.326152400501877082e+01
4.663997929687500346e+02,-9.127134766780736186e+01
4.664000859375000232e+02,-8.351975024485298604e+01
4.664003789062500118e+02,-8.577614436845198043e+01
4.664006718750000005e+02,-8.863868102392159187e+01
4.664009648437499891e+02,-8.879013339830291329e+01
4.664012578125000346e+02,-8.691137455958399016e+01
4.664015507812500232e+02,-9.022210526847807444e+01
4.664018437500000118e+02,-9.305579013651296805e+01
4.664021367187500005e+02,-9.379754925537665144e+01
4.664024296874999891e+02,-8.332144925430878857e+01
4.664027226562500346e+02,-8.349112889243266977e+01
4.664030156250000232e+02,-8.404142754854424879e+01
4.664033085937500118e+02,-8.331301429229149846e+01
4.664036015625000005e+02,-8.296717310533537670e+01
4.664038945312499891e+02,-1.024551771032379008e+02
4.664041875000000346e+02,-8.447627869705809189e+01
4.664044804687500232e+02,-8.235622110639624793e+01
4.664047734375000118e+02,-8.293065141303115695e+01
4.664050664062500005e+02,-7.960767600145723577e+01
4.664053593749999891e+02,-8.260636222338023060e+01
4.664056523437500346e+02,-8.403717329792596047e+01
4.664059453125000232e+02,-8.074913408786846958e+01
4.664062382812500118e+02,-8.275150692495385840e+01
4.664065312500000005e+02,-8.452123631600159115e+01
4.664068242187499891e+02,-7.834763151972276773e+01
4.664071171875000346e+02,-7.793677935966076120e+01
4.664074101562500232e+02,-8.047332825470485318e+01
4.664077031250000118e+02,-7.962960183656413449e+01
4.664079960937500005e+02,-8.542910688449688905e+01
4.664082890624999891e+02,-8.248352269023725114e+01
4.664085820312500346e+02,-8.087466063372632163e+01
4.664088750000000232e+02,-8.379840022285095813e+01
4.664091679687500118e+02,-7.939621788523518831e+01
4.664094609375000005e+02,-7.726776697889434331e+01
4.664097539062499891e+02,-8.070730200259531273e+01
4.664100468750000346e+02,-8.220500036959565193e+01
4.664103398437500232e+02,-8.417536563614996226e+01
4.664106328125000118e+02,-8.699102276011019796e+01
4.664109257812500005e+02,-7.992420663467524378e+01
4.664112187499999891e+02,-8.058557162465305623e+01
4.664115117187500346e+02,-8.073062855285728290e+01
4.664118046875000232e+02,-7.942170733017233886e+01
4.664120976562500118e+02,-8.041310521627637797e+01
4.664123906250000005e+02,-9.439538566357211380e+01
4.664126835937499891e+02,-9.187807612309939032e+01
4.664129765625000346e+02,-9.125133341043549251e+01
4.664132695312500232e+02,-8.278976363708443387e+01
4.664135625000000118e+02,-7.858401933101417569e+01
4.664138554687500005e+02,-7.816944257369327431e+01
4.664141484374999891e+02,-8.253621662281776139e+01
4.664144414062500346e+02,-8.511363241000049129e+01
4.664147343750000232e+02,-8.995475023660078762e+01
4.664150273437500118e+02,-8.409343767027479544e+01
4.664153203125000005e+02,-8.610541718211882767e+01
4.664156132812499891e+02,-8.168992599021387946e+01
4.664159062500000346e+02,-8.137452287507139204e+01
4.664161992187500232e+02,-7.797260559638780819e+01
4.664164921875000118e+02,-7.844222854003805878e+01
4.664167851562500005e+02,-9.340762991093554035e+01
4.664170781249999891e+02,-9.365897541365083612e+01
4.664173710937500346e+02,-8.294013348612459424e+01
4.664176640625000232e+02,-8.112823868011744821e+01
4.664179570312500118e+02,-8.037582616310864125e+01
4.664182500000000005e+02,-7.844815921286789262e+01
4.664185429687499891e+02,-8.226797974830260785e+01
4.664188359375000346e+02,-7.966271919125898648e+01
4.664191289062500232e+02,-8.719742761173314705e+01
4.664194218750000118e+02,-8.081719665190814794e+01
4.664197148437500005e+02,-8.187710607955936837e+01
4.664200078124999891e+02,-8.191905347627374567e+01
4.664203007812500346e+02,-8.568736740491101500e+01
4.664205937500000232e+02,-8.004015038206065924e+01
4.664208867187500118e+02,-7.701561811044648209e+01
4.664211796875000005e+02,-8.446667215922903438e+01
4.664214726562499891e+02,-8.434348068795964082e+01
4.664217656250000346e+02,-8.259659149681924362e+01
4.664220585937500232e+02,-7.789837674037922000e+01
4.664223515625000118e+02,-8.044771039281528147e+01
4.664226445312500005e+02,-8.668113589273524155e+01
4.664229374999999891e+02,-9.234609244141829265e+01
4.664232304687500346e+02,-7.868640401831379450e+01
4.664235234375000232e+02,-7.711745310948589349e+01
4.664238164062500118e+02,-8.898316263500832690e+01
4.664241093750000005e+02,-8.051703053899760221e+01
4.664244023437499891e+02,-7.789794050061824748e+01
4.664246953125000346e+02,-7.902887109947448607e+01
4.664249882812500232e+02,-8.220302864158269074e+01
4.664252812500000118e+02,-8.420194123337986980e+01
4.664255742187500005e+02,-8.092249900224581438e+01
4.664258671874999891e+02,-7.713568085439349886e+01
4.664261601562500346e+02,-7.982715753108715262e+01
4.664264531250000232e+02,-8.478976937512180712e+01
4.664267460937500118e+02,-7.676235608196066096e+01
4.664270390625000005e+02,-7.697244892775601954e+01
4.664273320312499891e+02,-8.285510926895307193e+01
4.664276250000000346e+02,-8.448875618055977554e+01
4.664279179687500232e+02,-8.211706946357827519e+01
4.664282109375000118e+02,-7.818389421113904802e+01
4.664285039062500005e+02,-7.778123447178822403e+01
4.664287968749999891e+02,-8.746039313946882032e+01
4.664290898437500346e+02,-8.149934291802681230e+01
4.664293828125000232e+02,-7.690429321733451218e+01
4.664296757812500118e+02,-7.791590027358003567e+01
4.664299687500000005e+02,-9.507348878684881299e+01
4.664302617187499891e+02,-8.399917325179067973e+01
4.664305546875000346e+02,-8.484807248837903160e+01
4.664308476562500232e+02,-7.967271987917995091e+01
4.664311406250000118e+02,-8.209487210880938335e+01
4.664314335937500005e+02,-9.299969042825705401e+01
4.664317265624999891e+02,-8.299034667209838290e+01
4.664320195312500346e+02,-7.933780614055584124e+01
4.664323125000000232e+02,-7.997339629914877435e+01
4.664326054687500118e+02,-8.780454175194542188e+01
4.664328984375000005e+02,-8.877515547522611428e+01
4.664331914062499891e+02,-9.427644659320321807e+01
4.664334843750000346e+02,-8.433617168566725297e+01
4.664337773437500232e+02,-9.096497308992712760e+01
4.664340703125000118e+02,-9.396219036600727748e+01
4.664343632812500005e+02,-9.014941495003732541e+01
4.664346562499999891e+02,-8.411538572047626872e+01
4.664349492187500346e+02,-8.579224531428805278e+01
4.664352421875000232e+02,-8.651923354630568497e+01
4.664355351562500118e+02,-1.040244036113289496e+02
4.664358281250000005e+02,-9.098500497751011551e+01
4.664361210937499891e+02,-9.013603137141673471e+01
4.664364140625000346e+02,-9.629075781073693463e+01
4.664367070312500232e+02,-9.594799118228496582e+01
4.664370000000000118e+02,-9.826849069246641477e+01
4.664372929687500005e+02,-9.170650534496826367e+01
4.664375859374999891e+02,-9.209325431434778864e+01
4.664378789062500346e+02,-9.434683462047755143e+01
4.664381718750000232e+02,-8.904647097788850374e+01
4.664384648437500118e+02,-8.620944155259743980e+01
4.664387578125000005e+02,-9.675575750734793701e+01
4.664390507812499891e+02,-9.003606651206533229e+01
4.664393437500000346e+02,-8.596334449738367312e+01
4.664396367187500232e+02,-8.919842146081685996e+01
4.664399296875000118e+02,-8.737994778488842940e+01
4.664402226562500005e+02,-8.844338708893505441e+01
4.664405156249999891e+02,-9.883974527593071002e+01
4.664408085937500346e+02,-8.977346198805521738e+01
4.664411015625000232e+02,-8.841739458273458752e+01
4.664413945312500118e+02,-1.117411559526216394e+02
4.664416875000000005e+02,-8.472054304473340380e+01
4.664419804687499891e+02,-8.302827022750817321e+01
4.664422734375000346e+02,-8.603079317765212863e+01
4.664425664062500232e+02,-8.222359807173879176e+01
4.664428593750000118e+02,-8.688070317413706789e+01
4.664431523437500005e+02,-9.762615078009247327e+01
4.664434453124999891e+02,-9.585699426358007713e+01
4.664437382812500346e+02,-9.758887057075557436e+01
4.664440312500000232e+02,-1.013734194444309225e+02
4.664443242187500118e+02,-8.256749515732576583e+01
4.664446171875000005e+02,-8.343132348808374843e+01
4.664449101562499891e+02,-8.499495260497864990e+01
4.664452031250000346e+02,-8.074009835653527034e+01
4.664454960937500232e+02,-8.374505654870000626e+01
4.664457890625000118e+02,-8.546126325177550598e+01
4.664460820312500005e+02,-8.873304167498433515e+01
4.664463749999999891e+02,-1.004921704645521459e+02
4.664466679687500346e+02,-9.103922645489251408e+01
4.664469609375000232e+02,-8.255373317317284432e+01
4.664472539062500118e+02,-8.883830774612617631e+01
4.664475468750000005e+02,-8.380058454653351419e+01
4.664478398437499891e+02,-8.105889075577036351e+01
4.664481328125000346e+02,-8.152158628537848983e+01
4.664484257812500232e+02,-8.130425589683758858e+01
4.664487187500000118e+02,-8.766780078255260378e+01
4.664490117187500005e+02,-8.885457856043953484e+01
4.664493046874999891e+02,-8.698337791832560129e+01
4.664495976562500346e+02,-8.646959131184750902e+01
4.664498906250000232e+02,-9.056792937273777966e+01
4.664501835937500118e+02,-8.259084344902277053e+01
4.664504765625000005e+02,-8.281441782625492465e+01
4.664507695312499891e+02,-8.137845730137311762e+01
4.664510625000000346e+02,-8.152788730943882456e+01
4.664513554687500232e+02,-8.837266468058460589e+01
4.664516484375000118e+02,-8.348864575316349601e+01
4.664519414062500005e+02,-8.452254379741285106e+01
4.664522343749999891e+02,-9.049029071776334376e+01
4.664525273437500346e+02,-8.353473650717077703e+01
4.664528203125000232e+02,-8.448211262753068240e+01
4.664531132812500118e+02,-8.655574062774859101e+01
4.664534062500000005e+02,-8.436916207294780179e+01
4.664536992187499891e+02,-8.785479033751533962e+01
4.664539921875000346e+02,-8.501528000065177082e+01
4.664542851562500232e+02,-8.433491316899292656e+01
4.664545781250000118e+02,-8.714256539375904254e+01
4.664548710937500005e+02,-9.150772924091748450e+01
4.664551640624999891e+02,-8.571473641879377681e+01
4.664554570312500346e+02,-9.075076106741759929e+01
4.664557500000000232e+02,-8.680820961557499515e+01
4.664560429687500118e+02,-9.067156479735547236e+01
4.664563359375000005e+02,-9.248396562775130292e+01
4.664566289062499891e+02,-8.247781126204452562e+01
4.664569218750000346e+02,-8.944583414553569867e+01
4.664572148437500232e+02,-9.653103927043277110e+01
4.664575078125000118e+02,-9.221793092061425057e+01
4.664578007812500005e+02,-8.958515390219673691e+01
4.664580937499999891e+02,-8.846017655577151118e+01
4.664583867187500346e+02,-8.376753133836291454e+01
4.664586796875000232e+02,-9.900048101890607199e+01
4.664589726562500118e+02,-8.600964630162522440e+01
4.664592656250000005e+02,-8.211213029385683626e+01
4.664595585937499891e+02,-8.781576282205834616e+01
4.664598515625000346e+02,-9.044854535115733540e+01
4.664601445312500232e+02,-8.284036936600053025e+01
4.664604375000000118e+02,-8.561601571530736976e+01
4.664607304687500005e+02,-8.298767278733697594e+01
4.664610234374999891e+02,-7.995510547277457647e+01
4.664613164062500346e+02,-9.039189639966735967e+01
4.664616093750000232e+02,-8.750954650055052753e+01
4.664619023437500118e+02,-8.262174915173973488e+01
4.664621953125000005e+02,-8.437238148436911445e+01
4.664624882812499891e+02,-8.472343539717715544e+01
4.664627812500000346e+02,-8.050101645390705585e+01
4.664630742187500232e+02,-8.759156965781923532e+01
4.664633671875000118e+02,-8.167695490995751584e+01
4.664636601562500005e+02,-7.861651396365638789e+01
4.664639531249999891e+02,-8.613663157184204522e+01
4.664642460937500346e+02,-9.172324896675270622e+01
4.664645390625000232e+02,-8.388582119632475553e+01
4.664648320312500118e+02,-8.736796942081826955e+01
4.664651250000000005e+02,-8.449718317940894963e+01
4.664654179687499891e+02,-8.582623273596196611e+01
4.664657109375000346e+02,-8.877091532652866590e+01
4.664660039062500232e+02,-8.338394135650776207e+01
4.664662968750000118e+02,-7.959661430047384556e+01
4.664665898437500005e+02,-8.638640122271850430e+01
4.664668828124999891e+02,-9.471350364870174587e+01
4.664671757812500346e+02,-8.708477942531865779e+01
4.664674687500000232e+02,-9.074388538775818347e+01
4.664677617187500118e+02,-8.589728257001533507e+01
4.664680546875000005e+02,-8.637065365665760908e+01
4.664683476562499891e+02,-7.889885208699163854e+01
4.664686406250000346e+02,-8.597321920989020327e+01
4.664689335937500232e+02,-8.295193524140705676e+01
4.664692265625000118e+02,-8.769291358195030739e+01
4.664695195312500005e+02,-9.441390112521486344e+01
4.664698124999999891e+02,-9.919182751773354312e+01
4.664701054687500346e+02,-8.211927593817168258e+01
4.664703984375000232e+02,-8.451682006397237501e+01
4.664706914062500118e+02,-7.879265449909283348e+01
4.664709843750000005e+02,-7.581127739089080819e+01
4.664712773437499891e+02,-8.382314128949371934e+01
4.664715703125000346e+02,-8.135031421531515150e+01
4.664718632812500232e+02,-8.048327159616763993e+01
4.664721562500000118e+02,-8.261663954950735445e+01
4.664724492187500005e+02,-8.781111160262062754e+01
4.664727421874999891e+02,-8.054564796507597180e+01
4.664730351562500346e+02,-8.236362019314594818e+01
4.664733281250000232e+02,-7.654189541485202142e+01
4.664736210937500118e+02,-7.666633865333952258e+01
4.664739140625000005e+02,-7.991394974130750484e+01
4.664742070312499891e+02,-7.721833817595961591e+01
4.664745000000000346e+02,-7.768217585239563050e+01
4.664747929687500232e+02,-7.839922406696464918e+01
4.664750859375000118e+02,-8.368242975016116247e+01
4.664753789062500005e+02,-8.365572561402153440e+01
4.664756718749999891e+02,-8.334239693470978239e+01
4.664759648437500346e+02,-7.801183271365333383e+01
4.664762578125000232e+02,-8.441070010857782790e+01
4.664765507812500118e+02,-8.009767692770844860e+01
4.664768437500000005e+02,-7.652278836770440762e+01
4.664771367187499891e+02,-7.919638252252759969e+01
4.664774296875000346e+02,-7.781313583225885111e+01
4.664777226562500232e+02,-8.277108978941527084e+01
4.664780156250000118e+02,-9.885735859235069256e+01
4.664783085937500005e+02,-8.402842557964277148e+01
4.664786015624999891e+02,-8.243793123335457551e+01
4.664788945312500346e+02,-9.180132095516512436e+01
4.664791875000000232e+02,-8.386371841482730360e+01
4.664794804687500118e+02,-7.948294703054892807e+01
4.664797734375000005e+02,-8.529107495216149459e+01
4.664800664062499891e+02,-8.072711749344901477e+01
4.664803593750000346e+02,-8.388048441175158132e+01
4.664806523437500232e+02,-9.109414593792259041e+01
4.664809453125000118e+02,-8.143369578391366304e+01
4.664812382812500005e+02,-7.884804682174581103e+01
4.664815312499999891e+02,-8.732463849786844889e+01
4.664818242187500346e+02,-8.547691913876155922e+01
4.664821171875000232e+02,-8.134434879444151534e+01
4.664824101562500118e+02,-8.955666568359418989e+01
4.664827031250000005e+02,-8.828970464728215006e+01
4.664829960937499891e+02,-8.362613265602811907e+01
4.664832890625000346e+02,-8.442899747974529134e+01
4.664835820312500232e+02,-7.769391761593156787e+01
4.664838750000000118e+02,-7.696087438527952429e+01
4.664841679687500005e+02,-9.605464907714883793e+01
4.664844609374999891e+02,-8.273520612162016619e+01
4.664847539062500346e+02,-8.173094166642448499e+01
4.664850468750000232e+02,-8.784998327084400671e+01
4.664853398437500118e+02,-8.813326391161999140e+01
4.664856328125000005e+02,-8.332649827125423769e+01
4.664859257812499891e+02,-8.112073554876621984e+01
4.664862187500000346e+02,-7.604966802967938122e+01
4.664865117187500232e+02,-7.882402513110250197e+01
4.664868046875000118e+02,-8.181980677033082827e+01
4.664870976562500005e+02,-8.525293486168111201e+01
4.664873906249999891e+02,-8.745502601222216299e+01
4.664876835937500346e+02,-8.572434365628366493e+01
4.664879765625000232e+02,-8.160417335005368500e+01
4.664882695312500118e+02,-8.054109032966331938e+01
4.664885625000000005e+02,-7.818605087718145796e+01
4.664888554687499891e+02,-7.652352967307295728e+01
4.664891484375000346e+02,-7.807637008822155167e+01
4.664894414062500232e+02,-7.930767331664586095e+01
4.664897343750000118e+02,-1.088058643819106521e+02
4.664900273437500005e+02,-8.444187883811159168e+01
4.664903203124999891e+02,-8.121531161520168496e+01
4.664906132812500346e+02,-7.954252472162232834e+01
4.664909062500000232e+02,-7.783333241318401008e+01
4.664911992187500118e+02,-7.696055467180380560e+01
4.664914921875000005e+02,-7.821873376771640096e+01
4.664917851562499891e+02,-7.798683362255731311e+01
4.664920781250000346e+02,-8.057241483837847795e+01
4.664923710937500232e+02,-8.463815933759711641e+01
4.664926640625000118e+02,-8.040188734129641546e+01
4.664929570312500005e+02,-7.824572045762464256e+01
4.664932499999999891e+02,-7.762670576814427648e+01
4.664935429687500346e+02,-7.790172569793352864e+01
4.664938359375000232e+02,-7.872507889884906263e+01
4.664941289062500118e+02,-8.050036271651882203e+01
4.664944218750000005e+02,-8.193320960380526685e+01
4.664947148437499891e+02,-8.119000209151218428e+01
4.664950078125000346e+02,-8.302786428132580454e+01
4.664953007812500232e+02,-8.350430856661132850e+01
4.664955937500000118e+02,-7.920284269731959625e+01
4.664958867187500005e+02,-7.842092390211884378e+01
4.664961796874999891e+02,-8.266144878543843788e+01
4.664964726562500346e+02,-8.318263923205233823e+01
4.664967656250000232e+02,-8.289611121467430621e+01
4.664970585937500118e+02,-8.290242942881403110e+01
4.664973515625000005e+02,-8.231074149045750232e+01
4.664976445312499891e+02,-8.780830271322123792e+01
4.664979375000000346e+02,-9.008938013853628490e+01
4.664982304687500232e+02,-8.733412004326908118e+01
4.664985234375000118e+02,-8.458860157957353465e+01
4.664988164062500005e+02,-8.577505492125162334e+01
4.664991093749999891e+02,-9.296482801463227474e+01
4.664994023437500346e+02,-8.404895056542072496e+01
4.664996953125000232e+02,-8.101838144245861884e+01
4.664999882812500118e+02,-8.855588459712387817e+01
4.665002812500000005e+02,-8.149183428363383541e+01
4.665005742187499891e+02,-7.895138267053829395e+01
4.665008671875000346e+02,-8.550823321639690278e+01
4.665011601562500232e+02,-8.190891407103883637e+01
4.665014531250000118e+02,-7.896077686341621416e+01
4.665017460937500005e+02,-8.611827939569079149e+01
4.665020390624999891e+02,-8.970669821435451752e+01
4.665023320312500346e+02,-8.806390259858750369e+01
4.665026250000000232e+02,-9.145614097821159305e+01
4.665029179687500118e+02,-7.825086558706422579e+01
4.665032109375000005e+02,-7.591275038615674475e+01
4.665035039062499891e+02,-7.849189106739603972e+01
4.665037968750000346e+02,-7.883336383797852420e+01
4.665040898437500232e+02,-7.827259643847020243e+01
4.665043828125000118e+02,-8.159248816134382309e+01
4.665046757812500005e+02,-8.416535604759978639e+01
4.665049687499999891e+02,-8.244291925602354354e+01
4.665052617187500346e+02,-8.522510208018731248e+01
4.665055546875000232e+02,-8.091431771369829562e+01
4.665058476562500118e+02,-7.732345460588932440e+01
4.665061406250000005e+02,-7.854897199405763786e+01
4.665064335937499891e+02,-8.203775873446537048e+01
4.665067265625000346e+02,-8.227732452503687455e+01
4.665070195312500232e+02,-8.165724551450179547e+01
4.665073125000000118e+02,-7.742140122442896200e+01
4.665076054687500005e+02,-7.685681005421970724e+01
4.665078984374999891e+02,-8.774480319217769875e+01
4.665081914062500346e+02,-8.562957123819514038e+01
4.665084843750000232e+02,-8.594044356628934622e+01
4.665087773437500118e+02,-8.520422712846438174e+01
4.665090703125000005e+02,-8.233111327415726066e+01
4.665093632812499891e+02,-8.708432050941030411e+01
4.665096562500000346e+02,-8.418233274665909960e+01
4.665099492187500232e+02,-7.617753287360270065e+01
4.665102421875000118e+02,-7.796100743957869383e+01
4.665105351562500005e+02,-8.442075264276076041e+01
4.665108281249999891e+02,-7.834973809070424977e+01
4.665111210937500346e+02,-8.302981069942381964e+01
4.665114140625000232e+02,-8.352519937847419840e+01
4.665117070312500118e+02,-7.781004662098629865e+01
4.665120000000000005e+02,-8.052867026271236739e+01
4.665122929687499891e+02,-9.097445426179919536e+01
4.665125859375000346e+02,-7.877069089698676407e+01
4.665128789062500232e+02,-8.383312412062535657e+01
4.665131718750000118e+02,-7.923546355469166258e+01
4.665134648437500005e+02,-7.562287165329748007e+01
4.665137578124999891e+02,-7.759098994481044542e+01
4.665140507812500346e+02,-7.986467544263236107e+01
4.665143437500000232e+02,-7.681466168445432174e+01
4.665146367187500118e+02,-7.750358567438979662e+01
4.665149296875000005e+02,-9.320936928325870952e+01
4.665152226562499891e+02,-9.073543751178928574e+01
4.665155156250000346e+02,-8.427711478741515805e+01
4.665158085937500232e+02,-7.872582627067471606e+01
4.665161015625000118e+02,-7.790920377037399192e+01
4.665163945312500005e+02,-7.938588563790426633e+01
4.665166874999999891e+02,-8.245175154741177437e+01
4.665169804687500346e+02,-7.915142611540298390e+01
4.665172734375000232e+02,-7.707252155558133211e+01
4.665175664062500118e+02,-8.454694789837699886e+01
4.665178593750000005e+02,-8.631715089173779631e+01
4.665181523437499891e+02,-8.211519153786531433e+01
4.665184453125000346e+02,-8.229633602369331413e+01
4.665187382812500232e+02,-8.599544365254330103e+01
4.665190312500000118e+02,-9.114955347621558701e+01
4.665193242187500005e+02,-9.351126290119979956e+01
4.665196171874999891e+02,-8.144780216238119408e+01
4.665199101562500346e+02,-7.811155099802788015e+01
4.665202031250000232e+02,-8.310384242174792746e+01
4.665204960937500118e+02,-8.497827897545485598e+01
4.665207890625000005e+02,-8.472793734929190634e+01
4.665210820312499891e+02,-8.549724876662310180e+01
4.665213750000000346e+02,-8.397908393830579143e+01
4.665216679687500232e+02,-8.525419933181551357e+01
4.665219609375000118e+02,-8.565514331432783024e+01
4.665222539062500005e+02,-7.914829304941368093e+01
4.665225468749999891e+02,-7.823820949087495080e+01
4.665228398437500346e+02,-8.194150667772872509e+01
4.665231328125000232e+02,-8.862433750101669716e+01
4.665234257812500118e+02,-8.919277534194077361e+01
4.665237187500000005e+02,-8.027662811261834008e+01
4.665240117187499891e+02,-7.834471293933354730e+01
4.665243046875000346e+02,-7.921582016917865587e+01
4.665245976562500232e+02,-8.207376497134239912e+01
4.665248906250000118e+02,-8.124725349673560970e+01
4.665251835937500005e+02,-8.034201393015250403e+01
4.665254765624999891e+02,-8.306832249088209608e+01
4.665257695312500346e+02,-9.616620334200916886e+01
4.665260625000000232e+02,-8.392303449108020175e+01
4.665263554687500118e+02,-7.775009839422837388e+01
4.665266484375000005e+02,-7.743530922549385309e+01
4.665269414062499891e+02,-7.767672893360094122e+01
4.665272343750000346e+02,-8.676413133166010994e+01
4.665275273437500232e+02,-9.852525223922150133e+01
4.665278203125000118e+02,-7.993566575688666376e+01
4.665281132812500005e+02,-8.003631328717149529e+01
4.665284062499999891e+02,-8.614527952998872706e+01
4.665286992187500346e+02,-8.232048645031932210e+01
4.665289921875000232e+02,-7.851816937352303682e+01
4.665292851562500118e+02,-7.806643288029243877e+01
4.665295781250000005e+02,-7.756765400976398439e+01
4.665298710937499891e+02,-1.004944621433099599e+02
4.665301640625000346e+02,-8.610418154101991206e+01
4.665304570312500232e+02,-7.818846670797182696e+01
4.665307500000000118e+02,-7.674617889954718919e+01
4.665310429687500005e+02,-8.005893598277137357e+01
4.665313359374999891e+02,-8.422333178270113763e+01
4.665316289062500346e+02,-8.240684727914660357e+01
4.665319218750000232e+02,-7.896305141943390993e+01
4.665322148437500118e+02,-7.831211524546444025e+01
4.665325078125000005e+02,-8.777313289907419858e+01
4.665328007812499891e+02,-8.519563415887117230e+01
4.665330937500000346e+02,-7.668860641582924131e+01
4.665333867187500232e+02,-7.451895492661134313e+01
4.665336796875000118e+02,-7.967759396697883290e+01
4.665339726562500005e+02,-8.980006211569161678e+01
4.665342656249999891e+02,-8.602238854735473694e+01
4.665345585937500346e+02,-7.969494660332449598e+01
4.665348515625000232e+02,-7.858161184510728958e+01
4.665351445312500118e+02,-9.304156732392185347e+01
4.665354375000000005e+02,-8.314191228052875715e+01
4.665357304687499891e+02,-7.666739308814938170e+01
4.665360234375000346e+02,-7.497322575187037330e+01
4.665363164062500232e+02,-8.407590123158684037e+01
4.665366093750000118e+02,-9.324548584248265115e+01
4.665369023437500005e+02,-8.837613231620152021e+01
4.665371953124999891e+02,-8.043689634934013100e+01
4.665374882812500346e+02,-7.846748655011965923e+01
4.665377812500000232e+02,-8.148820194535139194e+01
4.665380742187500118e+02,-7.770967245677280744e+01
4.665383671875000005e+02,-7.820186768121457987e+01
4.665386601562499891e+02,-8.071195570960094301e+01
4.665389531250000346e+02,-8.325656012081250879e+01
4.665392460937500232e+02,-8.685618081417906922e+01
4.665395390625000118e+02,-8.862311509252660358e+01
4.665398320312500005e+02,-8.237720719062595265e+01
4.665401249999999891e+02,-7.910057611040996051e+01
4.665404179687500346e+02,-7.692705207625580499e+01
4.665407109375000232e+02,-7.691831084538458185e+01
4.665410039062500118e+02,-8.533347133557555253e+01
4.665412968750000005e+02,-8.529901730741579513e+01
4.665415898437499891e+02,-7.838558795867795936e+01
4.665418828125000346e+02,-8.176693709078377026e+01
4.665421757812500232e+02,-8.513115700850957523e+01
4.665424687500000118e+02,-8.839666136285529774e+01
4.665427617187500005e+02,-8.374948199510311042e+01
4.665430546874999891e+02,-7.879622479202959084e+01
4.665433476562500346e+02,-8.011543017413046641e+01
4.665436406250000232e+02,-8.908376561349587064e+01
4.665439335937500118e+02,-7.791795170032824558e+01
4.665442265625000005e+02,-7.763776885291457575e+01
4.665445195312499891e+02,-7.988636416557538666e+01
4.665448125000000346e+02,-8.664758278864447050e+01
4.665451054687500232e+02,-1.014019356551521014e+02
4.665453984375000118e+02,-1.171491060306706657e+02
4.665456914062500005e+02,-8.805809018482115391e+01
4.665459843749999891e+02,-8.923400131698846849e+01
4.665462773437500346e+02,-8.063742160613826115e+01
4.665465703125000232e+02,-7.740565839506311363e+01
4.665468632812500118e+02,-8.067590659585250989e+01
4.665471562500000005e+02,-8.266822673337287597e+01
4.665474492187499891e+02,-9.589513453635942142e+01
4.665477421875000346e+02,-8.586371620123705384e+01
4.665480351562500232e+02,-8.134510133435628632e+01
4.665483281250000118e+02,-8.411969215176945625e+01
4.665486210937500005e+02,-9.998952569684240643e+01
4.665489140624999891e+02,-8.043558469398702471e+01
4.665492070312500346e+02,-8.207815202175807201e+01
4.665495000000000232e+02,-8.242751951986392100e+01
4.665497929687500118e+02,-8.836268411041402260e+01
4.665500859375000005e+02,-8.804853701940018595e+01
4.665503789062499891e+02,-8.259912727391279930e+01
4.665506718750000346e+02,-7.607109426538438868e+01
4.665509648437500232e+02,-7.969233650882534903e+01
4.665512578125000118e+02,-1.018146666996562999e+02
4.665515507812500005e+02,-8.460313377262750123e+01
4.665518437499999891e+02,-9.463660160557871848e+01
4.665521367187500346e+02,-7.998126134738831183e+01
4.665524296875000232e+02,-8.360067454052567371e+01
4.665527226562500118e+02,-9.174622481328873391e+01
4.665530156250000005e+02,-8.113057730957400793e+01
4.665533085937499891e+02,-7.555929893493583904e+01
4.665536015625000346e+02,-7.984882194391946086e+01
4.665538945312500232e+02,-8.688556022639917842e+01
4.665541875000000118e+02,-8.466927242756116812e+01
4.665544804687500005e+02,-8.820156826030705588e+01
4.665547734374999891e+02,-7.958703144011222719e+01
4.665550664062500346e+02,-8.409465049224255040e+01
4.665553593750000232e+02,-7.904623488244332918e+01
4.665556523437500118e+02,-7.914196169461430941e+01
4.665559453125000005e+02,-7.781881955379132876e+01
4.665562382812499891e+02,-8.105876162709296295e+01
4.665565312500000346e+02,-8.189864675040922748e+01
4.665568242187500232e+02,-8.225761884785136147e+01
4.665571171875000118e+02,-8.134951731392442298e+01
4.665574101562500005e+02,-8.082607839152541374e+01
4.665577031249999891e+02,-8.721456761156856885e+01
4.665579960937500346e+02,-7.322983528215965521e+01
4.665582890625000232e+02,-7.720365089991756236e+01
4.665585820312500118e+02,-8.514781035058507541e+01
4.665588750000000005e+02,-8.460307219321420291e+01
4.665591679687499891e+02,-8.299813415011435325e+01
4.665594609375000346e+02,-8.052567041993582109e+01
4.665597539062500232e+02,-7.703931797207341958e+01
4.665600468750000118e+02,-8.298835817214711597e+01
4.665603398437500005e+02,-7.886505841799667849e+01
4.665606328124999891e+02,-7.122560189366028283e+01
4.665609257812500346e+02,-7.554416928061738190e+01
4.665612187500000232e+02,-9.353975533553905564e+01
4.665615117187500118e+02,-9.487688006910475735e+01
4.665618046875000005e+02,-9.333553247886811732e+01
4.665620976562499891e+02,-7.994982347671701461e+01
4.665623906250000346e+02,-7.684157613025095657e+01
4.665626835937500232e+02,-9.293719513052283787e+01
4.665629765625000118e+02,-7.671042158271463052e+01
4.665632695312500005e+02,-7.240498887696278985e+01
4.665635624999999891e+02,-7.546038415168857227e+01
4.665638554687500346e+02,-7.954177202129196189e+01
4.665641484375000232e+02,-8.672807021903508939e+01
4.665644414062500118e+02,-8.666187636130098326e+01
4.665647343750000005e+02,-8.112626712318413524e+01
4.665650273437499891e+02,-8.176232704022248754e+01
4.665653203125000346e+02,-8.833321959396459988e+01
4.665656132812500232e+02,-7.890354080755871280e+01
4.665659062500000118e+02,-7.723035251928881451e+01
4.665661992187500005e+02,-7.771237587955431536e+01
4.665664921874999891e+02,-7.662524182781561422e+01
4.665667851562500346e+02,-8.111723065832306645e+01
4.665670781250000232e+02,-8.390789079260237315e+01
4.665673710937500118e+02,-8.858351347983203539e+01
4.665676640625000005e+02,-8.559898003274813050e+01
4.665679570312499891e+02,-8.275892910747825226e+01
4.665682500000000346e+02,-8.986350847795176833e+01
4.665685429687500232e+02,-8.715051133800474759e+01
4.665688359375000118e+02,-8.063641434765580129e+01
4.665691289062500005e+02,-7.600567861858165486e+01
4.665694218749999891e+02,-7.832884667950708035e+01
4.665697148437500346e+02,-9.110757599609328850e+01
4.665700078125000232e+02,-8.472431780096832199e+01
4.665703007812500118e+02,-7.890955602878115371e+01
4.665705937500000005e+02,-8.382484476339502066e+01
4.665708867187499891e+02,-8.455466446013929271e+01
4.665711796875000346e+02,-8.598764722878671307e+01
4.665714726562500232e+02,-8.237250463248699361e+01
4.665717656250000118e+02,-7.668904694430877100e+01
4.665720585937500005e+02,-7.723085315262471795e+01
4.665723515624999891e+02,-8.881451837546566708e+01
4.665726445312500346e+02,-7.908390553905684328e+01
4.665729375000000232e+02,-7.837801123513261814e+01
4.665732304687500118e+02,-8.520425810899126873e+01
4.665735234375000005e+02,-8.128728909163670835e+01
4.665738164062499891e+02,-9.294797074697753203e+01
4.665741093750000346e+02,-8.365122490590813698e+01
4.665744023437500232e+02,-7.758711098329824551e+01
4.665746953125000118e+02,-7.894763157928474584e+01
4.665749882812500005e+02,-8.054986064930938028e+01
4.665752812499999891e+02,-7.878031674286698660e+01
4.665755742187500346e+02,-8.283334258085623958e+01
4.665758671875000232e+02,-8.202572033273283125e+01
4.665761601562500118e+02,-8.457616080350118182e+01
4.665764531250000005e+02,-8.031357913416221095e+01
4.665767460937499891e+02,-8.234002153406731850e+01
4.665770390625000346e+02,-7.858867968294259754e+01
4.665773320312500232e+02,-8.453072169910861078e+01
4.665776250000000118e+02,-7.891331315914612787e+01
4.665779179687500005e+02,-8.109902006433330257e+01
4.665782109374999891e+02,-9.193943463792508908e+01
4.665785039062500346e+02,-8.092922629143785684e+01
4.665787968750000232e+02,-8.029280366173559003e+01
4.665790898437500118e+02,-7.532075745735460259e+01
4.665793828125000005e+02,-8.055115879634035991e+01
4.665796757812499891e+02,-7.851886609344458634e+01
4.665799687500000346e+02,-9.320712369821008281e+01
4.665802617187500232e+02,-8.047004069779174529e+01
4.665805546875000118e+02,-8.299381157174984480e+01
4.665808476562500005e+02,-8.298466962169050021e+01
4.665811406249999891e+02,-8.184482717620552705e+01
4.665814335937500346e+02,-7.704470032577741279e+01
4.665817265625000232e+02,-7.593171753278421932e+01
4.665820195312500118e+02,-8.106691706559678323e+01
4.665823125000000005e+02,-7.835514488745081962e+01
4.665826054687499891e+02,-8.921993888667522299e+01
4.665828984375000346e+02,-8.425097286076790226e+01
4.665831914062500232e+02,-8.128952742482267979e+01
4.665834843750000118e+02,-8.036290612264942013e+01
4.665837773437500005e+02,-8.611020354099009921e+01
4.665840703124999891e+02,-7.998671799905946500e+01
4.665843632812500346e+02,-8.172408830996553775e+01
4.665846562500000232e+02,-8.358943102654706081e+01
4.665849492187500118e+02,-8.224750608352923109e+01
4.665852421875000005e+02,-9.487753772641841010e+01
4.665855351562499891e+02,-9.248542686911790156e+01
4.665858281250000346e+02,-8.155374027921675406e+01
4.665861210937500232e+02,-8.322626596505716634e+01
4.665864140625000118e+02,-1.013091663484159568e+02
4.665867070312500005e+02,-9.267738736074052497e+01
4.665869999999999891e+02,-8.607710970418827401e+01
4.665872929687500346e+02,-8.367661065020783440e+01
4.665875859375000232e+02,-9.211873196777639805e+01
4.665878789062500118e+02,-8.240373765309172427e+01
4.665881718750000005e+02,-8.505361636842722817e+01
4.665884648437499891e+02,-8.206431021013996485e+01
4.665887578125000346e+02,-8.771858122617486231e+01
4.665890507812500232e+02,-8.598564986842683311e+01
4.665893437500000118e+02,-8.696904590961619874e+01
4.665896367187500005e+02,-7.890343670601754411e+01
4.665899296874999891e+02,-8.050314609461128157e+01
4.665902226562500346e+02,-7.809011648804042238e+01
4.665905156250000232e+02,-7.873333012320483704e+01
4.665908085937500118e+02,-8.090919664284928103e+01
4.665911015625000005e+02,-8.202137590340051077e+01
4.665913945312499891e+02,-8.041451928301236762e+01
4.665916875000000346e+02,-7.998186248819509103e+01
4.665919804687500232e+02,-8.994579021351245274e+01
4.665922734375000118e+02,-7.724311182986407687e+01
4.665925664062500005e+02,-7.739476664438295472e+01
4.665928593749999891e+02,-7.552916897157957976e+01
4.665931523437500346e+02,-7.894168358245538286e+01
4.665934453125000232e+02,-7.920724348719565455e+01
4.665937382812500118e+02,-7.924888584878621600e+01
4.665940312500000005e+02,-7.614075909469292469e+01
4.665943242187499891e+02,-7.774954002712695456e+01
4.665946171875000346e+02,-8.709857797912492572e+01
4.665949101562500232e+02,-8.036180975819421235e+01
4.665952031250000118e+02,-7.750005285565561053e+01
4.665954960937500005e+02,-7.762932468829396271e+01
4.665957890624999891e+02,-8.568449991874247473e+01
4.665960820312500346e+02,-8.156376255257924868e+01
4.665963750000000232e+02,-7.667304978466160037e+01
4.665966679687500118e+02,-7.517104304090165101e+01
4.665969609375000005e+02,-7.808194853056821216e+01
4.665972539062499891e+02,-8.055812507570918513e+01
4.665975468750000346e+02,-8.810602774336112475e+01
4.665978398437500232e+02,-7.911586808799926018e+01
4.665981328125000118e+02,-8.109916654500429445e+01
4.665984257812500005e+02,-8.142309835636058324e+01
4.665987187499999891e+02,-8.589724600161983403e+01
4.665990117187500346e+02,-7.470144309888404166e+01
4.665993046875000232e+02,-7.704838712275700630e+01
4.665995976562500118e+02,-8.012590994294014024e+01
4.665998906250000005e+02,-8.072927860479705942e+01
4.666001835937499891e+02,-9.800089924558608345e+01
4.666004765625000346e+02,-7.771767477331701457e+01
4.666007695312500232e+02,-7.573851509253132974e+01
4.666010625000000118e+02,-7.639162091650001685e+01
4.666013554687500005e+02,-8.356719836719483396e+01
4.666016484374999891e+02,-7.406124544525393105e+01
4.666019414062500346e+02,-7.948185908733299243e+01
4.666022343750000232e+02,-8.667731021071155340e+01
4.666025273437500118e+02,-8.528069659659001900e+01
4.666028203125000005e+02,-8.935144119781774918e+01
4.666031132812499891e+02,-7.594892614345019410e+01
4.666034062500000346e+02,-7.374212201997558225e+01
4.666036992187500232e+02,-7.734526291760917616e+01
4.666039921875000118e+02,-8.254534477836259043e+01
4.666042851562500005e+02,-7.553034931298529386e+01
4.666045781249999891e+02,-7.855091777572610567e+01
4.666048710937500346e+02,-8.288009443032257195e+01
4.666051640625000232e+02,-8.948540421354286423e+01
4.666054570312500118e+02,-8.522984943108571088e+01
4.666057500000000005e+02,-7.731647361537459062e+01
4.666060429687499891e+02,-7.677009837541091031e+01
4.666063359375000346e+02,-8.433116941522369814e+01
4.666066289062500232e+02,-8.113334061218918691e+01
4.666069218750000118e+02,-7.740958536910106602e+01
4.666072148437500005e+02,-7.643291778593305708e+01
4.666075078124999891e+02,-7.906025822569992556e+01
4.666078007812500346e+02,-8.387327745306699001e+01
4.666080937500000232e+02,-8.410070990413471748e+01
4.666083867187500118e+02,-8.254582479428627551e+01
4.666086796875000005e+02,-9.239277892200176723e+01
4.666089726562499891e+02,-8.370051071764193296e+01
4.666092656250000346e+02,-7.883919040135819500e+01
4.666095585937500232e+02,-7.915204389655589523e+01
4.666098515625000118e+02,-7.679764148558686543e+01
4.666101445312500005e+02,-7.901786534202479118e+01
4.666104374999999891e+02,-8.314841988066160638e+01
4.666107304687500346e+02,-8.520637718319792953e+01
4.666110234375000232e+02,-1.151608112674320807e+02
4.666113164062500118e+02,-7.937360600389817478e+01
4.666116093750000005e+02,-8.261079305554149244e+01
4.666119023437499891e+02,-8.005230425814134776e+01
4.666121953125000346e+02,-7.939849382754066198e+01
4.666124882812500232e+02,-7.882430989465586890e+01
4.666127812500000118e+02,-8.093762922310084207e+01
4.666130742187500005e+02,-8.818443107945222437e+01
4.666133671874999891e+02,-8.545935990618103517e+01
4.666136601562500346e+02,-8.301608776578359539e+01
4.666139531250000232e+02,-7.693893177661277605e+01
4.666142460937500118e+02,-8.895969939208710286e+01
4.666145390625000005e+02,-8.841143215252466803e+01
4.666148320312499891e+02,-8.056608866108720690e+01
4.666151250000000346e+02,-8.189256738408462866e+01
4.666154179687500232e+02,-8.076605189625749404e+01
4.666157109375000118e+02,-8.945538832096063686e+01
4.666160039062500005e+02,-8.875749324124400630e+01
4.666162968749999891e+02,-8.276308223063269054e+01
4.666165898437500346e+02,-8.162892278130071588e+01
4.666168828125000232e+02,-8.679335495986975957e+01
4.666171757812500118e+02,-8.460793504297151912e+01
4.666174687500000005e+02,-8.153640766436637932e+01
4.666177617187499891e+02,-8.547195244794180269e+01
4.666180546875000346e+02,-8.364981741267797588e+01
4.666183476562500232e+02,-8.875441556267007570e+01
4.666186406250000118e+02,-9.481057027456962771e+01
4.666189335937500005e+02,-8.751925533676184443e+01
4.666192265624999891e+02,-9.825739709694829571e+01
4.666195195312500346e+02,-7.959758802533060873e+01
4.666198125000000232e+02,-7.900642619301666514e+01
4.666201054687500118e+02,-8.208015265836904462e+01
4.666203984375000005e+02,-8.312768324652999752e+01
4.666206914062499891e+02,-8.622415960186978623e+01
4.666209843750000346e+02,-8.477684747917314212e+01
4.666212773437500232e+02,-8.939831721893357042e+01
4.666215703125000118e+02,-7.914560459558727246e+01
4.666218632812500005e+02,-8.945456822115690443e+01
4.666221562499999891e+02,-7.985919668126496163e+01
4.666224492187500346e+02,-8.094995153596218529e+01
4.666227421875000232e+02,-8.287797198349403516e+01
4.666230351562500118e+02,-7.851377945073878095e+01
4.666233281250000005e+02,-8.285611380681362448e+01
4.666236210937499891e+02,-8.367935906247066669e+01
4.666239140625000346e+02,-8.200941741530412799e+01
4.666242070312500232e+02,-7.654656110264991753e+01
4.666245000000000118e+02,-9.036678974678551413e+01
4.666247929687500005e+02,-8.403975637065198612e+01
4.666250859374999891e+02,-8.055483766594612405e+01
4.666253789062500346e+02,-7.996773506130071496e+01
4.666256718750000232e+02,-7.800267533939172893e+01
4.666259648437500118e+02,-8.594405235011794275e+01
4.666262578125000005e+02,-8.764791809870735051e+01
4.666265507812499891e+02,-7.711239927997266363e+01
4.666268437500000346e+02,-7.733891629736640994e+01
4.666271367187500232e+02,-8.640365452684892489e+01
4.666274296875000118e+02,-7.921786479237501055e+01
4.666277226562500005e+02,-7.646847878467214343e+01
4.666280156249999891e+02,-7.712004560669193154e+01
4.666283085937500346e+02,-8.796876379276334035e+01
4.666286015625000232e+02,-8.892473836808561316e+01
4.666288945312500118e+02,-8.398490152458219882e+01
4.666291875000000005e+02,-7.578733469769419173e+01
4.666294804687499891e+02,-7.995578361264793443e+01
4.666297734375000346e+02,-8.190341396644254246e+01
4.666300664062500232e+02,-7.675242569831637240e+01
4.666303593750000118e+02,-7.503468401490037820e+01
4.666306523437500005e+02,-7.797479386936545609e+01
4.666309453124999891e+02,-7.910394039808635114e+01
4.666312382812500346e+02,-8.029482679744658924e+01
4.666315312500000232e+02,-8.068601672021873128e+01
4.666318242187500118e+02,-7.687276921622525094e+01
4.666321171875000005e+02,-7.786639342102300532e+01
4.666324101562499891e+02,-7.711948379211833071e+01
4.666327031250000346e+02,-7.965514751409017435e+01
4.666329960937500232e+02,-7.724091873309846790e+01
4.666332890625000118e+02,-7.912929557321800189e+01
4.666335820312500005e+02,-7.264598752793914116e+01
4.666338749999999891e+02,-7.880992354874311445e+01
4.666341679687500346e+02,-8.278039023724282686e+01
4.666344609375000232e+02,-7.971345282233014018e+01
4.666347539062500118e+02,-7.430923011424785329e+01
4.666350468750000005e+02,-7.571772042196872121e+01
4.666353398437499891e+02,-8.931956415230949631e+01
4.666356328125000346e+02,-8.527904537876132451e+01
4.666359257812500232e+02,-7.614638877985717613e+01
4.666362187500000118e+02,-7.234138781397182072e+01
4.666365117187500005e+02,-8.362161145140942153e+01
4.666368046874999891e+02,-9.321406264071880798e+01
4.666370976562500346e+02,-8.077848389075938940e+01
4.666373906250000232e+02,-7.279322547525853793e+01
4.666376835937500118e+02,-7.772329772668129522e+01
4.666379765625000005e+02,-7.954549144888025580e+01
4.666382695312499891e+02,-8.326028950609068602e+01
4.666385625000000346e+02,-7.502857547025627127e+01
4.666388554687500232e+02,-7.583726202214761258e+01
4.666391484375000118e+02,-8.421771934095731638e+01
4.666394414062500005e+02,-8.424414252147656157e+01
4.666397343749999891e+02,-8.020240413845363037e+01
4.666400273437500346e+02,-7.369803865804161092e+01
4.666403203125000232e+02,-7.816495790363187268e+01
4.666406132812500118e+02,-7.761432125455354480e+01
4.666409062500000005e+02,-7.832145099971998548e+01
4.666411992187499891e+02,-7.861169063560889469e+01
4.666414921875000346e+02,-8.214235986532669642e+01
4.666417851562500232e+02,-8.183042353008291059e+01
4.666420781250000118e+02,-7.927717141110589694e+01
4.666423710937500005e+02,-7.952600595209983680e+01
4.666426640624999891e+02,-7.656760818653937406e+01
4.666429570312500346e+02,-7.866245938863978893e+01
4.666432500000000232e+02,-8.192541437606983834e+01
4.666435429687500118e+02,-8.036118700670863291e+01
4.666438359375000005e+02,-9.367655467674104841e+01
4.666441289062499891e+02,-9.210330450052586571e+01
4.666444218750000346e+02,-8.183738909228715386e+01
4.666447148437500232e+02,-7.788628539800785688e+01
4.666450078125000118e+02,-8.121348097021359536e+01
4.666453007812500005e+02,-7.941981015352615714e+01
4.666455937499999891e+02,-8.253472266075844743e+01
4.666458867187500346e+02,-8.101034232956551762e+01
4.666461796875000232e+02,-8.607957710038049015e+01
4.666464726562500118e+02,-9.272553484394751422e+01
4.666467656250000005e+02,-8.855307588749226966e+01
4.666470585937499891e+02,-8.152566118795800776e+01
4.666473515625000346e+02,-7.927082131502692164e+01
4.666476445312500232e+02,-8.111259551856520034e+01
4.666479375000000118e+02,-7.774826522570792520e+01
4.666482304687500005e+02,-7.824552064319020417e+01
4.666485234374999891e+02,-7.727288494823562814e+01
4.666488164062500346e+02,-8.676229597659752812e+01
4.666491093750000232e+02,-9.320902489791595258e+01
4.666494023437500118e+02,-8.189509630065394674e+01
4.666496953125000005e+02,-8.167131889718639570e+01
4.666499882812499891e+02,-8.571828762322020623e+01
4.666502812500000346e+02,-8.015961190956494420e+01
4.666505742187500232e+02,-7.539924133227816583e+01
4.666508671875000118e+02,-7.458834751157493770e+01
4.666511601562500005e+02,-7.822645727051857989e+01
4.666514531249999891e+02,-9.216000304284996503e+01
4.666517460937500346e+02,-8.395215595306606815e+01
4.666520390625000232e+02,-8.126762711853318422e+01
4.666523320312500118e+02,-8.474612004138089105e+01
4.666526250000000005e+02,-9.845841880378725364e+01
4.666529179687499891e+02,-8.189108318225835603e+01
4.666532109375000346e+02,-7.489780061535761035e+01
4.666535039062500232e+02,-7.491182301024971935e+01
4.666537968750000118e+02,-8.365017226099456593e+01
4.666540898437500005e+02,-7.999104060701196772e+01
4.666543828124999891e+02,-8.096756844556564658e+01
4.666546757812500346e+02,-8.193120569924121810e+01
4.666549687500000232e+02,-9.778121974590942500e+01
4.666552617187500118e+02,-9.840985688395178954e+01
4.666555546875000005e+02,-8.698773097832224721e+01
4.666558476562499891e+02,-7.691779643163316393e+01
4.666561406250000346e+02,-7.828016990015987631e+01
4.666564335937500232e+02,-7.793135682924378216e+01
4.666567265625000118e+02,-7.785581634000264728e+01
4.666570195312500005e+02,-8.120143221694081603e+01
4.666573124999999891e+02,-8.704570009968735178e+01
4.666576054687500346e+02,-8.455329984770698104e+01
4.666578984375000232e+02,-8.711136578707274225e+01
4.666581914062500118e+02,-8.065248819303896255e+01
4.666584843750000005e+02,-8.298343252348395538e+01
4.666587773437499891e+02,-7.720522944139061394e+01
4.666590703125000346e+02,-7.499937327219970484e+01
4.666593632812500232e+02,-8.212711339881471417e+01
4.666596562500000118e+02,-8.311663965907445117e+01
4.666599492187500005e+02,-8.686902049841538087e+01
4.666602421874999891e+02,-8.385993160236159838e+01
4.666605351562500346e+02,-8.158526651037114164e+01
4.666608281250000232e+02,-7.759769177497082637e+01
4.666611210937500118e+02,-9.386967639151231424e+01
4.666614140625000005e+02,-7.492937947209193794e+01
4.666617070312499891e+02,-7.848938515270458538e+01
4.666620000000000346e+02,-8.729489711455137524e+01
4.666622929687500232e+02,-8.732432319881796445e+01
4.666625859375000118e+02,-8.364541361871707181e+01
4.666628789062500005e+02,-9.131954978569348214e+01
4.666631718749999891e+02,-8.272628691813066837e+01
4.666634648437500346e+02,-8.014696141775168314e+01
4.666637578125000232e+02,-8.011048620835545364e+01
4.666640507812500118e+02,-7.604247266851365339e+01
4.666643437500000005e+02,-8.368703744039717662e+01
4.666646367187499891e+02,-7.996155299993856147e+01
4.666649296875000346e+02,-8.881450549348846835e+01
4.666652226562500232e+02,-9.429307097186203634e+01
4.666655156250000118e+02,-9.282491512819910895e+01
4.666658085937500005e+02,-8.613788584156873185e+01
4.666661015624999891e+02,-8.479963205571945650e+01
4.666663945312500346e+02,-7.842876767556364825e+01
4.666666875000000232e+02,-8.181628406861369740e+01
4.666669804687500118e+02,-7.787855176119485634e+01
4.666672734375000005e+02,-8.075372907140619816e+01
4.666675664062499891e+02,-9.055236043664491774e+01
4.666678593750000346e+02,-7.855910889078445791e+01
4.666681523437500232e+02,-9.526459300325657864e+01
4.666684453125000118e+02,-8.359383392320188477e+01
4.666687382812500005e+02,-8.301118312807305699e+01
4.666690312499999891e+02,-7.929489822727303761e+01
4.666693242187500346e+02,-8.186547736130418684e+01
4.666696171875000232e+02,-7.751687758660112593e+01
4.666699101562500118e+02,-8.027980076362923967e+01
4.666702031250000005e+02,-7.985477083695411693e+01
4.666704960937499891e+02,-7.509422924066586802e+01
4.666707890625000346e+02,-8.419095213133843458e+01
4.666710820312500232e+02,-7.806853510743515301e+01
4.666713750000000118e+02,-7.978243234865908562e+01
4.666716679687500005e+02,-7.947901017306870131e+01
4.666719609374999891e+02,-8.085268462251164578e+01
4.666722539062500346e+02,-8.534455063710916534e+01
4.666725468750000232e+02,-8.286147016203270255e+01
4.666728398437500118e+02,-7.496578114935323356e+01
4.666731328125000005e+02,-7.608730149394702380e+01
4.666734257812499891e+02,-7.763342048289894137e+01
4.666737187500000346e+02,-7.712569924121156362e+01
4.666740117187500232e+02,-7.933787876580829845e+01
4.666743046875000118e+02,-8.058515546947504049e+01
4.666745976562500005e+02,-8.930453735284370964e+01
4.666748906249999891e+02,-8.461604277492079973e+01
4.666751835937500346e+02,-8.262917996714105584e+01
4.666754765625000232e+02,-7.460865859256752231e+01
4.666757695312500118e+02,-7.700118000573957033e+01
4.666760625000000005e+02,-7.648809142786703319e+01
4.666763554687499891e+02,-7.871423725714549846e+01
4.666766484375000346e+02,-7.704602180664184630e+01
4.666769414062500232e+02,-7.910794162179111311e+01
4.666772343750000118e+02,-8.036560083190921944e+01
4.666775273437500005e+02,-8.382213730065575419e+01
4.666778203124999891e+02,-7.995984519449361017e+01
4.666781132812500346e+02,-7.658507823439875040e+01
4.666784062500000232e+02,-7.574999466544562665e+01
4.666786992187500118e+02,-7.849227726493128898e+01
4.666789921875000005e+02,-8.321184544747390532e+01
4.666792851562499891e+02,-7.570987366133120133e+01
4.666795781250000346e+02,-7.568234660661602220e+01
4.666798710937500232e+02,-7.598921104255313708e+01
4.666801640625000118e+02,-8.473810391597660896e+01
4.666804570312500005e+02,-8.456685317169683458e+01
4.666807499999999891e+02,-7.887367042242280490e+01
4.666810429687500346e+02,-7.484958305599965911e+01
4.666813359375000232e+02,-7.832144497590392973e+01
4.666816289062500118e+02,-8.923544560000897263e+01
4.666819218750000005e+02,-7.640214925331027018e+01
4.666822148437499891e+02,-7.453840566849140714e+01
4.666825078125000346e+02,-7.570024186719896875e+01
4.666828007812500232e+02,-8.128081883863499968e+01
4.666830937500000118e+02,-8.948340283716987642e+01
4.666833867187500005e+02,-7.919303217865990518e+01
4.666836796874999891e+02,-7.408192807920838163e+01
4.666839726562500346e+02,-7.826897790299391033e+01
4.666842656250000232e+02,-1.022410499790748588e+02
4.666845585937500118e+02,-8.114718950272099107e+01
4.666848515625000005e+02,-7.627306479501334024e+01
4.666851445312499891e+02,-7.776918719199900920e+01
4.666854375000000346e+02,-7.714788826843347636e+01
4.666857304687500232e+02,-8.037513940203773188e+01
4.666860234375000118e+02,-8.003472995272178991e+01
4.666863164062500005e+02,-7.546231015367810357e+01
4.666866093749999891e+02,-8.185694198428505786e+01
4.666869023437500346e+02,-8.539203117760737882e+01
4.666871953125000232e+02,-8.682099736957043490e+01
4.666874882812500118e+02,-8.149054512078907919e+01
4.666877812500000005e+02,-7.980234689924516545e+01
4.666880742187499891e+02,-7.622060592120688227e+01
4.666883671875000346e+02,-7.926626458631444905e+01
4.666886601562500232e+02,-8.340158696223090828e+01
4.666889531250000118e+02,-8.092377644649347701e+01
4.666892460937500005e+02,-8.374142431484477811e+01
4.666895390624999891e+02,-7.925664260046647769e+01
4.666898320312500346e+02,-8.148672754483685310e+01
4.666901250000000232e+02,-8.343278172634229861e+01
4.666904179687500118e+02,-8.238387325026940289e+01
4.666907109375000005e+02,-7.850295069633263267e+01
4.666910039062499891e+02,-7.715020954111822959e+01
4.666912968750000346e+02,-8.937198657831872595e+01
4.666915898437500232e+02,-7.699222114452346943e+01
4.666918828125000118e+02,-8.165541213606503845e+01
4.666921757812500005e+02,-7.768827642334190386e+01
4.666924687499999891e+02,-8.189903147710143116e+01
4.666927617187500346e+02,-8.236627505320882392e+01
4.666930546875000232e+02,-8.911884697329747951e+01
4.666933476562500118e+02,-8.258689251198183001e+01
4.666936406250000005e+02,-7.684525735060594798e+01
4.666939335937499891e+02,-8.047085951229399825e+01
4.666942265625000346e+02,-7.488320824464281600e+01
4.666945195312500232e+02,-8.258079226459310007e+01
4.666948125000000118e+02,-7.984349799679574744e+01
4.666951054687500005e+02,-8.118219380061084678e+01
4.666953984374999891e+02,-7.864525805062189079e+01
4.666956914062500346e+02,-8.116365065716817639e+01
4.666959843750000232e+02,-8.453742535224137100e+01
4.666962773437500118e+02,-7.829917936587474969e+01
4.666965703125000005e+02,-7.823595882951062208e+01
4.666968632812499891e+02,-7.692273211516601350e+01
4.666971562500000346e+02,-8.266582497578511379e+01
4.666974492187500232e+02,-7.834422337284472349e+01
4.666977421875000118e+02,-7.905411261900874820e+01
4.666980351562500005e+02,-7.715867965889910352e+01
4.666983281249999891e+02,-7.894673403041917936e+01
4.666986210937500346e+02,-9.028281765885765253e+01
4.666989140625000232e+02,-7.943060309353118953e+01
4.666992070312500118e+02,-8.064676734540881853e+01
4.666995000000000005e+02,-8.294396768085803728e+01
4.666997929687499891e+02,-8.110435475079759726e+01
4.667000859375000346e+02,-7.798718884642724447e+01
4.667003789062500232e+02,-8.301026692130184870e+01
4.667006718750000118e+02,-7.784552345071703883e+01
4.667009648437500005e+02,-7.781641759838731787e+01
4.667012578124999891e+02,-8.157069590184909202e+01
4.667015507812500346e+02,-7.890567506053930913e+01
4.667018437500000232e+02,-8.629315031063686092e+01
4.667021367187500118e+02,-8.876060305308160991e+01
4.667024296875000005e+02,-7.933663959164539392e+01
4.667027226562499891e+02,-7.891057166798260880e+01
4.667030156250000346e+02,-8.861420223607944990e+01
4.667033085937500232e+02,-7.976012996789594922e+01
4.667036015625000118e+02,-7.760286128499426184e+01
4.667038945312500005e+02,-7.985869092187050455e+01
4.667041874999999891e+02,-7.858842083650279164e+01
4.667044804687500346e+02,-8.641399286605371799e+01
4.667047734375000232e+02,-8.457519952178961375e+01
4.667050664062500118e+02,-7.780188516351563521e+01
4.667053593750000005e+02,-7.680300519114781821e+01
4.667056523437499891e+02,-8.546613866788783298e+01
4.667059453125000346e+02,-8.225264829210470907e+01
4.667062382812500232e+02,-8.294003387746147382e+01
4.667065312500000118e+02,-8.424575715139395982e+01
4.667068242187500005e+02,-7.921018293361045437e+01
4.667071171874999891e+02,-9.481420063645799701e+01
4.667074101562500346e+02,-8.074916338246740111e+01
4.667077031250000232e+02,-7.579336622596120776e+01
4.667079960937500118e+02,-7.662734531755117473e+01
4.667082890625000005e+02,-8.580795974736581400e+01
4.667085820312499891e+02,-9.714700907717403311e+01
4.667088750000000346e+02,-9.095517442759999938e+01
4.667091679687500232e+02,-8.631613522110913550e+01
4.667094609375000118e+02,-8.598179523608935426e+01
4.667097539062500005e+02,-8.534399628252242564e+01
4.667100468749999891e+02,-7.794027893096156845e+01
4.667103398437500346e+02,-7.566706893353787677e+01
4.667106328125000232e+02,-8.478165733778509150e+01
4.667109257812500118e+02,-8.655815441720042713e+01
4.667112187500000005e+02,-7.753092231196721684e+01
4.667115117187499891e+02,-7.996812223937220665e+01
4.667118046875000346e+02,-9.086407670078428112e+01
4.667120976562500232e+02,-8.164623114515281088e+01
4.667123906250000118e+02,-7.809351008497601754e+01
4.667126835937500005e+02,-7.521716430134813436e+01
4.667129765624999891e+02,-7.894924824692107279e+01
4.667132695312500346e+02,-8.446547894323398964e+01
4.667135625000000232e+02,-8.245479074557556487e+01
4.667138554687500118e+02,-7.353291985031334832e+01
4.667141484375000005e+02,-8.176295268957937878e+01
4.667144414062499891e+02,-8.203291171889651423e+01
4.667147343750000346e+02,-7.408423910069997476e+01
4.667150273437500232e+02,-7.580583121593403462e+01
4.667153203125000118e+02,-7.482985902407823176e+01
4.667156132812500005e+02,-9.687507696993490924e+01
4.667159062499999891e+02,-7.951487392393809728e+01
4.667161992187500346e+02,-7.824085850119286079e+01
4.667164921875000232e+02,-7.497797366582354073e+01
4.667167851562500118e+02,-9.847445684364834051e+01
4.667170781250000005e+02,-7.533523006599482130e+01
4.667173710937499891e+02,-7.243147173587442467e+01
4.667176640625000346e+02,-7.516224146607633827e+01
4.667179570312500232e+02,-7.640769340717170621e+01
4.667182500000000118e+02,-8.847838643908113454e+01
4.667185429687500005e+02,-8.203100891453632926e+01
4.667188359374999891e+02,-7.741959633646972350e+01
4.667191289062500346e+02,-8.043675920340581342e+01
4.667194218750000232e+02,-9.008057943361636433e+01
4.667197148437500118e+02,-7.526476098416773652e+01
4.667200078125000005e+02,-7.577451160852425005e+01
4.667203007812499891e+02,-7.604704961332181767e+01
4.667205937500000346e+02,-7.710304669365888230e+01
4.667208867187500232e+02,-9.809161839817568307e+01
4.667211796875000118e+02,-8.228568257619920701e+01
4.667214726562500005e+02,-8.472252808840336513e+01
4.667217656249999891e+02,-8.444392579367678309e+01
4.667220585937500346e+02,-8.964969376539031032e+01
4.667223515625000232e+02,-8.176112660234301188e+01
4.667226445312500118e+02,-8.530649688602970571e+01
4.667229375000000005e+02,-7.755639407896190107e+01
4.667232304687499891e+02,-7.807327441953910352e+01
4.667235234375000346e+02,-8.672411615648607608e+01
4.667238164062500232e+02,-8.944359165451119509e+01
4.667241093750000118e+02,-8.150284707330121137e+01
4.667244023437500005e+02,-8.628093681030691187e+01
4.667246953124999891e+02,-8.480752152980430481e+01
4.667249882812500346e+02,-8.355523965499919825e+01
4.667252812500000232e+02,-9.083739383394659228e+01
4.667255742187500118e+02,-8.275864281511381648e+01
4.667258671875000005e+02,-8.291649549011667375e+01
4.667261601562499891e+02,-8.237314603063455820e+01
4.667264531250000346e+02,-7.945712655384629386e+01
4.667267460937500232e+02,-7.849941948624271504e+01
4.667270390625000118e+02,-8.222581935379734830e+01
4.667273320312500005e+02,-8.030408828844210234e+01
4.667276249999999891e+02,-7.796233963941008938e+01
4.667279179687500346e+02,-8.212373842848293748e+01
4.667282109375000232e+02,-9.337052693900524503e+01
4.667285039062500118e+02,-8.827888726814316556e+01
4.667287968750000005e+02,-8.207612676404795593e+01
4.667290898437499891e+02,-7.476875709811319837e+01
4.667293828125000346e+02,-8.112611369473931688e+01
4.667296757812500232e+02,-8.242140846911753727e+01
4.667299687500000118e+02,-8.330042952316917138e+01
4.667302617187500005e+02,-7.889144187343933368e+01
4.667305546874999891e+02,-7.733914067695843642e+01
4.667308476562500346e+02,-7.905570160371512145e+01
4.667311406250000232e+02,-8.437623291936475312e+01
4.667314335937500118e+02,-8.109199252072384922e+01
4.667317265625000005e+02,-7.631432855092457146e+01
4.667320195312499891e+02,-8.582654170713142605e+01
4.667323125000000346e+02,-1.018776148882291750e+02
4.667326054687500232e+02,-1.260192059026019820e+02
4.667328984375000118e+02,-7.914706899486581904e+01
4.667331914062500005e+02,-7.760782260006671152e+01
4.667334843749999891e+02,-7.748653257316487952e+01
4.667337773437500346e+02,-8.218261784205678566e+01
4.667340703125000232e+02,-8.653702012942073907e+01
4.667343632812500118e+02,-8.417050013935791242e+01
4.667346562500000005e+02,-8.527946244846752677e+01
4.667349492187499891e+02,-7.998465382015454850e+01
4.667352421875000346e+02,-8.149763005205308275e+01
4.667355351562500232e+02,-8.217347286472727319e+01
4.667358281250000118e+02,-8.186306365003940755e+01
4.667361210937500005e+02,-7.859497912710786238e+01
4.667364140624999891e+02,-7.946280652039764902e+01
4.667367070312500346e+02,-8.260091274024618713e+01
4.667370000000000232e+02,-8.573914158206277136e+01
4.667372929687500118e+02,-7.939691760617479588e+01
4.667375859375000005e+02,-7.718348935371980701e+01
4.667378789062499891e+02,-8.161831115109805523e+01
4.667381718750000346e+02,-8.968880140672231960e+01
4.667384648437500232e+02,-9.354500806946374780e+01
4.667387578125000118e+02,-7.923233031159735162e+01
4.667390507812500005e+02,-7.642531061753983579e+01
4.667393437499999891e+02,-7.719659073036058317e+01
4.667396367187500346e+02,-8.298180633952547680e+01
4.667399296875000232e+02,-7.686029122224331900e+01
4.667402226562500118e+02,-7.663286548163583234e+01
4.667405156250000005e+02,-8.514652941080726123e+01
4.667408085937499891e+02,-7.890838060387289943e+01
4.667411015625000346e+02,-8.681149913627726278e+01
4.667413945312500232e+02,-7.835455019438738589e+01
4.667416875000000118e+02,-7.449120826494302605e+01
4.667419804687500005e+02,-7.802942960685344076e+01
4.667422734374999891e+02,-7.721599996158705892e+01
4.667425664062500346e+02,-7.540524872082099250e+01
4.667428593750000232e+02,-7.865299337730149887e+01
4.667431523437500118e+02,-7.850803976010699614e+01
4.667434453125000005e+02,-7.897989064791875080e+01
4.667437382812499891e+02,-9.194327961951861994e+01
4.667440312500000346e+02,-7.713699509604944637e+01
4.667443242187500232e+02,-7.439715418724006213e+01
4.667446171875000118e+02,-7.995201470990285486e+01
4.667449101562500005e+02,-7.547558629683474862e+01
4.667452031249999891e+02,-7.464336555671299323e+01
4.667454960937500346e+02,-8.362620063513431035e+01
4.667457890625000232e+02,-7.728446404876345355e+01
4.667460820312500118e+02,-8.791261155833923624e+01
4.667463750000000005e+02,-8.695498727253408333e+01
4.667466679687499891e+02,-7.799609112616322193e+01
4.667469609375000346e+02,-7.687392449494880964e+01
4.667472539062500232e+02,-8.146057860916576487e+01
4.667475468750000118e+02,-7.925972851974550792e+01
4.667478398437500005e+02,-7.459458721164470774e+01
4.667481328124999891e+02,-8.543520950088247901e+01
4.667484257812500346e+02,-8.380992307152868648e+01
4.667487187500000232e+02,-8.214633050362266431e+01
4.667490117187500118e+02,-8.388357170030850796e+01
4.667493046875000005e+02,-8.179024358357870028e+01
4.667495976562499891e+02,-7.996378692571586555e+01
4.667498906250000346e+02,-9.031686657986240618e+01
4.667501835937500232e+02,-8.221066397399854964e+01
4.667504765625000118e+02,-7.660089071992466359e+01
4.667507695312500005e+02,-9.734834562828771709e+01
4.667510624999999891e+02,-8.001022894070024449e+01
4.667513554687500346e+02,-7.882127788191841944e+01
4.667516484375000232e+02,-9.044387142735806151e+01
4.667519414062500118e+02,-8.283440031109049073e+01
4.667522343750000005e+02,-7.980913680488316686e+01
4.667525273437499891e+02,-7.720776708733217220e+01
4.667528203125000346e+02,-7.830392251532977355e+01
4.667531132812500232e+02,-7.835429029178926896e+01
4.667534062500000118e+02,-7.888809538694084722e+01
4.667536992187500005e+02,-7.633529456644650679e+01
4.667539921874999891e+02,-7.900117749169400838e+01
4.667542851562500346e+02,-8.792598554459380011e+01
4.667545781250000232e+02,-8.604582672275452637e+01
4.667548710937500118e+02,-7.628309733026307526e+01
4.667551640625000005e+02,-7.406347788610042926e+01
4.667554570312499891e+02,-7.768257517150121316e+01
4.667557500000000346e+02,-7.584585340984970969e+01
4.667560429687500232e+02,-7.436926010873709458e+01
4.667563359375000118e+02,-7.578400147531104381e+01
4.667566289062500005e+02,-8.125563591670709229e+01
4.667569218749999891e+02,-8.241140027670201107e+01
4.667572148437500346e+02,-9.032298267777727574e+01
4.667575078125000232e+02,-7.433201536363401374e+01
4.667578007812500118e+02,-7.557330708077881809e+01
4.667580937500000005e+02,-7.707619896823764805e+01
4.667583867187499891e+02,-7.321727857008067986e+01
4.667586796875000346e+02,-7.386002163291598777e+01
4.667589726562500232e+02,-7.462835955703123147e+01
4.667592656250000118e+02,-8.421930774706085288e+01
4.667595585937500005e+02,-8.755699282419709562e+01
4.667598515624999891e+02,-7.762130722304527808e+01
4.667601445312500346e+02,-7.629495889705748368e+01
4.667604375000000232e+02,-7.996066190324634704e+01
4.667607304687500118e+02,-7.660813509196051996e+01
4.667610234375000005e+02,-7.427296239552750023e+01
4.667613164062499891e+02,-7.527917269617830698e+01
4.667616093750000346e+02,-7.622207266233318990e+01
4.667619023437500232e+02,-8.815274292818619983e+01
4.667621953125000118e+02,-8.297364786760938671e+01
4.667624882812500005e+02,-7.552628480429238778e+01
4.667627812499999891e+02,-8.145495688152570324e+01
4.667630742187500346e+02,-8.697287282109451212e+01
4.667633671875000232e+02,-7.977175482256873806e+01
4.667636601562500118e+02,-7.849563770822479114e+01
4.667639531250000005e+02,-7.615005901055729964e+01
4.667642460937499891e+02,-8.228898603324290661e+01
4.667645390625000346e+02,-8.632011691432595057e+01
4.667648320312500232e+02,-7.912107940489973146e+01
4.667651250000000118e+02,-7.823585980477615465e+01
4.667654179687500005e+02,-8.103193511418403716e+01
4.667657109374999891e+02,-8.765642829125609126e+01
4.667660039062500346e+02,-8.426403518159894190e+01
4.667662968750000232e+02,-7.887578486953748325e+01
4.667665898437500118e+02,-8.028471138313352640e+01
4.667668828125000005e+02,-8.759652633950747713e+01
4.667671757812499891e+02,-9.860967978311549587e+01
4.667674687500000346e+02,-8.273928890530351055e+01
4.667677617187500232e+02,-9.034693438853450687e+01
4.667680546875000118e+02,-8.250694651212596398e+01
4.667683476562500005e+02,-8.887765938827828904e+01
4.667686406249999891e+02,-8.407357672465836629e+01
4.667689335937500346e+02,-7.916739258749063879e+01
4.667692265625000232e+02,-9.670752816997507750e+01
4.667695195312500118e+02,-8.674133838843079047e+01
4.667698125000000005e+02,-8.581846472299739048e+01
4.667701054687499891e+02,-9.103131373546429472e+01
4.667703984375000346e+02,-8.489410975672286952e+01
4.667706914062500232e+02,-8.295779921038872828e+01
4.667709843750000118e+02,-1.110967144899601919e+02
4.667712773437500005e+02,-8.384085270452874283e+01
4.667715703124999891e+02,-8.366892607634903811e+01
4.667718632812500346e+02,-8.807238388492368131e+01
4.667721562500000232e+02,-8.035237352398192456e+01
4.667724492187500118e+02,-8.016936163412522376e+01
4.667727421875000005e+02,-8.038806746805960302e+01
4.667730351562499891e+02,-7.874951690682370042e+01
4.667733281250000346e+02,-8.195562074395370189e+01
4.667736210937500232e+02,-8.676635398582858727e+01
4.667739140625000118e+02,-9.425400192447925463e+01
4.667742070312500005e+02,-8.494338530961317701e+01
4.667744999999999891e+02,-8.023785988386552503e+01
4.667747929687500346e+02,-7.712899957556990671e+01
4.667750859375000232e+02,-7.924066653526728032e+01
4.667753789062500118e+02,-8.050656363124409154e+01
4.667756718750000005e+02,-7.809384575957962227e+01
4.667759648437499891e+02,-7.974574344259643510e+01
4.667762578125000346e+02,-8.297255568384014168e+01
4.667765507812500232e+02,-8.765203307224163609e+01
4.667768437500000118e+02,-8.322724865375982972e+01
4.667771367187500005e+02,-7.630681374516728965e+01
4.667774296874999891e+02,-7.783852010075594308e+01
4.667777226562500346e+02,-8.206686885004677379e+01
4.667780156250000232e+02,-8.326403665841391444e+01
4.667783085937500118e+02,-7.962916321381237594e+01
4.667786015625000005e+02,-7.954145282983925824e+01
4.667788945312499891e+02,-8.112609960330968306e+01
4.667791875000000346e+02,-8.321323411581424523e+01
4.667794804687500232e+02,-7.973415236560109065e+01
4.667797734375000118e+02,-7.465158696982084052e+01
4.667800664062500005e+02,-7.684442115300359433e+01
4.667803593749999891e+02,-8.323058109424138706e+01
4.667806523437500346e+02,-8.208213165096088915e+01
4.667809453125000232e+02,-8.333264432103744923e+01
4.667812382812500118e+02,-8.445092298529077368e+01
4.667815312500000005e+02,-8.430060044782811701e+01
4.667818242187499891e+02,-8.074095379833268282e+01
4.667821171875000346e+02,-8.086638548291412576e+01
4.667824101562500232e+02,-7.489981749481702877e+01
4.667827031250000118e+02,-7.542090649949160763e+01
4.667829960937500005e+02,-7.882083775143325965e+01
4.667832890624999891e+02,-8.231516931698577366e+01
4.667835820312500346e+02,-8.230038736198885374e+01
4.667838750000000232e+02,-9.164935090303673348e+01
4.667841679687500118e+02,-8.107050075751949691e+01
4.667844609375000005e+02,-7.912149694611164819e+01
4.667847539062499891e+02,-8.655710197635056602e+01
4.667850468750000346e+02,-7.534064040033130993e+01
4.667853398437500232e+02,-7.394127608465932155e+01
4.667856328125000118e+02,-7.728861079534513578e+01
4.667859257812500005e+02,-7.902653997963172117e+01
4.667862187499999891e+02,-8.097618538750737116e+01
4.667865117187500346e+02,-8.801012452343098857e+01
4.667868046875000232e+02,-7.673875960773014526e+01
4.667870976562500118e+02,-7.880759161305145710e+01
4.667873906250000005e+02,-8.405523315369399029e+01
4.667876835937499891e+02,-7.854213812752868762e+01
4.667879765625000346e+02,-7.432177747612828966e+01
4.667882695312500232e+02,-7.840889195448752957e+01
4.667885625000000118e+02,-7.478143136827496562e+01
4.667888554687500005e+02,-7.999469795633439162e+01
4.667891484374999891e+02,-9.632283277098991903e+01
4.667894414062500346e+02,-7.447676206620572259e+01
4.667897343750000232e+02,-7.748411305042525044e+01
4.667900273437500118e+02,-8.510035804440489926e+01
4.667903203125000005e+02,-8.403872474442648866e+01
4.667906132812499891e+02,-7.525346240557486510e+01
4.667909062500000346e+02,-7.571132414749426687e+01
4.667911992187500232e+02,-7.367095911060552282e+01
4.667914921875000118e+02,-8.025722119234787044e+01
4.667917851562500005e+02,-8.708910264953752289e+01
4.667920781249999891e+02,-7.430127607355514385e+01
4.667923710937500346e+02,-7.852634007067206312e+01
4.667926640625000232e+02,-1.011612552626503003e+02
4.667929570312500118e+02,-8.790736044956689454e+01
4.667932500000000005e+02,-7.713105904457238182e+01
4.667935429687499891e+02,-7.587572593497073115e+01
4.667938359375000346e+02,-7.775752031103706940e+01
4.667941289062500232e+02,-7.996328688589079547e+01
4.667944218750000118e+02,-8.168681870567769465e+01
4.667947148437500005e+02,-7.650352937510514550e+01
4.667950078124999891e+02,-8.434221160204019441e+01
4.667953007812500346e+02,-1.016707652407782092e+02
4.667955937500000232e+02,-9.191430869957217453e+01
4.667958867187500118e+02,-7.998931078915515513e+01
4.667961796875000005e+02,-8.017752206821812422e+01
4.667964726562499891e+02,-7.955776385527400407e+01
4.667967656250000346e+02,-7.766345846565943134e+01
4.667970585937500232e+02,-8.349828523317547990e+01
4.667973515625000118e+02,-8.503305541451523197e+01
4.667976445312500005e+02,-8.306900403615739492e+01
4.667979374999999891e+02,-8.935680402333500183e+01
4.667982304687500346e+02,-8.633138549207311030e+01
4.667985234375000232e+02,-7.955589303078069463e+01
4.667988164062500118e+02,-7.764761780053137841e+01
4.667991093750000005e+02,-7.391974664915220217e+01
4.667994023437499891e+02,-7.434330533987576928e+01
4.667996953125000346e+02,-8.093994996989817992e+01
4.667999882812500232e+02,-8.028976417026532886e+01
4.668002812500000118e+02,-8.016903034846578180e+01
4.668005742187500005e+02,-7.893997078445812576e+01
4.668008671874999891e+02,-8.072374917960011942e+01
4.668011601562500346e+02,-7.478152476446815911e+01
4.668014531250000232e+02,-7.287542975044034677e+01
4.668017460937500118e+02,-7.069198209884689277e+01
4.668020390625000005e+02,-7.246966579808045594e+01
4.668023320312499891e+02,-7.603776173123135607e+01
4.668026250000000346e+02,-7.713983802917330479e+01
4.668029179687500232e+02,-7.865061763107010506e+01
4.668032109375000118e+02,-7.803525741137883642e+01
4.668035039062500005e+02,-7.689051348369203254e+01
4.668037968749999891e+02,-7.301561842826575344e+01
4.668040898437500346e+02,-7.188688740999027971e+01
4.668043828125000232e+02,-6.995279583475007712e+01
4.668046757812500118e+02,-7.266785690793685148e+01
4.668049687500000005e+02,-7.430606754644794876e+01
4.668052617187499891e+02,-7.861095096822994321e+01
4.668055546875000346e+02,-7.802911140376012611e+01
4.668058476562500232e+02,-7.949184582028196644e+01
4.668061406250000118e+02,-7.544134952892883916e+01
4.668064335937500005e+02,-7.582223045707168296e+01
4.668067265624999891e+02,-7.434465762453309878e+01
4.668070195312500346e+02,-7.224913429253972197e+01
4.668073125000000232e+02,-7.525403989025772944e+01
4.668076054687500118e+02,-7.622162070768948183e+01
4.668078984375000005e+02,-8.418928339195927890e+01
4.668081914062499891e+02,-8.327999103912222267e+01
4.668084843750000346e+02,-7.959089003425349063e+01
4.668087773437500232e+02,-7.752541718500600609e+01
4.668090703125000118e+02,-8.455037659078122658e+01
4.668093632812500005e+02,-8.027406423828179527e+01
4.668096562499999891e+02,-8.120338315641876648e+01
4.668099492187500346e+02,-8.075055059485536901e+01
4.668102421875000232e+02,-8.034125825110037056e+01
4.668105351562500118e+02,-9.347079081070967277e+01
4.668108281250000005e+02,-8.875751509829349573e+01
4.668111210937499891e+02,-7.906378780976604048e+01
4.668114140625000346e+02,-8.238396797637781788e+01
4.668117070312500232e+02,-8.636021748304113999e+01
4.668120000000000118e+02,-7.931783338738662792e+01
4.668122929687500005e+02,-8.345031596844131627e+01
4.668125859374999891e+02,-7.859335322006886315e+01
4.668128789062500346e+02,-8.151572686531488898e+01
4.668131718750000232e+02,-8.609621925977464230e+01
4.668134648437500118e+02,-7.773300609574310727e+01
4.668137578125000005e+02,-8.359861526912327179e+01
4.668140507812499891e+02,-9.485585591085418855e+01
4.668143437500000346e+02,-8.299231908353911535e+01
4.668146367187500232e+02,-7.603434374313064836e+01
4.668149296875000118e+02,-7.621486124929938910e+01
4.668152226562500005e+02,-7.620595217545492517e+01
4.668155156249999891e+02,-8.083397213926849645e+01
4.668158085937500346e+02,-7.704384764598917457e+01
4.668161015625000232e+02,-7.596859181374642844e+01
4.668163945312500118e+02,-8.916276968319331786e+01
4.668166875000000005e+02,-9.362709852141057354e+01
4.668169804687499891e+02,-8.594685216392817040e+01
4.668172734375000346e+02,-7.868816246894665767e+01
4.668175664062500232e+02,-7.687809123731602767e+01
4.668178593750000118e+02,-7.864577932560548845e+01
4.668181523437500005e+02,-7.934541876607484312e+01
4.668184453124999891e+02,-7.297223154669701728e+01
4.668187382812500346e+02,-7.729894116941045468e+01
4.668190312500000232e+02,-9.005232560929994179e+01
4.668193242187500118e+02,-8.228351232867112230e+01
4.668196171875000005e+02,-8.280007642091332798e+01
4.668199101562499891e+02,-9.742069819516066786e+01
4.668202031250000346e+02,-8.263283393208882899e+01
4.668204960937500232e+02,-8.562962651665196745e+01
4.668207890625000118e+02,-7.761563725402770331e+01
4.668210820312500005e+02,-7.357624786105427006e+01
4.668213749999999891e+02,-8.182446575594983074e+01
4.668216679687500346e+02,-8.245468683527198550e+01
4.668219609375000232e+02,-7.856900920270622635e+01
4.668222539062500118e+02,-7.529328446116174689e+01
4.668225468750000005e+02,-7.774294925997865846e+01
4.668228398437499891e+02,-8.911505419281276374e+01
4.668231328125000346e+02,-9.616072920946524505e+01
4.668234257812500232e+02,-7.571957129566042966e+01
4.668237187500000118e+02,-7.354075955723880043e+01
4.668240117187500005e+02,-7.846009411450665993e+01
4.668243046874999891e+02,-7.877339123986756420e+01
4.668245976562500346e+02,-7.822272495065655562e+01
4.668248906250000232e+02,-7.331419791617751969e+01
4.668251835937500118e+02,-7.422239214929577145e+01
4.668254765625000005e+02,-8.209906967612765527e+01
4.668257695312499891e+02,-1.001955018279431755e+02
4.668260625000000346e+02,-7.619232590266408067e+01
4.668263554687500232e+02,-7.294873204548011358e+01
4.668266484375000118e+02,-7.711254438588497351e+01
4.668269414062500005e+02,-7.719597319934425173e+01
4.668272343749999891e+02,-8.199014428039573943e+01
4.668275273437500346e+02,-7.581691182229212700e+01
4.668278203125000232e+02,-7.393954668584183310e+01
4.668281132812500118e+02,-7.972094646156195097e+01
4.668284062500000005e+02,-8.737200498246733105e+01
4.668286992187499891e+02,-7.670150053792423250e+01
4.668289921875000346e+02,-7.367938799458697474e+01
4.668292851562500232e+02,-7.841677105722864383e+01
4.668295781250000118e+02,-7.967537143202156358e+01
4.668298710937500005e+02,-8.642684513153642456e+01
4.668301640624999891e+02,-7.598771811990700087e+01
4.668304570312500346e+02,-7.462843179586522524e+01
4.668307500000000232e+02,-7.951139070086875904e+01
4.668310429687500118e+02,-8.844820520174533840e+01
4.668313359375000005e+02,-7.854656379113860964e+01
4.668316289062499891e+02,-7.878189618272398320e+01
4.668319218750000346e+02,-7.864714062048636833e+01
4.668322148437500232e+02,-8.087091979923373231e+01
4.668325078125000118e+02,-7.673917902595898966e+01
4.668328007812500005e+02,-7.366599815938690199e+01
4.668330937499999891e+02,-7.664539965617149164e+01
4.668333867187500346e+02,-8.180382585613422464e+01
4.668336796875000232e+02,-9.126310773064932391e+01
4.668339726562500118e+02,-8.877947218701409327e+01
4.668342656250000005e+02,-9.368579252960461190e+01
4.668345585937499891e+02,-7.699174010861649720e+01
4.668348515625000346e+02,-7.978045330126489887e+01
4.668351445312500232e+02,-7.437642971157484340e+01
4.668354375000000118e+02,-7.591258410578714688e+01
4.668357304687500005e+02,-7.846265732353487010e+01
4.668360234374999891e+02,-8.571412267439788479e+01
4.668363164062500346e+02,-9.306236324977250263e+01
4.668366093750000232e+02,-8.475813789387885322e+01
4.668369023437500118e+02,-8.821482868467283822e+01
4.668371953125000005e+02,-7.546611461090371620e+01
4.668374882812499891e+02,-7.874186757085692534e+01
4.668377812500000346e+02,-7.515163450055693772e+01
4.668380742187500232e+02,-8.774617020490831010e+01
4.668383671875000118e+02,-7.386150985733593188e+01
4.668386601562500005e+02,-7.859785327001402777e+01
4.668389531249999891e+02,-9.912732795334835600e+01
4.668392460937500346e+02,-8.231062358980402394e+01
4.668395390625000232e+02,-8.149371196053969868e+01
4.668398320312500118e+02,-7.462031251694129708e+01
4.668401250000000005e+02,-7.768395268180159974e+01
4.668404179687499891e+02,-7.858985253936621973e+01
4.668407109375000346e+02,-7.655523506260450972e+01
4.668410039062500232e+02,-7.180355072680016804e+01
4.668412968750000118e+02,-7.726853233739814186e+01
4.668415898437500005e+02,-9.233204259299131422e+01
4.668418828124999891e+02,-8.184359542261861975e+01
4.668421757812500346e+02,-7.600804422107574965e+01
4.668424687500000232e+02,-7.511375296691007009e+01
4.668427617187500118e+02,-7.518068170299881103e+01
4.668430546875000005e+02,-7.425833222768184783e+01
4.668433476562499891e+02,-7.321510930868038258e+01
4.668436406250000346e+02,-7.369861198896168730e+01
4.668439335937500232e+02,-7.909722526090430961e+01
4.668442265625000118e+02,-8.105896884935495450e+01
4.668445195312500005e+02,-7.587314258401391953e+01
4.668448124999999891e+02,-7.408677911556436868e+01
4.668451054687500346e+02,-7.591961708610293158e+01
4.668453984375000232e+02,-7.267851781367332364e+01
4.668456914062500118e+02,-7.244723379156782528e+01
4.668459843750000005e+02,-7.628382761605776352e+01
4.668462773437499891e+02,-8.306350994634185270e+01
4.668465703125000346e+02,-8.110922921078960712e+01
4.668468632812500232e+02,-7.804488544536849304e+01
4.668471562500000118e+02,-7.661667043069240890e+01
4.668474492187500005e+02,-7.651935151574292604e+01
4.668477421874999891e+02,-7.455633474028485352e+01
4.668480351562500346e+02,-7.131617985982366292e+01
4.668483281250000232e+02,-7.338699275311493864e+01
4.668486210937500118e+02,-8.775479871499825890e+01
4.668489140625000005e+02,-8.344317677357980756e+01
4.668492070312499891e+02,-7.935474294290511921e+01
4.668495000000000346e+02,-8.148794507880610638e+01
4.668497929687500232e+02,-8.592356110283515136e+01
4.668500859375000118e+02,-7.845913970709499097e+01
4.668503789062500005e+02,-7.518998072997048610e+01
4.668506718749999891e+02,-7.393609608981537917e+01
4.668509648437500346e+02,-7.613095912190691195e+01
4.668512578125000232e+02,-7.746866771170073207e+01
4.668515507812500118e+02,-7.625326808005280554e+01
4.668518437500000005e+02,-7.790903547638276905e+01
4.668521367187499891e+02,-8.379939349012047956e+01
4.668524296875000346e+02,-7.816166416029703612e+01
4.668527226562500232e+02,-7.640701602606660003e+01
4.668530156250000118e+02,-7.796755093984171481e+01
4.668533085937500005e+02,-8.063012674453965190e+01
4.668536015624999891e+02,-7.709440268298698129e+01
4.668538945312500346e+02,-7.747590544789215983e+01
4.668541875000000232e+02,-7.642681121805038913e+01
4.668544804687500118e+02,-8.281027928068908750e+01
4.668547734375000005e+02,-7.356345110777411378e+01
4.668550664062499891e+02,-7.425170382519864631e+01
4.668553593750000346e+02,-7.610846856082268630e+01
4.668556523437500232e+02,-8.016138389010477283e+01
4.668559453125000118e+02,-8.124442351100185533e+01
4.668562382812500005e+02,-8.132888521919429081e+01
4.668565312499999891e+02,-8.340559791435772752e+01
4.668568242187500346e+02,-8.102731278156838357e+01
4.668571171875000232e+02,-8.082028626727560550e+01
4.668574101562500118e+02,-7.131365535129181410e+01
4.668577031250000005e+02,-7.378256057286026248e+01
4.668579960937499891e+02,-7.975720006582868393e+01
4.668582890625000346e+02,-8.013487999813490603e+01
4.668585820312500232e+02,-7.733239116542856095e+01
4.668588750000000118e+02,-9.500620016237094489e+01
4.668591679687500005e+02,-8.300254723005990343e+01
4.668594609374999891e+02,-9.269433429741101804e+01
4.668597539062500346e+02,-7.614517387481812705e+01
4.668600468750000232e+02,-7.270683108262693395e+01
4.668603398437500118e+02,-7.774967114090675580e+01
4.668606328125000005e+02,-9.808414912705514155e+01
4.668609257812499891e+02,-8.219598983267366066e+01
4.668612187500000346e+02,-7.761441440492099275e+01
4.668615117187500232e+02,-7.999308780421591791e+01
4.668618046875000118e+02,-8.091656017290645764e+01
4.668620976562500005e+02,-7.901614525463141092e+01
4.668623906249999891e+02,-7.594944336228547854e+01
4.668626835937500346e+02,-7.573728782747930666e+01
4.668629765625000232e+02,-8.455651197653628515e+01
4.668632695312500118e+02,-8.315059452746311308e+01
4.668635625000000005e+02,-8.313982420048495214e+01
4.668638554687499891e+02,-8.075182902526499618e+01
4.668641484375000346e+02,-7.887360192878188059e+01
4.668644414062500232e+02,-8.044006592671173905e+01
4.668647343750000118e+02,-7.591678903168832449e+01
4.668650273437500005e+02,-7.680341701796601228e+01
4.668653203124999891e+02,-8.191744613577468215e+01
4.668656132812500346e+02,-8.180797477440010823e+01
4.668659062500000232e+02,-7.865657193448329565e+01
4.668661992187500118e+02,-7.695157389365105871e+01
4.668664921875000005e+02,-8.175950686851669502e+01
4.668667851562499891e+02,-7.777662171947756065e+01
4.668670781250000346e+02,-7.908566693120127411e+01
4.668673710937500232e+02,-7.568239481579999506e+01
4.668676640625000118e+02,-7.732827648228179385e+01
4.668679570312500005e+02,-8.672871283803979736e+01
4.668682499999999891e+02,-7.986341152233087826e+01
4.668685429687500346e+02,-7.944717204250456177e+01
4.668688359375000232e+02,-7.403579177581704585e+01
4.668691289062500118e+02,-8.396897578829558029e+01
4.668694218750000005e+02,-7.749236736290139049e+01
4.668697148437499891e+02,-7.858061029566506761e+01
4.668700078125000346e+02,-7.484493757188941743e+01
4.668703007812500232e+02,-7.683243162524368586e+01
4.668705937500000118e+02,-7.804295365096376713e+01
4.668708867187500005e+02,-7.746590943366312842e+01
4.668711796874999891e+02,-8.095965803651549209e+01
4.668714726562500346e+02,-7.450794611835554804e+01
4.668717656250000232e+02,-8.988776119673087805e+01
4.668720585937500118e+02,-8.196060959873848617e+01
4.668723515625000005e+02,-7.959904513292349293e+01
4.668726445312499891e+02,-7.568174946693490313e+01
4.668729375000000346e+02,-7.573590809056892681e+01
4.668732304687500232e+02,-7.460510565215138001e+01
4.668735234375000118e+02,-7.700530262317924723e+01
4.668738164062500005e+02,-7.907515539990018283e+01
4.668741093749999891e+02,-7.725604507820334277e+01
4.668744023437500346e+02,-9.375882428487403786e+01
4.668746953125000232e+02,-9.712767823654965582e+01
4.668749882812500118e+02,-8.686695823864928911e+01
4.668752812500000005e+02,-7.865797476613559525e+01
4.668755742187499891e+02,-7.571406498124913753e+01
4.668758671875000346e+02,-7.459286500959585453e+01
4.668761601562500232e+02,-7.942666161293107052e+01
4.668764531250000118e+02,-7.918527879669825609e+01
4.668767460937500005e+02,-7.955919618179032682e+01
4.668770390624999891e+02,-8.200893134935306250e+01
4.668773320312500346e+02,-8.550426255686747368e+01
4.668776250000000232e+02,-8.275658274161148142e+01
4.668779179687500118e+02,-8.306015240889293239e+01
4.668782109375000005e+02,-7.627287815549276218e+01
4.668785039062499891e+02,-7.670068155134450194e+01
4.668787968750000346e+02,-8.007737858200330550e+01
4.668790898437500232e+02,-8.040499076283468582e+01
4.668793828125000118e+02,-7.564452781977260543e+01
4.668796757812500005e+02,-7.660889327013643424e+01
4.668799687499999891e+02,-8.138875654556314032e+01
4.668802617187500346e+02,-7.970362513775987168e+01
4.668805546875000232e+02,-8.934179900501692373e+01
4.668808476562500118e+02,-7.680853705635939832e+01
4.668811406250000005e+02,-7.720296637993619981e+01
4.668814335937499891e+02,-7.682917612124012408e+01
4.668817265625000346e+02,-8.345241477654177231e+01
4.668820195312500232e+02,-7.339553794114843299e+01
4.668823125000000118e+02,-7.574922119510867446e+01
4.668826054687500005e+02,-8.356422552395203240e+01
4.668828984374999891e+02,-8.663097376887569112e+01
4.668831914062500346e+02,-8.436446268451875596e+01
4.668834843750000232e+02,-7.768130070414474631e+01
4.668837773437500118e+02,-7.551310759418028340e+01
4.668840703125000005e+02,-7.914919345167203346e+01
4.668843632812499891e+02,-7.992330159691989877e+01
4.668846562500000346e+02,-7.330242796920563819e+01
4.668849492187500232e+02,-7.754854927594971059e+01
4.668852421875000118e+02,-8.932188297377882691e+01
4.668855351562500005e+02,-8.201513862818424627e+01
4.668858281249999891e+02,-8.235874774064599535e+01
4.668861210937500346e+02,-8.073127921698909404e+01
4.668864140625000232e+02,-7.820031721266738600e+01
4.668867070312500118e+02,-9.491308208118317680e+01
4.668870000000000005e+02,-7.797581862496406302e+01
4.668872929687499891e+02,-7.700772778653457351e+01
4.668875859375000346e+02,-8.074268003533006777e+01
4.668878789062500232e+02,-7.912011493602811640e+01
4.668881718750000118e+02,-7.732627876140330159e+01
4.668884648437500005e+02,-8.706378497762132440e+01
4.668887578124999891e+02,-8.987197178969279321e+01
4.668890507812500346e+02,-8.242552291239420015e+01
4.668893437500000232e+02,-7.934954074994715256e+01
4.668896367187500118e+02,-7.716361484867158538e+01
4.668899296875000005e+02,-8.175717581173616111e+01
4.668902226562499891e+02,-8.971169694787845117e+01
4.668905156250000346e+02,-7.769671739669240651e+01
4.668908085937500232e+02,-7.825609748280102451e+01
4.668911015625000118e+02,-7.985141554946639530e+01
4.668913945312500005e+02,-8.083202576842630549e+01
4.668916874999999891e+02,-7.653750611920359859e+01
4.668919804687500346e+02,-7.486720402995176471e+01
4.668922734375000232e+02,-7.751544548843091320e+01
4.668925664062500118e+02,-8.183259296234663793e+01
4.668928593750000005e+02,-9.795410395069714582e+01
4.668931523437499891e+02,-8.080930314285437532e+01
4.668934453125000346e+02,-7.922852134923171263e+01
4.668937382812500232e+02,-7.522010313747648524e+01
4.668940312500000118e+02,-7.610943586552198781e+01
4.668943242187500005e+02,-7.368983778023721243e+01
4.668946171874999891e+02,-7.444717564521329223e+01
4.668949101562500346e+02,-7.871825054273968192e+01
4.668952031250000232e+02,-8.140246528465462461e+01
4.668954960937500118e+02,-8.266293939266533641e+01
4.668957890625000005e+02,-8.584166195476775840e+01
4.668960820312499891e+02,-7.600841883465542992e+01
4.668963750000000346e+02,-7.430675438761484486e+01
4.668966679687500232e+02,-7.721798426311450214e+01
4.668969609375000118e+02,-7.442106831224849373e+01
4.668972539062500005e+02,-7.717921736980716219e+01
4.668975468749999891e+02,-8.280398182780564298e+01
4.668978398437500346e+02,-8.267249820776180513e+01
4.668981328125000232e+02,-7.820076735553597302e+01
4.668984257812500118e+02,-8.081652226076379009e+01
4.668987187500000005e+02,-7.498560983126505164e+01
4.668990117187499891e+02,-7.601244757015872722e+01
4.668993046875000346e+02,-8.236511609215625640e+01
4.668995976562500232e+02,-7.931964313496402497e+01
4.668998906250000118e+02,-8.098946346516038375e+01
4.669001835937500005e+02,-8.833096949338019499e+01
4.669004765624999891e+02,-8.464833244768993836e+01
4.669007695312500346e+02,-7.773367543600333818e+01
4.669010625000000232e+02,-7.886085525073175972e+01
4.669013554687500118e+02,-7.701851038093904833e+01
4.669016484375000005e+02,-8.154556288600983294e+01
4.669019414062499891e+02,-8.402161868266028932e+01
4.669022343750000346e+02,-7.995859248635542826e+01
4.669025273437500232e+02,-8.301526932440673079e+01
4.669028203125000118e+02,-8.317272428429319575e+01
4.669031132812500005e+02,-9.265195423288623999e+01
4.669034062499999891e+02,-7.988694242224906361e+01
4.669036992187500346e+02,-7.855802359619940489e+01
4.669039921875000232e+02,-7.826832052382366101e+01
4.669042851562500118e+02,-8.294687503790832750e+01
4.669045781250000005e+02,-7.956024805249768406e+01
4.669048710937499891e+02,-7.771834188081932382e+01
4.669051640625000346e+02,-8.406595285216019420e+01
4.669054570312500232e+02,-8.254671901476405083e+01
4.669057500000000118e+02,-8.488812787430850904e+01
4.669060429687500005e+02,-8.257097773161504506e+01
4.669063359374999891e+02,-7.776560286973020197e+01
4.669066289062500346e+02,-7.844473993518096222e+01
4.669069218750000232e+02,-8.316172543023486696e+01
4.669072148437500118e+02,-7.831150598016847653e+01
4.669075078125000005e+02,-8.127852668814972503e+01
4.669078007812499891e+02,-9.089583010421826259e+01
4.669080937500000346e+02,-8.265577332435029234e+01
4.669083867187500232e+02,-8.061271386035556930e+01
4.669086796875000118e+02,-8.812304832149580136e+01
4.669089726562500005e+02,-7.918001439090244276e+01
4.669092656249999891e+02,-8.157782068305661483e+01
4.669095585937500346e+02,-8.806290596736664611e+01
4.669098515625000232e+02,-8.161051414393689640e+01
4.669101445312500118e+02,-9.366038419061595732e+01
4.669104375000000005e+02,-1.029150993625154058e+02
4.669107304687499891e+02,-7.582227908599429611e+01
4.669110234375000346e+02,-7.865635819592037592e+01
4.669113164062500232e+02,-8.252017366710973079e+01
4.669116093750000118e+02,-7.944703670564274489e+01
4.669119023437500005e+02,-8.668738853611534978e+01
4.669121953124999891e+02,-8.857373294745903536e+01
4.669124882812500346e+02,-9.350930084640606310e+01
4.669127812500000232e+02,-8.145936425275877468e+01
4.669130742187500118e+02,-8.322280902098775357e+01
4.669133671875000005e+02,-7.328331641879084657e+01
4.669136601562499891e+02,-7.853629523214755181e+01
4.669139531250000346e+02,-8.003470211688582481e+01
4.669142460937500232e+02,-8.446315315046406624e+01
4.669145390625000118e+02,-8.379262402591683667e+01
4.669148320312500005e+02,-8.074791140990556926e+01
4.669151249999999891e+02,-8.221686824817615502e+01
4.669154179687500346e+02,-7.932139585086461864e+01
4.669157109375000232e+02,-7.872875044363991037e+01
4.669160039062500118e+02,-7.265329378244921088e+01
4.669162968750000005e+02,-7.976711288322574944e+01
4.669165898437499891e+02,-8.028498201766942088e+01
4.669168828125000346e+02,-8.876908694778418862e+01
4.669171757812500232e+02,-7.970072569045791511e+01
4.669174687500000118e+02,-7.676680323132116257e+01
4.669177617187500005e+02,-8.172489806784088273e+01
4.669180546874999891e+02,-8.329359519811190182e+01
4.669183476562500346e+02,-8.084653317991610777e+01
4.669186406250000232e+02,-7.494509272344622275e+01
4.669189335937500118e+02,-8.075250100601819270e+01
4.669192265625000005e+02,-8.527442322916459716e+01
4.669195195312499891e+02,-9.048239699467062280e+01
4.669198125000000346e+02,-7.943328502709432826e+01
4.669201054687500232e+02,-7.769017236504390667e+01
4.669203984375000118e+02,-8.760562917064510202e+01
4.669206914062500005e+02,-8.786665123388354459e+01
4.669209843749999891e+02,-8.854597461932809210e+01
4.669212773437500346e+02,-7.818161903058810935e+01
4.669215703125000232e+02,-8.022022602504689814e+01
4.669218632812500118e+02,-8.679875379572082750e+01
4.669221562500000005e+02,-8.861472426873959307e+01
4.669224492187499891e+02,-7.999670896814161836e+01
4.669227421875000346e+02,-8.624605185381338401e+01
4.669230351562500232e+02,-7.799608244512036492e+01
4.669233281250000118e+02,-8.101087645131806880e+01
4.669236210937500005e+02,-8.017607034998717097e+01
4.669239140624999891e+02,-7.762433640763444487e+01
4.669242070312500346e+02,-7.740311877064522150e+01
4.669245000000000232e+02,-8.914025590788683928e+01
4.669247929687500118e+02,-8.760030696329577893e+01
4.669250859375000005e+02,-8.706523675858124989e+01
4.669253789062499891e+02,-7.868356315134498402e+01
4.669256718750000346e+02,-7.385326217347783029e+01
4.669259648437500232e+02,-7.681452136474534598e+01
4.669262578125000118e+02,-7.513438307605524358e+01
4.669265507812500005e+02,-7.613172752287158573e+01
4.669268437499999891e+02,-7.806017286984126713e+01
4.669271367187500346e+02,-8.608497319363912936e+01
4.669274296875000232e+02,-7.974997116838336808e+01
4.669277226562500118e+02,-8.802607777402415934e+01
4.669280156250000005e+02,-7.335898417060067800e+01
4.669283085937499891e+02,-7.302620572292036627e+01
4.669286015625000346e+02,-7.493102534884265253e+01
4.669288945312500232e+02,-7.506286449406856320e+01
4.669291875000000118e+02,-7.916139178669077126e+01
4.669294804687500005e+02,-8.222704948583728424e+01
4.669297734374999891e+02,-7.914997608415870900e+01
4.669300664062500346e+02,-7.553474517709699398e+01
4.669303593750000232e+02,-8.477067082412932564e+01
4.669306523437500118e+02,-7.347664324637617028e+01
4.669309453125000005e+02,-7.542048304636293210e+01
4.669312382812499891e+02,-7.690117805850555044e+01
4.669315312500000346e+02,-7.924063438350276556e+01
4.669318242187500232e+02,-8.758773041006108429e+01
4.669321171875000118e+02,-8.459933446925595035e+01
4.669324101562500005e+02,-7.479800520214115522e+01
4.669327031249999891e+02,-7.535744710405809599e+01
4.669329960937500346e+02,-8.282513319565929066e+01
4.669332890625000232e+02,-7.790908222966064045e+01
4.669335820312500118e+02,-8.213216463127213274e+01
4.669338750000000005e+02,-7.873961861186243993e+01
4.669341679687499891e+02,-7.875845183197940003e+01
4.669344609375000346e+02,-7.764792764422134042e+01
4.669347539062500232e+02,-8.248796134595244212e+01
4.669350468750000118e+02,-7.410839926781949316e+01
4.669353398437500005e+02,-8.105925011825328852e+01
4.669356328124999891e+02,-7.876753440887432589e+01
4.669359257812500346e+02,-7.918816168852606552e+01
4.669362187500000232e+02,-8.428419053457946575e+01
4.669365117187500118e+02,-8.249962072710999905e+01
4.669368046875000005e+02,-7.622508185244475953e+01
4.669370976562499891e+02,-7.601329473122615354e+01
4.669373906250000346e+02,-8.174650641236645754e+01
4.669376835937500232e+02,-7.759964474707817317e+01
4.669379765625000118e+02,-8.854781947718392132e+01
4.669382695312500005e+02,-7.689610276659325905e+01
4.669385624999999891e+02,-7.432722354677767385e+01
4.669388554687500346e+02,-7.746876690109785102e+01
4.669391484375000232e+02,-8.940645620669805282e+01
4.669394414062500118e+02,-7.782918586299140884e+01
4.669397343750000005e+02,-8.212962189636891708e+01
4.669400273437499891e+02,-1.125190108885171156e+02
4.669403203125000346e+02,-8.500902826873647200e+01
4.669406132812500232e+02,-7.887763765126605620e+01
4.669409062500000118e+02,-7.732823173257324356e+01
4.669411992187500005e+02,-7.330082618681134932e+01
4.669414921874999891e+02,-7.675597855053797502e+01
4.669417851562500346e+02,-9.205840648394961079e+01
4.669420781250000232e+02,-8.298187833394850088e+01
4.669423710937500118e+02,-8.202391106585957914e+01
4.669426640625000005e+02,-8.129649810193973281e+01
4.669429570312499891e+02,-7.646831721588830533e+01
4.669432500000000346e+02,-7.537682565303765614e+01
4.669435429687500232e+02,-7.832748733202794256e+01
4.669438359375000118e+02,-7.763555053381415405e+01
4.669441289062500005e+02,-7.707171924065649193e+01
4.669444218749999891e+02,-8.532553308369394074e+01
4.669447148437500346e+02,-7.616417396947980478e+01
4.669450078125000232e+02,-7.416814933810024968e+01
4.669453007812500118e+02,-7.545768382905934857e+01
4.669455937500000005e+02,-7.410019985397111952e+01
4.669458867187499891e+02,-7.482738981276939683e+01
4.669461796875000346e+02,-8.095927621493191850e+01
4.669464726562500232e+02,-8.343058477199704726e+01
4.669467656250000118e+02,-7.751747853214286010e+01
4.669470585937500005e+02,-8.533777035967816005e+01
4.669473515624999891e+02,-7.552852469599079654e+01
4.669476445312500346e+02,-7.348171784622992675e+01
4.669479375000000232e+02,-7.598593877790756324e+01
4.669482304687500118e+02,-7.628703670866079278e+01
4.669485234375000005e+02,-7.628895182462545677e+01
4.669488164062499891e+02,-7.805654255826806320e+01
4.669491093750000346e+02,-7.912291518069154961e+01
4.669494023437500232e+02,-8.432605388276699898e+01
4.669496953125000118e+02,-8.672453815494235130e+01
4.669499882812500005e+02,-7.843674354993494546e+01
4.669502812499999891e+02,-7.789999214558660867e+01
4.669505742187500346e+02,-8.184344403423284575e+01
4.669508671875000232e+02,-8.018971444165181595e+01
4.669511601562500118e+02,-7.791667270427079472e+01
4.669514531250000005e+02,-7.564744502138925952e+01
4.669517460937499891e+02,-8.187172989333420503e+01
4.669520390625000346e+02,-8.609533597039673225e+01
4.669523320312500232e+02,-7.704833355840008835e+01
4.669526250000000118e+02,-8.154007894318498018e+01
4.669529179687500005e+02,-8.554800721685685971e+01
4.669532109374999891e+02,-8.369167574865541326e+01
4.669535039062500346e+02,-7.981508533037668940e+01
4.669537968750000232e+02,-8.377960273686623793e+01
4.669540898437500118e+02,-7.714131493361006164e+01
4.669543828125000005e+02,-8.041631648608075977e+01
4.669546757812499891e+02,-7.715208959555123158e+01
4.669549687500000346e+02,-7.263168465158487663e+01
4.669552617187500232e+02,-7.595563224063988628e+01
4.669555546875000118e+02,-7.395314994389616459e+01
4.669558476562500005e+02,-7.563371409688114966e+01
4.669561406249999891e+02,-7.936701229888373632e+01
4.669564335937500346e+02,-8.842479834640784020e+01
4.669567265625000232e+02,-8.253925075581469173e+01
4.669570195312500118e+02,-7.369664267453383388e+01
4.669573125000000005e+02,-7.483371107842036452e+01
4.669576054687499891e+02,-7.323726012172122068e+01
4.669578984375000346e+02,-7.317578521069307840e+01
4.669581914062500232e+02,-7.096580104149998647e+01
4.669584843750000118e+02,-7.437729023326676270e+01
4.669587773437500005e+02,-7.688020196407718743e+01
4.669590703124999891e+02,-8.072096549215153516e+01
4.669593632812500346e+02,-7.972398647431592167e+01
4.669596562500000232e+02,-7.333162797246536968e+01
4.669599492187500118e+02,-7.581615252226940527e+01
4.669602421875000005e+02,-7.790383777273710564e+01
4.669605351562499891e+02,-7.421335403748915382e+01
4.669608281250000346e+02,-7.324290546534666646e+01
4.669611210937500232e+02,-7.684121173537374716e+01
4.669614140625000118e+02,-7.383350680979532399e+01
4.669617070312500005e+02,-7.666783040910677016e+01
4.669619999999999891e+02,-7.767730709875348794e+01
4.669622929687500346e+02,-7.726880460947887741e+01
4.669625859375000232e+02,-8.163306972065581135e+01
4.669628789062500118e+02,-8.816890878094977779e+01
4.669631718750000005e+02,-7.757333199551810310e+01
4.669634648437499891e+02,-8.045421647247552244e+01
4.669637578125000346e+02,-8.126655028886969490e+01
4.669640507812500232e+02,-7.396736952216696181e+01
4.669643437500000118e+02,-7.535388582777244437e+01
4.669646367187500005e+02,-7.609193664699803605e+01
4.669649296874999891e+02,-7.641563306160391278e+01
4.669652226562500346e+02,-7.949094208968462283e+01
4.669655156250000232e+02,-7.624723292052203760e+01
4.669658085937500118e+02,-7.514380467741028724e+01
4.669661015625000005e+02,-7.953144538067314784e+01
4.669663945312499891e+02,-8.262126508573825845e+01
4.669666875000000346e+02,-7.798189375325654282e+01
4.669669804687500232e+02,-7.961026410653907703e+01
4.669672734375000118e+02,-7.468442231422199029e+01
4.669675664062500005e+02,-7.224014697050348843e+01
4.669678593749999891e+02,-7.499696561585332688e+01
4.669681523437500346e+02,-7.480365462439795010e+01
4.669684453125000232e+02,-7.308281135076751411e+01
4.669687382812500118e+02,-7.459400649413531426e+01
4.669690312500000005e+02,-8.849278245521510655e+01
4.669693242187499891e+02,-7.778742075942130896e+01
4.669696171875000346e+02,-8.167462512680103259e+01
4.669699101562500232e+02,-7.555928020509031739e+01
4.669702031250000118e+02,-7.166869784609778549e+01
4.669704960937500005e+02,-7.612806818624508765e+01
4.669707890624999891e+02,-7.551828741860049377e+01
4.669710820312500346e+02,-7.349703477006649166e+01
4.669713750000000232e+02,-7.696971202762480857e+01
4.669716679687500118e+02,-8.453634955751356017e+01
4.669719609375000005e+02,-7.559758833851721249e+01
4.669722539062499891e+02,-7.589893830393523899e+01
4.669725468750000346e+02,-7.958034683401415066e+01
4.669728398437500232e+02,-7.356244718793477944e+01
4.669731328125000118e+02,-8.085342887396784306e+01
4.669734257812500005e+02,-7.957708730216968718e+01
4.669737187499999891e+02,-7.753325752824807182e+01
4.669740117187500346e+02,-9.501488051555730863e+01
4.669743046875000232e+02,-7.891682199821525501e+01
4.669745976562500118e+02,-7.589058273899654239e+01
4.669748906250000005e+02,-7.454777736474439109e+01
4.669751835937499891e+02,-8.606571507922691922e+01
4.669754765625000346e+02,-7.745978333092361368e+01
4.669757695312500232e+02,-7.872898440122777686e+01
4.669760625000000118e+02,-8.100554324507368165e+01
4.669763554687500005e+02,-9.425981708483112698e+01
4.669766484374999891e+02,-7.441627524262023030e+01
4.669769414062500346e+02,-7.488250961126053085e+01
4.669772343750000232e+02,-7.895036072416348816e+01
4.669775273437500118e+02,-7.497014263887236041e+01
4.669778203125000005e+02,-8.207105166438597621e+01
4.669781132812499891e+02,-7.885288670906335540e+01
4.669784062500000346e+02,-7.516334288335427516e+01
4.669786992187500232e+02,-8.413268227928537613e+01
4.669789921875000118e+02,-8.005931184724013860e+01
4.669792851562500005e+02,-7.026895515483876409e+01
4.669795781249999891e+02,-7.241840574934512631e+01
4.669798710937500346e+02,-9.016308005120890812e+01
4.669801640625000232e+02,-7.869269808955311873e+01
4.669804570312500118e+02,-8.050928156979799155e+01
4.669807500000000005e+02,-8.334517927095531320e+01
4.669810429687499891e+02,-7.703078921847291838e+01
4.669813359375000346e+02,-8.568707147957940151e+01
4.669816289062500232e+02,-7.707821247746582571e+01
4.669819218750000118e+02,-6.936562691916461176e+01
4.669822148437500005e+02,-7.112104574448423477e+01
4.669825078124999891e+02,-8.171092401714912512e+01
4.669828007812500346e+02,-8.168957230971919614e+01
4.669830937500000232e+02,-7.965824971703374047e+01
4.669833867187500118e+02,-9.189487660293977456e+01
4.669836796875000005e+02,-8.356282426911674577e+01
4.669839726562499891e+02,-7.799336966356986522e+01
4.669842656250000346e+02,-8.022771879514665727e+01
4.669845585937500232e+02,-7.085374291106748501e+01
4.669848515625000118e+02,-7.175986803350741638e+01
4.669851445312500005e+02,-7.951843966486620729e+01
4.669854374999999891e+02,-8.178003493302725246e+01
4.669857304687500346e+02,-7.540543695428907256e+01
4.669860234375000232e+02,-7.708170638783377626e+01
4.669863164062500118e+02,-7.658407471386274779e+01
4.669866093750000005e+02,-7.666101235867274966e+01
4.669869023437499891e+02,-8.187915553037717586e+01
4.669871953125000346e+02,-7.365553103904106536e+01
4.669874882812500232e+02,-7.339901078871660900e+01
4.669877812500000118e+02,-7.966936540727343186e+01
4.669880742187500005e+02,-8.181697648563692837e+01
4.669883671874999891e+02,-7.414867220793541946e+01
4.669886601562500346e+02,-7.363998721096348277e+01
4.669889531250000232e+02,-7.399255411979616781e+01
4.669892460937500118e+02,-8.030853000688054522e+01
4.669895390625000005e+02,-8.354802476976124126e+01
4.669898320312499891e+02,-7.602256003375080695e+01
4.669901250000000346e+02,-7.410168159495104589e+01
4.669904179687500232e+02,-7.608169999819830309e+01
4.669907109375000118e+02,-8.273845837435817430e+01
4.669910039062500005e+02,-7.552665183367817292e+01
4.669912968749999891e+02,-7.432869941017773385e+01
4.669915898437500346e+02,-7.471731958069959489e+01
4.669918828125000232e+02,-8.296102790099708102e+01
4.669921757812500118e+02,-8.894047801082055571e+01
4.669924687500000005e+02,-7.603099886019148812e+01
4.669927617187499891e+02,-7.424947989301027462e+01
4.669930546875000346e+02,-7.460476599473213355e+01
4.669933476562500232e+02,-8.125862575853247449e+01
4.669936406250000118e+02,-7.719865484625286456e+01
4.669939335937500005e+02,-7.915150544901086960e+01
4.669942265624999891e+02,-7.812921736373225201e+01
4.669945195312500346e+02,-7.737166564251957368e+01
4.669948125000000232e+02,-7.960505672700675461e+01
4.669951054687500118e+02,-7.490800395198738215e+01
4.669953984375000005e+02,-7.716853691502532797e+01
4.669956914062499891e+02,-7.753464912736765768e+01
4.669959843750000346e+02,-8.384031398734849461e+01
4.669962773437500232e+02,-7.774365112642796305e+01
4.669965703125000118e+02,-8.167031941083644142e+01
4.669968632812500005e+02,-7.698284119669258985e+01
4.669971562499999891e+02,-7.573459926706782142e+01
4.669974492187500346e+02,-7.767482783512521394e+01
4.669977421875000232e+02,-7.617478895240391523e+01
4.669980351562500118e+02,-8.480911972481074201e+01
4.669983281250000005e+02,-8.855064507967854581e+01
4.669986210937499891e+02,-8.333221684935588769e+01
4.669989140625000346e+02,-7.659586144874998581e+01
4.669992070312500232e+02,-7.244438717095066238e+01
4.669995000000000118e+02,-7.382339250512185913e+01
4.669997929687500005e+02,-7.822461334199093130e+01
4.670000859374999891e+02,-7.953599980815916126e+01
4.670003789062500346e+02,-8.073055126102632073e+01
4.670006718750000232e+02,-8.632110145445784610e+01
4.670009648437500118e+02,-8.303793421692142829e+01
4.670012578125000005e+02,-7.926412606633529379e+01
4.670015507812499891e+02,-7.517936532565427399e+01
4.670018437500000346e+02,-6.976084551187230431e+01
4.670021367187500232e+02,-7.292063901873989096e+01
4.670024296875000118e+02,-8.335328727990349762e+01
4.670027226562500005e+02,-8.234733339087320303e+01
4.670030156249999891e+02,-8.038917626333940802e+01
4.670033085937500346e+02,-8.438166783129980786e+01
4.670036015625000232e+02,-7.531079091569090167e+01
4.670038945312500118e+02,-7.563621806415144988e+01
4.670041875000000005e+02,-7.659023133450200760e+01
4.670044804687499891e+02,-7.068197626280520751e+01
4.670047734375000346e+02,-7.255016532525701223e+01
4.670050664062500232e+02,-7.840269714951756441e+01
4.670053593750000118e+02,-7.674292947175752033e+01
4.670056523437500005e+02,-7.519816557401252055e+01
4.670059453124999891e+02,-8.807850703997546304e+01
4.670062382812500346e+02,-7.668779711176277658e+01
4.670065312500000232e+02,-7.927365380005147699e+01
4.670068242187500118e+02,-8.043808945001106281e+01
4.670071171875000005e+02,-7.415449135474391085e+01
4.670074101562499891e+02,-7.468870179055257097e+01
4.670077031250000346e+02,-7.977381421854782673e+01
4.670079960937500232e+02,-7.353193679986091524e+01
4.670082890625000118e+02,-7.327583637679387607e+01
4.670085820312500005e+02,-8.839940143048767140e+01
4.670088749999999891e+02,-8.296947176422882819e+01
4.670091679687500346e+02,-7.956178688911828090e+01
4.670094609375000232e+02,-7.832484743484994283e+01
4.670097539062500118e+02,-8.255176024440437743e+01
4.670100468750000005e+02,-8.259012731801155383e+01
4.670103398437499891e+02,-8.376622457619330930e+01
4.670106328125000346e+02,-7.316963588135060093e+01
4.670109257812500232e+02,-7.442289322272171148e+01
4.670112187500000118e+02,-7.704390922378959772e+01
4.670115117187500005e+02,-7.950417352793523662e+01
4.670118046874999891e+02,-8.010364481953990889e+01
4.670120976562500346e+02,-7.384421252869310592e+01
4.670123906250000232e+02,-8.513109306230363416e+01
4.670126835937500118e+02,-8.193596527063968438e+01
4.670129765625000005e+02,-8.459782913063791909e+01
4.670132695312499891e+02,-7.525418521274440309e+01
4.670135625000000346e+02,-7.605239327568338581e+01
4.670138554687500232e+02,-7.322102864598109306e+01
4.670141484375000118e+02,-7.469893148266231719e+01
4.670144414062500005e+02,-7.700058378480326837e+01
4.670147343749999891e+02,-7.169987325006252377e+01
4.670150273437500346e+02,-7.744588697636315544e+01
4.670153203125000232e+02,-7.879096621446649351e+01
4.670156132812500118e+02,-1.234848471522187054e+02
4.670159062500000005e+02,-8.260646188771629284e+01
4.670161992187499891e+02,-7.728081489330992326e+01
4.670164921875000346e+02,-7.212558016103122327e+01
4.670167851562500232e+02,-7.568568137936840401e+01
4.670170781250000118e+02,-7.760870914219758276e+01
4.670173710937500005e+02,-7.378192988928533680e+01
4.670176640624999891e+02,-8.217003498896239932e+01
4.670179570312500346e+02,-8.473020688563704539e+01
4.670182500000000232e+02,-8.313311061098083599e+01
4.670185429687500118e+02,-8.125078214323198722e+01
4.670188359375000005e+02,-7.947649245077926139e+01
4.670191289062499891e+02,-7.457545854913854555e+01
4.670194218750000346e+02,-8.158531567442130950e+01
4.670197148437500232e+02,-7.987905259992703577e+01
4.670200078125000118e+02,-7.653431983979299957e+01
4.670203007812500005e+02,-8.438087174486562958e+01
4.670205937499999891e+02,-7.984597633023086871e+01
4.670208867187500346e+02,-8.144546914965570750e+01
4.670211796875000232e+02,-8.047022584161558711e+01
4.670214726562500118e+02,-8.300329098905265823e+01
4.670217656250000005e+02,-8.425064230858332337e+01
4.670220585937499891e+02,-9.468315070405219558e+01
4.670223515625000346e+02,-8.714515084536026279e+01
4.670226445312500232e+02,-7.931516391630962914e+01
4.670229375000000118e+02,-7.284023964255966632e+01
4.670232304687500005e+02,-7.533437988506014449e+01
4.670235234374999891e+02,-8.316521410046290441e+01
4.670238164062500346e+02,-8.011309306855378054e+01
4.670241093750000232e+02,-8.244140170529016132e+01
4.670244023437500118e+02,-8.148932919404185782e+01
4.670246953125000005e+02,-8.167407269893561761e+01
4.670249882812499891e+02,-8.018460326120657555e+01
4.670252812500000346e+02,-7.473609553919311566e+01
4.670255742187500232e+02,-7.028933258473796286e+01
4.670258671875000118e+02,-7.599265308954443299e+01
4.670261601562500005e+02,-9.134964282715824879e+01
4.670264531249999891e+02,-7.936716003175233425e+01
4.670267460937500346e+02,-7.754269144333673580e+01
4.670270390625000232e+02,-7.667917642471198292e+01
4.670273320312500118e+02,-8.125085205217916950e+01
4.670276250000000005e+02,-7.869914283914533826e+01
4.670279179687499891e+02,-7.287362361943633005e+01
4.670282109375000346e+02,-7.135791257172799362e+01
4.670285039062500232e+02,-7.786955183744714759e+01
4.670287968750000118e+02,-9.059063620614729473e+01
4.670290898437500005e+02,-7.904033913631577946e+01
4.670293828124999891e+02,-7.738870535856095501e+01
4.670296757812500346e+02,-7.848085572578895608e+01
4.670299687500000232e+02,-8.449932599525399723e+01
4.670302617187500118e+02,-7.983556241479001869e+01
4.670305546875000005e+02,-7.301381975301795535e+01
4.670308476562499891e+02,-7.383457987119102484e+01
4.670311406250000346e+02,-7.855570481707435704e+01
4.670314335937500232e+02,-8.885962793707342655e+01
4.670317265625000118e+02,-8.143640996377899910e+01
4.670320195312500005e+02,-8.214816556527752311e+01
4.670323124999999891e+02,-8.203309143821240923e+01
4.670326054687500346e+02,-7.804461751216527432e+01
4.670328984375000232e+02,-8.076703842332641159e+01
4.670331914062500118e+02,-7.308631768693261677e+01
4.670334843750000005e+02,-7.333942489568676137e+01
4.670337773437499891e+02,-7.621905853528978980e+01
4.670340703125000346e+02,-7.956851536427480198e+01
4.670343632812500232e+02,-8.186349045522617018e+01
4.670346562500000118e+02,-8.585214555588950702e+01
4.670349492187500005e+02,-7.901850691005654426e+01
4.670352421874999891e+02,-7.256536127217313492e+01
4.670355351562500346e+02,-8.676094677835283164e+01
4.670358281250000232e+02,-7.322583889717726890e+01
4.670361210937500118e+02,-7.193147256369501008e+01
4.670364140625000005e+02,-7.337143324098943253e+01
4.670367070312499891e+02,-7.676318089663740807e+01
4.670370000000000346e+02,-8.383396029392480386e+01
4.670372929687500232e+02,-7.936526172098426457e+01
4.670375859375000118e+02,-7.513219002895175436e+01
4.670378789062500005e+02,-7.229500279830061515e+01
4.670381718749999891e+02,-9.132003254274613369e+01
4.670384648437500346e+02,-7.432242656128428848e+01
4.670387578125000232e+02,-7.089345345591797809e+01
4.670390507812500118e+02,-7.059487272284746950e+01
4.670393437500000005e+02,-7.654634465791895082e+01
4.670396367187499891e+02,-8.095763553058876028e+01
4.670399296875000346e+02,-7.793521476345716792e+01
4.670402226562500232e+02,-7.915774200516041503e+01
4.670405156250000118e+02,-7.408073073351486926e+01
4.670408085937500005e+02,-8.004504191636060284e+01
4.670411015624999891e+02,-8.172121444464885087e+01
4.670413945312500346e+02,-7.115683035036110482e+01
4.670416875000000232e+02,-7.097931382982416437e+01
4.670419804687500118e+02,-8.447882151046465538e+01
4.670422734375000005e+02,-7.804489108296684208e+01
4.670425664062499891e+02,-8.124824134032321865e+01
4.670428593750000346e+02,-8.191678718415050753e+01
4.670431523437500232e+02,-7.378317931849193201e+01
4.670434453125000118e+02,-7.473872156513593268e+01
4.670437382812500005e+02,-8.889038029629220716e+01
4.670440312499999891e+02,-7.080944559715057096e+01
4.670443242187500346e+02,-7.256702968510241192e+01
4.670446171875000232e+02,-8.522711897496769495e+01
4.670449101562500118e+02,-7.856996963862269467e+01
4.670452031250000005e+02,-8.941639970069770982e+01
4.670454960937499891e+02,-7.132054439114502031e+01
4.670457890625000346e+02,-7.129629780859502830e+01
4.670460820312500232e+02,-7.378046574796147183e+01
4.670463750000000118e+02,-8.165101118405382863e+01
4.670466679687500005e+02,-7.189308278114627626e+01
4.670469609374999891e+02,-7.808435143916979371e+01
4.670472539062500346e+02,-8.108682568573249227e+01
4.670475468750000232e+02,-8.465098881871833214e+01
4.670478398437500118e+02,-7.658111900507073244e+01
4.670481328125000005e+02,-6.885486349071649670e+01
4.670484257812499891e+02,-7.057800627567993956e+01
4.670487187500000346e+02,-7.609070931268044546e+01
4.670490117187500232e+02,-8.194817391166816378e+01
4.670493046875000118e+02,-7.462030345503862350e+01
4.670495976562500005e+02,-8.344768046634639802e+01
4.670498906249999891e+02,-8.252108605638028394e+01
4.670501835937500346e+02,-9.316124621699285058e+01
4.670504765625000232e+02,-7.318577105378075487e+01
4.670507695312500118e+02,-6.880219581763493863e+01
4.670510625000000005e+02,-7.225345587373358569e+01
4.670513554687499891e+02,-8.493956926304093713e+01
4.670516484375000346e+02,-7.974278470269314312e+01
4.670519414062500232e+02,-7.664018456518488165e+01
4.670522343750000118e+02,-9.100261684954148222e+01
4.670525273437500005e+02,-9.652714733904055322e+01
4.670528203124999891e+02,-8.962595592244055354e+01
4.670531132812500346e+02,-7.241719692136121012e+01
4.670534062500000232e+02,-7.056592359055451880e+01
4.670536992187500118e+02,-7.711686594759930813e+01
4.670539921875000005e+02,-8.680463946097117400e+01
4.670542851562499891e+02,-7.871184500121954386e+01
4.670545781250000346e+02,-8.029515603083177666e+01
4.670548710937500232e+02,-8.083567653983268997e+01
4.670551640625000118e+02,-8.806002615516662502e+01
4.670554570312500005e+02,-8.374822512524390561e+01
4.670557499999999891e+02,-7.005357415566804491e+01
4.670560429687500346e+02,-7.413466361105450630e+01
4.670563359375000232e+02,-8.553330420765421138e+01
4.670566289062500118e+02,-8.625015524128413347e+01
4.670569218750000005e+02,-7.922025713908361411e+01
4.670572148437499891e+02,-7.989077181030600627e+01
4.670575078125000346e+02,-7.978017599823938610e+01
4.670578007812500232e+02,-9.062952436748481944e+01
4.670580937500000118e+02,-8.067417985637426625e+01
4.670583867187500005e+02,-7.024403334284579614e+01
4.670586796874999891e+02,-7.687623007614075732e+01
4.670589726562500346e+02,-7.997493383920378562e+01
4.670592656250000232e+02,-8.519142547280276290e+01
4.670595585937500118e+02,-7.926402910058419593e+01
4.670598515625000005e+02,-8.352503880215203935e+01
4.670601445312499891e+02,-8.213662639750245376e+01
4.670604375000000346e+02,-9.456871486792449844e+01
4.670607304687500232e+02,-8.455894301804053725e+01
4.670610234375000118e+02,-7.333511952976454040e+01
4.670613164062500005e+02,-7.571152038363773329e+01
4.670616093749999891e+02,-8.065182761556032176e+01
4.670619023437500346e+02,-8.059943054735670387e+01
4.670621953125000232e+02,-7.943245373853872593e+01
4.670624882812500118e+02,-8.703400675015147669e+01
4.670627812500000005e+02,-9.288675858767547311e+01
4.670630742187499891e+02,-9.289222865872420698e+01
4.670633671875000346e+02,-8.605550458203816788e+01
4.670636601562500232e+02,-8.383126405879193044e+01
4.670639531250000118e+02,-8.540397565904903843e+01
4.670642460937500005e+02,-9.097974903369397737e+01
4.670645390624999891e+02,-8.944530953619469926e+01
4.670648320312500346e+02,-8.189810297012303408e+01
4.670651250000000232e+02,-8.486403916956058424e+01
4.670654179687500118e+02,-8.709820696845753218e+01
4.670657109375000005e+02,-8.505405721475966629e+01
4.670660039062499891e+02,-7.720364786929859235e+01
4.670662968750000346e+02,-8.291223333936302708e+01
4.670665898437500232e+02,-8.328342927383226879e+01
4.670668828125000118e+02,-8.242109559398167562e+01
4.670671757812500005e+02,-8.578236664657437416e+01
4.670674687499999891e+02,-8.018624385038739888e+01
4.670677617187500346e+02,-8.256030329664150713e+01
4.670680546875000232e+02,-9.504786446971303349e+01
4.670683476562500118e+02,-8.169632861146982350e+01
4.670686406250000005e+02,-7.293863174808032568e+01
4.670689335937499891e+02,-7.407768276769418492e+01
4.670692265625000346e+02,-7.588137493702770087e+01
4.670695195312500232e+02,-7.896362591310600010e+01
4.670698125000000118e+02,-8.356222465334879246e+01
4.670701054687500005e+02,-7.915439832252042152e+01
4.670703984374999891e+02,-8.106231243884866444e+01
4.670706914062500346e+02,-9.391579537765927910e+01
4.670709843750000232e+02,-8.402168129308286382e+01
4.670712773437500118e+02,-7.406134749519479499e+01
4.670715703125000005e+02,-7.337049754187916051e+01
4.670718632812499891e+02,-7.575690410382225082e+01
4.670721562500000346e+02,-7.860545716002512506e+01
4.670724492187500232e+02,-8.695765136808890361e+01
4.670727421875000118e+02,-8.078839360314084672e+01
4.670730351562500005e+02,-8.208944107506526677e+01
4.670733281249999891e+02,-9.235916702479781293e+01
4.670736210937500346e+02,-9.290935915387387922e+01
4.670739140625000232e+02,-7.637636591974691669e+01
4.670742070312500118e+02,-7.639415986158165595e+01
4.670745000000000005e+02,-7.985035168687439011e+01
4.670747929687499891e+02,-8.362331978390625409e+01
4.670750859375000346e+02,-8.389554972889031603e+01
4.670753789062500232e+02,-8.277509625886165168e+01
4.670756718750000118e+02,-8.196806497286942772e+01
4.670759648437500005e+02,-8.666132885899460803e+01
4.670762578124999891e+02,-8.855146114250683809e+01
4.670765507812500346e+02,-8.026934721526703242e+01
4.670768437500000232e+02,-8.182817430468310249e+01
4.670771367187500118e+02,-8.361976940844732553e+01
4.670774296875000005e+02,-8.849097935354036792e+01
4.670777226562499891e+02,-7.626615874790176974e+01
4.670780156250000346e+02,-8.004388632834027817e+01
4.670783085937500232e+02,-8.392647545420730637e+01
4.670786015625000118e+02,-8.025723965565495632e+01
4.670788945312500005e+02,-8.734911365721987409e+01
4.670791874999999891e+02,-8.330638718713353796e+01
4.670794804687500346e+02,-7.682719204029172033e+01
4.670797734375000232e+02,-7.873074318662249027e+01
4.670800664062500118e+02,-7.953902649660132340e+01
4.670803593750000005e+02,-7.273238191824334820e+01
4.670806523437499891e+02,-7.987068688192380250e+01
4.670809453125000346e+02,-8.157331029859267346e+01
4.670812382812500232e+02,-8.165517660781345910e+01
4.670815312500000118e+02,-8.974958147267004449e+01
4.670818242187500005e+02,-8.072850224266828434e+01
4.670821171874999891e+02,-7.489704260865570973e+01
4.670824101562500346e+02,-7.615530921391163588e+01
4.670827031250000232e+02,-7.502899624641389664e+01
4.670829960937500118e+02,-7.313554189550964679e+01
4.670832890625000005e+02,-8.304479967378993877e+01
4.670835820312499891e+02,-8.077829231248125552e+01
4.670838750000000346e+02,-8.328047427204126052e+01
4.670841679687500232e+02,-7.797067992985303420e+01
4.670844609375000118e+02,-8.211497855979659732e+01
4.670847539062500005e+02,-7.393849658470841746e+01
4.670850468749999891e+02,-7.281005013897828348e+01
4.670853398437500346e+02,-7.240221811565682231e+01
4.670856328125000232e+02,-7.892243956719435971e+01
4.670859257812500118e+02,-8.184672189764677341e+01
4.670862187500000005e+02,-7.571345028418667766e+01
4.670865117187499891e+02,-7.390492331225027556e+01
4.670868046875000346e+02,-7.266754072694179456e+01
4.670870976562500232e+02,-7.897966261060729209e+01
4.670873906250000118e+02,-7.712466318007022892e+01
4.670876835937500005e+02,-7.187482839290919401e+01
4.670879765624999891e+02,-7.339842241854498184e+01
4.670882695312500346e+02,-7.778032096198853651e+01
4.670885625000000232e+02,-7.672719573359920275e+01
4.670888554687500118e+02,-7.290128342236833703e+01
4.670891484375000005e+02,-7.048102084262752953e+01
4.670894414062499891e+02,-6.988139349470101536e+01
4.670897343750000346e+02,-7.538433931549133149e+01
4.670900273437500232e+02,-7.828764627977297152e+01
4.670903203125000118e+02,-7.129076289858750215e+01
4.670906132812500005e+02,-7.285312451407558854e+01
4.670909062499999891e+02,-7.274281267023276598e+01
4.670911992187500346e+02,-7.347310479860281873e+01
4.670914921875000232e+02,-7.151493639781882905e+01
4.670917851562500118e+02,-7.064769691184839928e+01
4.670920781250000005e+02,-6.928855414447637884e+01
4.670923710937499891e+02,-7.466121919997262069e+01
4.670926640625000346e+02,-7.937611163093194477e+01
4.670929570312500232e+02,-7.525233604850403424e+01
4.670932500000000118e+02,-7.628355035637677872e+01
4.670935429687500005e+02,-7.384403438070150116e+01
4.670938359374999891e+02,-7.591399019406762250e+01
4.670941289062500346e+02,-7.379946194731955700e+01
4.670944218750000232e+02,-6.954005429280923067e+01
4.670947148437500118e+02,-6.937418594978410624e+01
4.670950078125000005e+02,-7.503687141658770088e+01
4.670953007812499891e+02,-7.710070063740994328e+01
4.670955937500000346e+02,-7.784255182242199567e+01
4.670958867187500232e+02,-9.924387249343544681e+01
4.670961796875000118e+02,-8.229462928712534620e+01
4.670964726562500005e+02,-8.066064081794067420e+01
4.670967656249999891e+02,-7.859309985471878690e+01
4.670970585937500346e+02,-7.161526158330667613e+01
4.670973515625000232e+02,-7.616809386306178453e+01
4.670976445312500118e+02,-7.655471516794561637e+01
4.670979375000000005e+02,-7.826466528019595614e+01
4.670982304687499891e+02,-7.797784008511590059e+01
4.670985234375000346e+02,-7.832624446590676826e+01
4.670988164062500232e+02,-8.090327754106507996e+01
4.670991093750000118e+02,-8.698474194472005649e+01
4.670994023437500005e+02,-7.773410428003360551e+01
4.670996953124999891e+02,-7.540634631751741779e+01
4.670999882812500346e+02,-8.000995932281192324e+01
4.671002812500000232e+02,-7.871692178268251894e+01
4.671005742187500118e+02,-8.201088352345615817e+01
4.671008671875000005e+02,-7.482438896089374225e+01
4.671011601562499891e+02,-7.216656085959047573e+01
4.671014531250000346e+02,-7.800763306938617347e+01
4.671017460937500232e+02,-8.490662362328478707e+01
4.671020390625000118e+02,-7.724535221649259142e+01
4.671023320312500005e+02,-8.670792687438893154e+01
4.671026249999999891e+02,-7.771268479783769578e+01
4.671029179687500346e+02,-8.298788609438963704e+01
4.671032109375000232e+02,-8.502112246315243738e+01
4.671035039062500118e+02,-7.408223962388350969e+01
4.671037968750000005e+02,-7.223889543373286415e+01
4.671040898437499891e+02,-8.077340525803407445e+01
4.671043828125000346e+02,-7.938382859068730113e+01
4.671046757812500232e+02,-7.708190044195696089e+01
4.671049687500000118e+02,-8.815446932116395828e+01
4.671052617187500005e+02,-7.901901077053514655e+01
4.671055546874999891e+02,-9.189676590862946171e+01
4.671058476562500346e+02,-8.859627724213609667e+01
4.671061406250000232e+02,-7.992778443934524546e+01
4.671064335937500118e+02,-7.774885747590198548e+01
4.671067265625000005e+02,-8.656432601676331728e+01
4.671070195312499891e+02,-8.166114052864294592e+01
4.671073125000000346e+02,-7.978739842484044686e+01
4.671076054687500232e+02,-8.894685793684033115e+01
4.671078984375000118e+02,-9.422540838654570905e+01
4.671081914062500005e+02,-8.173690190855266735e+01
4.671084843749999891e+02,-7.920955617722908926e+01
4.671087773437500346e+02,-8.048265176193115167e+01
4.671090703125000232e+02,-8.280430430002503783e+01
4.671093632812500118e+02,-8.170277330738545629e+01
4.671096562500000005e+02,-8.996072922568265540e+01
4.671099492187499891e+02,-8.544184671150908628e+01
4.671102421875000346e+02,-8.433866428542913241e+01
4.671105351562500232e+02,-8.612584809812383924e+01
4.671108281250000118e+02,-8.635547315847075822e+01
4.671111210937500005e+02,-7.499305567377359694e+01
4.671114140624999891e+02,-7.155977839598014612e+01
4.671117070312500346e+02,-7.644689400704524473e+01
4.671120000000000232e+02,-8.978174327909229646e+01
4.671122929687500118e+02,-8.626155440932130603e+01
4.671125859375000005e+02,-8.261636562024170871e+01
4.671128789062499891e+02,-7.730898524166609320e+01
4.671131718750000346e+02,-9.109325564088584315e+01
4.671134648437500232e+02,-8.442891358797062651e+01
4.671137578125000118e+02,-7.374876351314065914e+01
4.671140507812500005e+02,-7.008726958536894358e+01
4.671143437499999891e+02,-7.834191675952286005e+01
4.671146367187500346e+02,-8.363934120196819322e+01
4.671149296875000232e+02,-8.306091427068633948e+01
4.671152226562500118e+02,-7.647550273536333520e+01
4.671155156250000005e+02,-7.381694071034799265e+01
4.671158085937499891e+02,-8.044616373835876288e+01
4.671161015625000346e+02,-7.709561750001431335e+01
4.671163945312500232e+02,-7.499127870200067036e+01
4.671166875000000118e+02,-7.370984800188298891e+01
4.671169804687500005e+02,-8.200455079034301775e+01
4.671172734374999891e+02,-7.726484755759845768e+01
4.671175664062500346e+02,-8.202355781478399877e+01
4.671178593750000232e+02,-7.457770890883315928e+01
4.671181523437500118e+02,-7.451048139695694772e+01
4.671184453125000005e+02,-7.564212567494989514e+01
4.671187382812499891e+02,-7.565074314430349034e+01
4.671190312500000346e+02,-8.101163476740184421e+01
4.671193242187500232e+02,-9.207935533650748994e+01
4.671196171875000118e+02,-7.599519425789291915e+01
4.671199101562500005e+02,-7.761677798192056343e+01
4.671202031249999891e+02,-8.555171132640342080e+01
4.671204960937500346e+02,-7.636766433481977856e+01
4.671207890625000232e+02,-7.889836393985598306e+01
4.671210820312500118e+02,-7.598366471646616560e+01
4.671213750000000005e+02,-7.563877948135038309e+01
4.671216679687499891e+02,-7.892293557911585822e+01
4.671219609375000346e+02,-7.512509266280373765e+01
4.671222539062500232e+02,-7.604363478410741095e+01
4.671225468750000118e+02,-8.277585535925828708e+01
4.671228398437500005e+02,-9.081645219224307652e+01
4.671231328124999891e+02,-8.041763080671579189e+01
4.671234257812500346e+02,-8.230003646975332288e+01
4.671237187500000232e+02,-7.887787680718467698e+01
4.671240117187500118e+02,-7.629182872232594548e+01
4.671243046875000005e+02,-7.579063902416920939e+01
4.671245976562499891e+02,-7.523064616768392909e+01
4.671248906250000346e+02,-7.901394101967882477e+01
4.671251835937500232e+02,-1.001043942261816966e+02
4.671254765625000118e+02,-8.348108775310775798e+01
4.671257695312500005e+02,-8.208594213996440203e+01
4.671260624999999891e+02,-8.214743477257889026e+01
4.671263554687500346e+02,-8.087093068636066562e+01
4.671266484375000232e+02,-7.791576501122418108e+01
4.671269414062500118e+02,-8.204102475990559640e+01
4.671272343750000005e+02,-7.803835222566253549e+01
4.671275273437499891e+02,-8.016371934631263230e+01
4.671278203125000346e+02,-8.661436999069292142e+01
4.671281132812500232e+02,-8.020782721448865971e+01
4.671284062500000118e+02,-7.919587459536055007e+01
4.671286992187500005e+02,-8.152243547433714355e+01
4.671289921874999891e+02,-8.379702081795150548e+01
4.671292851562500346e+02,-8.409188616204149014e+01
4.671295781250000232e+02,-8.387100617888968657e+01
4.671298710937500118e+02,-7.292869581799661205e+01
4.671301640625000005e+02,-7.553641399378450672e+01
4.671304570312499891e+02,-9.194051969825368076e+01
4.671307500000000346e+02,-8.670851386991701304e+01
4.671310429687500232e+02,-8.069670826393956986e+01
4.671313359375000118e+02,-8.528790692694965969e+01
4.671316289062500005e+02,-8.605759515695498862e+01
4.671319218749999891e+02,-8.096483345976899670e+01
4.671322148437500346e+02,-7.491823385350065223e+01
4.671325078125000232e+02,-7.150084713053499286e+01
4.671328007812500118e+02,-7.610189374504918192e+01
4.671330937500000005e+02,-7.997182135284276683e+01
4.671333867187499891e+02,-8.520200257375509523e+01
4.671336796875000346e+02,-8.470860980153744890e+01
4.671339726562500232e+02,-7.976041587140535682e+01
4.671342656250000118e+02,-8.128376071257100932e+01
4.671345585937500005e+02,-8.171998221008206542e+01
4.671348515624999891e+02,-7.549726435715272999e+01
4.671351445312500346e+02,-7.239416299233684526e+01
4.671354375000000232e+02,-7.546544325890864968e+01
4.671357304687500118e+02,-7.565428866057484925e+01
4.671360234375000005e+02,-8.171983084003969111e+01
4.671363164062499891e+02,-8.465592198657169831e+01
4.671366093750000346e+02,-7.788753587687823199e+01
4.671369023437500232e+02,-8.073581598810574178e+01
4.671371953125000118e+02,-1.047209110924911215e+02
4.671374882812500005e+02,-8.242623663158654779e+01
4.671377812499999891e+02,-7.339358488398825386e+01
4.671380742187500346e+02,-7.283069811373415803e+01
4.671383671875000232e+02,-7.483215222706184022e+01
4.671386601562500118e+02,-7.640337641947246539e+01
4.671389531250000005e+02,-8.149456288010284766e+01
4.671392460937499891e+02,-7.742405319776291606e+01
4.671395390625000346e+02,-7.865760578768194478e+01
4.671398320312500232e+02,-7.897521556188139868e+01
4.671401250000000118e+02,-8.068492458137770029e+01
4.671404179687500005e+02,-7.213733863328880602e+01
4.671407109374999891e+02,-7.232892935723117489e+01
4.671410039062500346e+02,-7.399161379370372060e+01
4.671412968750000232e+02,-7.374397466839741355e+01
4.671415898437500118e+02,-7.696085254802835607e+01
4.671418828125000005e+02,-7.786977939746631705e+01
4.671421757812499891e+02,-7.715072108802259265e+01
4.671424687500000346e+02,-7.669658010250456925e+01
4.671427617187500232e+02,-7.561736668575476017e+01
4.671430546875000118e+02,-7.160691536661016698e+01
4.671433476562500005e+02,-7.653944387100956703e+01
4.671436406249999891e+02,-7.500212467848575670e+01
4.671439335937500346e+02,-7.337795180858500999e+01
4.671442265625000232e+02,-7.513417107739695666e+01
4.671445195312500118e+02,-7.756283465610883354e+01
4.671448125000000005e+02,-7.589312762143431712e+01
4.671451054687499891e+02,-7.756036890205390932e+01
4.671453984375000346e+02,-7.558743456350441647e+01
4.671456914062500232e+02,-7.569006818446894158e+01
4.671459843750000118e+02,-8.774940270613794269e+01
4.671462773437500005e+02,-7.455407053357683367e+01
4.671465703124999891e+02,-7.316057772419911487e+01
4.671468632812500346e+02,-7.538995854390631735e+01
4.671471562500000232e+02,-7.910923736552150842e+01
4.671474492187500118e+02,-7.804572079536443141e+01
4.671477421875000005e+02,-8.195560107023652563e+01
4.671480351562499891e+02,-8.245938677980701925e+01
4.671483281250000346e+02,-8.008647828421501913e+01
4.671486210937500232e+02,-8.911438686434385659e+01
4.671489140625000118e+02,-7.598904459578750448e+01
4.671492070312500005e+02,-7.534560738452415762e+01
4.671494999999999891e+02,-7.942877762601037261e+01
4.671497929687500346e+02,-8.303085184179614942e+01
4.671500859375000232e+02,-7.799920187164076424e+01
4.671503789062500118e+02,-8.211434597133683155e+01
4.671506718750000005e+02,-7.742091177836039151e+01
4.671509648437499891e+02,-7.493368484247916683e+01
4.671512578125000346e+02,-8.597640773819853166e+01
4.671515507812500232e+02,-7.964571821709752442e+01
4.671518437500000118e+02,-8.201503706395973836e+01
4.671521367187500005e+02,-8.361718841053129836e+01
4.671524296874999891e+02,-8.278564910386499776e+01
4.671527226562500346e+02,-7.816562173550380521e+01
4.671530156250000232e+02,-7.972356208473173922e+01
4.671533085937500118e+02,-7.479400528100937606e+01
4.671536015625000005e+02,-7.535368393834554013e+01
4.671538945312499891e+02,-7.992621958692504336e+01
4.671541875000000346e+02,-7.839401480667956434e+01
4.671544804687500232e+02,-8.516157977273485358e+01
4.671547734375000118e+02,-8.181047222209720360e+01
4.671550664062500005e+02,-8.880949789287251406e+01
4.671553593749999891e+02,-8.288486396722944960e+01
4.671556523437500346e+02,-7.837899156019979330e+01
4.671559453125000232e+02,-7.576722943311649772e+01
4.671562382812500118e+02,-7.322901291040793126e+01
4.671565312500000005e+02,-7.453319649590038409e+01
4.671568242187499891e+02,-7.610009084586249628e+01
4.671571171875000346e+02,-8.612447586576575986e+01
4.671574101562500232e+02,-7.589979616300865928e+01
4.671577031250000118e+02,-7.667707307751031465e+01
4.671579960937500005e+02,-8.500052067000247291e+01
4.671582890624999891e+02,-8.201945111890373141e+01
4.671585820312500346e+02,-8.342616215309020333e+01
4.671588750000000232e+02,-7.350479382474165391e+01
4.671591679687500118e+02,-7.365044768835348066e+01
4.671594609375000005e+02,-8.091775318306979159e+01
4.671597539062499891e+02,-7.932940521343600437e+01
4.671600468750000346e+02,-7.818569540335883516e+01
4.671603398437500232e+02,-7.563711262081983477e+01
4.671606328125000118e+02,-1.020204826219805625e+02
4.671609257812500005e+02,-8.306199206171370975e+01
4.671612187499999891e+02,-7.850239713315272638e+01
4.671615117187500346e+02,-7.609682423316316147e+01
4.671618046875000232e+02,-7.675241198210314053e+01
4.671620976562500118e+02,-8.268362226414480176e+01
4.671623906250000005e+02,-7.948820996958855289e+01
4.671626835937499891e+02,-7.825321008977324766e+01
4.671629765625000346e+02,-7.603872180641850775e+01
4.671632695312500232e+02,-8.292030835120920074e+01
4.671635625000000118e+02,-7.889441264641126850e+01
4.671638554687500005e+02,-7.591202137476626888e+01
4.671641484374999891e+02,-7.332039072125755297e+01
4.671644414062500346e+02,-7.758901334346516876e+01
4.671647343750000232e+02,-7.683246363065789808e+01
4.671650273437500118e+02,-7.560301419428840575e+01
4.671653203125000005e+02,-8.434989367201791310e+01
4.671656132812499891e+02,-8.936495045321584030e+01
4.671659062500000346e+02,-7.341170248855199532e+01
4.671661992187500232e+02,-7.329574223306727276e+01
4.671664921875000118e+02,-7.973204288368579284e+01
4.671667851562500005e+02,-7.512991108918771488e+01
4.671670781249999891e+02,-8.282565742046045898e+01
4.671673710937500346e+02,-7.531778618384240076e+01
4.671676640625000232e+02,-7.492563162266429799e+01
4.671679570312500118e+02,-8.153080595182626666e+01
4.671682500000000005e+02,-7.742902088858795651e+01
4.671685429687499891e+02,-7.384475704811484320e+01
4.671688359375000346e+02,-7.578528909300577254e+01
4.671691289062500232e+02,-8.032889494837972677e+01
4.671694218750000118e+02,-7.901824346806245103e+01
4.671697148437500005e+02,-7.918379504493758247e+01
4.671700078124999891e+02,-7.415075547857041727e+01
4.671703007812500346e+02,-7.267349314382902037e+01
4.671705937500000232e+02,-7.364265001988079007e+01
4.671708867187500118e+02,-7.248837023730605722e+01
4.671711796875000005e+02,-7.450735686400328461e+01
4.671714726562499891e+02,-7.613040752503785313e+01
4.671717656250000346e+02,-8.148415894170517504e+01
4.671720585937500232e+02,-8.253523692580989746e+01
4.671723515625000118e+02,-7.868278806532006797e+01
4.671726445312500005e+02,-7.624384822126603467e+01
4.671729374999999891e+02,-7.486462831441852472e+01
4.671732304687500346e+02,-7.514947150969828726e+01
4.671735234375000232e+02,-7.417026707970251209e+01
4.671738164062500118e+02,-7.841256990407467242e+01
4.671741093750000005e+02,-7.774670999050407261e+01
4.671744023437499891e+02,-7.716297472125894785e+01
4.671746953125000346e+02,-8.536017035056831048e+01
4.671749882812500232e+02,-8.045005695171214199e+01
4.671752812500000118e+02,-8.114238100018857835e+01
4.671755742187500005e+02,-8.234770387094413024e+01
4.671758671874999891e+02,-7.987753757857844050e+01
4.671761601562500346e+02,-7.550080541628703656e+01
4.671764531250000232e+02,-7.860892187810591736e+01
4.671767460937500118e+02,-8.103962917844435765e+01
4.671770390625000005e+02,-7.550052495861918089e+01
4.671773320312499891e+02,-9.238535827263430633e+01
4.671776250000000346e+02,-9.364390980666107112e+01
4.671779179687500232e+02,-8.243765097942326747e+01
4.671782109375000118e+02,-9.212007967642654194e+01
4.671785039062500005e+02,-8.017422570935566739e+01
4.671787968749999891e+02,-7.104011241113627761e+01
4.671790898437500346e+02,-7.151306041822869020e+01
4.671793828125000232e+02,-7.632515980257826982e+01
4.671796757812500118e+02,-7.708156454138007518e+01
4.671799687500000005e+02,-8.662821566688714370e+01
4.671802617187499891e+02,-8.628205506772229683e+01
4.671805546875000346e+02,-8.125949075466714078e+01
4.671808476562500232e+02,-8.093561393771616963e+01
4.671811406250000118e+02,-7.443009774656385957e+01
4.671814335937500005e+02,-6.881599949002452377e+01
4.671817265624999891e+02,-7.109962202067802650e+01
4.671820195312500346e+02,-7.826686395412789921e+01
4.671823125000000232e+02,-8.968188063083731265e+01
4.671826054687500118e+02,-8.076694062170696498e+01
4.671828984375000005e+02,-9.389265163720548912e+01
4.671831914062499891e+02,-8.123460368873836046e+01
4.671834843750000346e+02,-9.142525629624059036e+01
4.671837773437500232e+02,-7.787470138045793533e+01
4.671840703125000118e+02,-7.057503705781394387e+01
4.671843632812500005e+02,-7.227342512245859041e+01
4.671846562499999891e+02,-7.528114411352574109e+01
4.671849492187500346e+02,-7.746202808057135769e+01
4.671852421875000232e+02,-7.999733753634492928e+01
4.671855351562500118e+02,-8.456107296849222621e+01
4.671858281250000005e+02,-8.011169356435770794e+01
4.671861210937499891e+02,-8.673752382051327459e+01
4.671864140625000346e+02,-8.215721538436157800e+01
4.671867070312500232e+02,-7.430029584281533062e+01
4.671870000000000118e+02,-7.492152559702316239e+01
4.671872929687500005e+02,-7.497537545316643559e+01
4.671875859374999891e+02,-7.446468315775581459e+01
4.671878789062500346e+02,-7.567284569960841623e+01
4.671881718750000232e+02,-8.290187806404856019e+01
4.671884648437500118e+02,-7.762072637950593901e+01
4.671887578125000005e+02,-7.803930090560767496e+01
4.671890507812499891e+02,-8.483372106851186345e+01
4.671893437500000346e+02,-8.778811461957779727e+01
4.671896367187500232e+02,-8.051474865548277648e+01
4.671899296875000118e+02,-7.424378514266967954e+01
4.671902226562500005e+02,-7.351004999466945833e+01
4.671905156249999891e+02,-7.547024241478392526e+01
4.671908085937500346e+02,-8.081608231540910481e+01
4.671911015625000232e+02,-7.618557105225154658e+01
4.671913945312500118e+02,-7.625811300283794480e+01
4.671916875000000005e+02,-7.555623402037197422e+01
4.671919804687499891e+02,-7.892650258221868853e+01
4.671922734375000346e+02,-8.299220484375533147e+01
4.671925664062500232e+02,-7.902052676748502336e+01
4.671928593750000118e+02,-7.371590498403614333e+01
4.671931523437500005e+02,-7.781538537467798733e+01
4.671934453124999891e+02,-8.360915729327777512e+01
4.671937382812500346e+02,-7.693869017687686096e+01
4.671940312500000232e+02,-7.336381258522381188e+01
4.671943242187500118e+02,-7.219404921351106452e+01
4.671946171875000005e+02,-7.585231927573626365e+01
4.671949101562499891e+02,-7.922022461650509229e+01
4.671952031250000346e+02,-8.706619636212657554e+01
4.671954960937500232e+02,-7.841730941868171101e+01
4.671957890625000118e+02,-8.968995847382133491e+01
4.671960820312500005e+02,-8.143921133424576908e+01
4.671963749999999891e+02,-8.237165958608927951e+01
4.671966679687500346e+02,-7.860591404352570066e+01
4.671969609375000232e+02,-7.828574978279769425e+01
4.671972539062500118e+02,-7.705671602856519087e+01
4.671975468750000005e+02,-7.588224566485797595e+01
4.671978398437499891e+02,-8.717753700103570225e+01
4.671981328125000346e+02,-8.878974801361130176e+01
4.671984257812500232e+02,-8.411019074830468867e+01
4.671987187500000118e+02,-8.428263564532072394e+01
4.671990117187500005e+02,-8.708011220664369034e+01
4.671993046874999891e+02,-8.457263194710216681e+01
4.671995976562500346e+02,-8.475125773261753181e+01
4.671998906250000232e+02,-7.606178237164097311e+01
4.672001835937500118e+02,-7.511459066970313359e+01
4.672004765625000005e+02,-8.877666957169753914e+01
4.672007695312499891e+02,-7.797282335588030833e+01
4.672010625000000346e+02,-8.188001422896121539e+01
4.672013554687500232e+02,-8.680496231596737289e+01
4.672016484375000118e+02,-8.220372720207704731e+01
4.672019414062500005e+02,-8.206767146354482634e+01
4.672022343749999891e+02,-8.675575739228848704e+01
4.672025273437500346e+02,-7.197548748981247968e+01
4.672028203125000232e+02,-7.441644646669141139e+01
4.672031132812500118e+02,-9.574398131389273203e+01
4.672034062500000005e+02,-8.561648164260567739e+01
4.672036992187499891e+02,-8.874032758056053183e+01
4.672039921875000346e+02,-8.251350560229020914e+01
4.672042851562500232e+02,-7.756822993253035747e+01
4.672045781250000118e+02,-8.080903935857409692e+01
4.672048710937500005e+02,-8.444176750099987316e+01
4.672051640624999891e+02,-7.349271875316627245e+01
4.672054570312500346e+02,-7.941578405801655549e+01
4.672057500000000232e+02,-9.100261379852656773e+01
4.672060429687500118e+02,-8.500964997357766606e+01
4.672063359375000005e+02,-8.265849114569323319e+01
4.672066289062499891e+02,-7.729711620770527247e+01
4.672069218750000346e+02,-7.334291377121387256e+01
4.672072148437500232e+02,-8.088772456469912697e+01
4.672075078125000118e+02,-7.689023727910142725e+01
4.672078007812500005e+02,-7.766592920501145159e+01
4.672080937499999891e+02,-8.517941350157087754e+01
4.672083867187500346e+02,-8.207242383353542436e+01
4.672086796875000232e+02,-8.381315122912096172e+01
4.672089726562500118e+02,-7.881050662982207200e+01
4.672092656250000005e+02,-7.471605560851628525e+01
4.672095585937499891e+02,-7.351051834400416851e+01
4.672098515625000346e+02,-8.008549026043601771e+01
4.672101445312500232e+02,-7.419384479015488409e+01
4.672104375000000118e+02,-8.009581979817836839e+01
4.672107304687500005e+02,-8.943564117042363648e+01
4.672110234374999891e+02,-7.718257097411949985e+01
4.672113164062500346e+02,-7.549764615858768479e+01
4.672116093750000232e+02,-7.420104617038451522e+01
4.672119023437500118e+02,-7.597134036856704142e+01
4.672121953125000005e+02,-7.337491800411956433e+01
4.672124882812499891e+02,-7.568382504959542700e+01
4.672127812500000346e+02,-7.214393295719864341e+01
4.672130742187500232e+02,-8.158472055720464766e+01
4.672133671875000118e+02,-9.178344764682130119e+01
4.672136601562500005e+02,-7.483976400257216710e+01
4.672139531249999891e+02,-7.392616530450845858e+01
4.672142460937500346e+02,-7.504236373003685401e+01
4.672145390625000232e+02,-7.629296186613203190e+01
4.672148320312500118e+02,-7.450471910267860665e+01
4.672151250000000005e+02,-7.645118346137495280e+01
4.672154179687499891e+02,-7.519060233829542028e+01
4.672157109375000346e+02,-8.488635172511079929e+01
4.672160039062500232e+02,-8.899242064728147739e+01
4.672162968750000118e+02,-7.542928887932004045e+01
4.672165898437500005e+02,-7.857835943181487437e+01
4.672168828124999891e+02,-8.373861043062275655e+01
4.672171757812500346e+02,-7.900324565295912294e+01
4.672174687500000232e+02,-7.459731975119501612e+01
4.672177617187500118e+02,-7.443002249965657313e+01
4.672180546875000005e+02,-7.817537081463966331e+01
4.672183476562499891e+02,-8.188566962300367891e+01
4.672186406250000346e+02,-8.542769793282894852e+01
4.672189335937500232e+02,-7.691521861811055771e+01
4.672192265625000118e+02,-8.054540239431148052e+01
4.672195195312500005e+02,-8.730803191382221939e+01
4.672198124999999891e+02,-7.872982511522994287e+01
4.672201054687500346e+02,-7.483145253618447157e+01
4.672203984375000232e+02,-7.428844875145227888e+01
4.672206914062500118e+02,-7.854461289552021697e+01
4.672209843750000005e+02,-8.216944509019141663e+01
4.672212773437499891e+02,-7.942366498735123059e+01
4.672215703125000346e+02,-7.461948735201582394e+01
4.672218632812500232e+02,-7.934935229477332541e+01
4.672221562500000118e+02,-9.245855834333974599e+01
4.672224492187500005e+02,-7.858793665911700543e+01
4.672227421874999891e+02,-8.328437599547058312e+01
4.672230351562500346e+02,-7.527277880715431024e+01
4.672233281250000232e+02,-8.212936363845030030e+01
4.672236210937500118e+02,-8.182350952435587033e+01
4.672239140625000005e+02,-8.070613001581962465e+01
4.672242070312499891e+02,-7.583816673339381964e+01
4.672245000000000346e+02,-7.856180127404275026e+01
4.672247929687500232e+02,-8.547489809529174920e+01
4.672250859375000118e+02,-8.043275077154065400e+01
4.672253789062500005e+02,-8.594887904770915554e+01
4.672256718749999891e+02,-7.328455960289053905e+01
4.672259648437500346e+02,-7.358450877862132700e+01
4.672262578125000232e+02,-7.845271802477414269e+01
4.672265507812500118e+02,-7.679377089573657145e+01
4.672268437500000005e+02,-7.876638373993371545e+01
4.672271367187499891e+02,-7.914246869154744957e+01
4.672274296875000346e+02,-7.681106266110188585e+01
4.672277226562500232e+02,-7.593647574394046273e+01
4.672280156250000118e+02,-7.633962279401339401e+01
4.672283085937500005e+02,-7.227192115474501577e+01
4.672286015624999891e+02,-7.687243788302305347e+01
4.672288945312500346e+02,-8.194242793927719504e+01
4.672291875000000232e+02,-7.890918625543703513e+01
4.672294804687500118e+02,-7.978420194976972368e+01
4.672297734375000005e+02,-7.934888688032872039e+01
4.672300664062499891e+02,-7.452965750925874033e+01
4.672303593750000346e+02,-6.906514259044713810e+01
4.672306523437500232e+02,-6.880406073281585577e+01
4.672309453125000118e+02,-6.980961232815643314e+01
4.672312382812500005e+02,-7.724932734475520135e+01
4.672315312499999891e+02,-7.683026973262657577e+01
4.672318242187500346e+02,-7.488062405683251654e+01
4.672321171875000232e+02,-8.321288619914756168e+01
4.672324101562500118e+02,-9.027114827416220066e+01
4.672327031250000005e+02,-7.296739341639586485e+01
4.672329960937499891e+02,-6.910834960381215808e+01
4.672332890625000346e+02,-6.880172939467681203e+01
4.672335820312500232e+02,-7.208568678068415636e+01
4.672338750000000118e+02,-7.583115627262530722e+01
4.672341679687500005e+02,-7.262753830861986160e+01
4.672344609374999891e+02,-7.518012846843340924e+01
4.672347539062500346e+02,-9.009051116163527695e+01
4.672350468750000232e+02,-8.483659257281081523e+01
4.672353398437500118e+02,-7.971798979879640967e+01
4.672356328125000005e+02,-7.381150028713189215e+01
4.672359257812499891e+02,-7.450691311074925238e+01
4.672362187500000346e+02,-7.815370624029785063e+01
4.672365117187500232e+02,-7.432124835528031781e+01
4.672368046875000118e+02,-7.321416039118399510e+01
4.672370976562500005e+02,-7.766113548915771503e+01
4.672373906249999891e+02,-8.415623037014155727e+01
4.672376835937500346e+02,-8.068081284371075412e+01
4.672379765625000232e+02,-7.680932541576889605e+01
4.672382695312500118e+02,-8.304858004425113904e+01
4.672385625000000005e+02,-8.567504039364381185e+01
4.672388554687499891e+02,-8.016051316872554366e+01
4.672391484375000346e+02,-7.236526496360565375e+01
4.672394414062500232e+02,-7.530827106609812915e+01
4.672397343750000118e+02,-8.602886160647696556e+01
4.672400273437500005e+02,-7.984449313645160373e+01
4.672403203124999891e+02,-7.573868755447909962e+01
4.672406132812500346e+02,-7.268168172319161613e+01
4.672409062500000232e+02,-7.782684878573228104e+01
4.672411992187500118e+02,-7.880126791442552303e+01
4.672414921875000005e+02,-8.214244136997808710e+01
4.672417851562499891e+02,-7.902677530823341101e+01
4.672420781250000346e+02,-9.833462491583885878e+01
4.672423710937500232e+02,-8.095525285560245266e+01
4.672426640625000118e+02,-7.703046984551741616e+01
4.672429570312500005e+02,-7.272492949084188751e+01
4.672432499999999891e+02,-7.070708494980036107e+01
4.672435429687500346e+02,-7.201263640818145007e+01
4.672438359375000232e+02,-7.853323039408564910e+01
4.672441289062500118e+02,-8.826835396630281139e+01
4.672444218750000005e+02,-8.184836044046120662e+01
4.672447148437499891e+02,-8.154272897644713680e+01
4.672450078125000346e+02,-8.072298067397794341e+01
4.672453007812500232e+02,-7.519899017790216078e+01
4.672455937500000118e+02,-7.289615542282308525e+01
4.672458867187500005e+02,-7.153109445056384175e+01
4.672461796874999891e+02,-7.470074550076955688e+01
4.672464726562500346e+02,-8.386945215962127520e+01
4.672467656250000232e+02,-8.079636988407725084e+01
4.672470585937500118e+02,-7.691730241503026377e+01
4.672473515625000005e+02,-7.862099787877718882e+01
4.672476445312499891e+02,-8.443241367223264149e+01
4.672479375000000346e+02,-8.080532862631602598e+01
4.672482304687500232e+02,-7.846865721713898267e+01
4.672485234375000118e+02,-7.418264958973912826e+01
4.672488164062500005e+02,-8.459880805402286796e+01
4.672491093749999891e+02,-7.637242003790069589e+01
4.672494023437500346e+02,-7.393509158152699001e+01
4.672496953125000232e+02,-7.678092411303175879e+01
4.672499882812500118e+02,-7.798450195561139253e+01
4.672502812500000005e+02,-8.749824556536502485e+01
4.672505742187499891e+02,-7.691648572494700886e+01
4.672508671875000346e+02,-7.681652238029425916e+01
4.672511601562500232e+02,-8.157050669681646582e+01
4.672514531250000118e+02,-8.054188657765018888e+01
4.672517460937500005e+02,-7.880416600745522260e+01
4.672520390624999891e+02,-8.127615734817220527e+01
4.672523320312500346e+02,-9.359639981974440559e+01
4.672526250000000232e+02,-8.261579877301251429e+01
4.672529179687500118e+02,-8.009931652779323485e+01
4.672532109375000005e+02,-7.274932592713086876e+01
4.672535039062499891e+02,-7.633077519029120594e+01
4.672537968750000346e+02,-9.165867907566102701e+01
4.672540898437500232e+02,-8.081950353598332981e+01
4.672543828125000118e+02,-8.064880060384194849e+01
4.672546757812500005e+02,-8.325397120934091788e+01
4.672549687499999891e+02,-7.675731034341654890e+01
4.672552617187500346e+02,-8.045265722944300535e+01
4.672555546875000232e+02,-7.634012124098282470e+01
4.672558476562500118e+02,-7.129817374440884237e+01
4.672561406250000005e+02,-7.571047346600170158e+01
4.672564335937499891e+02,-9.235951504553563041e+01
4.672567265625000346e+02,-8.354008015391502795e+01
4.672570195312500232e+02,-7.634766415395895933e+01
4.672573125000000118e+02,-7.372413136702041925e+01
4.672576054687500005e+02,-7.366233250459207227e+01
4.672578984374999891e+02,-7.659459206332165593e+01
4.672581914062500346e+02,-7.511545349087828072e+01
4.672584843750000232e+02,-7.208258879820516540e+01
4.672587773437500118e+02,-7.608612356604483296e+01
4.672590703125000005e+02,-8.425477976831457738e+01
4.672593632812499891e+02,-8.658312844321042689e+01
4.672596562500000346e+02,-7.219749977115994000e+01
4.672599492187500232e+02,-7.468398110047984062e+01
4.672602421875000118e+02,-7.738890536777235241e+01
4.672605351562500005e+02,-8.345655855967228831e+01
4.672608281249999891e+02,-8.149826343666742900e+01
4.672611210937500346e+02,-7.734181767195040891e+01
4.672614140625000232e+02,-7.992314636693129160e+01
4.672617070312500118e+02,-7.779362845664624615e+01
4.672620000000000005e+02,-9.085614441521352092e+01
4.672622929687499891e+02,-7.241262242092196288e+01
4.672625859375000346e+02,-8.449767293746060659e+01
4.672628789062500232e+02,-8.275914448952590874e+01
4.672631718750000118e+02,-7.920510309319092812e+01
4.672634648437500005e+02,-9.175771611882734646e+01
4.672637578124999891e+02,-8.965871766111513352e+01
4.672640507812500346e+02,-8.875881137698337398e+01
4.672643437500000232e+02,-8.668522544289461962e+01
4.672646367187500118e+02,-8.100846617802510252e+01
4.672649296875000005e+02,-7.416986611625614501e+01
4.672652226562499891e+02,-8.123087962013100594e+01
4.672655156250000346e+02,-7.739840052649670099e+01
4.672658085937500232e+02,-7.550076060875930750e+01
4.672661015625000118e+02,-7.752692345842562816e+01
4.672663945312500005e+02,-8.462219373067514994e+01
4.672666874999999891e+02,-7.724051423476127809e+01
4.672669804687500346e+02,-7.615565267684422679e+01
4.672672734375000232e+02,-7.801725115450255998e+01
4.672675664062500118e+02,-7.635106629716199222e+01
4.672678593750000005e+02,-8.381712469305936963e+01
4.672681523437499891e+02,-7.959343581591278394e+01
4.672684453125000346e+02,-7.724919462978674289e+01
4.672687382812500232e+02,-7.548956132032760991e+01
4.672690312500000118e+02,-7.512965153780001515e+01
4.672693242187500005e+02,-7.274862450561263927e+01
4.672696171874999891e+02,-7.433510725191807467e+01
4.672699101562500346e+02,-7.594925141686479719e+01
4.672702031250000232e+02,-8.033665650770015532e+01
4.672704960937500118e+02,-8.408992322566246003e+01
4.672707890625000005e+02,-8.370847020625600976e+01
4.672710820312499891e+02,-8.115132658490095707e+01
4.672713750000000346e+02,-7.479461633261638553e+01
4.672716679687500232e+02,-7.462668097338767836e+01
4.672719609375000118e+02,-7.108995871469008421e+01
4.672722539062500005e+02,-7.377405311669211585e+01
4.672725468749999891e+02,-8.331260590750288486e+01
4.672728398437500346e+02,-8.395156833803065410e+01
4.672731328125000232e+02,-7.673325916993114504e+01
4.672734257812500118e+02,-8.073556385720593198e+01
4.672737187500000005e+02,-8.012218851875775272e+01
4.672740117187499891e+02,-7.912105355013606811e+01
4.672743046875000346e+02,-7.411318778475580871e+01
4.672745976562500232e+02,-7.264635243297296086e+01
4.672748906250000118e+02,-8.523305930079766313e+01
4.672751835937500005e+02,-7.662531795303922877e+01
4.672754765624999891e+02,-7.747103358985751242e+01
4.672757695312500346e+02,-7.394756614181596888e+01
4.672760625000000232e+02,-7.792658631144891501e+01
4.672763554687500118e+02,-8.201534147486967186e+01
4.672766484375000005e+02,-7.834939837431225840e+01
4.672769414062499891e+02,-7.392852187030202060e+01
4.672772343750000346e+02,-7.353907029132786022e+01
4.672775273437500232e+02,-7.753593738653648870e+01
4.672778203125000118e+02,-7.979271469604485389e+01
4.672781132812500005e+02,-8.052849734294133555e+01
4.672784062499999891e+02,-7.398042485442826433e+01
4.672786992187500346e+02,-7.334888731465794365e+01
4.672789921875000232e+02,-8.394574593097721049e+01
4.672792851562500118e+02,-7.702777186332296822e+01
4.672795781250000005e+02,-7.338445196400788006e+01
4.672798710937499891e+02,-7.213803473204048089e+01
4.672801640625000346e+02,-7.323088460423149115e+01
4.672804570312500232e+02,-8.788671699433619722e+01
4.672807500000000118e+02,-8.529294041276104110e+01
4.672810429687500005e+02,-7.531466798653502792e+01
4.672813359374999891e+02,-7.863180552139631629e+01
4.672816289062500346e+02,-8.714054455180470882e+01
4.672819218750000232e+02,-7.709136339109532798e+01
4.672822148437500118e+02,-7.348949216174594312e+01
4.672825078125000005e+02,-6.987757482618435745e+01
4.672828007812499891e+02,-7.410781782634899173e+01
4.672830937500000346e+02,-9.262454203524761454e+01
4.672833867187500232e+02,-8.918836008903228674e+01
4.672836796875000118e+02,-7.872347968716105981e+01
4.672839726562500005e+02,-8.262260475475429189e+01
4.672842656249999891e+02,-8.105943061571016983e+01
4.672845585937500346e+02,-7.662710836474801113e+01
4.672848515625000232e+02,-7.570652471029430330e+01
4.672851445312500118e+02,-7.276262354413154299e+01
4.672854375000000005e+02,-8.739076264758332968e+01
4.672857304687499891e+02,-7.912341140237161596e+01
4.672860234375000346e+02,-9.081204454397037296e+01
4.672863164062500232e+02,-8.163171173783830170e+01
4.672866093750000118e+02,-7.963097254508393519e+01
4.672869023437500005e+02,-9.412368423071698942e+01
4.672871953124999891e+02,-8.360434316000382182e+01
4.672874882812500346e+02,-7.755322174427328719e+01
4.672877812500000232e+02,-8.286958878840201237e+01
4.672880742187500118e+02,-7.744130361374674010e+01
4.672883671875000005e+02,-7.609656131121650446e+01
4.672886601562499891e+02,-8.928560835401444251e+01
4.672889531250000346e+02,-7.684211098138855789e+01
4.672892460937500232e+02,-8.235119892612523529e+01
4.672895390625000118e+02,-8.754658858100785324e+01
4.672898320312500005e+02,-7.713278744018315081e+01
4.672901249999999891e+02,-7.683000109398977884e+01
4.672904179687500346e+02,-8.073074636409920402e+01
4.672907109375000232e+02,-8.164651972089500021e+01
4.672910039062500118e+02,-8.625696040840124112e+01
4.672912968750000005e+02,-8.102181144772215760e+01
4.672915898437499891e+02,-7.378988229402008869e+01
4.672918828125000346e+02,-8.244148126352756378e+01
4.672921757812500232e+02,-8.042834778317526911e+01
4.672924687500000118e+02,-7.380836904712955970e+01
4.672927617187500005e+02,-7.414715031339733287e+01
4.672930546874999891e+02,-7.498699351795336554e+01
4.672933476562500346e+02,-8.515202677033857981e+01
4.672936406250000232e+02,-8.744791643193755704e+01
4.672939335937500118e+02,-7.566864006413844379e+01
4.672942265625000005e+02,-7.450409076771032346e+01
4.672945195312499891e+02,-8.050454432701403107e+01
4.672948125000000346e+02,-8.213094852051048633e+01
4.672951054687500232e+02,-8.102693052814332475e+01
4.672953984375000118e+02,-7.822518848740168096e+01
4.672956914062500005e+02,-7.504309468488480661e+01
4.672959843749999891e+02,-8.532632155664327911e+01
4.672962773437500346e+02,-8.489315754496607269e+01
4.672965703125000232e+02,-7.741736487288747526e+01
4.672968632812500118e+02,-8.512787331752988962e+01
4.672971562500000005e+02,-8.916589971400210857e+01
4.672974492187499891e+02,-8.345094763610369171e+01
4.672977421875000346e+02,-7.854347612458835215e+01
4.672980351562500232e+02,-7.734365168538724333e+01
4.672983281250000118e+02,-7.238171681516134015e+01
4.672986210937500005e+02,-8.720668811896530315e+01
4.672989140624999891e+02,-7.899573824863949767e+01
4.672992070312500346e+02,-7.952112049132972516e+01
4.672995000000000232e+02,-8.345301012615321667e+01
4.672997929687500118e+02,-8.071848720949056144e+01
4.673000859375000005e+02,-7.971880960429756158e+01
4.673003789062499891e+02,-7.533175469675639135e+01
4.673006718750000346e+02,-7.232298564391757623e+01
4.673009648437500232e+02,-7.390532860237244961e+01
4.673012578125000118e+02,-8.019862757042984924e+01
4.673015507812500005e+02,-7.434312248990529781e+01
4.673018437499999891e+02,-7.892954789376625513e+01
4.673021367187500346e+02,-1.031355596908039018e+02
4.673024296875000232e+02,-7.377559914909285510e+01
4.673027226562500118e+02,-7.643075587662028170e+01
4.673030156250000005e+02,-7.634558380088898843e+01
4.673033085937499891e+02,-7.064966259697069972e+01
4.673036015625000346e+02,-7.245336826004765385e+01
4.673038945312500232e+02,-7.891137447575337660e+01
4.673041875000000118e+02,-7.814184919296747012e+01
4.673044804687500005e+02,-7.552449674089173470e+01
4.673047734374999891e+02,-8.069635519096240728e+01
4.673050664062500346e+02,-7.116799791306777934e+01
4.673053593750000232e+02,-7.407459041090001506e+01
4.673056523437500118e+02,-7.368665205517599759e+01
4.673059453125000005e+02,-6.943238828559613296e+01
4.673062382812499891e+02,-7.814786191009058314e+01
4.673065312500000346e+02,-7.961814247229560237e+01
4.673068242187500232e+02,-8.482376972518650859e+01
4.673071171875000118e+02,-7.837288792575206742e+01
4.673074101562500005e+02,-8.849677807710969546e+01
4.673077031249999891e+02,-7.424130186026262379e+01
4.673079960937500346e+02,-7.290498045606918254e+01
4.673082890625000232e+02,-7.658468424165154431e+01
4.673085820312500118e+02,-7.352873332807317297e+01
4.673088750000000005e+02,-9.283987520685620609e+01
4.673091679687499891e+02,-8.340331884925690531e+01
4.673094609375000346e+02,-8.922555965111065746e+01
4.673097539062500232e+02,-8.317023874935662775e+01
4.673100468750000118e+02,-8.242907733524349112e+01
4.673103398437500005e+02,-7.632514077728107793e+01
4.673106328124999891e+02,-7.530537010383729069e+01
4.673109257812500346e+02,-7.557239930310711884e+01
4.673112187500000232e+02,-7.645592299113529577e+01
4.673115117187500118e+02,-8.497892512529831777e+01
4.673118046875000005e+02,-8.554007575441960398e+01
4.673120976562499891e+02,-8.778730795260995023e+01
4.673123906250000346e+02,-7.930219347621627435e+01
4.673126835937500232e+02,-7.816604998157832540e+01
4.673129765625000118e+02,-7.765998857621794116e+01
4.673132695312500005e+02,-7.970413104429164264e+01
4.673135624999999891e+02,-8.098550321403155294e+01
4.673138554687500346e+02,-8.762548842497670876e+01
4.673141484375000232e+02,-8.748302732649949576e+01
4.673144414062500118e+02,-8.727714369796828464e+01
4.673147343750000005e+02,-9.236217228969721305e+01
4.673150273437499891e+02,-8.184602327941922795e+01
4.673153203125000346e+02,-7.439993682049517076e+01
4.673156132812500232e+02,-7.451552416435247039e+01
4.673159062500000118e+02,-7.515286287408196131e+01
4.673161992187500005e+02,-8.009414596245571261e+01
4.673164921874999891e+02,-8.734361318980234046e+01
4.673167851562500346e+02,-8.477494949670321489e+01
4.673170781250000232e+02,-8.737923718312831056e+01
4.673173710937500118e+02,-9.859169429114146510e+01
4.673176640625000005e+02,-7.952866602186786338e+01
4.673179570312499891e+02,-7.118667401269787831e+01
4.673182500000000346e+02,-7.043260069496371045e+01
4.673185429687500232e+02,-7.715141761801022824e+01
4.673188359375000118e+02,-8.628352484263673716e+01
4.673191289062500005e+02,-8.319698055440150597e+01
4.673194218749999891e+02,-8.309248820151653092e+01
4.673197148437500346e+02,-8.865768994553783955e+01
4.673200078125000232e+02,-8.632004767096348985e+01
4.673203007812500118e+02,-7.985967361470430603e+01
4.673205937500000005e+02,-7.336567510653745217e+01
4.673208867187499891e+02,-7.231680705864303604e+01
4.673211796875000346e+02,-8.085877391449812990e+01
4.673214726562500232e+02,-8.178253866541112416e+01
4.673217656250000118e+02,-7.639967140761319797e+01
4.673220585937500005e+02,-7.516150425346904740e+01
4.673223515624999891e+02,-7.582520084587781639e+01
4.673226445312500346e+02,-8.777970950134162820e+01
4.673229375000000232e+02,-8.039337516717193921e+01
4.673232304687500118e+02,-7.911264170638031601e+01
4.673235234375000005e+02,-7.729578824240176971e+01
4.673238164062499891e+02,-8.194105696760358626e+01
4.673241093750000346e+02,-7.768681612338428977e+01
4.673244023437500232e+02,-7.489407703631931668e+01
4.673246953125000118e+02,-7.309065397438033074e+01
4.673249882812500005e+02,-7.382683028717762852e+01
4.673252812499999891e+02,-8.667965753933090411e+01
4.673255742187500346e+02,-7.993172708694142159e+01
4.673258671875000232e+02,-8.874396889961300872e+01
4.673261601562500118e+02,-8.223817553030791316e+01
4.673264531250000005e+02,-8.107175592416137988e+01
4.673267460937499891e+02,-7.432232326578687776e+01
4.673270390625000346e+02,-7.581634602216422536e+01
4.673273320312500232e+02,-7.377090258455724836e+01
4.673276250000000118e+02,-7.252989354630685170e+01
4.673279179687500005e+02,-8.549001569839455783e+01
4.673282109374999891e+02,-7.584288659255308573e+01
4.673285039062500346e+02,-8.271829648199843632e+01
4.673287968750000232e+02,-8.037375642925447039e+01
4.673290898437500118e+02,-7.726783909111306059e+01
4.673293828125000005e+02,-7.391014871600093272e+01
4.673296757812499891e+02,-7.515684910518011463e+01
4.673299687500000346e+02,-7.400324626810996165e+01
4.673302617187500232e+02,-7.894331354659109934e+01
4.673305546875000118e+02,-7.893023798613909037e+01
4.673308476562500005e+02,-7.211860008899547836e+01
4.673311406249999891e+02,-7.851521761498266017e+01
4.673314335937500346e+02,-7.506439018482132042e+01
4.673317265625000232e+02,-7.727877677360939401e+01
4.673320195312500118e+02,-7.767551994983632824e+01
4.673323125000000005e+02,-7.781755262893896941e+01
4.673326054687499891e+02,-7.529109647741977085e+01
4.673328984375000346e+02,-7.883856752728237893e+01
4.673331914062500232e+02,-8.117941347687535369e+01
4.673334843750000118e+02,-7.817910315925759335e+01
4.673337773437500005e+02,-7.865190435344561593e+01
4.673340703124999891e+02,-7.479371907975773581e+01
4.673343632812500346e+02,-8.452697969707915604e+01
4.673346562500000232e+02,-7.305573793604621358e+01
4.673349492187500118e+02,-7.631250812082809887e+01
4.673352421875000005e+02,-7.863843306798789001e+01
4.673355351562499891e+02,-8.075606833962339692e+01
4.673358281250000346e+02,-7.929711217226733311e+01
4.673361210937500232e+02,-8.267084543810305775e+01
4.673364140625000118e+02,-7.466992174773010049e+01
4.673367070312500005e+02,-7.281125422686859849e+01
4.673369999999999891e+02,-7.735991354129700426e+01
4.673372929687500346e+02,-7.136104982859407642e+01
4.673375859375000232e+02,-7.927475355034673044e+01
4.673378789062500118e+02,-8.435219918908074987e+01
4.673381718750000005e+02,-8.595704702396103869e+01
4.673384648437499891e+02,-8.139595552323513061e+01
4.673387578125000346e+02,-8.260120640743656395e+01
4.673390507812500232e+02,-7.633044467229905194e+01
4.673393437500000118e+02,-7.752885985107214140e+01
4.673396367187500005e+02,-7.317931995636207887e+01
4.673399296874999891e+02,-7.401141889781160899e+01
4.673402226562500346e+02,-8.603255984056190186e+01
4.673405156250000232e+02,-8.350025090753861434e+01
4.673408085937500118e+02,-8.268371675905980567e+01
4.673411015625000005e+02,-8.385786993950591750e+01
4.673413945312499891e+02,-8.507007952297222175e+01
4.673416875000000346e+02,-7.979594914329935307e+01
4.673419804687500232e+02,-8.606485023848185278e+01
4.673422734375000118e+02,-7.524428497209113686e+01
4.673425664062500005e+02,-7.471561092110364655e+01
4.673428593749999891e+02,-8.793061932694445204e+01
4.673431523437500346e+02,-8.635158829101682443e+01
4.673434453125000232e+02,-7.997801422972619889e+01
4.673437382812500118e+02,-7.490320067762090162e+01
4.673440312500000005e+02,-7.374745280306485995e+01
4.673443242187499891e+02,-7.050241866553878367e+01
4.673446171875000346e+02,-7.942497874529048829e+01
4.673449101562500232e+02,-7.175569472498429491e+01
4.673452031250000118e+02,-7.053129109663485963e+01
4.673454960937500005e+02,-7.958380550223540695e+01
4.673457890624999891e+02,-8.286814703493885759e+01
4.673460820312500346e+02,-7.888298451583288795e+01
4.673463750000000232e+02,-7.884346495306655811e+01
4.673466679687500118e+02,-7.420777961012107937e+01
4.673469609375000005e+02,-6.978333802992470680e+01
4.673472539062499891e+02,-7.607252560109485273e+01
4.673475468750000346e+02,-7.059950101693328861e+01
4.673478398437500232e+02,-6.925843233659117004e+01
4.673481328125000118e+02,-7.475702972391572132e+01
4.673484257812500005e+02,-8.346071935633106875e+01
4.673487187499999891e+02,-8.077517521710389303e+01
4.673490117187500346e+02,-7.713220027574561755e+01
4.673493046875000232e+02,-7.214400387769163103e+01
4.673495976562500118e+02,-6.788844911623696987e+01
4.673498906250000005e+02,-7.439079398341007732e+01
4.673501835937499891e+02,-7.052912477353702059e+01
4.673504765625000346e+02,-6.946031044157771817e+01
4.673507695312500232e+02,-7.250215936058158661e+01
4.673510625000000118e+02,-8.387210674137206468e+01
4.673513554687500005e+02,-7.534794233616716497e+01
4.673516484374999891e+02,-7.083172826790314502e+01
4.673519414062500346e+02,-6.978958173192042125e+01
4.673522343750000232e+02,-6.793841129525641520e+01
4.673525273437500118e+02,-7.232890793738458513e+01
4.673528203125000005e+02,-7.895980079029963861e+01
4.673531132812499891e+02,-7.181687680859779732e+01
4.673534062500000346e+02,-7.204983932487786547e+01
4.673536992187500232e+02,-8.181212043878036866e+01
4.673539921875000118e+02,-8.175736910468853580e+01
4.673542851562500005e+02,-7.404284398124397626e+01
4.673545781249999891e+02,-7.498173235276387061e+01
4.673548710937500346e+02,-7.342014661503837658e+01
4.673551640625000232e+02,-7.333359380835103991e+01
4.673554570312500118e+02,-7.735662781519140196e+01
4.673557500000000005e+02,-7.322683954330065603e+01
4.673560429687499891e+02,-7.915369124799796907e+01
4.673563359375000346e+02,-7.497783602272016878e+01
4.673566289062500232e+02,-7.738136431899535239e+01
4.673569218750000118e+02,-7.662289907661285326e+01
4.673572148437500005e+02,-7.320269263410767735e+01
4.673575078124999891e+02,-7.785503736377813766e+01
4.673578007812500346e+02,-7.508403577595029788e+01
4.673580937500000232e+02,-7.283157288510747662e+01
4.673583867187500118e+02,-7.532751560026699167e+01
4.673586796875000005e+02,-7.568508973662352446e+01
4.673589726562499891e+02,-7.245494853775232968e+01
4.673592656250000346e+02,-7.464768782957560234e+01
4.673595585937500232e+02,-7.667305783579064382e+01
4.673598515625000118e+02,-7.583187771654033327e+01
4.673601445312500005e+02,-7.965017063564579303e+01
4.673604374999999891e+02,-7.272047969355553221e+01
4.673607304687500346e+02,-7.225368582240351145e+01
4.673610234375000232e+02,-7.402757164370481746e+01
4.673613164062500118e+02,-7.727638808469809817e+01
4.673616093750000005e+02,-8.180516187533166317e+01
4.673619023437499891e+02,-8.278612591998708581e+01
4.673621953125000346e+02,-7.795730503802234068e+01
4.673624882812500232e+02,-7.750822344894420723e+01
4.673627812500000118e+02,-1.068304303735047824e+02
4.673630742187500005e+02,-8.636279573103601592e+01
4.673633671874999891e+02,-7.377192119634317180e+01
4.673636601562500346e+02,-7.598125792259824607e+01
4.673639531250000232e+02,-7.935722869582987471e+01
4.673642460937500118e+02,-7.755028239653957201e+01
4.673645390625000005e+02,-7.867861520648450835e+01
4.673648320312499891e+02,-7.861566989472903799e+01
4.673651250000000346e+02,-8.485138849931324501e+01
4.673654179687500232e+02,-7.493883563655059277e+01
4.673657109375000118e+02,-8.151197596997829464e+01
4.673660039062500005e+02,-8.062410267105997264e+01
4.673662968749999891e+02,-9.572078288521186096e+01
4.673665898437500346e+02,-7.334538541706352532e+01
4.673668828125000232e+02,-7.373129826075141580e+01
4.673671757812500118e+02,-7.951152644753425136e+01
4.673674687500000005e+02,-8.996330833812466210e+01
4.673677617187499891e+02,-7.701891260495541758e+01
4.673680546875000346e+02,-7.824969610009129894e+01
4.673683476562500232e+02,-7.965562972565736288e+01
4.673686406250000118e+02,-8.029356643139308858e+01
4.673689335937500005e+02,-7.143139251554774205e+01
4.673692265624999891e+02,-6.683172011742782104e+01
4.673695195312500346e+02,-7.237716619493535575e+01
4.673698125000000232e+02,-7.724800353857752100e+01
4.673701054687500118e+02,-7.601159393533193054e+01
4.673703984375000005e+02,-7.110299637690928876e+01
4.673706914062499891e+02,-7.522475139168369651e+01
4.673709843750000346e+02,-8.068540398916698564e+01
4.673712773437500232e+02,-8.650668995237103331e+01
4.673715703125000118e+02,-7.053881113811348769e+01
4.673718632812500005e+02,-6.879521404292597708e+01
4.673721562499999891e+02,-7.559931317475144397e+01
4.673724492187500346e+02,-6.999913710228987895e+01
4.673727421875000232e+02,-7.287132088082630332e+01
4.673730351562500118e+02,-7.460879067490431282e+01
4.673733281250000005e+02,-7.646429559093314765e+01
4.673736210937499891e+02,-8.956332818878777857e+01
4.673739140625000346e+02,-8.419275276038389677e+01
4.673742070312500232e+02,-7.433409486300691071e+01
4.673745000000000118e+02,-7.216634331788679901e+01
4.673747929687500005e+02,-8.829649776803771033e+01
4.673750859374999891e+02,-8.435927393430775112e+01
4.673753789062500346e+02,-7.905030614964577751e+01
4.673756718750000232e+02,-7.108540514968457558e+01
4.673759648437500118e+02,-7.279338741862034112e+01
4.673762578125000005e+02,-7.879254819556715006e+01
4.673765507812499891e+02,-8.141821316045349022e+01
4.673768437500000346e+02,-8.065697451988222610e+01
4.673771367187500232e+02,-7.472418577059852396e+01
4.673774296875000118e+02,-7.257524727452394586e+01
4.673777226562500005e+02,-7.492311082118489196e+01
4.673780156249999891e+02,-7.862722712224065447e+01
4.673783085937500346e+02,-8.445543433667351962e+01
4.673786015625000232e+02,-7.671424962715056495e+01
4.673788945312500118e+02,-7.577232795614500560e+01
4.673791875000000005e+02,-7.684453275921724469e+01
4.673794804687499891e+02,-7.498297107119024929e+01
4.673797734375000346e+02,-7.287219437028012692e+01
4.673800664062500232e+02,-7.884999336373324752e+01
4.673803593750000118e+02,-8.338412684400013575e+01
4.673806523437500005e+02,-7.795148154946002705e+01
4.673809453124999891e+02,-8.122151098424507154e+01
4.673812382812500346e+02,-7.991485817913664391e+01
4.673815312500000232e+02,-7.746589990359866817e+01
4.673818242187500118e+02,-7.598619355624703076e+01
4.673821171875000005e+02,-7.336771672011956014e+01
4.673824101562499891e+02,-7.464655299486646811e+01
4.673827031250000346e+02,-7.830206205660370244e+01
4.673829960937500232e+02,-7.445442164086550463e+01
4.673832890625000118e+02,-7.925697600305642254e+01
4.673835820312500005e+02,-8.911727464953875710e+01
4.673838749999999891e+02,-7.871905166914929453e+01
4.673841679687500346e+02,-8.671698470980565787e+01
4.673844609375000232e+02,-8.424299137273985139e+01
4.673847539062500118e+02,-8.622955321911938142e+01
4.673850468750000005e+02,-7.814664211568823760e+01
4.673853398437499891e+02,-7.226624241071790777e+01
4.673856328125000346e+02,-7.758147518568948442e+01
4.673859257812500232e+02,-7.487311648332236302e+01
4.673862187500000118e+02,-7.460987010044365775e+01
4.673865117187500005e+02,-7.386144336908120067e+01
4.673868046874999891e+02,-7.916289997482026308e+01
4.673870976562500346e+02,-9.028651260214797958e+01
4.673873906250000232e+02,-8.133870294574666104e+01
4.673876835937500118e+02,-7.222257555824792519e+01
4.673879765625000005e+02,-6.974824668922084925e+01
4.673882695312499891e+02,-7.160010055662928607e+01
4.673885625000000346e+02,-7.217893880268752582e+01
4.673888554687500232e+02,-7.030348791670985520e+01
4.673891484375000118e+02,-7.180781636249838584e+01
4.673894414062500005e+02,-7.389333803403246748e+01
4.673897343749999891e+02,-8.096730785007969189e+01
4.673900273437500346e+02,-7.197521919753258146e+01
4.673903203125000232e+02,-6.854678006602489404e+01
4.673906132812500118e+02,-6.905915827277543428e+01
4.673909062500000005e+02,-7.018324205238469915e+01
4.673911992187499891e+02,-7.258826197015280002e+01
4.673914921875000346e+02,-6.961382280989154481e+01
4.673917851562500232e+02,-7.766076178175548250e+01
4.673920781250000118e+02,-7.766169363187302110e+01
4.673923710937500005e+02,-8.771205687003968876e+01
4.673926640624999891e+02,-7.222063787803853074e+01
4.673929570312500346e+02,-7.049841889081871216e+01
4.673932500000000232e+02,-7.113276451952879142e+01
4.673935429687500118e+02,-7.130105218231713593e+01
4.673938359375000005e+02,-7.954190441836628622e+01
4.673941289062499891e+02,-6.951957116682066840e+01
4.673944218750000346e+02,-8.108903747171326870e+01
4.673947148437500232e+02,-8.359944756731354687e+01
4.673950078125000118e+02,-8.384527908251308759e+01
4.673953007812500005e+02,-7.321639530846431398e+01
4.673955937499999891e+02,-7.528183116984445178e+01
4.673958867187500346e+02,-7.758103451663390615e+01
4.673961796875000232e+02,-7.305098481551351597e+01
4.673964726562500118e+02,-8.091255539282231268e+01
4.673967656250000005e+02,-7.063979413377390415e+01
4.673970585937499891e+02,-7.604472998263079830e+01
4.673973515625000346e+02,-8.315746329866469466e+01
4.673976445312500232e+02,-7.751240484705539302e+01
4.673979375000000118e+02,-7.311603840029077617e+01
4.673982304687500005e+02,-7.507285743776292009e+01
4.673985234374999891e+02,-7.810714012597466649e+01
4.673988164062500346e+02,-7.265733968330950177e+01
4.673991093750000232e+02,-7.261948535319051246e+01
4.673994023437500118e+02,-7.117489499147451681e+01
4.673996953125000005e+02,-8.156276159725429409e+01
4.673999882812499891e+02,-7.927051250952082739e+01
4.674002812500000346e+02,-7.561139505213392908e+01
4.674005742187500232e+02,-7.590521429933571085e+01
4.674008671875000118e+02,-8.484721153634001212e+01
4.674011601562500005e+02,-8.519135370750321101e+01
4.674014531249999891e+02,-7.233983401648373501e+01
4.674017460937500346e+02,-7.296084971716304324e+01
4.674020390625000232e+02,-8.756060586352319319e+01
4.674023320312500118e+02,-8.638280639692710849e+01
4.674026250000000005e+02,-7.601358774128293305e+01
4.674029179687499891e+02,-7.441953448505395841e+01
4.674032109375000346e+02,-7.356494164603341801e+01
4.674035039062500232e+02,-7.490764747421212633e+01
4.674037968750000118e+02,-7.970478073043912559e+01
4.674040898437500005e+02,-7.251962900059477590e+01
4.674043828124999891e+02,-6.902491799854968235e+01
4.674046757812500346e+02,-7.264375403546307552e+01
4.674049687500000232e+02,-7.246940565592004191e+01
4.674052617187500118e+02,-7.143868107704201975e+01
4.674055546875000005e+02,-7.771031390307011577e+01
4.674058476562499891e+02,-7.990428739752758247e+01
4.674061406250000346e+02,-7.660755338837348916e+01
4.674064335937500232e+02,-7.958867868405688739e+01
4.674067265625000118e+02,-8.124661904349920860e+01
4.674070195312500005e+02,-7.045312460153431289e+01
4.674073124999999891e+02,-7.222031795465794346e+01
4.674076054687500346e+02,-7.403103369935651301e+01
4.674078984375000232e+02,-8.528486176602865498e+01
4.674081914062500118e+02,-8.049480274510479205e+01
4.674084843750000005e+02,-7.280563436785973863e+01
4.674087773437499891e+02,-7.267434237309376499e+01
4.674090703125000346e+02,-7.826209721728231727e+01
4.674093632812500232e+02,-7.910032949524917001e+01
4.674096562500000118e+02,-7.209758449399348024e+01
4.674099492187500005e+02,-7.114879647095679616e+01
4.674102421874999891e+02,-7.724171253587533670e+01
4.674105351562500346e+02,-7.699315401058923669e+01
4.674108281250000232e+02,-8.288817462797970848e+01
4.674111210937500118e+02,-8.243324144328329339e+01
4.674114140625000005e+02,-8.541834077950498738e+01
4.674117070312499891e+02,-7.862921265048966291e+01
4.674120000000000346e+02,-7.703580007706878519e+01
4.674122929687500232e+02,-7.492704652767258722e+01
4.674125859375000118e+02,-7.076918247893647163e+01
4.674128789062500005e+02,-7.760916612481541677e+01
4.674131718749999891e+02,-7.097469159379005532e+01
4.674134648437500346e+02,-7.441846348963314028e+01
4.674137578125000232e+02,-8.044233909987855213e+01
4.674140507812500118e+02,-9.322690928385549114e+01
4.674143437500000005e+02,-7.715758395264890623e+01
4.674146367187499891e+02,-6.932994229254032348e+01
4.674149296875000346e+02,-6.902737580618602919e+01
4.674152226562500232e+02,-7.329724537244943861e+01
4.674155156250000118e+02,-6.840508237702023564e+01
4.674158085937500005e+02,-6.567730254307942062e+01
4.674161015624999891e+02,-6.978715261706413742e+01
4.674163945312500346e+02,-7.662063196223914474e+01
4.674166875000000232e+02,-7.621877276712910998e+01
4.674169804687500118e+02,-7.036514666934992590e+01
4.674172734375000005e+02,-6.945187788117517869e+01
4.674175664062499891e+02,-6.866526266360969544e+01
4.674178593750000346e+02,-7.217492600972633454e+01
4.674181523437500232e+02,-7.188006618954790383e+01
4.674184453125000118e+02,-6.924646811323296447e+01
4.674187382812500005e+02,-7.129330604951958605e+01
4.674190312499999891e+02,-7.104771119334193941e+01
4.674193242187500346e+02,-7.354390033388469305e+01
4.674196171875000232e+02,-7.166688619549455552e+01
4.674199101562500118e+02,-6.881210055418178229e+01
4.674202031250000005e+02,-6.965668916189589766e+01
4.674204960937499891e+02,-7.741953991927529444e+01
4.674207890625000346e+02,-7.638907636466727524e+01
4.674210820312500232e+02,-7.135019682143260411e+01
4.674213750000000118e+02,-6.854118902554277781e+01
4.674216679687500005e+02,-7.107355628971853889e+01
4.674219609374999891e+02,-7.580471837838301497e+01
4.674222539062500346e+02,-7.438786939668676723e+01
4.674225468750000232e+02,-7.577368843913846774e+01
4.674228398437500118e+02,-7.624531660893819662e+01
4.674231328125000005e+02,-7.155106023235822477e+01
4.674234257812499891e+02,-7.239430008872434996e+01
4.674237187500000346e+02,-7.052051948091147437e+01
4.674240117187500232e+02,-7.050488455107657160e+01
4.674243046875000118e+02,-7.711931123805263155e+01
4.674245976562500005e+02,-9.038136166829048079e+01
4.674248906249999891e+02,-7.078657433369212981e+01
4.674251835937500346e+02,-6.969348893849463877e+01
4.674254765625000232e+02,-7.200671166905955545e+01
4.674257695312500118e+02,-6.975850296174657217e+01
4.674260625000000005e+02,-7.199359276476052116e+01
4.674263554687499891e+02,-7.808958295901017266e+01
4.674266484375000346e+02,-7.524171410487096523e+01
4.674269414062500232e+02,-7.193189108495556638e+01
4.674272343750000118e+02,-7.005421915712916814e+01
4.674275273437500005e+02,-7.116389296545747811e+01
4.674278203124999891e+02,-7.035498034021345859e+01
4.674281132812500346e+02,-7.114060894648116573e+01
4.674284062500000232e+02,-6.932531721835370320e+01
4.674286992187500118e+02,-7.314406877093043136e+01
4.674289921875000005e+02,-8.060976408480918565e+01
4.674292851562499891e+02,-7.157735149363523419e+01
4.674295781250000346e+02,-6.857214516409706562e+01
4.674298710937500232e+02,-7.081121654091751338e+01
4.674301640625000118e+02,-7.883433358743045005e+01
4.674304570312500005e+02,-7.404263371774048608e+01
4.674307499999999891e+02,-7.197504529505874871e+01
4.674310429687500346e+02,-7.328127684526837982e+01
4.674313359375000232e+02,-7.902195800424161121e+01
4.674316289062500118e+02,-6.883775253713270104e+01
4.674319218750000005e+02,-6.666229033095314094e+01
4.674322148437499891e+02,-7.002379554935365036e+01
4.674325078125000346e+02,-7.228535750666453907e+01
4.674328007812500232e+02,-7.780593537957469152e+01
4.674330937500000118e+02,-7.001495777384772623e+01
4.674333867187500005e+02,-7.382168583587629485e+01
4.674336796874999891e+02,-9.159690859146721209e+01
4.674339726562500346e+02,-7.134153823860404486e+01
4.674342656250000232e+02,-6.578109626184483716e+01
4.674345585937500118e+02,-6.791318589315034160e+01
4.674348515625000005e+02,-7.404251787222683845e+01
4.674351445312499891e+02,-7.505028322119684958e+01
4.674354375000000346e+02,-8.477587963288334549e+01
4.674357304687500232e+02,-7.836562314804800167e+01
4.674360234375000118e+02,-7.051534814140261176e+01
4.674363164062500005e+02,-6.776257822686079635e+01
4.674366093749999891e+02,-7.050970086839545559e+01
4.674369023437500346e+02,-7.812409271530928834e+01
4.674371953125000232e+02,-7.108004783488047451e+01
4.674374882812500118e+02,-7.023662282615852348e+01
4.674377812500000005e+02,-6.751792624392130904e+01
4.674380742187499891e+02,-6.371504219559325577e+01
4.674383671875000346e+02,-6.749670312675974060e+01
4.674386601562500232e+02,-7.301269237962894465e+01
4.674389531250000118e+02,-7.361455278560231363e+01
4.674392460937500005e+02,-6.928083748095234284e+01
4.674395390624999891e+02,-7.146952329497854350e+01
4.674398320312500346e+02,-7.744368702959236828e+01
4.674401250000000232e+02,-7.045083355943249614e+01
4.674404179687500118e+02,-7.142467579060310356e+01
4.674407109375000005e+02,-7.773087660442733693e+01
4.674410039062499891e+02,-6.595903368757257113e+01
4.674412968750000346e+02,-6.471885267341585291e+01
4.674415898437500232e+02,-7.475060819529846867e+01
4.674418828125000118e+02,-8.575090663527302581e+01
4.674421757812500005e+02,-9.330915611343463922e+01
4.674424687499999891e+02,-7.580648193140881119e+01
4.674427617187500346e+02,-7.737895860351403599e+01
4.674430546875000232e+02,-7.766947578994277990e+01
4.674433476562500118e+02,-7.347390447772964706e+01
4.674436406250000005e+02,-6.954843499908831461e+01
4.674439335937499891e+02,-7.101755559573760479e+01
4.674442265625000346e+02,-7.180665933435327020e+01
4.674445195312500232e+02,-7.581063965583096831e+01
4.674448125000000118e+02,-7.936147595726743020e+01
4.674451054687500005e+02,-8.015833829780518727e+01
4.674453984374999891e+02,-7.837868328248184469e+01
4.674456914062500346e+02,-7.690749677356892278e+01
4.674459843750000232e+02,-8.839658946543553952e+01
4.674462773437500118e+02,-6.966030777755088366e+01
4.674465703125000005e+02,-7.246185924313515159e+01
4.674468632812499891e+02,-6.518771563640891031e+01
4.674471562500000346e+02,-6.494612425218429053e+01
4.674474492187500232e+02,-6.901977685566710363e+01
4.674477421875000118e+02,-7.236212925968831655e+01
4.674480351562500005e+02,-6.526562575657840171e+01
4.674483281249999891e+02,-6.607087887473498711e+01
4.674486210937500346e+02,-7.617241938282242586e+01
4.674489140625000232e+02,-6.783518531107750960e+01
4.674492070312500118e+02,-7.424428408075959851e+01
4.674495000000000005e+02,-6.850014399084994920e+01
4.674497929687499891e+02,-7.346892814344178646e+01
4.674500859375000346e+02,-7.329483397526433919e+01
4.674503789062500232e+02,-7.461356441804254302e+01
4.674506718750000118e+02,-6.970792439972777288e+01
4.674509648437500005e+02,-6.815671967441257095e+01
4.674512578124999891e+02,-7.813807303114684544e+01
4.674515507812500346e+02,-7.159765940946334695e+01
4.674518437500000232e+02,-7.867871034026717325e+01
4.674521367187500118e+02,-7.936453321648303927e+01
4.674524296875000005e+02,-6.999075023560718023e+01
4.674527226562499891e+02,-6.572497788134674579e+01
4.674530156250000346e+02,-7.131868587618585309e+01
4.674533085937500232e+02,-8.070574513356014279e+01
4.674536015625000118e+02,-7.094711168054431027e+01
4.674538945312500005e+02,-7.024050057213388243e+01
4.674541874999999891e+02,-7.939259255341505650e+01
4.674544804687500346e+02,-7.304445300468609048e+01
4.674547734375000232e+02,-8.016718770046624343e+01
4.674550664062500118e+02,-7.159875233714744525e+01
4.674553593750000005e+02,-6.684162253024567235e+01
4.674556523437499891e+02,-6.775137073234814977e+01
4.674559453125000346e+02,-6.723057298403875848e+01
4.674562382812500232e+02,-6.880396029684744974e+01
4.674565312500000118e+02,-7.225205976290123999e+01
4.674568242187500005e+02,-7.602358877048095565e+01
4.674571171874999891e+02,-7.932928692279685379e+01
4.674574101562500346e+02,-7.113179532640847924e+01
4.674577031250000232e+02,-7.154196345440233529e+01
4.674579960937500118e+02,-7.524920578917314629e+01
4.674582890625000005e+02,-7.062660635320054325e+01
4.674585820312499891e+02,-6.640393893249610358e+01
4.674588750000000346e+02,-6.716663555251629703e+01
4.674591679687500232e+02,-7.926953689744988196e+01
4.674594609375000118e+02,-7.206452718788835909e+01
4.674597539062500005e+02,-8.285510037212034717e+01
4.674600468749999891e+02,-7.442481596287775858e+01
4.674603398437500346e+02,-7.215998704573028988e+01
4.674606328125000232e+02,-7.246048627990150237e+01
4.674609257812500118e+02,-6.601008159193037272e+01
4.674612187500000005e+02,-6.804445983018641186e+01
4.674615117187499891e+02,-7.436663718777784027e+01
4.674618046875000346e+02,-7.470975916010692686e+01
4.674620976562500232e+02,-6.818089173164543126e+01
4.674623906250000118e+02,-6.738741281912496106e+01
4.674626835937500005e+02,-6.885081505460634332e+01
4.674629765624999891e+02,-7.417492829485367167e+01
4.674632695312500346e+02,-7.999807224714197673e+01
4.674635625000000232e+02,-6.960691112922982882e+01
4.674638554687500118e+02,-7.402649103067082592e+01
4.674641484375000005e+02,-7.537778422573781256e+01
4.674644414062499891e+02,-7.115600479708292880e+01
4.674647343750000346e+02,-6.565252300038463318e+01
4.674650273437500232e+02,-6.675465676431515760e+01
4.674653203125000118e+02,-7.609070040655203115e+01
4.674656132812500005e+02,-7.698126952735023565e+01
4.674659062499999891e+02,-7.701804915735672807e+01
4.674661992187500346e+02,-8.321973025965738202e+01
4.674664921875000232e+02,-7.425801878415062163e+01
4.674667851562500118e+02,-7.936367400402306771e+01
4.674670781250000005e+02,-7.773288202704065952e+01
4.674673710937499891e+02,-6.835389695233283192e+01
4.674676640625000346e+02,-7.149657856799684907e+01
4.674679570312500232e+02,-7.451109668056326996e+01
4.674682500000000118e+02,-7.896588207208783672e+01
4.674685429687500005e+02,-7.261850079574659844e+01
4.674688359374999891e+02,-7.416366102572159491e+01
4.674691289062500346e+02,-6.743092697236791366e+01
4.674694218750000232e+02,-7.493891836434946185e+01
4.674697148437500118e+02,-8.333634859591171562e+01
4.674700078125000005e+02,-6.761619075584225413e+01
4.674703007812499891e+02,-7.413914627993442252e+01
4.674705937500000346e+02,-6.858858331737094716e+01
4.674708867187500232e+02,-8.611229594681107358e+01
4.674711796875000118e+02,-7.063052630052166592e+01
4.674714726562500005e+02,-6.650785576403691834e+01
4.674717656249999891e+02,-6.801839337143383091e+01
4.674720585937500346e+02,-7.738982123130112711e+01
4.674723515625000232e+02,-8.097354557603534886e+01
4.674726445312500118e+02,-7.140647433795494692e+01
4.674729375000000005e+02,-6.694471697701372648e+01
4.674732304687499891e+02,-7.148282726249760799e+01
4.674735234375000346e+02,-7.829630861671387265e+01
4.674738164062500232e+02,-7.511984899991546172e+01
4.674741093750000118e+02,-6.813121539994288867e+01
4.674744023437500005e+02,-6.875142646394891699e+01
4.674746953124999891e+02,-7.638989690471403549e+01
4.674749882812500346e+02,-7.438699780211270252e+01
4.674752812500000232e+02,-6.618360906997895654e+01
4.674755742187500118e+02,-6.660120277610512574e+01
4.674758671875000005e+02,-6.766473339937400056e+01
4.674761601562499891e+02,-7.175735332965868452e+01
4.674764531250000346e+02,-7.195090748308929562e+01
4.674767460937500232e+02,-6.959491673259284994e+01
4.674770390625000118e+02,-7.560967484126622651e+01
4.674773320312500005e+02,-7.683873638988019650e+01
4.674776249999999891e+02,-7.600901396116231012e+01
4.674779179687500346e+02,-6.721372010241174166e+01
4.674782109375000232e+02,-7.128034672511404324e+01
4.674785039062500118e+02,-6.609581750513468990e+01
4.674787968750000005e+02,-6.791976023797801076e+01
4.674790898437499891e+02,-7.434115171851860282e+01
4.674793828125000346e+02,-7.348713647072162303e+01
4.674796757812500232e+02,-7.123552674738061796e+01
4.674799687500000118e+02,-7.682858024849201684e+01
4.674802617187500005e+02,-6.964581933658942603e+01
4.674805546874999891e+02,-6.813901245964790121e+01
4.674808476562500346e+02,-7.055020983811130009e+01
4.674811406250000232e+02,-6.539569472668586059e+01
4.674814335937500118e+02,-6.807902218082227819e+01
4.674817265625000005e+02,-9.153563723977030975e+01
4.674820195312499891e+02,-7.570099290336722220e+01
4.674823125000000346e+02,-6.989515495241877829e+01
4.674826054687500232e+02,-7.357341029637166230e+01
4.674828984375000118e+02,-6.677074859852115196e+01
4.674831914062500005e+02,-7.037244402943555599e+01
4.674834843749999891e+02,-7.611138303314221787e+01
4.674837773437500346e+02,-6.627419909276011367e+01
4.674840703125000232e+02,-6.537179017922143487e+01
4.674843632812500118e+02,-6.688785951582390510e+01
4.674846562500000005e+02,-6.465980522942628284e+01
4.674849492187499891e+02,-6.606395074092975506e+01
4.674852421875000346e+02,-6.636283925970333541e+01
4.674855351562500232e+02,-6.415528861290040652e+01
4.674858281250000118e+02,-7.769964398040330877e+01
4.674861210937500005e+02,-6.907223246800089100e+01
4.674864140624999891e+02,-6.476398189048248355e+01
4.674867070312500346e+02,-6.225707898638880522e+01
4.674870000000000232e+02,-6.128912510604706654e+01
4.674872929687500118e+02,-6.054342342099602803e+01
4.674875859375000005e+02,-6.682176952534162240e+01
4.674878789062499891e+02,-5.901404073986157783e+01
4.674881718750000346e+02,-5.672834402214238025e+01
4.674884648437500232e+02,-6.381635332460498233e+01
4.674887578125000118e+02,-6.715547653037808118e+01
4.674890507812500005e+02,-6.419307165890073463e+01
4.674893437499999891e+02,-6.386129771218917739e+01
4.674896367187500346e+02,-6.676724840451956311e+01
4.674899296875000232e+02,-6.219036744931827343e+01
4.674902226562500118e+02,-6.147086098855123026e+01
4.674905156250000005e+02,-7.053928444942702924e+01
4.674908085937499891e+02,-7.148116423039363099e+01
4.674911015625000346e+02,-7.638767609071240372e+01
4.674913945312500232e+02,-6.275255079586401052e+01
4.674916875000000118e+02,-6.503282100223498219e+01
4.674919804687500005e+02,-6.695476221532047134e+01
4.674922734374999891e+02,-5.766294595658517608e+01
4.674925664062500346e+02,-6.072894922734259637e+01
4.674928593750000232e+02,-6.209506780460487363e+01
4.674931523437500118e+02,-6.858138691240040430e+01
4.674934453125000005e+02,-6.928025061955051456e+01
4.674937382812499891e+02,-8.467263628970476930e+01
4.674940312500000346e+02,-7.162156629388330487e+01
4.674943242187500232e+02,-6.340481826736397863e+01
4.674946171875000118e+02,-5.984305089408560718e+01
4.674949101562500005e+02,-6.706546632680309017e+01
4.674952031249999891e+02,-8.541280456581468172e+01
4.674954960937500346e+02,-8.150098515855403036e+01
4.674957890625000232e+02,-6.766905902306726261e+01
4.674960820312500118e+02,-6.690085451621388302e+01
4.674963750000000005e+02,-7.785776343573668612e+01
4.674966679687499891e+02,-7.378697545553437465e+01
4.674969609375000346e+02,-8.513140873367440520e+01
4.674972539062500232e+02,-6.713689557264922314e+01
4.674975468750000118e+02,-6.707588341389323716e+01
4.674978398437500005e+02,-6.899549109756102894e+01
4.674981328124999891e+02,-6.307723675701389965e+01
4.674984257812500346e+02,-6.623688076366224209e+01
4.674987187500000232e+02,-8.513073219864985219e+01
4.674990117187500118e+02,-7.045615917779434767e+01
4.674993046875000005e+02,-6.842054807574865549e+01
4.674995976562499891e+02,-6.923400640560846853e+01
4.674998906250000346e+02,-6.520881352404143172e+01
4.675001835937500232e+02,-6.284459816129530907e+01
4.675004765625000118e+02,-6.386934118392598947e+01
4.675007695312500005e+02,-6.311467427804839048e+01
4.675010624999999891e+02,-6.754321638082519996e+01
4.675013554687500346e+02,-7.697437604669522671e+01
4.675016484375000232e+02,-7.248593379890328947e+01
4.675019414062500118e+02,-7.228755280097458069e+01
4.675022343750000005e+02,-7.466630932778939211e+01
4.675025273437499891e+02,-6.899800439517930783e+01
4.675028203125000346e+02,-6.803815761663304329e+01
4.675031132812500232e+02,-6.593517570993272159e+01
4.675034062500000118e+02,-6.142178514372091058e+01
4.675036992187500005e+02,-7.799234181152223755e+01
4.675039921874999891e+02,-7.324628472893108722e+01
4.675042851562500346e+02,-7.229031734960636868e+01
4.675045781250000232e+02,-7.415432475276772095e+01
4.675048710937500118e+02,-7.338927307184277993e+01
4.675051640625000005e+02,-7.076641385055654609e+01
4.675054570312499891e+02,-7.640189013941848373e+01
4.675057500000000346e+02,-6.939276177023961623e+01
4.675060429687500232e+02,-6.795563260002195705e+01
4.675063359375000118e+02,-7.636393724617323642e+01
4.675066289062500005e+02,-7.010411725062780874e+01
4.675069218749999891e+02,-7.279311086565211042e+01
4.675072148437500346e+02,-7.528788902554958895e+01
4.675075078125000232e+02,-7.628305957253196823e+01
4.675078007812500118e+02,-6.937056620702603027e+01
4.675080937500000005e+02,-7.176348769730029176e+01
4.675083867187499891e+02,-7.432670624243112911e+01
4.675086796875000346e+02,-8.227057440605145189e+01
4.675089726562500232e+02,-7.535547653697788917e+01
4.675092656250000118e+02,-7.052548847301662249e+01
4.675095585937500005e+02,-7.360783295115413694e+01
4.675098515624999891e+02,-8.035917674439798475e+01
4.675101445312500346e+02,-8.216894365438261616e+01
4.675104375000000232e+02,-6.758631431243823329e+01
4.675107304687500118e+02,-6.627219189738158889e+01
4.675110234375000005e+02,-7.058621716277141900e+01
4.675113164062499891e+02,-8.538375189166730195e+01
4.675116093750000346e+02,-7.063554358625297880e+01
4.675119023437500232e+02,-7.622365697140445207e+01
4.675121953125000118e+02,-7.288341751293204140e+01
4.675124882812500005e+02,-7.279175660806063775e+01
4.675127812499999891e+02,-7.626690234895777110e+01
4.675130742187500346e+02,-6.816670649116649372e+01
4.675133671875000232e+02,-7.008358964910350153e+01
4.675136601562500118e+02,-6.582231374734770668e+01
4.675139531250000005e+02,-8.357578207681447680e+01
4.675142460937499891e+02,-6.713028207516853740e+01
4.675145390625000346e+02,-7.212819003580116828e+01
4.675148320312500232e+02,-7.478551009387884108e+01
4.675151250000000118e+02,-6.982828647221634810e+01
4.675154179687500005e+02,-7.093950062294085512e+01
4.675157109374999891e+02,-7.269807565706432229e+01
4.675160039062500346e+02,-6.711449516818991867e+01
4.675162968750000232e+02,-6.903442142198385056e+01
4.675165898437500118e+02,-7.177988158106826688e+01
4.675168828125000005e+02,-7.159412878493688481e+01
4.675171757812499891e+02,-7.199860342569807869e+01
4.675174687500000346e+02,-6.580607911534488608e+01
4.675177617187500232e+02,-7.254794861335585665e+01
4.675180546875000118e+02,-7.369228107667942140e+01
4.675183476562500005e+02,-7.803781908294574521e+01
4.675186406249999891e+02,-6.419660034704514828e+01
4.675189335937500346e+02,-6.427906136872422849e+01
4.675192265625000232e+02,-8.340830923877881276e+01
4.675195195312500118e+02,-7.706431213392352220e+01
4.675198125000000005e+02,-7.459859760456771482e+01
4.675201054687499891e+02,-7.038906426153660334e+01
4.675203984375000346e+02,-7.199050581691751916e+01
4.675206914062500232e+02,-7.200441007666485405e+01
4.675209843750000118e+02,-7.046474384059278862e+01
4.675212773437500005e+02,-7.153825292807371738e+01
4.675215703124999891e+02,-6.571077767592922214e+01
4.675218632812500346e+02,-7.634972660751644469e+01
4.675221562500000232e+02,-7.922261879462992340e+01
4.675224492187500118e+02,-8.127521293038444128e+01
4.675227421875000005e+02,-7.344625861157602742e+01
4.675230351562499891e+02,-7.032346295847634110e+01
4.675233281250000346e+02,-7.052700981510936629e+01
4.675236210937500232e+02,-7.263914623994990905e+01
4.675239140625000118e+02,-6.686453614228707920e+01
4.675242070312500005e+02,-6.678697591516515786e+01
4.675244999999999891e+02,-8.049530539888957037e+01
4.675247929687500346e+02,-7.444417559798563389e+01
4.675250859375000232e+02,-6.814597600940614086e+01
4.675253789062500118e+02,-7.837457495562239274e+01
4.675256718750000005e+02,-7.204211694799195698e+01
4.675259648437499891e+02,-6.831042440673614635e+01
4.675262578125000346e+02,-7.126992450932047518e+01
4.675265507812500232e+02,-5.759963614575099911e+01
4.675268437500000118e+02,-6.198242163942134653e+01
4.675271367187500005e+02,-7.270504782444392333e+01
4.675274296874999891e+02,-6.709376075899955083e+01
4.675277226562500346e+02,-6.543858727072263548e+01
4.675280156250000232e+02,-7.772379609771520848e+01
4.675283085937500118e+02,-6.919865604543576865e+01
4.675286015625000005e+02,-7.062503638779587334e+01
4.675288945312499891e+02,-6.929576100393289551e+01
4.675291875000000346e+02,-6.924658787739774368e+01
4.675294804687500232e+02,-7.874268514219363624e+01
4.675297734375000118e+02,-7.257304486692416390e+01
4.675300664062500005e+02,-6.769728144866842001e+01
4.675303593749999891e+02,-6.480635415194308280e+01
4.675306523437500346e+02,-7.507631821234920722e+01
4.675309453125000232e+02,-6.625850236203024224e+01
4.675312382812500118e+02,-7.308761151205409590e+01
4.675315312500000005e+02,-7.049515469731917960e+01
4.675318242187499891e+02,-6.748579665661740989e+01
4.675321171875000346e+02,-7.201181648289012571e+01
4.675324101562500232e+02,-7.411382866049595464e+01
4.675327031250000118e+02,-6.857255444729116789e+01
4.675329960937500005e+02,-7.153719073889553215e+01
4.675332890624999891e+02,-6.607334010529069701e+01
4.675335820312500346e+02,-6.529797924764645245e+01
4.675338750000000232e+02,-8.181778921080331202e+01
4.675341679687500118e+02,-7.204737719157877507e+01
4.675344609375000005e+02,-7.153639662963402657e+01
4.675347539062499891e+02,-6.854761974518046941e+01
4.675350468750000346e+02,-7.020989212194987772e+01
4.675353398437500232e+02,-6.532449309498821322e+01
4.675356328125000118e+02,-6.287294193603556636e+01
4.675359257812500005e+02,-6.283437835239890035e+01
4.675362187499999891e+02,-6.553422419891242612e+01
4.675365117187500346e+02,-6.605931125775970258e+01
4.675368046875000232e+02,-7.385496220714404103e+01
4.675370976562500118e+02,-7.472553019853874900e+01
4.675373906250000005e+02,-6.981668054144390112e+01
4.675376835937499891e+02,-6.806850624941475303e+01
4.675379765625000346e+02,-6.348779346881074304e+01
4.675382695312500232e+02,-6.033828856591333789e+01
4.675385625000000118e+02,-5.967301190158993052e+01
4.675388554687500005e+02,-6.291591613784558490e+01
4.675391484374999891e+02,-6.294142642158271173e+01
4.675394414062500346e+02,-6.993626597711430293e+01
4.675397343750000232e+02,-7.157115344664481427e+01
4.675400273437500118e+02,-7.184561208064864957e+01
4.675403203125000005e+02,-7.283327344335089037e+01
4.675406132812499891e+02,-6.296521911887219147e+01
4.675409062500000346e+02,-5.968202107063291351e+01
4.675411992187500232e+02,-6.050834391356305275e+01
4.675414921875000118e+02,-6.171693466492412483e+01
4.675417851562500005e+02,-6.043305607038615079e+01
4.675420781249999891e+02,-6.822525251790820278e+01
4.675423710937500346e+02,-6.548357349772817315e+01
4.675426640625000232e+02,-7.199905182896534939e+01
4.675429570312500118e+02,-7.110814432133571472e+01
4.675432500000000005e+02,-6.420972551310002530e+01
4.675435429687499891e+02,-6.263393528076544925e+01
4.675438359375000346e+02,-6.352967804600497459e+01
4.675441289062500232e+02,-6.321701854328594550e+01
4.675444218750000118e+02,-5.967293837745478413e+01
4.675447148437500005e+02,-6.666269913586529583e+01
4.675450078124999891e+02,-6.418511613524005099e+01
4.675453007812500346e+02,-7.200104120224322912e+01
4.675455937500000232e+02,-6.375898604262614811e+01
4.675458867187500118e+02,-6.304893681190566213e+01
4.675461796875000005e+02,-6.485880418720284979e+01
4.675464726562499891e+02,-7.339252577054551807e+01
4.675467656250000346e+02,-6.837353986173103237e+01
4.675470585937500232e+02,-6.185534419767547831e+01
4.675473515625000118e+02,-6.686624414763019786e+01
4.675476445312500005e+02,-6.823597790784602068e+01
4.675479374999999891e+02,-6.250640659801527477e+01
4.675482304687500346e+02,-5.976189899185083476e+01
4.675485234375000232e+02,-5.964909726901242948e+01
4.675488164062500118e+02,-6.340157998571295650e+01
4.675491093750000005e+02,-7.156466296713504960e+01
4.675494023437499891e+02,-7.617380487719442783e+01
4.675496953125000346e+02,-6.234689522631333602e+01
4.675499882812500232e+02,-6.534137618083653365e+01
4.675502812500000118e+02,-6.774291279941519406e+01
4.675505742187500005e+02,-5.969449515980278420e+01
4.675508671874999891e+02,-6.009760243744266006e+01
4.675511601562500346e+02,-5.818420820745817679e+01
4.675514531250000232e+02,-6.130154074723782998e+01
4.675517460937500118e+02,-6.713654718745775085e+01
4.675520390625000005e+02,-6.814004158525288801e+01
4.675523320312499891e+02,-6.339603479679610132e+01
4.675526250000000346e+02,-6.532546396418518952e+01
4.675529179687500232e+02,-6.447864561790115090e+01
4.675532109375000118e+02,-6.284963296238360186e+01
4.675535039062500005e+02,-6.335761858991275375e+01
4.675537968749999891e+02,-5.763909524932384443e+01
4.675540898437500346e+02,-6.327251503612792050e+01
4.675543828125000232e+02,-6.666737725830030570e+01
4.675546757812500118e+02,-6.202258454302972268e+01
4.675549687500000005e+02,-6.445513075472264575e+01
4.675552617187499891e+02,-6.433896840695601327e+01
4.675555546875000346e+02,-6.727082884028418164e+01
4.675558476562500232e+02,-6.935715290429926938e+01
4.675561406250000118e+02,-6.638092795655867917e+01
4.675564335937500005e+02,-5.894380652170700330e+01
4.675567265624999891e+02,-6.985186701705747225e+01
4.675570195312500346e+02,-6.150108214688653163e+01
4.675573125000000232e+02,-5.887356087016661377e+01
4.675576054687500118e+02,-6.676578381030465437e+01
4.675578984375000005e+02,-6.690564732430347306e+01
4.675581914062499891e+02,-6.678489650096157959e+01
4.675584843750000346e+02,-6.241390058209038472e+01
4.675587773437500232e+02,-6.718653296740059488e+01
4.675590703125000118e+02,-6.563384697348817554e+01
4.675593632812500005e+02,-6.816458612282619356e+01
4.675596562499999891e+02,-6.013273033344955820e+01
4.675599492187500346e+02,-6.078990154030465476e+01
4.675602421875000232e+02,-6.738730547175819652e+01
4.675605351562500118e+02,-6.275237046884579684e+01
4.675608281250000005e+02,-5.996291600649395548e+01
4.675611210937499891e+02,-6.013827600653581129e+01
4.675614140625000346e+02,-6.406590686692182146e+01
4.675617070312500232e+02,-7.000325443999385300e+01
4.675620000000000118e+02,-6.418289358690006452e+01
4.675622929687500005e+02,-5.989221740908636349e+01
4.675625859374999891e+02,-5.909907185203167757e+01
4.675628789062500346e+02,-6.329248123695968786e+01
4.675631718750000232e+02,-5.719921985574206502e+01
4.675634648437500118e+02,-5.752592596024614124e+01
4.675637578125000005e+02,-6.218873001403241574e+01
4.675640507812499891e+02,-6.635665703551873662e+01
4.675643437500000346e+02,-7.803132662279685405e+01
4.675646367187500232e+02,-6.401358184023000319e+01
4.675649296875000118e+02,-5.858910865989147965e+01
4.675652226562500005e+02,-5.566103503112297801e+01
4.675655156249999891e+02,-6.126546451461783960e+01
4.675658085937500346e+02,-5.723145693866047878e+01
4.675661015625000232e+02,-5.861677486493674394e+01
4.675663945312500118e+02,-6.740350716384676844e+01
4.675666875000000005e+02,-7.452921513409093279e+01
4.675669804687499891e+02,-8.542413810108371308e+01
4.675672734375000346e+02,-6.563774175461426807e+01
4.675675664062500232e+02,-5.446067270484681444e+01
4.675678593750000118e+02,-5.396494381368846405e+01
4.675681523437500005e+02,-6.180321990146784117e+01
4.675684453124999891e+02,-6.366030814895307088e+01
4.675687382812500346e+02,-5.757939748083428810e+01
4.675690312500000232e+02,-6.560409747620153098e+01
4.675693242187500118e+02,-7.604185004411631610e+01
4.675696171875000005e+02,-7.154718951494977830e+01
4.675699101562499891e+02,-6.005328555869760976e+01
4.675702031250000346e+02,-5.227830985700343547e+01
4.675704960937500232e+02,-5.504015919774928278e+01
4.675707890625000118e+02,-6.336262888425792283e+01
4.675710820312500005e+02,-7.122626449839599161e+01
4.675713749999999891e+02,-5.747276433872004020e+01
4.675716679687500346e+02,-6.657475737261998461e+01
4.675719609375000232e+02,-7.293680021674127545e+01
4.675722539062500118e+02,-6.416719582799801458e+01
4.675725468750000005e+02,-6.035504822560609739e+01
4.675728398437499891e+02,-5.373901422646471815e+01
4.675731328125000346e+02,-5.658345316217166499e+01
4.675734257812500232e+02,-5.917980347741170277e+01
4.675737187500000118e+02,-5.727129126973408546e+01
4.675740117187500005e+02,-5.959646239542237822e+01
4.675743046874999891e+02,-6.188371894343022461e+01
4.675745976562500346e+02,-5.967183552252006962e+01
4.675748906250000232e+02,-6.424618403014709145e+01
4.675751835937500118e+02,-5.999572461951267144e+01
4.675754765625000005e+02,-5.738575747336754773e+01
4.675757695312499891e+02,-6.035122080204128281e+01
4.675760625000000346e+02,-6.270553745702678583e+01
4.675763554687500232e+02,-5.736118031761692038e+01
4.675766484375000118e+02,-6.635005424870941226e+01
4.675769414062500005e+02,-5.749618217590801095e+01
4.675772343749999891e+02,-5.446269361097278505e+01
4.675775273437500346e+02,-5.660462965015297954e+01
4.675778203125000232e+02,-6.122859704918887047e+01
4.675781132812500118e+02,-6.496660519069459383e+01
4.675784062500000005e+02,-5.964399480940724629e+01
4.675786992187499891e+02,-5.965656143779102649e+01
4.675789921875000346e+02,-5.838227608184054418e+01
4.675792851562500232e+02,-5.586834736783303157e+01
4.675795781250000118e+02,-4.987796931431348924e+01
4.675798710937500005e+02,-5.352403206519948498e+01
4.675801640624999891e+02,-6.491534372954836840e+01
4.675804570312500346e+02,-5.928095384212526398e+01
4.675807500000000232e+02,-6.944822853584221889e+01
4.675810429687500118e+02,-5.691110799874377335e+01
4.675813359375000005e+02,-5.188011181571036445e+01
4.675816289062499891e+02,-4.961304201969591077e+01
4.675819218750000346e+02,-4.775124937961137306e+01
4.675822148437500232e+02,-4.736625501831912288e+01
4.675825078125000118e+02,-5.611199324438199909e+01
4.675828007812500005e+02,-5.103747712227040267e+01
4.675830937499999891e+02,-4.674094655689020783e+01
4.675833867187500346e+02,-4.210243518492450221e+01
4.675836796875000232e+02,-4.292757727011871793e+01
4.675839726562500118e+02,-4.403841185987001694e+01
4.675842656250000005e+02,-3.850987251276574597e+01
4.675845585937499891e+02,-4.025670487129097808e+01
4.675848515625000346e+02,-4.133770892526953133e+01
4.675851445312500232e+02,-4.554043872538194648e+01
4.675854375000000118e+02,-4.044073879265927474e+01
4.675857304687500005e+02,-3.966267002941345510e+01
4.675860234374999891e+02,-3.927762748106100332e+01
4.675863164062500346e+02,-4.222634429025156777e+01
4.675866093750000232e+02,-4.407440700373424392e+01
4.675869023437500118e+02,-4.174279338262783767e+01
4.675871953125000005e+02,-4.317586650837814233e+01
4.675874882812499891e+02,-4.498411564278335106e+01
4.675877812500000346e+02,-5.406152489601105771e+01
4.675880742187500232e+02,-5.949542374780386922e+01
4.675883671875000118e+02,-5.594458250089961382e+01
4.675886601562500005e+02,-4.399667660187419926e+01
4.675889531249999891e+02,-4.230802037996672027e+01
4.675892460937500346e+02,-6.635940767973988841e+01
4.675895390625000232e+02,-5.642512511605261238e+01
4.675898320312500118e+02,-6.463631481856511130e+01
4.675901250000000005e+02,-5.833642633449731818e+01
4.675904179687499891e+02,-6.410445203530224489e+01
4.675907109375000346e+02,-5.619932992801749805e+01
4.675910039062500232e+02,-5.526011486573892739e+01
4.675912968750000118e+02,-5.406574784603712658e+01
4.675915898437500005e+02,-6.526068516355738325e+01
4.675918828124999891e+02,-5.348640258605155395e+01
4.675921757812500346e+02,-5.746252463324008630e+01
4.675924687500000232e+02,-6.451063869831210695e+01
4.675927617187500118e+02,-7.219956337810069158e+01
4.675930546875000005e+02,-6.538579033437555665e+01
4.675933476562499891e+02,-5.919550171805099836e+01
4.675936406250000346e+02,-7.097479095729271137e+01
4.675939335937500232e+02,-6.223157833253628723e+01
4.675942265625000118e+02,-5.712410196985716482e+01
4.675945195312500005e+02,-5.358866687407731888e+01
4.675948124999999891e+02,-5.473653370572381505e+01
4.675951054687500346e+02,-5.748787376529868709e+01
4.675953984375000232e+02,-6.404696926884643915e+01
4.675956914062500118e+02,-5.977820505462372580e+01
4.675959843750000005e+02,-5.756314130411860219e+01
4.675962773437499891e+02,-6.189895217811325523e+01
4.675965703125000346e+02,-6.030145790432558783e+01
4.675968632812500232e+02,-5.434672803659134388e+01
4.675971562500000118e+02,-5.345178697353947683e+01
4.675974492187500005e+02,-5.517736075342625668e+01
4.675977421874999891e+02,-5.950117107194087396e+01
4.675980351562500346e+02,-6.831544901514510570e+01
4.675983281250000232e+02,-6.114779510701553278e+01
4.675986210937500118e+02,-5.726514802376789248e+01
4.675989140625000005e+02,-5.737491287167668474e+01
4.675992070312499891e+02,-5.657366741507394181e+01
4.675995000000000346e+02,-5.572006089890993508e+01
4.675997929687500232e+02,-5.562668915887725518e+01
4.676000859375000118e+02,-5.930950086177796265e+01
4.676003789062500005e+02,-6.289726948193855094e+01
4.676006718749999891e+02,-6.478842451055840002e+01
4.676009648437500346e+02,-6.336136474620555958e+01
4.676012578125000232e+02,-6.007012526759909576e+01
4.676015507812500118e+02,-5.782076110082837062e+01
4.676018437500000005e+02,-5.835109522336406940e+01
4.676021367187499891e+02,-5.661137053716018386e+01
4.676024296875000346e+02,-5.960332499080305979e+01
4.676027226562500232e+02,-6.509609350501025915e+01
4.676030156250000118e+02,-7.079298391919837741e+01
4.676033085937500005e+02,-6.059223810322775705e+01
4.676036015624999891e+02,-6.707890257271404266e+01
4.676038945312500346e+02,-6.254116414152250769e+01
4.676041875000000232e+02,-5.903669017777268380e+01
4.676044804687500118e+02,-6.709011170029140203e+01
4.676047734375000005e+02,-5.943721680561667142e+01
4.676050664062499891e+02,-7.112551841644662431e+01
4.676053593750000346e+02,-7.084057881978024795e+01
4.676056523437500232e+02,-6.755502275075393470e+01
4.676059453125000118e+02,-6.042843121414283303e+01
4.676062382812500005e+02,-6.244567185692849876e+01
4.676065312499999891e+02,-6.325598842279227085e+01
4.676068242187500346e+02,-5.907081377654009913e+01
4.676071171875000232e+02,-6.460982876242981376e+01
4.676074101562500118e+02,-6.525707956639342910e+01
4.676077031250000005e+02,-6.899501200207392060e+01
4.676079960937499891e+02,-6.795000110954748607e+01
4.676082890625000346e+02,-6.617063432337266704e+01
4.676085820312500232e+02,-5.774803584800653766e+01
4.676088750000000118e+02,-5.846435775907525567e+01
4.676091679687500005e+02,-6.085518751361441758e+01
4.676094609374999891e+02,-5.714765839153051985e+01
4.676097539062500346e+02,-6.043770307502855132e+01
4.676100468750000232e+02,-6.330157496377819371e+01
4.676103398437500118e+02,-6.280469029761113831e+01
4.676106328125000005e+02,-6.906757324229738515e+01
4.676109257812499891e+02,-6.423407176153310161e+01
4.676112187500000346e+02,-5.606194250592871242e+01
4.676115117187500232e+02,-5.822429429836192583e+01
4.676118046875000118e+02,-5.987056113806247026e+01
4.676120976562500005e+02,-5.833265292773419475e+01
4.676123906249999891e+02,-5.900932411590740401e+01
4.676126835937500346e+02,-5.968909865207537280e+01
4.676129765625000232e+02,-6.192995520587763281e+01
4.676132695312500118e+02,-6.735124133301374627e+01
4.676135625000000005e+02,-6.321483325583615454e+01
4.676138554687499891e+02,-5.567040057351475468e+01
4.676141484375000346e+02,-5.994277508886273154e+01
4.676144414062500232e+02,-6.210634009508724773e+01
4.676147343750000118e+02,-6.340550464844927347e+01
4.676150273437500005e+02,-5.778664676603742834e+01
4.676153203124999891e+02,-5.854427100940614537e+01
4.676156132812500346e+02,-6.227014889759783500e+01
4.676159062500000232e+02,-6.355892064307462874e+01
4.676161992187500118e+02,-6.470102105443905316e+01
4.676164921875000005e+02,-5.761164589760842603e+01
4.676167851562499891e+02,-6.191543368914447854e+01
4.676170781250000346e+02,-6.677952958278217466e+01
4.676173710937500232e+02,-6.134395025882312069e+01
4.676176640625000118e+02,-5.600191466043014543e+01
4.676179570312500005e+02,-6.206782708208712762e+01
4.676182499999999891e+02,-6.543850725766583309e+01
4.676185429687500346e+02,-6.425110022804305743e+01
4.676188359375000232e+02,-6.600854804463733672e+01
4.676191289062500118e+02,-6.210865657464004386e+01
4.676194218750000005e+02,-6.455173013794320980e+01
4.676197148437499891e+02,-6.719013026894596408e+01
4.676200078125000346e+02,-5.736726286921128803e+01
4.676203007812500232e+02,-5.680777410956184781e+01
4.676205937500000118e+02,-8.016122428340173656e+01
4.676208867187500005e+02,-7.034045373426924641e+01
4.676211796874999891e+02,-7.143741398434039525e+01
4.676214726562500346e+02,-6.751883000531884704e+01
4.676217656250000232e+02,-6.609040836332246727e+01
4.676220585937500118e+02,-6.476752765496529207e+01
4.676223515625000005e+02,-6.220451102925619580e+01
4.676226445312499891e+02,-5.593339346748976482e+01
4.676229375000000346e+02,-5.982601052919270046e+01
4.676232304687500232e+02,-7.091034102533956229e+01
4.676235234375000118e+02,-7.092256445102535167e+01
4.676238164062500005e+02,-7.748308047179666858e+01
4.676241093749999891e+02,-6.607880307598296099e+01
4.676244023437500346e+02,-6.485649999306798463e+01
4.676246953125000232e+02,-6.352368483366849006e+01
4.676249882812500118e+02,-6.212034855584396098e+01
4.676252812500000005e+02,-5.765717619391017479e+01
4.676255742187499891e+02,-6.564985388939003030e+01
4.676258671875000346e+02,-6.894959087310608936e+01
4.676261601562500232e+02,-6.899405715103927150e+01
4.676264531250000118e+02,-6.849127460399189715e+01
4.676267460937500005e+02,-6.839629794312978106e+01
4.676270390624999891e+02,-6.452900977010534689e+01
4.676273320312500346e+02,-6.258305373658001258e+01
4.676276250000000232e+02,-6.498446761290709617e+01
4.676279179687500118e+02,-6.098349919627739268e+01
4.676282109375000005e+02,-7.047539137010116406e+01
4.676285039062499891e+02,-8.528229784436473437e+01
4.676287968750000346e+02,-6.990679313281516727e+01
4.676290898437500232e+02,-7.103040749549955990e+01
4.676293828125000118e+02,-6.731085597042225288e+01
4.676296757812500005e+02,-6.261271650700913227e+01
4.676299687499999891e+02,-6.715632438244897173e+01
4.676302617187500346e+02,-6.817399717088021305e+01
4.676305546875000232e+02,-6.848223741031959833e+01
4.676308476562500118e+02,-7.010486086309195741e+01
4.676311406250000005e+02,-6.681278720939647542e+01
4.676314335937499891e+02,-6.285679142513357931e+01
4.676317265625000346e+02,-6.730089729163996992e+01
4.676320195312500232e+02,-7.157794066591456783e+01
4.676323125000000118e+02,-6.334630326654929888e+01
4.676326054687500005e+02,-6.673927689959286624e+01
4.676328984374999891e+02,-7.192374108311884129e+01
4.676331914062500346e+02,-6.498375942975425801e+01
4.676334843750000232e+02,-6.308267442525141888e+01
4.676337773437500118e+02,-6.494440133467196574e+01
4.676340703125000005e+02,-7.099165629637985830e+01
4.676343632812499891e+02,-7.309886892026172234e+01
4.676346562500000346e+02,-6.948708551472284967e+01
4.676349492187500232e+02,-6.647951786390405005e+01
4.676352421875000118e+02,-7.722931091683362581e+01
4.676355351562500005e+02,-7.827976856428519170e+01
4.676358281249999891e+02,-7.731888219964405096e+01
4.676361210937500346e+02,-7.281909140245736012e+01
4.676364140625000232e+02,-6.620131086001335063e+01
4.676367070312500118e+02,-6.757313619092073509e+01
4.676370000000000005e+02,-6.560662081507010157e+01
4.676372929687499891e+02,-6.733499637068679533e+01
4.676375859375000346e+02,-7.627720374251494206e+01
4.676378789062500232e+02,-7.434522707994226209e+01
4.676381718750000118e+02,-7.110930528757461389e+01
4.676384648437500005e+02,-7.015266211559099929e+01
4.676387578124999891e+02,-8.444089629153154419e+01
4.676390507812500346e+02,-8.097387846842289605e+01
4.676393437500000232e+02,-7.687330181650234806e+01
4.676396367187500118e+02,-6.899042801309006734e+01
4.676399296875000005e+02,-7.015402905780393894e+01
4.676402226562499891e+02,-6.807619639038408366e+01
4.676405156250000346e+02,-7.099441242148810716e+01
4.676408085937500232e+02,-7.372135353030802207e+01
4.676411015625000118e+02,-6.317858291976989449e+01
4.676413945312500005e+02,-6.430338187669357808e+01
4.676416874999999891e+02,-7.892892523994204623e+01
4.676419804687500346e+02,-7.158109394730286112e+01
4.676422734375000232e+02,-7.197553169051799671e+01
4.676425664062500118e+02,-6.819664140653880224e+01
4.676428593750000005e+02,-7.807396980704501743e+01
4.676431523437499891e+02,-6.615733586453224291e+01
4.676434453125000346e+02,-6.538604719810524557e+01
4.676437382812500232e+02,-6.608327009148352715e+01
4.676440312500000118e+02,-6.561105573890857556e+01
4.676443242187500005e+02,-6.557944948017167519e+01
4.676446171874999891e+02,-6.715179236138915542e+01
4.676449101562500346e+02,-7.301890302056054338e+01
4.676452031250000232e+02,-8.500813499371652426e+01
4.676454960937500118e+02,-6.807943141545307242e+01
4.676457890625000005e+02,-7.208765102379162215e+01
4.676460820312499891e+02,-8.323490711682671872e+01
4.676463750000000346e+02,-7.623469245594361610e+01
4.676466679687500232e+02,-9.059301646732301094e+01
4.676469609375000118e+02,-8.198775236600057781e+01
4.676472539062500005e+02,-7.550915143350900394e+01
4.676475468749999891e+02,-7.190238600894588217e+01
4.676478398437500346e+02,-8.136745550934469406e+01
4.676481328125000232e+02,-8.003814193053712245e+01
4.676484257812500118e+02,-7.758300889888585061e+01
4.676487187500000005e+02,-7.015802625886784938e+01
4.676490117187499891e+02,-7.179341053421185848e+01
4.676493046875000346e+02,-7.155819864084263315e+01
4.676495976562500232e+02,-7.789415602237123437e+01
4.676498906250000118e+02,-7.561721521832981807e+01
4.676501835937500005e+02,-8.019579534243897001e+01
4.676504765624999891e+02,-7.990339624174920630e+01
4.676507695312500346e+02,-6.518044032684498745e+01
4.676510625000000232e+02,-5.820054753974765305e+01
4.676513554687500118e+02,-6.220054436825500233e+01
4.676516484375000005e+02,-7.086952513325874747e+01
4.676519414062499891e+02,-6.581383623746128819e+01
4.676522343750000346e+02,-6.770932330388596654e+01
4.676525273437500232e+02,-7.441891912181424118e+01
4.676528203125000118e+02,-7.035198661029313882e+01
4.676531132812500005e+02,-8.102316134035270068e+01
4.676534062499999891e+02,-6.726253946735792510e+01
4.676536992187500346e+02,-6.596326977621727394e+01
4.676539921875000232e+02,-6.460082029093553047e+01
4.676542851562500118e+02,-6.776638713734220687e+01
4.676545781250000005e+02,-6.884174426346712039e+01
4.676548710937499891e+02,-7.626980743127828077e+01
4.676551640625000346e+02,-7.181171520748556247e+01
4.676554570312500232e+02,-6.590026234730612487e+01
4.676557500000000118e+02,-7.889746869875247626e+01
4.676560429687500005e+02,-6.989168886727794927e+01
4.676563359374999891e+02,-6.520672285885648023e+01
4.676566289062500346e+02,-6.920607462880951744e+01
4.676569218750000232e+02,-8.462404736092432245e+01
4.676572148437500118e+02,-7.533311420885995346e+01
4.676575078125000005e+02,-7.363227501382004903e+01
4.676578007812499891e+02,-7.140616518941942559e+01
4.676580937500000346e+02,-7.167460626579432414e+01
4.676583867187500232e+02,-8.077657974869616453e+01
4.676586796875000118e+02,-7.537781271320116616e+01
4.676589726562500005e+02,-7.577854691804526510e+01
4.676592656249999891e+02,-7.862207012332814315e+01
4.676595585937500346e+02,-7.654202982537944422e+01
4.676598515625000232e+02,-7.651466963831470025e+01
4.676601445312500118e+02,-7.152300271336277149e+01
4.676604375000000005e+02,-7.851774296634465600e+01
4.676607304687499891e+02,-7.605580935376919172e+01
4.676610234375000346e+02,-7.325576376646854726e+01
4.676613164062500232e+02,-8.477483072942597175e+01
4.676616093750000118e+02,-7.281211533732486885e+01
4.676619023437500005e+02,-6.953543104600973379e+01
4.676621953124999891e+02,-7.506845584862395526e+01
4.676624882812500346e+02,-7.170922867879033902e+01
4.676627812500000232e+02,-7.026629421381809948e+01
4.676630742187500118e+02,-8.376430208393054500e+01
4.676633671875000005e+02,-7.316624210511621129e+01
4.676636601562499891e+02,-7.494687178299577113e+01
4.676639531250000346e+02,-6.768856164525969632e+01
4.676642460937500232e+02,-6.672552862450406508e+01
4.676645390625000118e+02,-6.767063498083214768e+01
4.676648320312500005e+02,-7.685298644110579858e+01
4.676651249999999891e+02,-7.051302513944203554e+01
4.676654179687500346e+02,-6.768489860174314288e+01
4.676657109375000232e+02,-8.065908047299154759e+01
4.676660039062500118e+02,-6.954050947141331562e+01
4.676662968750000005e+02,-6.943363351703052899e+01
4.676665898437499891e+02,-6.437686087601697693e+01
4.676668828125000346e+02,-6.968103231567158673e+01
4.676671757812500232e+02,-7.206485348470570784e+01
4.676674687500000118e+02,-7.904941810333704666e+01
4.676677617187500005e+02,-6.712971751211513549e+01
4.676680546874999891e+02,-6.392216691952552310e+01
4.676683476562500346e+02,-6.724708813389759143e+01
4.676686406250000232e+02,-7.013961080446652829e+01
4.676689335937500118e+02,-6.416099479993673071e+01
4.676692265625000005e+02,-6.413721709781275138e+01
4.676695195312499891e+02,-6.923709667969481529e+01
4.676698125000000346e+02,-7.740013126513007080e+01
4.676701054687500232e+02,-7.662550058402561604e+01
4.676703984375000118e+02,-6.755837795006560498e+01
4.676706914062500005e+02,-6.488609165256990252e+01
4.676709843749999891e+02,-6.288961706208438329e+01
4.676712773437500346e+02,-6.983673213618079956e+01
4.676715703125000232e+02,-6.664252147514909552e+01
4.676718632812500118e+02,-6.493931433332849679e+01
4.676721562500000005e+02,-6.443045260950316333e+01
4.676724492187499891e+02,-6.652282245864108745e+01
4.676727421875000346e+02,-7.591304965234976976e+01
4.676730351562500232e+02,-7.773061931603973562e+01
4.676733281250000118e+02,-6.716037545407378673e+01
4.676736210937500005e+02,-6.664037437936593733e+01
4.676739140624999891e+02,-7.183236020250210174e+01
4.676742070312500346e+02,-6.718444256702093753e+01
4.676745000000000232e+02,-6.473105386481438472e+01
4.676747929687500118e+02,-6.766364906921802458e+01
4.676750859375000005e+02,-7.046325429706898547e+01
4.676753789062499891e+02,-7.232835512272005474e+01
4.676756718750000346e+02,-7.116332418718886288e+01
4.676759648437500232e+02,-6.261111787524016847e+01
4.676762578125000118e+02,-6.366127044508046140e+01
4.676765507812500005e+02,-6.953508596840964628e+01
4.676768437499999891e+02,-7.063104238528710255e+01
4.676771367187500346e+02,-6.621835998923357636e+01
4.676774296875000232e+02,-6.737694842004530926e+01
4.676777226562500118e+02,-7.669644174702634132e+01
4.676780156250000005e+02,-7.566660419642779800e+01
4.676783085937499891e+02,-6.755651270769492100e+01
4.676786015625000346e+02,-6.452614977413074371e+01
4.676788945312500232e+02,-7.252561074112362860e+01
4.676791875000000118e+02,-7.554046509456338754e+01
4.676794804687500005e+02,-7.362404156789489207e+01
4.676797734374999891e+02,-7.039651274912202439e+01
4.676800664062500346e+02,-7.398833741965432864e+01
4.676803593750000232e+02,-7.156809613006637960e+01
4.676806523437500118e+02,-7.545857975075935542e+01
4.676809453125000005e+02,-7.033491259046341781e+01
4.676812382812499891e+02,-6.527937708079568324e+01
4.676815312500000346e+02,-7.599006389676289075e+01
4.676818242187500232e+02,-6.953709412350580976e+01
4.676821171875000118e+02,-6.812084610046659350e+01
4.676824101562500005e+02,-6.618346546216990589e+01
4.676827031249999891e+02,-6.881847901722774452e+01
4.676829960937500346e+02,-7.207951846341177315e+01
4.676832890625000232e+02,-7.249483835723468417e+01
4.676835820312500118e+02,-7.231157799895737526e+01
4.676838750000000005e+02,-7.142624116546321034e+01
4.676841679687499891e+02,-6.720225110129264579e+01
4.676844609375000346e+02,-7.016717601211090027e+01
4.676847539062500232e+02,-6.891783386678140744e+01
4.676850468750000118e+02,-6.600614624088294136e+01
4.676853398437500005e+02,-6.949513457723494980e+01
4.676856328124999891e+02,-6.944075147283673743e+01
4.676859257812500346e+02,-7.497905487373812150e+01
4.676862187500000232e+02,-7.106706961548022150e+01
4.676865117187500118e+02,-7.636828989976352489e+01
4.676868046875000005e+02,-7.146409701971175821e+01
4.676870976562499891e+02,-7.483234488905964099e+01
4.676873906250000346e+02,-7.535647300984861374e+01
4.676876835937500232e+02,-7.809661171067889995e+01
4.676879765625000118e+02,-7.120246506727821156e+01
4.676882695312500005e+02,-6.864836798069299562e+01
4.676885624999999891e+02,-7.001437090625893234e+01
4.676888554687500346e+02,-7.021550644083693271e+01
4.676891484375000232e+02,-7.671673691334815715e+01
4.676894414062500118e+02,-8.013037208238981179e+01
4.676897343750000005e+02,-7.849842364291428964e+01
4.676900273437499891e+02,-7.139691244150034777e+01
4.676903203125000346e+02,-7.225984587172878548e+01
4.676906132812500232e+02,-7.855211929888037048e+01
4.676909062500000118e+02,-8.027773006847593251e+01
4.676911992187500005e+02,-8.933190350643427280e+01
4.676914921874999891e+02,-7.390998355014342280e+01
4.676917851562500346e+02,-7.153856641623551127e+01
4.676920781250000232e+02,-7.336570805087301039e+01
4.676923710937500118e+02,-7.496190069223146679e+01
4.676926640625000005e+02,-7.283279046762929454e+01
4.676929570312499891e+02,-7.168176332518964955e+01
4.676932500000000346e+02,-7.258242452471303352e+01
4.676935429687500232e+02,-7.550939138093463043e+01
4.676938359375000118e+02,-7.346803360483757217e+01
4.676941289062500005e+02,-7.056773043228004383e+01
4.676944218749999891e+02,-7.246279090434755688e+01
4.676947148437500346e+02,-7.212059736960816281e+01
4.676950078125000232e+02,-7.257247786106982801e+01
4.676953007812500118e+02,-7.713779049091289153e+01
4.676955937500000005e+02,-7.147747997089001615e+01
4.676958867187499891e+02,-6.882340854510204053e+01
4.676961796875000346e+02,-7.571972535726352760e+01
4.676964726562500232e+02,-6.753497815709073393e+01
4.676967656250000118e+02,-7.003593259688203432e+01
4.676970585937500005e+02,-6.878118177589514914e+01
4.676973515624999891e+02,-6.897392180395956984e+01
4.676976445312500346e+02,-6.876958147629083840e+01
4.676979375000000232e+02,-7.370746939993351532e+01
4.676982304687500118e+02,-7.950281627315256117e+01
4.676985234375000005e+02,-7.248220187908138712e+01
4.676988164062499891e+02,-7.928185635138632392e+01
4.676991093750000346e+02,-6.979791982578646525e+01
4.676994023437500232e+02,-7.320571432275787060e+01
4.676996953125000118e+02,-6.952231845050852144e+01
4.676999882812500005e+02,-7.514264765389765444e+01
4.677002812499999891e+02,-6.984131861714931233e+01
4.677005742187500346e+02,-7.207524113162645563e+01
4.677008671875000232e+02,-8.454434464119756854e+01
4.677011601562500118e+02,-7.649392410503853057e+01
4.677014531250000005e+02,-7.451672259715364532e+01
4.677017460937499891e+02,-7.007322229179457906e+01
4.677020390625000346e+02,-7.138602579710212126e+01
4.677023320312500232e+02,-7.588679731172122445e+01
4.677026250000000118e+02,-7.564701476375144296e+01
4.677029179687500005e+02,-7.277844516194170410e+01
4.677032109374999891e+02,-7.661107083586134081e+01
4.677035039062500346e+02,-8.180652490084752060e+01
4.677037968750000232e+02,-8.035431968428144955e+01
4.677040898437500118e+02,-7.655745708578558606e+01
4.677043828125000005e+02,-7.259497922729062225e+01
4.677046757812499891e+02,-7.362959889561716409e+01
4.677049687500000346e+02,-8.168841320215294388e+01
4.677052617187500232e+02,-7.738911110404534099e+01
4.677055546875000118e+02,-8.494070574040739530e+01
4.677058476562500005e+02,-7.657593183239633561e+01
4.677061406249999891e+02,-7.717153594280594575e+01
4.677064335937500346e+02,-7.095367564914866421e+01
4.677067265625000232e+02,-7.460946921642310770e+01
4.677070195312500118e+02,-7.095247293306994152e+01
4.677073125000000005e+02,-7.620697105415223405e+01
4.677076054687499891e+02,-7.118756663072970525e+01
4.677078984375000346e+02,-6.955951683440139277e+01
4.677081914062500232e+02,-8.214595640972999036e+01
4.677084843750000118e+02,-7.412381339684944237e+01
4.677087773437500005e+02,-7.558603131489958571e+01
4.677090703124999891e+02,-7.467803269040445002e+01
4.677093632812500346e+02,-7.362027876202796506e+01
4.677096562500000232e+02,-6.960391564865571468e+01
4.677099492187500118e+02,-8.213797860206911139e+01
4.677102421875000005e+02,-7.033733913739931154e+01
4.677105351562499891e+02,-7.229127902402554184e+01
4.677108281250000346e+02,-7.476737672958613246e+01
4.677111210937500232e+02,-7.218047615622626267e+01
4.677114140625000118e+02,-7.904967029076203744e+01
4.677117070312500005e+02,-6.988459342687403364e+01
4.677119999999999891e+02,-6.907714960311301411e+01
4.677122929687500346e+02,-6.981063059694976403e+01
4.677125859375000232e+02,-7.707977284442948473e+01
4.677128789062500118e+02,-7.768594009030393011e+01
4.677131718750000005e+02,-8.068033355201164625e+01
4.677134648437499891e+02,-7.545284057207015849e+01
4.677137578125000346e+02,-7.277385813171986229e+01
4.677140507812500232e+02,-9.088761841324192403e+01
4.677143437500000118e+02,-7.999615815237474692e+01
4.677146367187500005e+02,-7.388238796886655280e+01
4.677149296874999891e+02,-8.527934068790683853e+01
4.677152226562500346e+02,-7.382865059338172387e+01
4.677155156250000232e+02,-7.489302602517867058e+01
4.677158085937500118e+02,-7.564519290402924412e+01
4.677161015625000005e+02,-7.237784992110621829e+01
4.677163945312499891e+02,-6.963766226638995249e+01
4.677166875000000346e+02,-7.486894303391329686e+01
4.677169804687500232e+02,-7.352810517570947013e+01
4.677172734375000118e+02,-7.913827766082248161e+01
4.677175664062500005e+02,-8.292647323672019866e+01
4.677178593749999891e+02,-8.652429718746192577e+01
4.677181523437500346e+02,-7.319032305029882934e+01
4.677184453125000232e+02,-7.406009753821349761e+01
4.677187382812500118e+02,-7.811333993277121124e+01
4.677190312500000005e+02,-7.088363284101168915e+01
4.677193242187499891e+02,-6.781096959806843927e+01
4.677196171875000346e+02,-6.840423419004972061e+01
4.677199101562500232e+02,-8.032792544581910477e+01
4.677202031250000118e+02,-7.544099877234731366e+01
4.677204960937500005e+02,-7.167767534363568416e+01
4.677207890624999891e+02,-7.444048256936335406e+01
4.677210820312500346e+02,-7.665950665658982643e+01
4.677213750000000232e+02,-7.768571589925169008e+01
4.677216679687500118e+02,-7.616238526828379918e+01
4.677219609375000005e+02,-6.898242660178739527e+01
4.677222539062499891e+02,-6.731187601038705282e+01
4.677225468750000346e+02,-7.086190155885186925e+01
4.677228398437500232e+02,-7.758037853805078043e+01
4.677231328125000118e+02,-7.250647425458872419e+01
4.677234257812500005e+02,-7.031707717097116017e+01
4.677237187499999891e+02,-7.893490696223163638e+01
4.677240117187500346e+02,-7.676928242134492564e+01
4.677243046875000232e+02,-7.787621238587200878e+01
4.677245976562500118e+02,-6.597815956640572210e+01
4.677248906250000005e+02,-6.643974121043945047e+01
4.677251835937499891e+02,-7.046388483517041834e+01
4.677254765625000346e+02,-7.887046111388215763e+01
4.677257695312500232e+02,-7.064752566083114971e+01
4.677260625000000118e+02,-7.025505772456865827e+01
4.677263554687500005e+02,-7.888896304493768241e+01
4.677266484374999891e+02,-7.267692159453372369e+01
4.677269414062500346e+02,-7.850167975801603859e+01
4.677272343750000232e+02,-7.909628457544577884e+01
4.677275273437500118e+02,-8.441441421132626033e+01
4.677278203125000005e+02,-9.260917641920185872e+01
4.677281132812499891e+02,-7.736885433757073827e+01
4.677284062500000346e+02,-8.437669127211313480e+01
4.677286992187500232e+02,-7.056749910819230820e+01
4.677289921875000118e+02,-7.245922009446016432e+01
4.677292851562500005e+02,-7.144418408398162512e+01
4.677295781249999891e+02,-7.281106907153565544e+01
4.677298710937500346e+02,-8.545270259330982299e+01
4.677301640625000232e+02,-9.022101537415909434e+01
4.677304570312500118e+02,-7.060773571767357737e+01
4.677307500000000005e+02,-7.251162524852126978e+01
4.677310429687499891e+02,-7.759353700535621101e+01
4.677313359375000346e+02,-7.402269620874537281e+01
4.677316289062500232e+02,-7.859096582298305123e+01
4.677319218750000118e+02,-7.688983706096351511e+01
4.677322148437500005e+02,-7.549758016792023341e+01
4.677325078124999891e+02,-7.765864038239921285e+01
4.677328007812500346e+02,-7.292448901690076468e+01
4.677330937500000232e+02,-7.037155113607092005e+01
4.677333867187500118e+02,-7.015983493994444586e+01
4.677336796875000005e+02,-6.917541246713626890e+01
4.677339726562499891e+02,-6.767919805345086104e+01
4.677342656250000346e+02,-7.030748390456004415e+01
4.677345585937500232e+02,-8.341677748385032487e+01
4.677348515625000118e+02,-7.735632303987360103e+01
4.677351445312500005e+02,-7.734295718057461499e+01
4.677354374999999891e+02,-6.955507168631572767e+01
4.677357304687500346e+02,-6.872027380970925492e+01
4.677360234375000232e+02,-7.066003579785311217e+01
4.677363164062500118e+02,-8.132505032953623925e+01
4.677366093750000005e+02,-7.366469626622489386e+01
4.677369023437499891e+02,-7.415113674420723555e+01
4.677371953125000346e+02,-8.207301420356061783e+01
4.677374882812500232e+02,-7.202673804151095283e+01
4.677377812500000118e+02,-7.891548893900397843e+01
4.677380742187500005e+02,-8.674531451739518673e+01
4.677383671874999891e+02,-7.438277066878794130e+01
4.677386601562500346e+02,-7.290881897982976056e+01
4.677389531250000232e+02,-7.138155966712018596e+01
4.677392460937500118e+02,-7.282009922943935010e+01
4.677395390625000005e+02,-7.452887012071735739e+01
4.677398320312499891e+02,-7.415935494067953471e+01
4.677401250000000346e+02,-8.267044974862038487e+01
4.677404179687500232e+02,-7.810396961039513997e+01
4.677407109375000118e+02,-7.269052238920087916e+01
4.677410039062500005e+02,-7.315452275052849984e+01
4.677412968749999891e+02,-8.104931943929500449e+01
4.677415898437500346e+02,-8.150915670647964362e+01
4.677418828125000232e+02,-7.627319329252388513e+01
4.677421757812500118e+02,-7.326099553918089669e+01
4.677424687500000005e+02,-7.569561060962689680e+01
4.677427617187499891e+02,-7.436721898149180277e+01
4.677430546875000346e+02,-6.928680154516088407e+01
4.677433476562500232e+02,-6.905609355321050202e+01
4.677436406250000118e+02,-7.740801182305006023e+01
4.677439335937500005e+02,-1.006542857805718683e+02
4.677442265624999891e+02,-8.444294188417323710e+01
4.677445195312500346e+02,-7.639491437653416028e+01
4.677448125000000232e+02,-7.050292521918655098e+01
4.677451054687500118e+02,-7.477865074457596961e+01
4.677453984375000005e+02,-7.383204765052668961e+01
4.677456914062499891e+02,-6.869885242488108190e+01
4.677459843750000346e+02,-7.078725180006487960e+01
4.677462773437500232e+02,-8.237185767785425128e+01
4.677465703125000118e+02,-7.862858088847917770e+01
4.677468632812500005e+02,-7.593866327339708278e+01
4.677471562499999891e+02,-8.310333595911782822e+01
4.677474492187500346e+02,-7.344836564496077358e+01
4.677477421875000232e+02,-7.602826974673239135e+01
4.677480351562500118e+02,-7.161337293316167063e+01
4.677483281250000005e+02,-6.729486638048862801e+01
4.677486210937499891e+02,-7.336452644684297297e+01
4.677489140625000346e+02,-8.383369082415129014e+01
4.677492070312500232e+02,-8.032246749719554657e+01
4.677495000000000118e+02,-8.268847129933048734e+01
4.677497929687500005e+02,-7.573571071172425206e+01
4.677500859374999891e+02,-7.079463113331865998e+01
4.677503789062500346e+02,-7.634773161230805272e+01
4.677506718750000232e+02,-7.007626711608540404e+01
4.677509648437500118e+02,-6.694853271049323951e+01
4.677512578125000005e+02,-7.827155507533142043e+01
4.677515507812499891e+02,-7.775245964414979483e+01
4.677518437500000346e+02,-7.598680226626585466e+01
4.677521367187500232e+02,-7.937182986706572763e+01
4.677524296875000118e+02,-7.449425653731870511e+01
4.677527226562500005e+02,-7.160267762321767293e+01
4.677530156249999891e+02,-8.292996351336083194e+01
4.677533085937500346e+02,-7.492666341012960629e+01
4.677536015625000232e+02,-7.298645256308728335e+01
4.677538945312500118e+02,-7.585454574910082215e+01
4.677541875000000005e+02,-7.463789578091999033e+01
4.677544804687499891e+02,-7.651644437758318418e+01
4.677547734375000346e+02,-7.839732933243168134e+01
4.677550664062500232e+02,-8.260779228001064212e+01
4.677553593750000118e+02,-7.538146908596202422e+01
4.677556523437500005e+02,-8.067185667798239024e+01
4.677559453124999891e+02,-8.680975791764623750e+01
4.677562382812500346e+02,-7.583816900427935082e+01
4.677565312500000232e+02,-7.154937760374326672e+01
4.677568242187500118e+02,-8.342153650239977480e+01
4.677571171875000005e+02,-9.889299410540726853e+01
4.677574101562499891e+02,-7.467886930038311277e+01
4.677577031250000346e+02,-7.227956869340437152e+01
4.677579960937500232e+02,-7.526626279413993359e+01
4.677582890625000118e+02,-7.769822047937645948e+01
4.677585820312500005e+02,-7.613521947308638005e+01
4.677588749999999891e+02,-7.641112465615324822e+01
4.677591679687500346e+02,-7.276483243282041258e+01
4.677594609375000232e+02,-8.044431148106751550e+01
4.677597539062500118e+02,-8.472350596198100448e+01
4.677600468750000005e+02,-8.222827134800839133e+01
4.677603398437499891e+02,-7.633615033332532107e+01
4.677606328125000346e+02,-7.278795346581335934e+01
4.677609257812500232e+02,-7.196355744260002041e+01
4.677612187500000118e+02,-8.150671693767543502e+01
4.677615117187500005e+02,-7.713089328339688677e+01
4.677618046874999891e+02,-9.422271290171366331e+01
4.677620976562500346e+02,-9.116078604511653793e+01
4.677623906250000232e+02,-8.964989769199290492e+01
4.677626835937500118e+02,-8.171119762444051560e+01
4.677629765625000005e+02,-7.692611601112751885e+01
4.677632695312499891e+02,-7.437984696182144262e+01
4.677635625000000346e+02,-7.755859429704611330e+01
4.677638554687500232e+02,-8.244069039348717354e+01
4.677641484375000118e+02,-7.688670664754513950e+01
4.677644414062500005e+02,-7.777616265847700561e+01
4.677647343749999891e+02,-8.604033250121362641e+01
4.677650273437500346e+02,-9.129854519634633903e+01
4.677653203125000232e+02,-8.176616225864185594e+01
4.677656132812500118e+02,-7.736478337112200165e+01
4.677659062500000005e+02,-7.819424190468564007e+01
4.677661992187499891e+02,-8.415705939610035102e+01
4.677664921875000346e+02,-7.844738840065593877e+01
4.677667851562500232e+02,-8.544169243788806511e+01
4.677670781250000118e+02,-8.133007189431360473e+01
4.677673710937500005e+02,-7.495192461377024529e+01
4.677676640624999891e+02,-7.996802344959360198e+01
4.677679570312500346e+02,-7.572637697631520837e+01
4.677682500000000232e+02,-7.786395823388582471e+01
4.677685429687500118e+02,-7.306589789347286512e+01
4.677688359375000005e+02,-7.698187072446816615e+01
4.677691289062499891e+02,-8.116753509644958342e+01
4.677694218750000346e+02,-7.707582679600898246e+01
4.677697148437500232e+02,-7.562158248184826448e+01
4.677700078125000118e+02,-7.662876940420953531e+01
4.677703007812500005e+02,-8.443603578815091737e+01
4.677705937499999891e+02,-7.709250725217920319e+01
4.677708867187500346e+02,-7.487157388381898215e+01
4.677711796875000232e+02,-6.889052661749468598e+01
4.677714726562500118e+02,-7.467990246221469874e+01
4.677717656250000005e+02,-7.893405057279763071e+01
4.677720585937499891e+02,-7.891870170441885080e+01
4.677723515625000346e+02,-7.693519140207398266e+01
4.677726445312500232e+02,-7.422508656281834760e+01
4.677729375000000118e+02,-7.896353892974539690e+01
4.677732304687500005e+02,-7.867382184796407785e+01
4.677735234374999891e+02,-7.432979939471329089e+01
4.677738164062500346e+02,-7.630293069800183048e+01
4.677741093750000232e+02,-7.568864538591851954e+01
4.677744023437500118e+02,-7.542197823561848224e+01
4.677746953125000005e+02,-8.181445514569695376e+01
4.677749882812499891e+02,-9.235444585888471636e+01
4.677752812500000346e+02,-8.437276008413397221e+01
4.677755742187500232e+02,-8.091867742741925440e+01
4.677758671875000118e+02,-7.772982288885226865e+01
4.677761601562500005e+02,-8.548689338482283517e+01
4.677764531249999891e+02,-9.202702118780754859e+01
4.677767460937500346e+02,-7.569567171518586690e+01
4.677770390625000232e+02,-7.978007303338220879e+01
4.677773320312500118e+02,-7.931128873214345276e+01
4.677776250000000005e+02,-7.761655652152803953e+01
4.677779179687499891e+02,-8.015336894946665325e+01
4.677782109375000346e+02,-8.467991640149693922e+01
4.677785039062500232e+02,-8.032240601826039494e+01
4.677787968750000118e+02,-7.876851454858859825e+01
4.677790898437500005e+02,-7.962809826353917231e+01
4.677793828124999891e+02,-7.805581576597609228e+01
4.677796757812500346e+02,-7.606317551582350234e+01
4.677799687500000232e+02,-7.714372627429688123e+01
4.677802617187500118e+02,-7.227663772433214717e+01
4.677805546875000005e+02,-7.291891027268309244e+01
4.677808476562499891e+02,-7.884605320899878222e+01
4.677811406250000346e+02,-7.894065455651340812e+01
4.677814335937500232e+02,-7.467513972139714440e+01
4.677817265625000118e+02,-7.675075566088497681e+01
4.677820195312500005e+02,-7.873248437321160509e+01
4.677823124999999891e+02,-7.567243001648192546e+01
4.677826054687500346e+02,-7.660306292826490449e+01
4.677828984375000232e+02,-7.582872797390466246e+01
4.677831914062500118e+02,-7.513580444107216749e+01
4.677834843750000005e+02,-7.680559672660572801e+01
4.677837773437499891e+02,-7.582318860612082290e+01
4.677840703125000346e+02,-8.686268364249767160e+01
4.677843632812500232e+02,-8.883273700729566258e+01
4.677846562500000118e+02,-7.639013682611664535e+01
4.677849492187500005e+02,-7.376751477630944009e+01
4.677852421874999891e+02,-7.581356227759380317e+01
4.677855351562500346e+02,-8.300871043911662639e+01
4.677858281250000232e+02,-8.602030787982970139e+01
4.677861210937500118e+02,-7.680018220401697704e+01
4.677864140625000005e+02,-7.675297831535438320e+01
4.677867070312499891e+02,-7.904408726120109918e+01
4.677870000000000346e+02,-7.945478997268526200e+01
4.677872929687500232e+02,-8.216594553023617209e+01
4.677875859375000118e+02,-7.787079650135892450e+01
4.677878789062500005e+02,-7.851714138255734099e+01
4.677881718749999891e+02,-7.614729069180610566e+01
4.677884648437500346e+02,-8.111359830663324999e+01
4.677887578125000232e+02,-9.840747570879712214e+01
4.677890507812500118e+02,-8.094412167188680485e+01
4.677893437500000005e+02,-7.311070454604985969e+01
4.677896367187499891e+02,-7.216665894055086028e+01
4.677899296875000346e+02,-8.021944361426210435e+01
4.677902226562500232e+02,-8.979475794150164347e+01
4.677905156250000118e+02,-9.434616744216941697e+01
4.677908085937500005e+02,-7.793167617075431508e+01
4.677911015624999891e+02,-8.468806004551380795e+01
4.677913945312500346e+02,-8.553262257170510452e+01
4.677916875000000232e+02,-8.473290525609691315e+01
4.677919804687500118e+02,-7.347942016024938994e+01
4.677922734375000005e+02,-7.344780740307801636e+01
4.677925664062499891e+02,-8.091464473076442232e+01
4.677928593750000346e+02,-7.902365870617995824e+01
4.677931523437500232e+02,-8.099921890858986728e+01
4.677934453125000118e+02,-9.003037890133893484e+01
4.677937382812500005e+02,-7.548676214249951499e+01
4.677940312499999891e+02,-7.390278814119182016e+01
4.677943242187500346e+02,-8.185202533625090382e+01
4.677946171875000232e+02,-7.771739475518370455e+01
4.677949101562500118e+02,-7.397653009454718642e+01
4.677952031250000005e+02,-7.378019290362499305e+01
4.677954960937499891e+02,-7.519056178984457972e+01
4.677957890625000346e+02,-9.524884434411630707e+01
4.677960820312500232e+02,-7.972128070088059815e+01
4.677963750000000118e+02,-8.215952748798710559e+01
4.677966679687500005e+02,-7.642879630500797816e+01
4.677969609374999891e+02,-7.709427963795549488e+01
4.677972539062500346e+02,-8.107654705073619539e+01
4.677975468750000232e+02,-7.731568428647725000e+01
4.677978398437500118e+02,-7.929885985245194036e+01
4.677981328125000005e+02,-8.059277174906974039e+01
4.677984257812499891e+02,-7.020221808049532797e+01
4.677987187500000346e+02,-6.819677621014950830e+01
4.677990117187500232e+02,-7.451341086544421444e+01
4.677993046875000118e+02,-8.041354225290321267e+01
4.677995976562500005e+02,-8.711709321225524150e+01
4.677998906249999891e+02,-8.269918819110978347e+01
4.678001835937500346e+02,-8.462945130226950141e+01
4.678004765625000232e+02,-7.953969641705127458e+01
4.678007695312500118e+02,-8.481145937133688051e+01
4.678010625000000005e+02,-7.502363417831277559e+01
4.678013554687499891e+02,-6.858183568508728456e+01
4.678016484375000346e+02,-7.129965442707575107e+01
4.678019414062500232e+02,-8.806815254912919499e+01
4.678022343750000118e+02,-7.290298778945671643e+01
4.678025273437500005e+02,-7.139349195953624871e+01
4.678028203124999891e+02,-7.485620184464659133e+01
4.678031132812500346e+02,-7.785546528072320882e+01
4.678034062500000232e+02,-8.202372317945437885e+01
4.678036992187500118e+02,-7.522235395453097340e+01
4.678039921875000005e+02,-7.374402786160412404e+01
4.678042851562499891e+02,-7.523850176566220682e+01
4.678045781250000346e+02,-8.773481715714233076e+01
4.678048710937500232e+02,-7.582498579563502972e+01
4.678051640625000118e+02,-8.267304144222396189e+01
4.678054570312500005e+02,-8.020909990516378230e+01
4.678057499999999891e+02,-7.822148370251406391e+01
4.678060429687500346e+02,-7.863758552486153519e+01
4.678063359375000232e+02,-8.563133082667928875e+01
4.678066289062500118e+02,-8.101052632079417037e+01
4.678069218750000005e+02,-1.005400061481830960e+02
4.678072148437499891e+02,-7.957189779064967183e+01
4.678075078125000346e+02,-8.128779220451384901e+01
4.678078007812500232e+02,-7.510369966070042835e+01
4.678080937500000118e+02,-8.904207627421813243e+01
4.678083867187500005e+02,-7.458053682139572516e+01
4.678086796874999891e+02,-7.500348029515846804e+01
4.678089726562500346e+02,-7.182223985817398670e+01
4.678092656250000232e+02,-7.844636115974650181e+01
4.678095585937500118e+02,-8.021038817566281409e+01
4.678098515625000005e+02,-9.007272127481525104e+01
4.678101445312499891e+02,-7.512351306308738685e+01
4.678104375000000346e+02,-7.413519214512000133e+01
4.678107304687500232e+02,-8.774968572781547493e+01
4.678110234375000118e+02,-8.202730883262667305e+01
4.678113164062500005e+02,-7.470219495153354217e+01
4.678116093749999891e+02,-7.304552160323085275e+01
4.678119023437500346e+02,-7.306385814537182455e+01
4.678121953125000232e+02,-7.662491804614022328e+01
4.678124882812500118e+02,-8.787871256177182033e+01
4.678127812500000005e+02,-7.665410773751270312e+01
4.678130742187499891e+02,-7.766361808212980122e+01
4.678133671875000346e+02,-8.295317179264644381e+01
4.678136601562500232e+02,-8.694391223407845359e+01
4.678139531250000118e+02,-7.851935265691980703e+01
4.678142460937500005e+02,-7.529458866142965690e+01
4.678145390624999891e+02,-7.197868700272761089e+01
4.678148320312500346e+02,-7.910957210044982446e+01
4.678151250000000232e+02,-8.428399007644375729e+01
4.678154179687500118e+02,-7.936652959100511850e+01
4.678157109375000005e+02,-8.719731144516205745e+01
4.678160039062499891e+02,-8.004300919025737926e+01
4.678162968750000346e+02,-8.068001654020366686e+01
4.678165898437500232e+02,-7.730618271639646366e+01
4.678168828125000118e+02,-8.664409373561227312e+01
4.678171757812500005e+02,-8.164050212610291624e+01
4.678174687499999891e+02,-8.170352929724430169e+01
4.678177617187500346e+02,-7.998271026265560124e+01
4.678180546875000232e+02,-7.875556431621093623e+01
4.678183476562500118e+02,-7.930897702115595393e+01
4.678186406250000005e+02,-7.732437106122830528e+01
4.678189335937499891e+02,-7.926387814168906232e+01
4.678192265625000346e+02,-8.197054200763705012e+01
4.678195195312500232e+02,-7.627789486016824583e+01
4.678198125000000118e+02,-7.311694388656049171e+01
4.678201054687500005e+02,-7.181404239974774839e+01
4.678203984374999891e+02,-8.278150111799418198e+01
4.678206914062500346e+02,-7.410146366625455983e+01
4.678209843750000232e+02,-7.651378773744902162e+01
4.678212773437500118e+02,-8.176003584335873597e+01
4.678215703125000005e+02,-8.180122842353206636e+01
4.678218632812499891e+02,-8.265410525297271249e+01
4.678221562500000346e+02,-7.968230573809017869e+01
4.678224492187500232e+02,-7.744260024102212014e+01
4.678227421875000118e+02,-7.683581253079357509e+01
4.678230351562500005e+02,-7.944335216278059875e+01
4.678233281249999891e+02,-8.164856024460723916e+01
4.678236210937500346e+02,-7.807229677192654549e+01
4.678239140625000232e+02,-8.066569761086171297e+01
4.678242070312500118e+02,-8.133975380953573620e+01
4.678245000000000005e+02,-8.248774983891580348e+01
4.678247929687499891e+02,-7.382267877779865728e+01
4.678250859375000346e+02,-7.539753835448352959e+01
4.678253789062500232e+02,-7.909991358062136158e+01
4.678256718750000118e+02,-7.396105017308981644e+01
4.678259648437500005e+02,-7.684641272156997616e+01
4.678262578124999891e+02,-8.559901459704364868e+01
4.678265507812500346e+02,-8.436080720288360624e+01
4.678268437500000232e+02,-7.414083144362791700e+01
4.678271367187500118e+02,-7.537049151756241372e+01
4.678274296875000005e+02,-7.117189470122795569e+01
4.678277226562499891e+02,-7.073626464008282255e+01
4.678280156250000346e+02,-7.124490716968981019e+01
4.678283085937500232e+02,-7.225698933930674173e+01
4.678286015625000118e+02,-7.482250992182345328e+01
4.678288945312500005e+02,-7.876349310590158836e+01
4.678291874999999891e+02,-8.487847819514982461e+01
4.678294804687500346e+02,-8.112406176156879667e+01
4.678297734375000232e+02,-7.374015458002770629e+01
4.678300664062500118e+02,-6.988300061291784004e+01
4.678303593750000005e+02,-6.883667102793054937e+01
4.678306523437499891e+02,-7.178862487703268869e+01
4.678309453125000346e+02,-7.365651025185535161e+01
4.678312382812500232e+02,-7.824543342087626741e+01
4.678315312500000118e+02,-7.595282156516526584e+01
4.678318242187500005e+02,-7.474536735860910142e+01
4.678321171874999891e+02,-8.833536139440394663e+01
4.678324101562500346e+02,-7.767416519691116150e+01
4.678327031250000232e+02,-7.260561899610667069e+01
4.678329960937500118e+02,-7.141119511939440656e+01
4.678332890625000005e+02,-7.453671253767784322e+01
4.678335820312499891e+02,-8.125971190809666211e+01
4.678338750000000346e+02,-8.749390477619549245e+01
4.678341679687500232e+02,-7.900505626225238132e+01
4.678344609375000118e+02,-7.412654881260667139e+01
4.678347539062500005e+02,-8.289078105602911251e+01
4.678350468749999891e+02,-7.883637238538446468e+01
4.678353398437500346e+02,-7.715130007992479477e+01
4.678356328125000232e+02,-8.083254535537847119e+01
4.678359257812500118e+02,-8.604910459264984013e+01
4.678362187500000005e+02,-9.370737958560675906e+01
4.678365117187499891e+02,-8.310060958243660423e+01
4.678368046875000346e+02,-8.745514555436898263e+01
4.678370976562500232e+02,-7.739502618999574679e+01
4.678373906250000118e+02,-7.489358251103517716e+01
4.678376835937500005e+02,-7.082301259602785137e+01
4.678379765624999891e+02,-7.628796331904419503e+01
4.678382695312500346e+02,-8.591992171775871157e+01
4.678385625000000232e+02,-7.429314325567892752e+01
4.678388554687500118e+02,-7.584521308999610767e+01
4.678391484375000005e+02,-7.922221178171668043e+01
4.678394414062499891e+02,-8.445236248466886764e+01
4.678397343750000346e+02,-7.825910088417073496e+01
4.678400273437500232e+02,-7.392531512761431145e+01
4.678403203125000118e+02,-7.148051092894726821e+01
4.678406132812500005e+02,-7.688938547700979598e+01
4.678409062499999891e+02,-7.674990895227865906e+01
4.678411992187500346e+02,-7.365408750671390692e+01
4.678414921875000232e+02,-7.822226307714839777e+01
4.678417851562500118e+02,-7.542320382225567243e+01
4.678420781250000005e+02,-7.880429824788683391e+01
4.678423710937499891e+02,-7.956658480922530430e+01
4.678426640625000346e+02,-7.208695805739820628e+01
4.678429570312500232e+02,-7.297379191236016993e+01
4.678432500000000118e+02,-7.868496679818053963e+01
4.678435429687500005e+02,-7.265574132624077208e+01
4.678438359374999891e+02,-7.364339803362526027e+01
4.678441289062500346e+02,-7.915730361691390726e+01
4.678444218750000232e+02,-7.868812772756957941e+01
4.678447148437500118e+02,-7.972520183715931807e+01
4.678450078125000005e+02,-8.304848533518185150e+01
4.678453007812499891e+02,-7.685556732148123160e+01
4.678455937500000346e+02,-8.435153684335871560e+01
4.678458867187500232e+02,-8.146612374643092380e+01
4.678461796875000118e+02,-7.961997148823839154e+01
4.678464726562500005e+02,-1.017408987408211942e+02
4.678467656249999891e+02,-8.384813525626968556e+01
4.678470585937500346e+02,-7.988793098769090761e+01
4.678473515625000232e+02,-7.610750582390136287e+01
4.678476445312500118e+02,-8.127414620142504020e+01
4.678479375000000005e+02,-8.113429870424357659e+01
4.678482304687499891e+02,-7.730231522237383501e+01
4.678485234375000346e+02,-7.809538030882686144e+01
4.678488164062500232e+02,-7.699359081964425400e+01
4.678491093750000118e+02,-8.665723110651624950e+01
4.678494023437500005e+02,-7.920746459338243994e+01
4.678496953124999891e+02,-7.749890563786250652e+01
4.678499882812500346e+02,-7.659333971928674600e+01
4.678502812500000232e+02,-7.563528556420928339e+01
4.678505742187500118e+02,-7.635302232715774551e+01
4.678508671875000005e+02,-7.704553416159588153e+01
4.678511601562499891e+02,-7.734223231021957190e+01
4.678514531250000346e+02,-7.454137211477930691e+01
4.678517460937500232e+02,-9.251706845247788635e+01
4.678520390625000118e+02,-9.063001532827175311e+01
4.678523320312500005e+02,-9.426039977550372839e+01
4.678526249999999891e+02,-8.837277139704532658e+01
4.678529179687500346e+02,-7.486512270485918918e+01
4.678532109375000232e+02,-7.417408020000196700e+01
4.678535039062500118e+02,-7.999577170505845913e+01
4.678537968750000005e+02,-7.319107116867132845e+01
4.678540898437499891e+02,-7.426913781091302269e+01
4.678543828125000346e+02,-8.691301417315840183e+01
4.678546757812500232e+02,-8.473137917652279327e+01
4.678549687500000118e+02,-7.932835997098129610e+01
4.678552617187500005e+02,-8.085872684063915017e+01
4.678555546874999891e+02,-7.772792983962452240e+01
4.678558476562500346e+02,-7.740983073658316016e+01
4.678561406250000232e+02,-7.698854777741462385e+01
4.678564335937500118e+02,-7.558970261257651657e+01
4.678567265625000005e+02,-8.675573409452573514e+01
4.678570195312499891e+02,-8.011422629978488885e+01
4.678573125000000346e+02,-8.149544563378572093e+01
4.678576054687500232e+02,-7.829866289029767756e+01
4.678578984375000118e+02,-8.847147192387105008e+01
4.678581914062500005e+02,-7.867444102679621665e+01
4.678584843749999891e+02,-9.658144474510260125e+01
4.678587773437500346e+02,-7.569983158585147009e+01
4.678590703125000232e+02,-8.567388729122414759e+01
4.678593632812500118e+02,-9.069973947340639597e+01
4.678596562500000005e+02,-8.994260598961830055e+01
4.678599492187499891e+02,-7.857162583322900673e+01
4.678602421875000346e+02,-7.213211247749055133e+01
4.678605351562500232e+02,-8.146200627932620364e+01
4.678608281250000118e+02,-8.196359578219117736e+01
4.678611210937500005e+02,-7.948284769318793508e+01
4.678614140624999891e+02,-7.761492527832047017e+01
4.678617070312500346e+02,-8.373094276745307241e+01
4.678620000000000232e+02,-9.254496043257037741e+01
4.678622929687500118e+02,-8.636471571686948323e+01
4.678625859375000005e+02,-7.874033724641338949e+01
4.678628789062499891e+02,-7.422148522828936734e+01
4.678631718750000346e+02,-7.910120318925729066e+01
4.678634648437500232e+02,-8.046042158102690678e+01
4.678637578125000118e+02,-8.065875790928905076e+01
4.678640507812500005e+02,-9.448800151708566375e+01
4.678643437499999891e+02,-7.956131686791901814e+01
4.678646367187500346e+02,-7.724361189837600250e+01
4.678649296875000232e+02,-7.960923123444514715e+01
4.678652226562500118e+02,-7.650768801510123751e+01
4.678655156250000005e+02,-7.272232392618876418e+01
4.678658085937499891e+02,-7.787184655870065342e+01
4.678661015625000346e+02,-7.678904138023821702e+01
4.678663945312500232e+02,-7.936332951235687005e+01
4.678666875000000118e+02,-8.539587186735893454e+01
4.678669804687500005e+02,-7.810957995609510363e+01
4.678672734374999891e+02,-7.401096225638924864e+01
4.678675664062500346e+02,-7.658943876255465000e+01
4.678678593750000232e+02,-8.077493517228168685e+01
4.678681523437500118e+02,-7.566892784507726333e+01
4.678684453125000005e+02,-8.188409609806183198e+01
4.678687382812499891e+02,-7.891945300561512511e+01
4.678690312500000346e+02,-7.753378285113245738e+01
4.678693242187500232e+02,-7.631959339251308450e+01
4.678696171875000118e+02,-7.782793945863934937e+01
4.678699101562500005e+02,-7.188047137260403474e+01
4.678702031249999891e+02,-7.445695149807734481e+01
4.678704960937500346e+02,-8.096814922882485632e+01
4.678707890625000232e+02,-7.907017572057615951e+01
4.678710820312500118e+02,-8.799173944481032095e+01
4.678713750000000005e+02,-7.666550054791696311e+01
4.678716679687499891e+02,-7.553530760685760015e+01
4.678719609375000346e+02,-7.967885046676890681e+01
4.678722539062500232e+02,-7.455583531793008945e+01
4.678725468750000118e+02,-7.503336963990668096e+01
4.678728398437500005e+02,-7.723854930565363475e+01
4.678731328124999891e+02,-8.004458494382853928e+01
4.678734257812500346e+02,-7.891988493313220943e+01
4.678737187500000232e+02,-8.160358955986266949e+01
4.678740117187500118e+02,-7.786497294583566031e+01
4.678743046875000005e+02,-7.601728200956141279e+01
4.678745976562499891e+02,-8.330584879414261934e+01
4.678748906250000346e+02,-7.744467892025107858e+01
4.678751835937500232e+02,-7.889247557955141588e+01
4.678754765625000118e+02,-8.436236318028571191e+01
4.678757695312500005e+02,-8.973943187167603242e+01
4.678760624999999891e+02,-7.585238076999787893e+01
4.678763554687500346e+02,-8.374179275084630092e+01
4.678766484375000232e+02,-7.564449356928653856e+01
4.678769414062500118e+02,-7.293074637862697784e+01
4.678772343750000005e+02,-9.160906961598530529e+01
4.678775273437499891e+02,-8.550070532672856416e+01
4.678778203125000346e+02,-8.191695600725253712e+01
4.678781132812500232e+02,-8.161468475779687992e+01
4.678784062500000118e+02,-9.785997395146605982e+01
4.678786992187500005e+02,-8.059765620132621677e+01
4.678789921874999891e+02,-7.898245633018375145e+01
4.678792851562500346e+02,-7.765116577122402930e+01
4.678795781250000232e+02,-7.613857036953790214e+01
4.678798710937500118e+02,-9.832829359713018391e+01
4.678801640625000005e+02,-1.001460091378376092e+02
4.678804570312499891e+02,-8.476983279420609563e+01
4.678807500000000346e+02,-7.638140518874051565e+01
4.678810429687500232e+02,-8.238799529520440501e+01
4.678813359375000118e+02,-8.420755960239354465e+01
4.678816289062500005e+02,-8.200233324600100104e+01
4.678819218749999891e+02,-8.338265954173130012e+01
4.678822148437500346e+02,-8.013682906658240768e+01
4.678825078125000232e+02,-8.345967041604112069e+01
4.678828007812500118e+02,-8.174386052055854179e+01
4.678830937500000005e+02,-7.804529124648379934e+01
4.678833867187499891e+02,-7.238640373830166652e+01
4.678836796875000346e+02,-7.552690033165117711e+01
4.678839726562500232e+02,-8.338963956445134329e+01
4.678842656250000118e+02,-8.702546492091562413e+01
4.678845585937500005e+02,-8.382788985103408663e+01
4.678848515624999891e+02,-7.813989898648921439e+01
4.678851445312500346e+02,-8.257791348880354576e+01
4.678854375000000232e+02,-7.962882064764337997e+01
4.678857304687500118e+02,-7.653658512313187146e+01
4.678860234375000005e+02,-7.283023363323158605e+01
4.678863164062499891e+02,-7.241759735623206495e+01
4.678866093750000346e+02,-7.956748132421257935e+01
4.678869023437500232e+02,-8.422320527982263627e+01
4.678871953125000118e+02,-8.241359011871681162e+01
4.678874882812500005e+02,-7.575096239365683459e+01
4.678877812499999891e+02,-7.672555880612496537e+01
4.678880742187500346e+02,-7.486900780662385557e+01
4.678883671875000232e+02,-7.884049372791592702e+01
4.678886601562500118e+02,-7.436660197742590128e+01
4.678889531250000005e+02,-7.584624754954410264e+01
4.678892460937499891e+02,-7.674144879741416503e+01
4.678895390625000346e+02,-8.247635854969077229e+01
4.678898320312500232e+02,-8.231655516876926981e+01
4.678901250000000118e+02,-8.108966365679674482e+01
4.678904179687500005e+02,-7.615814805658574471e+01
4.678907109374999891e+02,-7.513813534619116297e+01
4.678910039062500346e+02,-1.055330105070256650e+02
4.678912968750000232e+02,-7.778445582101461753e+01
4.678915898437500118e+02,-7.830241816933971677e+01
4.678918828125000005e+02,-7.373906879700307115e+01
4.678921757812499891e+02,-8.061854870762365977e+01
4.678924687500000346e+02,-1.041910975597463107e+02
4.678927617187500232e+02,-7.816994369498260653e+01
4.678930546875000118e+02,-7.578972950158500055e+01
4.678933476562500005e+02,-7.784899334607635524e+01
4.678936406249999891e+02,-7.821034797154952400e+01
4.678939335937500346e+02,-7.861061781986708752e+01
4.678942265625000232e+02,-7.638827643258811406e+01
4.678945195312500118e+02,-7.410168557913803511e+01
4.678948125000000005e+02,-8.153974832245700100e+01
4.678951054687499891e+02,-7.874923097513986647e+01
4.678953984375000346e+02,-7.672787464216118281e+01
4.678956914062500232e+02,-7.732337406169176575e+01
4.678959843750000118e+02,-7.677064441859471344e+01
4.678962773437500005e+02,-7.832782123773219496e+01
4.678965703124999891e+02,-7.728587140233506148e+01
4.678968632812500346e+02,-7.651836371279307514e+01
4.678971562500000232e+02,-7.572226235209109291e+01
4.678974492187500118e+02,-7.481678910808790306e+01
4.678977421875000005e+02,-7.907773895246745610e+01
4.678980351562499891e+02,-8.381343135556514312e+01
4.678983281250000346e+02,-8.390748155895238369e+01
4.678986210937500232e+02,-7.996768552997073698e+01
4.678989140625000118e+02,-7.953619833687581320e+01
4.678992070312500005e+02,-7.738313957320666248e+01
4.678994999999999891e+02,-7.769115030816129774e+01
4.678997929687500346e+02,-7.251928862553899080e+01
4.679000859375000232e+02,-7.279756303803890205e+01
4.679003789062500118e+02,-8.187248883048491166e+01
4.679006718750000005e+02,-9.360743873953066441e+01
4.679009648437499891e+02,-8.605888904868528755e+01
4.679012578125000346e+02,-7.744955756896393950e+01
4.679015507812500232e+02,-8.484932849088777118e+01
4.679018437500000118e+02,-8.817054742939657785e+01
4.679021367187500005e+02,-8.531812592436152443e+01
4.679024296874999891e+02,-7.276569188694809043e+01
4.679027226562500346e+02,-7.581698666715479362e+01
4.679030156250000232e+02,-9.752511252801969022e+01
4.679033085937500118e+02,-9.760860017882892237e+01
4.679036015625000005e+02,-7.886546433935043865e+01
4.679038945312499891e+02,-7.211124910076615890e+01
4.679041875000000346e+02,-7.727599479228034340e+01
4.679044804687500232e+02,-8.526599668423044420e+01
4.679047734375000118e+02,-9.148672956397319922e+01
4.679050664062500005e+02,-7.667635820849115191e+01
4.679053593749999891e+02,-8.452518868001219232e+01
4.679056523437500346e+02,-8.750443967141458756e+01
4.679059453125000232e+02,-9.134730474954382373e+01
4.679062382812500118e+02,-7.674507512804080989e+01
4.679065312500000005e+02,-7.170699476914217030e+01
4.679068242187499891e+02,-7.266972199780900610e+01
4.679071171875000346e+02,-7.527640228049189375e+01
4.679074101562500232e+02,-8.017870592710990252e+01
4.679077031250000118e+02,-7.856002549682506242e+01
4.679079960937500005e+02,-7.893329991398674395e+01
4.679082890624999891e+02,-8.614048456972676604e+01
4.679085820312500346e+02,-8.025200112559886634e+01
4.679088750000000232e+02,-7.471924588233973452e+01
4.679091679687500118e+02,-7.106365586285504321e+01
4.679094609375000005e+02,-7.104193422654098811e+01
4.679097539062499891e+02,-7.880418022528529320e+01
4.679100468750000346e+02,-8.685176384176074293e+01
4.679103398437500232e+02,-7.876480698415578274e+01
4.679106328125000118e+02,-8.626617121559051782e+01
4.679109257812500005e+02,-8.079943046002220797e+01
4.679112187499999891e+02,-7.908806366823394285e+01
4.679115117187500346e+02,-7.511514085244587591e+01
4.679118046875000232e+02,-7.137244930035785728e+01
4.679120976562500118e+02,-7.101889465078721742e+01
4.679123906250000005e+02,-8.224961714514405742e+01
4.679126835937499891e+02,-8.380223678202882809e+01
4.679129765625000346e+02,-7.709895628374283660e+01
4.679132695312500232e+02,-8.102535152607347868e+01
4.679135625000000118e+02,-7.463527655043792208e+01
4.679138554687500005e+02,-7.625450134585872775e+01
4.679141484374999891e+02,-7.588515421870978628e+01
4.679144414062500346e+02,-7.502890077233440991e+01
4.679147343750000232e+02,-7.819580364764362912e+01
4.679150273437500118e+02,-8.512340784258501003e+01
4.679153203125000005e+02,-8.361458867463126410e+01
4.679156132812499891e+02,-8.518556363141513543e+01
4.679159062500000346e+02,-7.485142713378959911e+01
4.679161992187500232e+02,-7.331512329166992004e+01
4.679164921875000118e+02,-7.929047743160813866e+01
4.679167851562500005e+02,-8.113653982336663262e+01
4.679170781249999891e+02,-7.804573955679278185e+01
4.679173710937500346e+02,-8.907384018575072560e+01
4.679176640625000232e+02,-8.976429427355397195e+01
4.679179570312500118e+02,-8.743905845477463856e+01
4.679182500000000005e+02,-8.634527553154561019e+01
4.679185429687499891e+02,-7.378413880713063122e+01
4.679188359375000346e+02,-7.680900430929564493e+01
4.679191289062500232e+02,-9.223097610765509557e+01
4.679194218750000118e+02,-7.894016072283842789e+01
4.679197148437500005e+02,-7.862393505658859283e+01
4.679200078124999891e+02,-8.534334299330346596e+01
4.679203007812500346e+02,-8.180162103146727759e+01
4.679205937500000232e+02,-8.343558206721093029e+01
4.679208867187500118e+02,-8.190454710574528008e+01
4.679211796875000005e+02,-7.511499822756223921e+01
4.679214726562499891e+02,-7.965521096885495922e+01
4.679217656250000346e+02,-8.102573939784548429e+01
4.679220585937500232e+02,-7.563483587518045681e+01
4.679223515625000118e+02,-7.854886239795101233e+01
4.679226445312500005e+02,-8.473566279289734382e+01
4.679229374999999891e+02,-8.421171082722443657e+01
4.679232304687500346e+02,-8.584969323737365698e+01
4.679235234375000232e+02,-7.938719193745809832e+01
4.679238164062500118e+02,-8.163849268650557178e+01
4.679241093750000005e+02,-8.947989284716294378e+01
4.679244023437499891e+02,-7.549529681800703429e+01
4.679246953125000346e+02,-7.944019912610130518e+01
4.679249882812500232e+02,-8.516650648767355847e+01
4.679252812500000118e+02,-8.757916034551644202e+01
4.679255742187500005e+02,-8.592701417254566820e+01
4.679258671874999891e+02,-7.828382248984220837e+01
4.679261601562500346e+02,-7.561374666471608919e+01
4.679264531250000232e+02,-7.512106121544128712e+01
4.679267460937500118e+02,-8.006007691213662270e+01
4.679270390625000005e+02,-7.394220505843755120e+01
4.679273320312499891e+02,-8.121602256259063779e+01
4.679276250000000346e+02,-8.322877640808931687e+01
4.679279179687500232e+02,-8.689258497080254529e+01
4.679282109375000118e+02,-7.879204947844860385e+01
4.679285039062500005e+02,-7.586530882782881235e+01
4.679287968749999891e+02,-7.255933593021590866e+01
4.679290898437500346e+02,-7.335472068541334068e+01
4.679293828125000232e+02,-7.566554090497317020e+01
4.679296757812500118e+02,-7.287291070879892629e+01
4.679299687500000005e+02,-7.829581919444656535e+01
4.679302617187499891e+02,-7.954822590556608475e+01
4.679305546875000346e+02,-8.314513603371875661e+01
4.679308476562500232e+02,-7.626776093290888525e+01
4.679311406250000118e+02,-7.681788735845887572e+01
4.679314335937500005e+02,-7.558375267549608623e+01
4.679317265624999891e+02,-7.517981703268853266e+01
4.679320195312500346e+02,-7.443889537995642058e+01
4.679323125000000232e+02,-7.490075075393784232e+01
4.679326054687500118e+02,-8.759465546134892122e+01
4.679328984375000005e+02,-8.355121937135974974e+01
4.679331914062499891e+02,-8.515672522780127451e+01
4.679334843750000346e+02,-8.145827905719046669e+01
4.679337773437500232e+02,-8.262518862204254333e+01
4.679340703125000118e+02,-7.529896633042034182e+01
4.679343632812500005e+02,-7.251679035800717088e+01
4.679346562499999891e+02,-7.442340626428246253e+01
4.679349492187500346e+02,-7.857249897829288443e+01
4.679352421875000232e+02,-8.786209488224483266e+01
4.679355351562500118e+02,-8.093609973467866325e+01
4.679358281250000005e+02,-8.375470031652888281e+01
4.679361210937499891e+02,-8.864317664091332460e+01
4.679364140625000346e+02,-9.417839225697306915e+01
4.679367070312500232e+02,-7.990792037123745217e+01
4.679370000000000118e+02,-7.671258722470082603e+01
4.679372929687500005e+02,-7.496354290528559261e+01
4.679375859374999891e+02,-7.662837164226358766e+01
4.679378789062500346e+02,-7.519577157127882572e+01
4.679381718750000232e+02,-7.586026713717383529e+01
4.679384648437500118e+02,-7.501328354660398645e+01
4.679387578125000005e+02,-8.252189064960558085e+01
4.679390507812499891e+02,-9.560458004459583492e+01
4.679393437500000346e+02,-8.694807979519936225e+01
4.679396367187500232e+02,-9.171363870227166615e+01
4.679399296875000118e+02,-8.321650409238044688e+01
4.679402226562500005e+02,-7.975976458054093143e+01
4.679405156249999891e+02,-7.389355654551825126e+01
4.679408085937500346e+02,-7.549025866504658211e+01
4.679411015625000232e+02,-7.503386580432193398e+01
4.679413945312500118e+02,-7.726059485679417094e+01
4.679416875000000005e+02,-9.042092626939361821e+01
4.679419804687499891e+02,-7.864364139567278755e+01
4.679422734375000346e+02,-7.620026065588400854e+01
4.679425664062500232e+02,-9.386049679319940253e+01
4.679428593750000118e+02,-7.968500595155424548e+01
4.679431523437500005e+02,-7.720997305672574385e+01
4.679434453124999891e+02,-7.977323256128040896e+01
4.679437382812500346e+02,-8.050270839405060030e+01
4.679440312500000232e+02,-8.227546161817889470e+01
4.679443242187500118e+02,-7.664601340522257544e+01
4.679446171875000005e+02,-7.501196448982470599e+01
4.679449101562499891e+02,-7.446375898887916378e+01
4.679452031250000346e+02,-7.504588404701775062e+01
4.679454960937500232e+02,-8.660317536679833950e+01
4.679457890625000118e+02,-9.686877458659381546e+01
4.679460820312500005e+02,-8.370941229650709658e+01
4.679463749999999891e+02,-7.975753273707921664e+01
4.679466679687500346e+02,-8.388948997342076552e+01
4.679469609375000232e+02,-8.597425033062538091e+01
4.679472539062500118e+02,-8.187626809873920308e+01
4.679475468750000005e+02,-7.444909609421863195e+01
4.679478398437499891e+02,-7.270141496196364983e+01
4.679481328125000346e+02,-8.703567643799117093e+01
4.679484257812500232e+02,-8.832452023152228548e+01
4.679487187500000118e+02,-8.335904767324754516e+01
4.679490117187500005e+02,-8.511252905008220182e+01
4.679493046874999891e+02,-8.743272788856266686e+01
4.679495976562500346e+02,-7.824663622633126181e+01
4.679498906250000232e+02,-7.600129656096945041e+01
4.679501835937500118e+02,-7.091902824426009033e+01
4.679504765625000005e+02,-7.101866187632401761e+01
4.679507695312499891e+02,-8.000122712750683718e+01
4.679510625000000346e+02,-9.468637781855119329e+01
4.679513554687500232e+02,-8.267949057902501409e+01
4.679516484375000118e+02,-9.215150610156646849e+01
4.679519414062500005e+02,-9.036273948846641701e+01
4.679522343749999891e+02,-8.302286527087466084e+01
4.679525273437500346e+02,-8.077139460458582221e+01
4.679528203125000232e+02,-7.385358079864487024e+01
4.679531132812500118e+02,-7.146084955194444888e+01
4.679534062500000005e+02,-7.522773299057983820e+01
4.679536992187499891e+02,-8.587794680811582282e+01
4.679539921875000346e+02,-8.999515914772992176e+01
4.679542851562500232e+02,-9.029317112673248857e+01
4.679545781250000118e+02,-8.268595335013426961e+01
4.679548710937500005e+02,-8.018762714198246044e+01
4.679551640624999891e+02,-8.201656856699221976e+01
4.679554570312500346e+02,-7.577414311847233819e+01
4.679557500000000232e+02,-7.259302968357091856e+01
4.679560429687500118e+02,-7.347791878438302149e+01
4.679563359375000005e+02,-7.973688451289332590e+01
4.679566289062499891e+02,-7.957766531849300407e+01
4.679569218750000346e+02,-7.618016563428592747e+01
4.679572148437500232e+02,-7.578026374257967746e+01
4.679575078125000118e+02,-8.018455295392413973e+01
4.679578007812500005e+02,-8.724408910025533714e+01
4.679580937499999891e+02,-7.870523565557293466e+01
4.679583867187500346e+02,-7.662102031857870088e+01
4.679586796875000232e+02,-7.189037877011485023e+01
4.679589726562500118e+02,-7.539150493675242615e+01
4.679592656250000005e+02,-7.275476879650693718e+01
4.679595585937499891e+02,-7.378547183369191487e+01
4.679598515625000346e+02,-7.482673864667708585e+01
4.679601445312500232e+02,-8.253495411727257647e+01
4.679604375000000118e+02,-8.054672145811318273e+01
4.679607304687500005e+02,-8.032960469620662991e+01
4.679610234374999891e+02,-8.587468300313878444e+01
4.679613164062500346e+02,-7.414095318371539634e+01
4.679616093750000232e+02,-7.509742917421205277e+01
4.679619023437500118e+02,-7.119948337407849692e+01
4.679621953125000005e+02,-7.258787455769906671e+01
4.679624882812499891e+02,-7.570904799275911046e+01
4.679627812500000346e+02,-8.917096652596578110e+01
4.679630742187500232e+02,-7.658286823322436021e+01
4.679633671875000118e+02,-7.895044944477942295e+01
4.679636601562500005e+02,-9.867270259551841605e+01
4.679639531249999891e+02,-8.093215102978321340e+01
4.679642460937500346e+02,-7.593583274617516565e+01
4.679645390625000232e+02,-7.419588823831421109e+01
4.679648320312500118e+02,-7.929976343927648941e+01
4.679651250000000005e+02,-8.082455081363583815e+01
4.679654179687499891e+02,-8.394238637624349053e+01
4.679657109375000346e+02,-7.825043753262917789e+01
4.679660039062500232e+02,-8.040559723842659423e+01
4.679662968750000118e+02,-8.015379666098894518e+01
4.679665898437500005e+02,-9.802849228238375190e+01
4.679668828124999891e+02,-7.685249862076803140e+01
4.679671757812500346e+02,-7.981746800645868234e+01
4.679674687500000232e+02,-7.699488686185338793e+01
4.679677617187500118e+02,-8.380934719064168803e+01
4.679680546875000005e+02,-8.220643562650386116e+01
4.679683476562499891e+02,-8.095129808041903630e+01
4.679686406250000346e+02,-9.319845340510772758e+01
4.679689335937500232e+02,-7.958169094926583398e+01
4.679692265625000118e+02,-8.879955079478878588e+01
4.679695195312500005e+02,-8.171978699303429039e+01
4.679698124999999891e+02,-7.974628618354540777e+01
4.679701054687500346e+02,-7.239100420524410140e+01
4.679703984375000232e+02,-7.886335283814437958e+01
4.679706914062500118e+02,-7.968310618114125532e+01
4.679709843750000005e+02,-9.296797112578401823e+01
4.679712773437499891e+02,-8.064894203317423660e+01
4.679715703125000346e+02,-8.210208787041999301e+01
4.679718632812500232e+02,-9.132179110742767136e+01
4.679721562500000118e+02,-8.370092053015508782e+01
4.679724492187500005e+02,-7.474311170339048260e+01
4.679727421874999891e+02,-7.040460544781376484e+01
4.679730351562500346e+02,-7.530532248733688050e+01
4.679733281250000232e+02,-7.729925749275696489e+01
4.679736210937500118e+02,-8.806955642469316103e+01
4.679739140625000005e+02,-8.004810791287466998e+01
4.679742070312499891e+02,-9.826632039395227025e+01
4.679745000000000346e+02,-8.602644453224928611e+01
4.679747929687500232e+02,-8.296598713747738429e+01
4.679750859375000118e+02,-7.528980595760680217e+01
4.679753789062500005e+02,-7.386758086493502162e+01
4.679756718749999891e+02,-7.688895423454258093e+01
4.679759648437500346e+02,-8.052337930040005176e+01
4.679762578125000232e+02,-7.938309908962081352e+01
4.679765507812500118e+02,-7.754752488714386516e+01
4.679768437500000005e+02,-8.742725402108194999e+01
4.679771367187499891e+02,-8.675869252649908958e+01
4.679774296875000346e+02,-9.441279157231754482e+01
4.679777226562500232e+02,-8.456033643309324077e+01
4.679780156250000118e+02,-7.852813012788014646e+01
4.679783085937500005e+02,-7.660146527530828564e+01
4.679786015624999891e+02,-7.812428760466055166e+01
4.679788945312500346e+02,-8.515048892344933051e+01
4.679791875000000232e+02,-7.790454153165572393e+01
4.679794804687500118e+02,-8.697006767451685505e+01
4.679797734375000005e+02,-8.713422722700998690e+01
4.679800664062499891e+02,-8.161151350842588670e+01
4.679803593750000346e+02,-8.500420407104998333e+01
4.679806523437500232e+02,-8.723921807508274640e+01
4.679809453125000118e+02,-7.829977931867867369e+01
4.679812382812500005e+02,-7.735730073173074572e+01
4.679815312499999891e+02,-9.148502952473867822e+01
4.679818242187500346e+02,-8.688052727639374950e+01
4.679821171875000232e+02,-8.502437992722053650e+01
4.679824101562500118e+02,-7.988163040275418325e+01
4.679827031250000005e+02,-7.588294967150959280e+01
4.679829960937499891e+02,-7.746271559173516152e+01
4.679832890625000346e+02,-8.054938663808066224e+01
4.679835820312500232e+02,-7.944431646739921860e+01
4.679838750000000118e+02,-7.602753893717637368e+01
4.679841679687500005e+02,-8.514694779200300445e+01
4.679844609374999891e+02,-8.292686887276573771e+01
4.679847539062500346e+02,-7.860035442338757150e+01
4.679850468750000232e+02,-7.831825984389612927e+01
4.679853398437500118e+02,-7.712165735679693057e+01
4.679856328125000005e+02,-8.383808411699790497e+01
4.679859257812499891e+02,-8.769139920117450515e+01
4.679862187500000346e+02,-7.604735446009502198e+01
4.679865117187500232e+02,-7.372150854240710771e+01
4.679868046875000118e+02,-7.790805358420092830e+01
4.679870976562500005e+02,-7.745162483951229149e+01
4.679873906249999891e+02,-7.713008776094228836e+01
4.679876835937500346e+02,-7.949508490753490264e+01
4.679879765625000232e+02,-8.029053116793114953e+01
4.679882695312500118e+02,-8.726391835629100058e+01
4.679885625000000005e+02,-9.346484593700782284e+01
4.679888554687499891e+02,-7.404551757604940576e+01
4.679891484375000346e+02,-7.301491868991368506e+01
4.679894414062500232e+02,-7.418651298576665454e+01
4.679897343750000118e+02,-7.315683981625193155e+01
4.679900273437500005e+02,-7.934613489089844052e+01
4.679903203124999891e+02,-8.168924865476533625e+01
4.679906132812500346e+02,-8.412212344370198025e+01
4.679909062500000232e+02,-8.162178212383346931e+01
4.679911992187500118e+02,-8.002502748730263704e+01
4.679914921875000005e+02,-7.221734468968233500e+01
4.679917851562499891e+02,-7.274612001310396181e+01
4.679920781250000346e+02,-7.538651597352662748e+01
4.679923710937500232e+02,-7.901451231277543741e+01
4.679926640625000118e+02,-1.041412040032475943e+02
4.679929570312500005e+02,-8.793469884686594185e+01
4.679932499999999891e+02,-8.101713896635502010e+01
4.679935429687500346e+02,-7.938093281659470790e+01
4.679938359375000232e+02,-7.910164643895058134e+01
4.679941289062500118e+02,-7.664642421998910038e+01
4.679944218750000005e+02,-7.495368342659524785e+01
4.679947148437499891e+02,-7.387842255809900394e+01
4.679950078125000346e+02,-8.595742324068532980e+01
4.679953007812500232e+02,-8.340785141540021641e+01
4.679955937500000118e+02,-9.000266391570764313e+01
4.679958867187500005e+02,-8.497750006437948400e+01
4.679961796874999891e+02,-8.033472399271533959e+01
4.679964726562500346e+02,-8.135090622211663458e+01
4.679967656250000232e+02,-8.491655556606858113e+01
4.679970585937500118e+02,-7.455954553532654927e+01
4.679973515625000005e+02,-7.416638409942412125e+01
4.679976445312499891e+02,-9.131198009132191373e+01
4.679979375000000346e+02,-8.418898480135707985e+01
4.679982304687500232e+02,-8.277691815596176639e+01
4.679985234375000118e+02,-8.923357127693245161e+01
4.679988164062500005e+02,-7.978685170591572273e+01
4.679991093749999891e+02,-8.580376190793145952e+01
4.679994023437500346e+02,-8.876120202672760229e+01
4.679996953125000232e+02,-7.476957549917304391e+01
4.679999882812500118e+02,-7.682254622864265059e+01
4.680002812500000005e+02,-7.990709177958896703e+01
4.680005742187499891e+02,-8.408011854866890644e+01
4.680008671875000346e+02,-7.899758314211042887e+01
4.680011601562500232e+02,-8.128609710057595805e+01
4.680014531250000118e+02,-8.042601513181337225e+01
4.680017460937500005e+02,-8.207446412071195141e+01
4.680020390624999891e+02,-8.065392357545675850e+01
4.680023320312500346e+02,-7.527438834606989815e+01
4.680026250000000232e+02,-8.047877747077873778e+01
4.680029179687500118e+02,-8.011960847648649064e+01
4.680032109375000005e+02,-7.667064473118053058e+01
4.680035039062499891e+02,-7.849729885600731905e+01
4.680037968750000346e+02,-8.088691673851661790e+01
4.680040898437500232e+02,-8.264435225165185273e+01
4.680043828125000118e+02,-8.332099402961402745e+01
4.680046757812500005e+02,-9.455836670504980646e+01
4.680049687499999891e+02,-7.943174852656746054e+01
4.680052617187500346e+02,-7.968588842391105231e+01
4.680055546875000232e+02,-7.491413710350768440e+01
4.680058476562500118e+02,-7.874832828593912382e+01
4.680061406250000005e+02,-8.950122774350064958e+01
4.680064335937499891e+02,-8.400480959251582647e+01
4.680067265625000346e+02,-8.087245149066275474e+01
4.680070195312500232e+02,-8.295384014204763901e+01
4.680073125000000118e+02,-8.994747414937509689e+01
4.680076054687500005e+02,-7.733268029757009288e+01
4.680078984374999891e+02,-7.438036554439035797e+01
4.680081914062500346e+02,-7.432546503135702665e+01
4.680084843750000232e+02,-9.339571994990930648e+01
4.680087773437500118e+02,-8.245727395550193251e+01
4.680090703125000005e+02,-9.113045037558941885e+01
4.680093632812499891e+02,-8.703211658353012581e+01
4.680096562500000346e+02,-8.696485521518296480e+01
4.680099492187500232e+02,-7.936157101101211708e+01
4.680102421875000118e+02,-7.257386733173026983e+01
4.680105351562500005e+02,-7.340839169830870503e+01
4.680108281249999891e+02,-7.701568071691953321e+01
4.680111210937500346e+02,-8.157677336951792313e+01
4.680114140625000232e+02,-8.565047628865166018e+01
4.680117070312500118e+02,-7.922746959843070158e+01
4.680120000000000005e+02,-7.988006753661265691e+01
4.680122929687499891e+02,-8.609273086223092264e+01
4.680125859375000346e+02,-7.535140512060047513e+01
4.680128789062500232e+02,-7.516306269506101501e+01
4.680131718750000118e+02,-7.678912005155788734e+01
4.680134648437500005e+02,-8.566445186709944437e+01
4.680137578124999891e+02,-8.083170895220389696e+01
4.680140507812500346e+02,-8.243533854453858112e+01
4.680143437500000232e+02,-8.607470403132332137e+01
4.680146367187500118e+02,-8.367175213704827286e+01
4.680149296875000005e+02,-8.425430517440926792e+01
4.680152226562499891e+02,-7.732859315426127012e+01
4.680155156250000346e+02,-8.276506401428451909e+01
4.680158085937500232e+02,-8.133692696969104929e+01
4.680161015625000118e+02,-7.731221518002266180e+01
4.680163945312500005e+02,-8.506728409397487667e+01
4.680166874999999891e+02,-8.502052272476450412e+01
4.680169804687500346e+02,-8.443501696790137601e+01
4.680172734375000232e+02,-8.774754470212621982e+01
4.680175664062500118e+02,-8.090693345841148698e+01
4.680178593750000005e+02,-8.903680499757936673e+01
4.680181523437499891e+02,-8.158105664892759989e+01
4.680184453125000346e+02,-7.459043860623027911e+01
4.680187382812500232e+02,-7.244299518222385359e+01
4.680190312500000118e+02,-7.661914777766124018e+01
4.680193242187500005e+02,-8.381204479638884663e+01
4.680196171874999891e+02,-8.479656850414119162e+01
4.680199101562500346e+02,-8.572036187977806776e+01
4.680202031250000232e+02,-8.163432782974223301e+01
4.680204960937500118e+02,-8.232729527754598564e+01
4.680207890625000005e+02,-7.604073205345659403e+01
4.680210820312499891e+02,-7.342026869742829831e+01
4.680213750000000346e+02,-7.460498609191921560e+01
4.680216679687500232e+02,-7.526666123625128080e+01
4.680219609375000118e+02,-7.956057182452015297e+01
4.680222539062500005e+02,-8.570088846722461540e+01
4.680225468749999891e+02,-8.367127395670041778e+01
4.680228398437500346e+02,-8.903049658282358791e+01
4.680231328125000232e+02,-8.097756554498923265e+01
4.680234257812500118e+02,-7.782011498693583462e+01
4.680237187500000005e+02,-7.744671200050026982e+01
4.680240117187499891e+02,-7.918094901291692622e+01
4.680243046875000346e+02,-7.757431099803680752e+01
4.680245976562500232e+02,-7.805859554657341448e+01
4.680248906250000118e+02,-8.178948601445158317e+01
4.680251835937500005e+02,-9.864138351384707448e+01
4.680254765624999891e+02,-9.540129672338375144e+01
4.680257695312500346e+02,-9.063005943677211462e+01
4.680260625000000232e+02,-7.889489846237543702e+01
4.680263554687500118e+02,-7.742883136342305761e+01
4.680266484375000005e+02,-8.385269151808225274e+01
4.680269414062499891e+02,-8.111958602790748785e+01
4.680272343750000346e+02,-7.906535176039990631e+01
4.680275273437500232e+02,-7.867570966134343280e+01
4.680278203125000118e+02,-8.363243012392257469e+01
4.680281132812500005e+02,-8.527251083603928805e+01
4.680284062499999891e+02,-7.548397275408633789e+01
4.680286992187500346e+02,-7.228178240741247862e+01
4.680289921875000232e+02,-7.324400993488072231e+01
4.680292851562500118e+02,-8.161849392218057631e+01
4.680295781250000005e+02,-8.585132035848019427e+01
4.680298710937499891e+02,-8.264703952155070965e+01
4.680301640625000346e+02,-7.802601949566624739e+01
4.680304570312500232e+02,-7.921451325432110480e+01
4.680307500000000118e+02,-7.749519010740145575e+01
4.680310429687500005e+02,-7.303879362206608050e+01
4.680313359374999891e+02,-7.047803500145086275e+01
4.680316289062500346e+02,-7.244472693389683116e+01
4.680319218750000232e+02,-7.904917687569941620e+01
4.680322148437500118e+02,-8.165186499909913209e+01
4.680325078125000005e+02,-8.535916421388428432e+01
4.680328007812499891e+02,-7.818504868347775982e+01
4.680330937500000346e+02,-7.454793179519630542e+01
4.680333867187500232e+02,-7.481861250383195738e+01
4.680336796875000118e+02,-7.505289387358709519e+01
4.680339726562500005e+02,-7.268033564071272679e+01
4.680342656249999891e+02,-7.328110109204190792e+01
4.680345585937500346e+02,-7.846617837641919380e+01
4.680348515625000232e+02,-8.171757439712870053e+01
4.680351445312500118e+02,-8.705348653943198656e+01
4.680354375000000005e+02,-7.959462647642060062e+01
4.680357304687499891e+02,-7.363768516102337003e+01
4.680360234375000346e+02,-7.544031060937109601e+01
4.680363164062500232e+02,-7.748376690527173594e+01
4.680366093750000118e+02,-7.570919866753331462e+01
4.680369023437500005e+02,-7.894729347511515982e+01
4.680371953124999891e+02,-8.310990068208323578e+01
4.680374882812500346e+02,-8.611884298947416028e+01
4.680377812500000232e+02,-8.621694825086400726e+01
4.680380742187500118e+02,-8.378534705059301757e+01
4.680383671875000005e+02,-7.550816288418707245e+01
4.680386601562499891e+02,-8.210383196281469509e+01
4.680389531250000346e+02,-8.115300645810081903e+01
4.680392460937500232e+02,-8.438066024235865825e+01
4.680395390625000118e+02,-8.276612950114683542e+01
4.680398320312500005e+02,-7.748092452421995802e+01
4.680401249999999891e+02,-8.468674193293202279e+01
4.680404179687500346e+02,-8.299972525606219165e+01
4.680407109375000232e+02,-9.003985240326828432e+01
4.680410039062500118e+02,-8.259380112122281048e+01
4.680412968750000005e+02,-8.254804432671809877e+01
4.680415898437499891e+02,-7.722127260967020845e+01
4.680418828125000346e+02,-8.059854105883326270e+01
4.680421757812500232e+02,-7.739759602446353881e+01
4.680424687500000118e+02,-7.720215179904465685e+01
4.680427617187500005e+02,-9.632661472375568223e+01
4.680430546874999891e+02,-8.813672046885633904e+01
4.680433476562500346e+02,-9.549973707855833993e+01
4.680436406250000232e+02,-8.512957358083424708e+01
4.680439335937500118e+02,-8.130850653731799582e+01
4.680442265625000005e+02,-7.672863452409454510e+01
4.680445195312499891e+02,-8.039704639451946377e+01
4.680448125000000346e+02,-7.715068853965844653e+01
4.680451054687500232e+02,-8.054692506138718500e+01
4.680453984375000118e+02,-9.232823190924891321e+01
4.680456914062500005e+02,-8.777005922010737038e+01
4.680459843749999891e+02,-8.664790346167157509e+01
4.680462773437500346e+02,-8.095069200931183673e+01
4.680465703125000232e+02,-8.021626699935588078e+01
4.680468632812500118e+02,-7.558401462472139087e+01
4.680471562500000005e+02,-8.257582515753196617e+01
4.680474492187499891e+02,-8.120120439201889440e+01
4.680477421875000346e+02,-9.316967987496256853e+01
4.680480351562500232e+02,-8.376536380938878779e+01
4.680483281250000118e+02,-8.041034950519483004e+01
4.680486210937500005e+02,-8.180216600127604920e+01
4.680489140624999891e+02,-8.249614218653805153e+01
4.680492070312500346e+02,-8.181878049982167056e+01
4.680495000000000232e+02,-8.002434790734599801e+01
4.680497929687500118e+02,-9.890474714759551489e+01
4.680500859375000005e+02,-8.550916132788884738e+01
4.680503789062499891e+02,-8.051288255227902368e+01
4.680506718750000346e+02,-7.863619226795245254e+01
4.680509648437500232e+02,-7.672384111996395006e+01
4.680512578125000118e+02,-7.886099183413412561e+01
4.680515507812500005e+02,-8.133872256593389238e+01
4.680518437499999891e+02,-8.047287196761942596e+01
4.680521367187500346e+02,-8.780381905034732881e+01
4.680524296875000232e+02,-8.857937580132929156e+01
4.680527226562500118e+02,-8.101245936455939045e+01
4.680530156250000005e+02,-7.977989555233602914e+01
4.680533085937499891e+02,-7.858186595437163646e+01
4.680536015625000346e+02,-7.628087564984949154e+01
4.680538945312500232e+02,-7.683944211080545017e+01
4.680541875000000118e+02,-8.004946675982176885e+01
4.680544804687500005e+02,-8.554088312960813312e+01
4.680547734374999891e+02,-8.940658473118220684e+01
4.680550664062500346e+02,-9.273035272563816989e+01
4.680553593750000232e+02,-8.099200933758110921e+01
4.680556523437500118e+02,-8.296591798049604449e+01
4.680559453125000005e+02,-8.227451614950675207e+01
4.680562382812499891e+02,-7.828588367570037576e+01
4.680565312500000346e+02,-7.841822407797140215e+01
4.680568242187500232e+02,-8.241900843361830198e+01
4.680571171875000118e+02,-8.893901428715339819e+01
4.680574101562500005e+02,-8.154485746596864715e+01
4.680577031249999891e+02,-8.091617008670999667e+01
4.680579960937500346e+02,-7.738593593146292449e+01
4.680582890625000232e+02,-8.227381909476208932e+01
4.680585820312500118e+02,-8.820186704431235114e+01
4.680588750000000005e+02,-8.004022791310701734e+01
4.680591679687499891e+02,-8.360973514635924175e+01
4.680594609375000346e+02,-1.000136289153986979e+02
4.680597539062500232e+02,-7.644597757684385897e+01
4.680600468750000118e+02,-7.838395269049350134e+01
4.680603398437500005e+02,-7.710353443310184218e+01
4.680606328124999891e+02,-7.523336657225526380e+01
4.680609257812500346e+02,-8.544778153279699495e+01
4.680612187500000232e+02,-7.732984904366351486e+01
4.680615117187500118e+02,-7.474823893623266713e+01
4.680618046875000005e+02,-7.979766860293298691e+01
4.680620976562499891e+02,-8.245654600859262473e+01
4.680623906250000346e+02,-7.425983327789417388e+01
4.680626835937500232e+02,-7.809887250724133878e+01
4.680629765625000118e+02,-7.556435245120086108e+01
4.680632695312500005e+02,-7.506781383297885668e+01
4.680635624999999891e+02,-8.211948555582024767e+01
4.680638554687500346e+02,-7.291757481048834677e+01
4.680641484375000232e+02,-7.382626035007722010e+01
4.680644414062500118e+02,-8.142178966621143843e+01
4.680647343750000005e+02,-7.835357419808605073e+01
4.680650273437499891e+02,-7.315080174917042655e+01
4.680653203125000346e+02,-8.260614058445401042e+01
4.680656132812500232e+02,-7.680610460907293202e+01
4.680659062500000118e+02,-7.614487940555220291e+01
4.680661992187500005e+02,-7.840876194211114125e+01
4.680664921874999891e+02,-7.388296406197687816e+01
4.680667851562500346e+02,-7.860130817615180376e+01
4.680670781250000232e+02,-9.132894907700917031e+01
4.680673710937500118e+02,-7.981829451966203237e+01
4.680676640625000005e+02,-7.733424208738276207e+01
4.680679570312499891e+02,-9.517526848942475226e+01
4.680682500000000346e+02,-7.476515762667160914e+01
4.680685429687500232e+02,-7.515996907102007185e+01
4.680688359375000118e+02,-7.938429909299019016e+01
4.680691289062500005e+02,-8.049795505352801683e+01
4.680694218749999891e+02,-9.084166716341067627e+01
4.680697148437500346e+02,-8.753473503028664027e+01
4.680700078125000232e+02,-8.321692522079302989e+01
4.680703007812500118e+02,-8.686213243003351181e+01
4.680705937500000005e+02,-8.173678940074367461e+01
4.680708867187499891e+02,-7.409932673444365037e+01
4.680711796875000346e+02,-7.917939852937739431e+01
4.680714726562500232e+02,-8.551787355937258894e+01
4.680717656250000118e+02,-8.432849333336507414e+01
4.680720585937500005e+02,-8.138973929257775808e+01
4.680723515624999891e+02,-8.387736960275482545e+01
4.680726445312500346e+02,-8.038538303108531125e+01
4.680729375000000232e+02,-7.832646911798509848e+01
4.680732304687500118e+02,-8.236725488431511621e+01
4.680735234375000005e+02,-7.837941482254984749e+01
4.680738164062499891e+02,-8.275646283177630380e+01
4.680741093750000346e+02,-9.179655647202187652e+01
4.680744023437500232e+02,-8.000388526033017911e+01
4.680746953125000118e+02,-7.990855821199947684e+01
4.680749882812500005e+02,-8.300561765697079863e+01
4.680752812499999891e+02,-7.669855786251055463e+01
4.680755742187500346e+02,-7.790101622186894303e+01
4.680758671875000232e+02,-9.023928230467184619e+01
4.680761601562500118e+02,-1.160271549300725979e+02
4.680764531250000005e+02,-9.314354416357173250e+01
4.680767460937499891e+02,-8.538638268281344779e+01
4.680770390625000346e+02,-8.108856477047716282e+01
4.680773320312500232e+02,-7.854799023472662611e+01
4.680776250000000118e+02,-7.768523979261603074e+01
4.680779179687500005e+02,-7.697507997355859288e+01
4.680782109374999891e+02,-7.955778910598999687e+01
4.680785039062500346e+02,-7.989327164101312917e+01
4.680787968750000232e+02,-8.127626520158257506e+01
4.680790898437500118e+02,-9.789617230983344598e+01
4.680793828125000005e+02,-8.887596093769300865e+01
4.680796757812499891e+02,-8.389787387674780916e+01
4.680799687500000346e+02,-8.085938773131834978e+01
4.680802617187500232e+02,-8.024096426884084110e+01
4.680805546875000118e+02,-8.172177776564355156e+01
4.680808476562500005e+02,-8.541865239691638578e+01
4.680811406249999891e+02,-7.405688215527004559e+01
4.680814335937500346e+02,-7.606462432945977525e+01
4.680817265625000232e+02,-8.562695070860534940e+01
4.680820195312500118e+02,-9.007912458468538830e+01
4.680823125000000005e+02,-8.294846832780686441e+01
4.680826054687499891e+02,-7.834085964116667355e+01
4.680828984375000346e+02,-7.969789508226870112e+01
4.680831914062500232e+02,-8.530102996768503942e+01
4.680834843750000118e+02,-9.328476495184729345e+01
4.680837773437500005e+02,-7.441909618873260968e+01
4.680840703124999891e+02,-7.683661485700012861e+01
4.680843632812500346e+02,-8.918446769448065936e+01
4.680846562500000232e+02,-8.619245208600781893e+01
4.680849492187500118e+02,-8.146423388355721329e+01
4.680852421875000005e+02,-8.001080704234655627e+01
4.680855351562499891e+02,-8.302011632743125347e+01
4.680858281250000346e+02,-7.997916503029057367e+01
4.680861210937500232e+02,-8.997769994643832092e+01
4.680864140625000118e+02,-7.817795737226721542e+01
4.680867070312500005e+02,-7.946451216023639574e+01
4.680869999999999891e+02,-1.095074401675508966e+02
4.680872929687500346e+02,-8.385059544198213644e+01
4.680875859375000232e+02,-8.656102821194492947e+01
4.680878789062500118e+02,-8.843682622575283858e+01
4.680881718750000005e+02,-8.230438224632445099e+01
4.680884648437499891e+02,-7.805864039808979271e+01
4.680887578125000346e+02,-8.251951732708916154e+01
4.680890507812500232e+02,-8.129136915674244790e+01
4.680893437500000118e+02,-8.324722394530736835e+01
4.680896367187500005e+02,-8.692542216416468648e+01
4.680899296874999891e+02,-8.807082089503636269e+01
4.680902226562500346e+02,-8.646359725170634647e+01
4.680905156250000232e+02,-7.967767100129772473e+01
4.680908085937500118e+02,-7.828356330641531713e+01
4.680911015625000005e+02,-7.621930746226109932e+01
4.680913945312499891e+02,-7.932794747472051711e+01
4.680916875000000346e+02,-9.441914254003307860e+01
4.680919804687500232e+02,-8.194775420064686955e+01
4.680922734375000118e+02,-8.406662808342566962e+01
4.680925664062500005e+02,-8.762889258365859746e+01
4.680928593749999891e+02,-7.789395709489851072e+01
4.680931523437500346e+02,-7.812904573008663078e+01
4.680934453125000232e+02,-8.456896879247103982e+01
4.680937382812500118e+02,-7.966251673123649368e+01
4.680940312500000005e+02,-7.993951871047255509e+01
4.680943242187499891e+02,-8.137363992136582169e+01
4.680946171875000346e+02,-8.199480878371178960e+01
4.680949101562500232e+02,-8.490196078324996165e+01
4.680952031250000118e+02,-8.751252931101674903e+01
4.680954960937500005e+02,-7.573212084643752462e+01
4.680957890624999891e+02,-7.807718370616291281e+01
4.680960820312500346e+02,-8.574727960646086444e+01
4.680963750000000232e+02,-8.213139742755238615e+01
4.680966679687500118e+02,-7.754204763706735548e+01
4.680969609375000005e+02,-8.001718967433495777e+01
4.680972539062499891e+02,-8.110434874290598373e+01
4.680975468750000346e+02,-8.078714583402805260e+01
4.680978398437500232e+02,-8.945936033424254674e+01
4.680981328125000118e+02,-7.769278456332584426e+01
4.680984257812500005e+02,-8.433133107272607276e+01
4.680987187499999891e+02,-8.200750076246337983e+01
4.680990117187500346e+02,-7.410804433492414489e+01
4.680993046875000232e+02,-7.303612010272499333e+01
4.680995976562500118e+02,-7.825819868709250215e+01
4.680998906250000005e+02,-7.882477201859654770e+01
4.681001835937499891e+02,-7.965329733342541374e+01
4.681004765625000346e+02,-8.362500227716745371e+01
4.681007695312500232e+02,-7.998030019911314525e+01
4.681010625000000118e+02,-8.133858733237877914e+01
4.681013554687500005e+02,-7.574519240173951573e+01
4.681016484374999891e+02,-7.038945900030893199e+01
4.681019414062500346e+02,-7.282951603486132797e+01
4.681022343750000232e+02,-8.224316655072458104e+01
4.681025273437500118e+02,-7.814482695045140304e+01
4.681028203125000005e+02,-7.884423573746805403e+01
4.681031132812499891e+02,-8.403129019558133450e+01
4.681034062500000346e+02,-8.613763417419933432e+01
4.681036992187500232e+02,-8.104674442603686657e+01
4.681039921875000118e+02,-7.393978540541384348e+01
4.681042851562500005e+02,-7.006224443721879425e+01
4.681045781249999891e+02,-7.592956083946749857e+01
4.681048710937500346e+02,-7.948916113978084752e+01
4.681051640625000232e+02,-8.077435987687009344e+01
4.681054570312500118e+02,-8.266806777460260491e+01
4.681057500000000005e+02,-8.395800162400995248e+01
4.681060429687499891e+02,-8.501501679552359292e+01
4.681063359375000346e+02,-8.037506456884420913e+01
4.681066289062500232e+02,-7.566346455114049263e+01
4.681069218750000118e+02,-7.148196568407753659e+01
4.681072148437500005e+02,-8.316792081790862312e+01
4.681075078124999891e+02,-7.632110718178179809e+01
4.681078007812500346e+02,-8.579029246538992481e+01
4.681080937500000232e+02,-9.022241595459169616e+01
4.681083867187500118e+02,-8.358816382258186195e+01
4.681086796875000005e+02,-8.024900708445321129e+01
4.681089726562499891e+02,-8.174981125554765526e+01
4.681092656250000346e+02,-8.095447736315490772e+01
4.681095585937500232e+02,-7.713501709231620396e+01
4.681098515625000118e+02,-7.810152132746358689e+01
4.681101445312500005e+02,-7.383308606340033009e+01
4.681104374999999891e+02,-7.936649664622669320e+01
4.681107304687500346e+02,-8.079755554201157963e+01
4.681110234375000232e+02,-8.379346898244037334e+01
4.681113164062500118e+02,-8.026690618577254099e+01
4.681116093750000005e+02,-8.768556209723897155e+01
4.681119023437499891e+02,-8.689287690311566337e+01
4.681121953125000346e+02,-8.588122934917930706e+01
4.681124882812500232e+02,-7.485491293819191583e+01
4.681127812500000118e+02,-7.531155646559192007e+01
4.681130742187500005e+02,-7.777573242619554605e+01
4.681133671874999891e+02,-7.901753102692333641e+01
4.681136601562500346e+02,-8.200761648050504959e+01
4.681139531250000232e+02,-8.245691730593205193e+01
4.681142460937500118e+02,-1.093235688148241280e+02
4.681145390625000005e+02,-8.471073722245081683e+01
4.681148320312499891e+02,-9.820705062466018376e+01
4.681151250000000346e+02,-7.713369351213769676e+01
4.681154179687500232e+02,-7.872733004146446945e+01
4.681157109375000118e+02,-7.801505675454022537e+01
4.681160039062500005e+02,-7.880534147130777001e+01
4.681162968749999891e+02,-8.259956967953301898e+01
4.681165898437500346e+02,-8.519977140505908153e+01
4.681168828125000232e+02,-8.588782500513619311e+01
4.681171757812500118e+02,-8.369103474378535168e+01
4.681174687500000005e+02,-8.837253746283414557e+01
4.681177617187499891e+02,-8.389790685987675545e+01
4.681180546875000346e+02,-8.725526056736208602e+01
4.681183476562500232e+02,-8.116055712613386675e+01
4.681186406250000118e+02,-8.684337799472821473e+01
4.681189335937500005e+02,-9.113028554373403267e+01
4.681192265624999891e+02,-7.916531963116230486e+01
4.681195195312500346e+02,-7.951795506343829345e+01
4.681198125000000232e+02,-8.385096107742563731e+01
4.681201054687500118e+02,-8.119410583429754524e+01
4.681203984375000005e+02,-8.055297478248979814e+01
4.681206914062499891e+02,-8.120333397977255174e+01
4.681209843750000346e+02,-8.234324672115531030e+01
4.681212773437500232e+02,-8.723330165771047007e+01
4.681215703125000118e+02,-8.468265492169997799e+01
4.681218632812500005e+02,-7.445865581208651918e+01
4.681221562499999891e+02,-7.652507238937724310e+01
4.681224492187500346e+02,-8.131143826793943674e+01
4.681227421875000232e+02,-8.053487084800349294e+01
4.681230351562500118e+02,-7.876996539129105201e+01
4.681233281250000005e+02,-7.876487516466325189e+01
4.681236210937499891e+02,-7.688361240590430157e+01
4.681239140625000346e+02,-7.615805295758909210e+01
4.681242070312500232e+02,-8.027735408301225561e+01
4.681245000000000118e+02,-7.406207353084795386e+01
4.681247929687500005e+02,-7.734932020870873259e+01
4.681250859374999891e+02,-8.211268050476412839e+01
4.681253789062500346e+02,-8.053960223718215161e+01
4.681256718750000232e+02,-7.680377968879072625e+01
4.681259648437500118e+02,-7.659888082153452160e+01
4.681262578125000005e+02,-7.306636056350832575e+01
4.681265507812499891e+02,-7.370823321034123410e+01
4.681268437500000346e+02,-7.924905978155149455e+01
4.681271367187500232e+02,-7.885275883064605296e+01
4.681274296875000118e+02,-8.041448594046492815e+01
4.681277226562500005e+02,-8.048368459022142929e+01
4.681280156249999891e+02,-8.110290110983468992e+01
4.681283085937500346e+02,-7.896321050529620322e+01
4.681286015625000232e+02,-7.796276946243089867e+01
4.681288945312500118e+02,-7.388280317313440548e+01
4.681291875000000005e+02,-7.402394934445725028e+01
4.681294804687499891e+02,-7.473765127078367243e+01
4.681297734375000346e+02,-8.058070283076580154e+01
4.681300664062500232e+02,-8.104683270286683694e+01
4.681303593750000118e+02,-7.736601776138061837e+01
4.681306523437500005e+02,-7.975500339842798780e+01
4.681309453124999891e+02,-8.229483506296415385e+01
4.681312382812500346e+02,-8.018308358907151501e+01
4.681315312500000232e+02,-7.624463565229456208e+01
4.681318242187500118e+02,-7.432228366123399610e+01
4.681321171875000005e+02,-7.242776207967432356e+01
4.681324101562499891e+02,-7.482705397531884728e+01
4.681327031250000346e+02,-7.898945303433139031e+01
4.681329960937500232e+02,-7.820550861323907554e+01
4.681332890625000118e+02,-8.204989576231250226e+01
4.681335820312500005e+02,-8.842360967554594708e+01
4.681338749999999891e+02,-8.916603571069414613e+01
4.681341679687500346e+02,-7.999388137978054658e+01
4.681344609375000232e+02,-7.658285533004564627e+01
4.681347539062500118e+02,-7.219041087307408588e+01
4.681350468750000005e+02,-7.302644257399502692e+01
4.681353398437499891e+02,-7.502326987646856082e+01
4.681356328125000346e+02,-7.996539545824865058e+01
4.681359257812500232e+02,-8.450904981559595797e+01
4.681362187500000118e+02,-1.095178160132264793e+02
4.681365117187500005e+02,-9.158060056726898779e+01
4.681368046874999891e+02,-8.118604637413130831e+01
4.681370976562500346e+02,-8.339576867222683632e+01
4.681373906250000232e+02,-7.438118366171322293e+01
4.681376835937500118e+02,-7.476237048405468499e+01
4.681379765625000005e+02,-7.573915848562418773e+01
4.681382695312499891e+02,-8.380895135438223065e+01
4.681385625000000346e+02,-8.391715069933101745e+01
4.681388554687500232e+02,-8.657139591978919668e+01
4.681391484375000118e+02,-8.151525387887213014e+01
4.681394414062500005e+02,-8.252928752091389697e+01
4.681397343749999891e+02,-7.995469201072810961e+01
4.681400273437500346e+02,-7.642277831246032349e+01
4.681403203125000232e+02,-7.602908232055071380e+01
4.681406132812500118e+02,-7.456800098405730637e+01
4.681409062500000005e+02,-7.684548513716005402e+01
4.681411992187499891e+02,-8.199421614518772117e+01
4.681414921875000346e+02,-8.315093682871889769e+01
4.681417851562500232e+02,-7.913953434366545991e+01
4.681420781250000118e+02,-8.207461816972178781e+01
4.681423710937500005e+02,-7.553921816006734957e+01
4.681426640624999891e+02,-7.335863231244405824e+01
4.681429570312500346e+02,-7.735095588320464799e+01
4.681432500000000232e+02,-7.829738392608601316e+01
4.681435429687500118e+02,-7.599435346193760665e+01
4.681438359375000005e+02,-8.025697309493173748e+01
4.681441289062499891e+02,-8.899289434911410979e+01
4.681444218750000346e+02,-7.707822539476451595e+01
4.681447148437500232e+02,-7.660715527356173027e+01
4.681450078125000118e+02,-7.477439993398132856e+01
4.681453007812500005e+02,-7.393859211890105598e+01
4.681455937499999891e+02,-7.832394337043690768e+01
4.681458867187500346e+02,-9.232211723617182031e+01
4.681461796875000232e+02,-7.951057776539029476e+01
4.681464726562500118e+02,-8.109919511035843698e+01
4.681467656250000005e+02,-9.064481372651596303e+01
4.681470585937499891e+02,-7.682313109026441111e+01
4.681473515625000346e+02,-7.490289630758186945e+01
4.681476445312500232e+02,-7.546370891251834223e+01
4.681479375000000118e+02,-7.672660151205447221e+01
4.681482304687500005e+02,-8.451413587824904994e+01
4.681485234374999891e+02,-8.099794360638546209e+01
4.681488164062500346e+02,-8.219832531057390668e+01
4.681491093750000232e+02,-8.788866488582732472e+01
4.681494023437500118e+02,-8.435841103220212744e+01
4.681496953125000005e+02,-7.763186466829920107e+01
4.681499882812499891e+02,-7.985439467059916296e+01
4.681502812500000346e+02,-7.800365366727012884e+01
4.681505742187500232e+02,-7.804122211483665694e+01
4.681508671875000118e+02,-8.293437160146339693e+01
4.681511601562500005e+02,-7.384065904410601888e+01
4.681514531249999891e+02,-8.045223032398631346e+01
4.681517460937500346e+02,-8.423392708105401994e+01
4.681520390625000232e+02,-8.162986216998424993e+01
4.681523320312500118e+02,-8.547563628136535385e+01
4.681526250000000005e+02,-8.464325189754143253e+01
4.681529179687499891e+02,-7.738735790406180115e+01
4.681532109375000346e+02,-7.545915077497319601e+01
4.681535039062500232e+02,-8.004078153106951277e+01
4.681537968750000118e+02,-7.204349910024515680e+01
4.681540898437500005e+02,-7.597789579959794537e+01
4.681543828124999891e+02,-7.968135156419282339e+01
4.681546757812500346e+02,-8.604037340881700402e+01
4.681549687500000232e+02,-8.104925523373088936e+01
4.681552617187500118e+02,-8.053840650843298477e+01
4.681555546875000005e+02,-7.943367383452229546e+01
4.681558476562499891e+02,-7.551713722329576228e+01
4.681561406250000346e+02,-8.374615218943208106e+01
4.681564335937500232e+02,-7.505910012679112242e+01
4.681567265625000118e+02,-7.848664695385366485e+01
4.681570195312500005e+02,-7.976480612384986557e+01
4.681573124999999891e+02,-9.245313814825534848e+01
4.681576054687500346e+02,-8.095708019178330517e+01
4.681578984375000232e+02,-8.209283171380099020e+01
4.681581914062500118e+02,-8.687906980422266656e+01
4.681584843750000005e+02,-8.314248850149716930e+01
4.681587773437499891e+02,-8.462224408539553622e+01
4.681590703125000346e+02,-7.888299146097614312e+01
4.681593632812500232e+02,-8.326557460477589245e+01
4.681596562500000118e+02,-8.605529011142684226e+01
4.681599492187500005e+02,-9.541201705344805362e+01
4.681602421874999891e+02,-8.486792294299655737e+01
4.681605351562500346e+02,-8.285637757319106811e+01
4.681608281250000232e+02,-8.431782751154031530e+01
4.681611210937500118e+02,-8.437445457684538042e+01
4.681614140625000005e+02,-8.874612611382184468e+01
4.681617070312499891e+02,-8.588208790644735302e+01
4.681620000000000346e+02,-8.641371575187180554e+01
4.681622929687500232e+02,-8.612914997541169271e+01
4.681625859375000118e+02,-1.064026836118913053e+02
4.681628789062500005e+02,-8.253547182695415074e+01
4.681631718749999891e+02,-8.121990727214819117e+01
4.681634648437500346e+02,-8.110409297669038153e+01
4.681637578125000232e+02,-8.277582811115264860e+01
4.681640507812500118e+02,-9.014653897518729764e+01
4.681643437500000005e+02,-8.026990247352233609e+01
4.681646367187499891e+02,-7.470016140261451199e+01
4.681649296875000346e+02,-7.910004500922741499e+01
4.681652226562500232e+02,-8.852327814502466197e+01
4.681655156250000118e+02,-7.953491933060520580e+01
4.681658085937500005e+02,-7.698673314326921968e+01
4.681661015624999891e+02,-8.100671895235859665e+01
4.681663945312500346e+02,-9.904325135118136814e+01
4.681666875000000232e+02,-8.442361008586333071e+01
4.681669804687500118e+02,-8.074561433289993317e+01
4.681672734375000005e+02,-7.419636695078688149e+01
4.681675664062499891e+02,-7.802495250135172000e+01
4.681678593750000346e+02,-8.769612731701900543e+01
4.681681523437500232e+02,-8.317110271109325481e+01
4.681684453125000118e+02,-7.804572102944304390e+01
4.681687382812500005e+02,-8.428749897641985456e+01
4.681690312499999891e+02,-9.091072908713960032e+01
4.681693242187500346e+02,-8.081036990027321565e+01
4.681696171875000232e+02,-8.353654029195806174e+01
4.681699101562500118e+02,-7.657962920018039199e+01
4.681702031250000005e+02,-8.085734507501953772e+01
4.681704960937499891e+02,-8.052792914194823481e+01
4.681707890625000346e+02,-8.155143090934542727e+01
4.681710820312500232e+02,-8.682492206828997894e+01
4.681713750000000118e+02,-9.424281993792823187e+01
4.681716679687500005e+02,-8.757326650937346812e+01
4.681719609374999891e+02,-7.843730624690111597e+01
4.681722539062500346e+02,-9.050566252847900728e+01
4.681725468750000232e+02,-8.390737791424416514e+01
4.681728398437500118e+02,-7.846609578493017523e+01
4.681731328125000005e+02,-7.629134261439534725e+01
4.681734257812499891e+02,-7.686539749077495287e+01
4.681737187500000346e+02,-8.239227840618896437e+01
4.681740117187500232e+02,-9.092538813547527354e+01
4.681743046875000118e+02,-7.993766295498312502e+01
4.681745976562500005e+02,-7.690591935315768524e+01
4.681748906249999891e+02,-7.889234364846127789e+01
4.681751835937500346e+02,-7.487565661644484294e+01
4.681754765625000232e+02,-7.449138828786161071e+01
4.681757695312500118e+02,-7.496839030866991038e+01
4.681760625000000005e+02,-7.437763303722680064e+01
4.681763554687499891e+02,-7.479608448222617767e+01
4.681766484375000346e+02,-8.327634063792855557e+01
4.681769414062500232e+02,-7.746758520372657131e+01
4.681772343750000118e+02,-7.610094962090215631e+01
4.681775273437500005e+02,-7.393680808107772862e+01
4.681778203124999891e+02,-7.002518545134304873e+01
4.681781132812500346e+02,-7.353784007455172400e+01
4.681784062500000232e+02,-7.853251447652419870e+01
4.681786992187500118e+02,-7.613379607605348554e+01
4.681789921875000005e+02,-7.383265294063053830e+01
4.681792851562499891e+02,-8.343557789481621967e+01
4.681795781250000346e+02,-7.715259096108104586e+01
4.681798710937500232e+02,-7.580744249037144300e+01
4.681801640625000118e+02,-7.245428856963151532e+01
4.681804570312500005e+02,-7.017558624764023989e+01
4.681807499999999891e+02,-7.685095135693427437e+01
4.681810429687500346e+02,-8.597729981949846945e+01
4.681813359375000232e+02,-7.952973835774160705e+01
4.681816289062500118e+02,-7.431657718367939935e+01
4.681819218750000005e+02,-8.015116299648751408e+01
4.681822148437499891e+02,-8.078827278404213530e+01
4.681825078125000346e+02,-7.690464693000662066e+01
4.681828007812500232e+02,-7.343242016943200667e+01
4.681830937500000118e+02,-7.454296845567452579e+01
4.681833867187500005e+02,-8.395605421472403407e+01
4.681836796874999891e+02,-8.914171880178770380e+01
4.681839726562500346e+02,-8.362050443783195419e+01
4.681842656250000232e+02,-7.888458231635266316e+01
4.681845585937500118e+02,-8.290945638435533738e+01
4.681848515625000005e+02,-9.193170527759005495e+01
4.681851445312499891e+02,-8.291283503094811635e+01
4.681854375000000346e+02,-7.870011624810155126e+01
4.681857304687500232e+02,-8.256884682697352673e+01
4.681860234375000118e+02,-7.968426308500059463e+01
4.681863164062500005e+02,-8.954529383703474821e+01
4.681866093749999891e+02,-9.184250777772345486e+01
4.681869023437500346e+02,-8.947983711671452056e+01
4.681871953125000232e+02,-9.180964935892838241e+01
4.681874882812500118e+02,-9.413759876040145969e+01
4.681877812500000005e+02,-9.004971105639853590e+01
4.681880742187499891e+02,-9.228803016042377294e+01
4.681883671875000346e+02,-7.569250956833171529e+01
4.681886601562500232e+02,-7.538046011695051618e+01
4.681889531250000118e+02,-7.930937170947731829e+01
4.681892460937500005e+02,-8.872408986459667801e+01
4.681895390624999891e+02,-7.768198688017008635e+01
4.681898320312500346e+02,-7.797670810800559593e+01
4.681901250000000232e+02,-8.015965200646184030e+01
4.681904179687500118e+02,-9.094867691972702062e+01
4.681907109375000005e+02,-8.403910108300385673e+01
4.681910039062499891e+02,-7.637537709219004967e+01
4.681912968750000346e+02,-7.555238945554010854e+01
4.681915898437500232e+02,-7.637426859696854820e+01
4.681918828125000118e+02,-8.293819631059223241e+01
4.681921757812500005e+02,-7.407331156896512425e+01
4.681924687499999891e+02,-7.329119703360970561e+01
4.681927617187500346e+02,-7.566196516125185667e+01
4.681930546875000232e+02,-8.578903950094804998e+01
4.681933476562500118e+02,-8.487993454499505219e+01
4.681936406250000005e+02,-8.404299938238351331e+01
4.681939335937499891e+02,-7.621580377510255744e+01
4.681942265625000346e+02,-7.585902510881874150e+01
4.681945195312500232e+02,-8.485559327727489176e+01
4.681948125000000118e+02,-7.499737408978425890e+01
4.681951054687500005e+02,-7.268761099289304184e+01
4.681953984374999891e+02,-7.407131828914695859e+01
4.681956914062500346e+02,-8.422394167939158649e+01
4.681959843750000232e+02,-7.738858242788830921e+01
4.681962773437500118e+02,-8.579755429209123463e+01
4.681965703125000005e+02,-8.103842778296650806e+01
4.681968632812499891e+02,-7.926445831246485341e+01
4.681971562500000346e+02,-9.085682695447218293e+01
4.681974492187500232e+02,-7.960276944376113306e+01
4.681977421875000118e+02,-7.354734847079123483e+01
4.681980351562500005e+02,-7.377385124507428316e+01
4.681983281249999891e+02,-8.261382727315123020e+01
4.681986210937500346e+02,-7.598850960732170279e+01
4.681989140625000232e+02,-7.940512520325090406e+01
4.681992070312500118e+02,-8.200015320136004959e+01
4.681995000000000005e+02,-9.179615262020952571e+01
4.681997929687499891e+02,-7.910449735038861263e+01
4.682000859375000346e+02,-8.314688798012790016e+01
4.682003789062500232e+02,-7.883326516449263011e+01
4.682006718750000118e+02,-7.734652578254714683e+01
4.682009648437500005e+02,-9.277380693078555396e+01
4.682012578124999891e+02,-7.855637061846314850e+01
4.682015507812500346e+02,-7.780910115113597669e+01
4.682018437500000232e+02,-7.899071709284694975e+01
4.682021367187500118e+02,-8.559788313918446079e+01
4.682024296875000005e+02,-7.921334851102267294e+01
4.682027226562499891e+02,-7.868291832967702248e+01
4.682030156250000346e+02,-7.976296079278698414e+01
4.682033085937500232e+02,-8.499851571174187370e+01
4.682036015625000118e+02,-8.603796728555695950e+01
4.682038945312500005e+02,-8.618517564116480401e+01
4.682041874999999891e+02,-8.041091601051427062e+01
4.682044804687500346e+02,-8.027644215713530684e+01
4.682047734375000232e+02,-8.446452221874586996e+01
4.682050664062500118e+02,-8.594469885057802117e+01
4.682053593750000005e+02,-7.719745172606064898e+01
4.682056523437499891e+02,-7.740433849483454765e+01
4.682059453125000346e+02,-8.523879279683117716e+01
4.682062382812500232e+02,-8.209929407899964815e+01
4.682065312500000118e+02,-9.471560379722023981e+01
4.682068242187500005e+02,-8.878255294177097312e+01
4.682071171874999891e+02,-9.016565935702945467e+01
4.682074101562500346e+02,-8.087842360165451794e+01
4.682077031250000232e+02,-7.758206197211558219e+01
4.682079960937500118e+02,-7.864934561916841460e+01
4.682082890625000005e+02,-7.831753679185450778e+01
4.682085820312499891e+02,-9.261008456322559823e+01
4.682088750000000346e+02,-8.350481121906959459e+01
4.682091679687500232e+02,-8.010286879774953661e+01
4.682094609375000118e+02,-7.920856449415876455e+01
4.682097539062500005e+02,-8.155189137682641842e+01
4.682100468749999891e+02,-7.941051579843657748e+01
4.682103398437500346e+02,-7.428478456374044470e+01
4.682106328125000232e+02,-8.128663187621640418e+01
4.682109257812500118e+02,-8.706241299907198083e+01
4.682112187500000005e+02,-9.437677173319828228e+01
4.682115117187499891e+02,-8.716841156577304162e+01
4.682118046875000346e+02,-7.700730188952871913e+01
4.682120976562500232e+02,-7.749852236640188607e+01
4.682123906250000118e+02,-8.176731226899943294e+01
4.682126835937500005e+02,-7.964731355845532335e+01
4.682129765624999891e+02,-7.556868199498057947e+01
4.682132695312500346e+02,-7.857681645162814732e+01
4.682135625000000232e+02,-8.522449351884469593e+01
4.682138554687500118e+02,-9.044554030152995949e+01
4.682141484375000005e+02,-8.300641440303780882e+01
4.682144414062499891e+02,-7.975319334601240939e+01
4.682147343750000346e+02,-8.090265665016616481e+01
4.682150273437500232e+02,-7.962737546615318251e+01
4.682153203125000118e+02,-7.998419638410523191e+01
4.682156132812500005e+02,-7.922047996764624145e+01
4.682159062499999891e+02,-7.662665463418083789e+01
4.682161992187500346e+02,-8.117521828409400086e+01
4.682164921875000232e+02,-7.985377193619900993e+01
4.682167851562500118e+02,-7.883586485606302574e+01
4.682170781250000005e+02,-8.568427434067339732e+01
4.682173710937499891e+02,-8.183026563876148884e+01
4.682176640625000346e+02,-7.702394420714982459e+01
4.682179570312500232e+02,-8.225088607892017478e+01
4.682182500000000118e+02,-8.387844559821118651e+01
4.682185429687500005e+02,-8.133793202984846005e+01
4.682188359374999891e+02,-7.857966713239852652e+01
4.682191289062500346e+02,-7.498880361190670385e+01
4.682194218750000232e+02,-7.666367503063332833e+01
4.682197148437500118e+02,-8.260367237450884659e+01
4.682200078125000005e+02,-7.800254629236725634e+01
4.682203007812499891e+02,-7.639481394446949025e+01
4.682205937500000346e+02,-8.157422974624624601e+01
4.682208867187500232e+02,-8.592415599378840341e+01
4.682211796875000118e+02,-8.276829635742380731e+01
4.682214726562500005e+02,-7.546669654133546601e+01
4.682217656249999891e+02,-7.366258365331650282e+01
4.682220585937500346e+02,-7.521634069770210829e+01
4.682223515625000232e+02,-8.009592548676982915e+01
4.682226445312500118e+02,-7.776217357424742715e+01
4.682229375000000005e+02,-7.775479450985075403e+01
4.682232304687499891e+02,-7.859135193573911238e+01
4.682235234375000346e+02,-8.950246252029350558e+01
4.682238164062500232e+02,-8.165870283199492974e+01
4.682241093750000118e+02,-7.444663790156381822e+01
4.682244023437500005e+02,-7.659434648871618379e+01
4.682246953124999891e+02,-7.329521775739016221e+01
4.682249882812500346e+02,-7.772367270387846361e+01
4.682252812500000232e+02,-7.858269902846029709e+01
4.682255742187500118e+02,-8.085280796150756544e+01
4.682258671875000005e+02,-7.790391356054732341e+01
4.682261601562499891e+02,-8.618047596851616277e+01
4.682264531250000346e+02,-7.706082999284541302e+01
4.682267460937500232e+02,-7.441951175786101658e+01
4.682270390625000118e+02,-8.339491798942816558e+01
4.682273320312500005e+02,-7.480398400698805972e+01
4.682276249999999891e+02,-7.972225700301612505e+01
4.682279179687500346e+02,-8.037824935790899872e+01
4.682282109375000232e+02,-8.433447367288687246e+01
4.682285039062500118e+02,-7.790018041712875174e+01
4.682287968750000005e+02,-7.924532353346531011e+01
4.682290898437499891e+02,-7.459799494071458525e+01
4.682293828125000346e+02,-7.479267667524580077e+01
4.682296757812500232e+02,-8.420719885874881072e+01
4.682299687500000118e+02,-7.751399395423042904e+01
4.682302617187500005e+02,-7.740438632277850672e+01
4.682305546874999891e+02,-7.786846385372146528e+01
4.682308476562500346e+02,-8.636973143633825600e+01
4.682311406250000232e+02,-8.214744085102293525e+01
4.682314335937500118e+02,-8.163790984370726278e+01
4.682317265625000005e+02,-7.717491319984785036e+01
4.682320195312499891e+02,-7.842186138045525468e+01
4.682323125000000346e+02,-8.016297657048579595e+01
4.682326054687500232e+02,-7.719996513265877525e+01
4.682328984375000118e+02,-7.989783155454455255e+01
4.682331914062500005e+02,-7.871869327542773931e+01
4.682334843749999891e+02,-8.022002458424032056e+01
4.682337773437500346e+02,-9.198167316153816842e+01
4.682340703125000232e+02,-9.887296054224870545e+01
4.682343632812500118e+02,-8.760283570967061451e+01
4.682346562500000005e+02,-9.112942664452967279e+01
4.682349492187499891e+02,-7.816726131845985037e+01
4.682352421875000346e+02,-7.971709647166940726e+01
4.682355351562500232e+02,-9.841969094955474873e+01
4.682358281250000118e+02,-8.079515014000924111e+01
4.682361210937500005e+02,-7.891971330023545761e+01
4.682364140624999891e+02,-8.209626798161136207e+01
4.682367070312500346e+02,-8.294723358839650018e+01
4.682370000000000232e+02,-8.582662299776637838e+01
4.682372929687500118e+02,-8.775824780097018163e+01
4.682375859375000005e+02,-7.992396733850792145e+01
4.682378789062499891e+02,-8.743257804816070689e+01
4.682381718750000346e+02,-7.837243934584026306e+01
4.682384648437500232e+02,-7.818121220108844227e+01
4.682387578125000118e+02,-7.644655043701459363e+01
4.682390507812500005e+02,-7.573663862684765036e+01
4.682393437499999891e+02,-8.007613367559201834e+01
4.682396367187500346e+02,-8.616287859589675691e+01
4.682399296875000232e+02,-8.396836283803033041e+01
4.682402226562500118e+02,-8.491627702601151384e+01
4.682405156250000005e+02,-7.540186593598149045e+01
4.682408085937499891e+02,-7.499132113732672167e+01
4.682411015625000346e+02,-7.439806447191489269e+01
4.682413945312500232e+02,-7.328715515280298121e+01
4.682416875000000118e+02,-7.446097641477362572e+01
4.682419804687500005e+02,-8.435510953063250383e+01
4.682422734374999891e+02,-9.277314930098334855e+01
4.682425664062500346e+02,-8.125624624667608487e+01
4.682428593750000232e+02,-7.855666501020040471e+01
4.682431523437500118e+02,-7.517863069036165768e+01
4.682434453125000005e+02,-7.575017049703501471e+01
4.682437382812499891e+02,-7.230787137950906640e+01
4.682440312500000346e+02,-7.128442879814416244e+01
4.682443242187500232e+02,-7.445167654273090818e+01
4.682446171875000118e+02,-8.942131727518072637e+01
4.682449101562500005e+02,-8.464382258608981147e+01
4.682452031249999891e+02,-8.043314360854404299e+01
4.682454960937500346e+02,-8.134543318994104766e+01
4.682457890625000232e+02,-7.781923039180598778e+01
4.682460820312500118e+02,-7.816671622377053552e+01
4.682463750000000005e+02,-7.271990623013880395e+01
4.682466679687499891e+02,-7.252963806983137829e+01
4.682469609375000346e+02,-7.716338415211262713e+01
4.682472539062500232e+02,-8.564876589005608309e+01
4.682475468750000118e+02,-8.190898391938924306e+01
4.682478398437500005e+02,-7.537848908833397843e+01
4.682481328124999891e+02,-8.986729186318952145e+01
4.682484257812500346e+02,-7.686163331474016047e+01
4.682487187500000232e+02,-8.173726293352346772e+01
4.682490117187500118e+02,-7.729037706188096024e+01
4.682493046875000005e+02,-7.806679765746827115e+01
4.682495976562499891e+02,-7.797679094234027275e+01
4.682498906250000346e+02,-8.086950489632954486e+01
4.682501835937500232e+02,-8.214813878968088545e+01
4.682504765625000118e+02,-7.636830806877365774e+01
4.682507695312500005e+02,-8.440654809106682421e+01
4.682510624999999891e+02,-7.812774141852379728e+01
4.682513554687500346e+02,-8.906709283846660696e+01
4.682516484375000232e+02,-9.457415952244750201e+01
4.682519414062500118e+02,-7.893149341917016670e+01
4.682522343750000005e+02,-7.733619040949585610e+01
4.682525273437499891e+02,-7.976568129606970103e+01
4.682528203125000346e+02,-8.417396509244593972e+01
4.682531132812500232e+02,-8.181040847372551639e+01
4.682534062500000118e+02,-8.096500704315074870e+01
4.682536992187500005e+02,-8.405742896941507070e+01
4.682539921874999891e+02,-7.854690098404839205e+01
4.682542851562500346e+02,-8.373840882806680952e+01
4.682545781250000232e+02,-7.758980736637877840e+01
4.682548710937500118e+02,-8.041671544947084271e+01
4.682551640625000005e+02,-7.959734551422998550e+01
4.682554570312499891e+02,-7.586351892232117677e+01
4.682557500000000346e+02,-7.904734837321714735e+01
4.682560429687500232e+02,-8.078688807111448966e+01
4.682563359375000118e+02,-7.491042037444698565e+01
4.682566289062500005e+02,-7.458649835382669835e+01
4.682569218749999891e+02,-8.924291348447773942e+01
4.682572148437500346e+02,-8.402962562301786420e+01
4.682575078125000232e+02,-8.165087172946334704e+01
4.682578007812500118e+02,-7.781220078252474082e+01
4.682580937500000005e+02,-7.150250652608868052e+01
4.682583867187499891e+02,-7.559285576369515525e+01
4.682586796875000346e+02,-7.592159604358936065e+01
4.682589726562500232e+02,-7.293031826437245968e+01
4.682592656250000118e+02,-7.280879469777192980e+01
4.682595585937500005e+02,-7.514291034679226300e+01
4.682598515624999891e+02,-7.923506963126284575e+01
4.682601445312500346e+02,-7.499613606082316153e+01
4.682604375000000232e+02,-7.852813348388517056e+01
4.682607304687500118e+02,-7.310684825042217483e+01
4.682610234375000005e+02,-7.456278401821562341e+01
4.682613164062499891e+02,-7.401871067033110307e+01
4.682616093750000346e+02,-7.649587075471085029e+01
4.682619023437500232e+02,-7.055254483436799262e+01
4.682621953125000118e+02,-7.136377063266149889e+01
4.682624882812500005e+02,-7.712177642808475753e+01
4.682627812499999891e+02,-7.404760641092606477e+01
4.682630742187500346e+02,-7.715086327127491472e+01
4.682633671875000232e+02,-7.724058068912481190e+01
4.682636601562500118e+02,-7.422193929584848604e+01
4.682639531250000005e+02,-7.489817878935447482e+01
4.682642460937499891e+02,-8.579254006314988601e+01
4.682645390625000346e+02,-7.066863320137622395e+01
4.682648320312500232e+02,-7.265034277861350631e+01
4.682651250000000118e+02,-8.600319604940422380e+01
4.682654179687500005e+02,-7.710220675532184487e+01
4.682657109374999891e+02,-7.267698228353746970e+01
4.682660039062500346e+02,-7.653269465579612074e+01
4.682662968750000232e+02,-7.694674011326188179e+01
4.682665898437500118e+02,-7.602422733091904661e+01
4.682668828125000005e+02,-8.637293657084164522e+01
4.682671757812499891e+02,-7.624242981880959746e+01
4.682674687500000346e+02,-7.907186239737494304e+01
4.682677617187500232e+02,-8.165679785048455130e+01
4.682680546875000118e+02,-8.049807110570955615e+01
4.682683476562500005e+02,-7.167850272927719857e+01
4.682686406249999891e+02,-7.582808326321517711e+01
4.682689335937500346e+02,-8.962784584750690442e+01
4.682692265625000232e+02,-7.851484660201796828e+01
4.682695195312500118e+02,-8.435266631388819292e+01
4.682698125000000005e+02,-8.245671121638771695e+01
4.682701054687499891e+02,-7.426128880520164444e+01
4.682703984375000346e+02,-7.535650105310590163e+01
4.682706914062500232e+02,-8.604349712855452026e+01
4.682709843750000118e+02,-7.549506579620320679e+01
4.682712773437500005e+02,-7.648275113176890727e+01
4.682715703124999891e+02,-8.213586115468470439e+01
4.682718632812500346e+02,-8.455293924044511300e+01
4.682721562500000232e+02,-8.054198515770286804e+01
4.682724492187500118e+02,-7.497911511671088647e+01
4.682727421875000005e+02,-7.417000696692262807e+01
4.682730351562499891e+02,-7.615629054489893690e+01
4.682733281250000346e+02,-8.351582973530719300e+01
4.682736210937500232e+02,-9.057708071594834109e+01
4.682739140625000118e+02,-7.776219137141650606e+01
4.682742070312500005e+02,-7.840582683656541008e+01
4.682744999999999891e+02,-9.500711040852651479e+01
4.682747929687500346e+02,-8.058668894241978364e+01
4.682750859375000232e+02,-7.493087325107893548e+01
4.682753789062500118e+02,-8.042083367617325962e+01
4.682756718750000005e+02,-8.084953105632419579e+01
4.682759648437499891e+02,-7.764873583793780654e+01
4.682762578125000346e+02,-8.478862277933514235e+01
4.682765507812500232e+02,-8.673610240498183543e+01
4.682768437500000118e+02,-8.605180086740283230e+01
4.682771367187500005e+02,-9.443897282275729310e+01
4.682774296874999891e+02,-8.261364719560796743e+01
4.682777226562500346e+02,-7.977803279579936202e+01
4.682780156250000232e+02,-8.205599008626690249e+01
4.682783085937500118e+02,-8.481664812730720371e+01
4.682786015625000005e+02,-8.082527199685273445e+01
4.682788945312499891e+02,-8.276533671095499756e+01
4.682791875000000346e+02,-7.979173479263204172e+01
4.682794804687500232e+02,-8.108367995002794260e+01
4.682797734375000118e+02,-9.418838408716838728e+01
4.682800664062500005e+02,-9.071053973580076502e+01
4.682803593749999891e+02,-8.863157366532209380e+01
4.682806523437500346e+02,-7.677689435660799688e+01
4.682809453125000232e+02,-8.084947428579717155e+01
4.682812382812500118e+02,-9.104274266272278737e+01
4.682815312500000005e+02,-7.999850067991290814e+01
4.682818242187499891e+02,-7.244439513501714600e+01
4.682821171875000346e+02,-7.441280085488385510e+01
4.682824101562500232e+02,-8.300167948016064656e+01
4.682827031250000118e+02,-8.351507397785346143e+01
4.682829960937500005e+02,-8.332023881459588210e+01
4.682832890624999891e+02,-7.734389310847552679e+01
4.682835820312500346e+02,-7.772562950001058368e+01
4.682838750000000232e+02,-7.946269970224753365e+01
4.682841679687500118e+02,-7.965060667333429478e+01
4.682844609375000005e+02,-7.099235403727442417e+01
4.682847539062499891e+02,-7.237576763907793520e+01
4.682850468750000346e+02,-7.555770260752159118e+01
4.682853398437500232e+02,-7.547190190249929742e+01
4.682856328125000118e+02,-8.499569484108261008e+01
4.682859257812500005e+02,-7.878853744034726958e+01
4.682862187499999891e+02,-7.911575664186426593e+01
4.682865117187500346e+02,-7.977578966171934383e+01
4.682868046875000232e+02,-8.358295642168307893e+01
4.682870976562500118e+02,-7.368311471004884083e+01
4.682873906250000005e+02,-7.328237775578283220e+01
4.682876835937499891e+02,-7.246848870983714619e+01
4.682879765625000346e+02,-7.346921931623425905e+01
4.682882695312500232e+02,-9.475705661579490879e+01
4.682885625000000118e+02,-8.321269186213505975e+01
4.682888554687500005e+02,-9.424933927393763611e+01
4.682891484374999891e+02,-9.267830584252428139e+01
4.682894414062500346e+02,-8.718171492666500910e+01
4.682897343750000232e+02,-7.959190622212571498e+01
4.682900273437500118e+02,-7.469359634875766574e+01
4.682903203125000005e+02,-7.294353771459987001e+01
4.682906132812499891e+02,-7.353938581895063464e+01
4.682909062500000346e+02,-8.689257923241206072e+01
4.682911992187500232e+02,-9.105998859069606510e+01
4.682914921875000118e+02,-8.541305967512954567e+01
4.682917851562500005e+02,-8.843748090147886387e+01
4.682920781249999891e+02,-8.361588121583905320e+01
4.682923710937500346e+02,-8.020948388398772977e+01
4.682926640625000232e+02,-7.543245413783797915e+01
4.682929570312500118e+02,-7.550692858451488121e+01
4.682932500000000005e+02,-7.485744620122977722e+01
4.682935429687499891e+02,-8.327097645645842761e+01
4.682938359375000346e+02,-8.625261226583427288e+01
4.682941289062500232e+02,-8.480578705255570071e+01
4.682944218750000118e+02,-8.766179753634520466e+01
4.682947148437500005e+02,-8.404457043065413302e+01
4.682950078124999891e+02,-7.418191936808257481e+01
4.682953007812500346e+02,-7.631570533061025685e+01
4.682955937500000232e+02,-7.898412717283545703e+01
4.682958867187500118e+02,-7.637589711169849238e+01
4.682961796875000005e+02,-8.369104297624150490e+01
4.682964726562499891e+02,-8.357047608707250674e+01
4.682967656250000346e+02,-8.040283041544731191e+01
4.682970585937500232e+02,-8.701824531536892948e+01
4.682973515625000118e+02,-7.900532540235984413e+01
4.682976445312500005e+02,-7.359711077027799320e+01
4.682979374999999891e+02,-7.930475049516049069e+01
4.682982304687500346e+02,-8.350728740124100113e+01
4.682985234375000232e+02,-8.040778070636253005e+01
4.682988164062500118e+02,-8.553197353558779525e+01
4.682991093750000005e+02,-7.961096035720137820e+01
4.682994023437499891e+02,-7.594878515135049213e+01
4.682996953125000346e+02,-8.386622642557387053e+01
4.682999882812500232e+02,-7.808174945082345175e+01
4.683002812500000118e+02,-7.862565284136462651e+01
4.683005742187500005e+02,-7.867983565389988598e+01
4.683008671874999891e+02,-8.129329963596086372e+01
4.683011601562500346e+02,-8.858241771536467013e+01
4.683014531250000232e+02,-8.727742091108389388e+01
4.683017460937500118e+02,-7.913046409355504807e+01
4.683020390625000005e+02,-7.501964155551466717e+01
4.683023320312499891e+02,-7.965237490030996526e+01
4.683026250000000346e+02,-8.061816371991508845e+01
4.683029179687500232e+02,-8.021649677457075711e+01
4.683032109375000118e+02,-7.657565261875882356e+01
4.683035039062500005e+02,-7.769043646613812371e+01
4.683037968749999891e+02,-9.391298835192745287e+01
4.683040898437500346e+02,-8.729668803463917470e+01
4.683043828125000232e+02,-8.314639005319030218e+01
4.683046757812500118e+02,-7.534539606368178966e+01
4.683049687500000005e+02,-7.721594824224703757e+01
4.683052617187499891e+02,-8.269498306584198133e+01
4.683055546875000346e+02,-7.696713068560941906e+01
4.683058476562500232e+02,-7.578783129328671464e+01
4.683061406250000118e+02,-7.947874605555516325e+01
4.683064335937500005e+02,-9.526152107613282283e+01
4.683067265624999891e+02,-8.217371970441682549e+01
4.683070195312500346e+02,-9.214271878587180709e+01
4.683073125000000232e+02,-7.747877286327485535e+01
4.683076054687500118e+02,-7.821632287772372649e+01
4.683078984375000005e+02,-7.811599191768905825e+01
4.683081914062499891e+02,-7.470581498058126613e+01
4.683084843750000346e+02,-7.617147745377312162e+01
4.683087773437500232e+02,-8.438760904121519957e+01
4.683090703125000118e+02,-8.685775513671470094e+01
4.683093632812500005e+02,-7.948302395026411205e+01
4.683096562499999891e+02,-9.072577174199989258e+01
4.683099492187500346e+02,-7.800552659400256061e+01
4.683102421875000232e+02,-8.556236165756843093e+01
4.683105351562500118e+02,-7.440062776148752732e+01
4.683108281250000005e+02,-7.331380436532069211e+01
4.683111210937499891e+02,-7.942101218114240169e+01
4.683114140625000346e+02,-9.041319999251277295e+01
4.683117070312500232e+02,-7.834400638995970212e+01
4.683120000000000118e+02,-7.826062236398969674e+01
4.683122929687500005e+02,-8.754595952262526737e+01
4.683125859374999891e+02,-7.989294183932747728e+01
4.683128789062500346e+02,-8.675308000783785189e+01
4.683131718750000232e+02,-7.376484942867999450e+01
4.683134648437500118e+02,-7.545049514638638755e+01
4.683137578125000005e+02,-8.335935382037041563e+01
4.683140507812499891e+02,-8.757864651352848284e+01
4.683143437500000346e+02,-7.348078779018854334e+01
4.683146367187500232e+02,-7.880799403480108367e+01
4.683149296875000118e+02,-8.680908037966452184e+01
4.683152226562500005e+02,-8.263680413568488348e+01
4.683155156249999891e+02,-8.663495729931068468e+01
4.683158085937500346e+02,-7.976173722404892885e+01
4.683161015625000232e+02,-8.375814867500216110e+01
4.683163945312500118e+02,-7.741983007083744894e+01
4.683166875000000005e+02,-8.208834038739931316e+01
4.683169804687499891e+02,-7.442316403860237983e+01
4.683172734375000346e+02,-9.020636365064524398e+01
4.683175664062500232e+02,-8.353157117768907369e+01
4.683178593750000118e+02,-8.172486674821831798e+01
4.683181523437500005e+02,-9.222204780476917563e+01
4.683184453124999891e+02,-8.773431920070166257e+01
4.683187382812500346e+02,-7.558637793104304592e+01
4.683190312500000232e+02,-7.701072678812637662e+01
4.683193242187500118e+02,-8.279565016626584395e+01
4.683196171875000005e+02,-8.787400044509602992e+01
4.683199101562499891e+02,-8.383328852106416207e+01
4.683202031250000346e+02,-7.901959960391511117e+01
4.683204960937500232e+02,-7.917482069595092753e+01
4.683207890625000118e+02,-8.615727721367400704e+01
4.683210820312500005e+02,-7.653270572234883673e+01
4.683213749999999891e+02,-7.389798597914273159e+01
4.683216679687500346e+02,-8.338013840530656751e+01
4.683219609375000232e+02,-8.400379367212732973e+01
4.683222539062500118e+02,-7.776653776994980660e+01
4.683225468750000005e+02,-7.884558026742089965e+01
4.683228398437499891e+02,-7.745403800748309209e+01
4.683231328125000346e+02,-7.805978733369659039e+01
4.683234257812500232e+02,-8.516625921282154366e+01
4.683237187500000118e+02,-7.466504226657555421e+01
4.683240117187500005e+02,-7.634443249287416222e+01
4.683243046874999891e+02,-9.543733663381465249e+01
4.683245976562500346e+02,-7.611734292588695894e+01
4.683248906250000232e+02,-7.398592042678173186e+01
4.683251835937500118e+02,-7.865500393657954703e+01
4.683254765625000005e+02,-8.531785792943189506e+01
4.683257695312499891e+02,-8.434787002614653773e+01
4.683260625000000346e+02,-8.557775226365960464e+01
4.683263554687500232e+02,-7.714068728345029058e+01
4.683266484375000118e+02,-7.869117213468234695e+01
4.683269414062500005e+02,-7.999260016823342312e+01
4.683272343749999891e+02,-7.394191121046577564e+01
4.683275273437500346e+02,-7.782372874512135752e+01
4.683278203125000232e+02,-8.032849946026503574e+01
4.683281132812500118e+02,-8.246038426547045219e+01
4.683284062500000005e+02,-8.690477820971658218e+01
4.683286992187499891e+02,-8.590008540704565121e+01
4.683289921875000346e+02,-7.959670567997717683e+01
4.683292851562500232e+02,-7.736640115952066310e+01
4.683295781250000118e+02,-7.549271112911337411e+01
4.683298710937500005e+02,-7.549952634860665057e+01
4.683301640624999891e+02,-8.501599605920961267e+01
4.683304570312500346e+02,-8.017837982167557698e+01
4.683307500000000232e+02,-7.472213651651631494e+01
4.683310429687500118e+02,-7.722897861866540836e+01
4.683313359375000005e+02,-8.040368218355854424e+01
4.683316289062499891e+02,-7.932557151018988861e+01
4.683319218750000346e+02,-7.695463739902427847e+01
4.683322148437500232e+02,-7.390004205132993320e+01
4.683325078125000118e+02,-7.940461150551800529e+01
4.683328007812500005e+02,-7.757689210997199325e+01
4.683330937499999891e+02,-8.054384646897341327e+01
4.683333867187500346e+02,-7.331879876149328368e+01
4.683336796875000232e+02,-7.394014274816458965e+01
4.683339726562500118e+02,-7.524718059646771451e+01
4.683342656250000005e+02,-7.785179812891080076e+01
4.683345585937499891e+02,-7.555028187387694061e+01
4.683348515625000346e+02,-7.694246417625103618e+01
4.683351445312500232e+02,-8.087102951085638836e+01
4.683354375000000118e+02,-7.505484638158790744e+01
4.683357304687500005e+02,-8.102576705401295953e+01
4.683360234374999891e+02,-7.274609906040491580e+01
4.683363164062500346e+02,-7.348201350526194631e+01
4.683366093750000232e+02,-7.311376407505409247e+01
4.683369023437500118e+02,-7.831854557699527675e+01
4.683371953125000005e+02,-7.658255650751927135e+01
4.683374882812499891e+02,-7.928599135447724677e+01
4.683377812500000346e+02,-8.516989346341841838e+01
4.683380742187500232e+02,-7.675097127102836225e+01
4.683383671875000118e+02,-9.098924520688271400e+01
4.683386601562500005e+02,-7.561246974854174141e+01
4.683389531249999891e+02,-7.646460288566997576e+01
4.683392460937500346e+02,-7.334345083833868273e+01
4.683395390625000232e+02,-7.954182293662094594e+01
4.683398320312500118e+02,-8.234734983513465068e+01
4.683401250000000005e+02,-7.543558204090135177e+01
4.683404179687499891e+02,-8.826993032902841207e+01
4.683407109375000346e+02,-7.737466330865143505e+01
4.683410039062500232e+02,-8.174645504770143134e+01
4.683412968750000118e+02,-8.034474441961931745e+01
4.683415898437500005e+02,-8.248658367225084476e+01
4.683418828124999891e+02,-7.636681415403457152e+01
4.683421757812500346e+02,-7.982080399229160150e+01
4.683424687500000232e+02,-8.206461981806850758e+01
4.683427617187500118e+02,-7.569218715787225449e+01
4.683430546875000005e+02,-8.086610080139551826e+01
4.683433476562499891e+02,-7.662413582432695591e+01
4.683436406250000346e+02,-7.502899617039697944e+01
4.683439335937500232e+02,-7.867206879293435406e+01
4.683442265625000118e+02,-9.628965135390220098e+01
4.683445195312500005e+02,-8.404085798505784055e+01
4.683448124999999891e+02,-7.699870280747953188e+01
4.683451054687500346e+02,-7.981338503904268578e+01
4.683453984375000232e+02,-8.221357727360869205e+01
4.683456914062500118e+02,-7.962220723857149096e+01
4.683459843750000005e+02,-7.680649967941830880e+01
4.683462773437499891e+02,-7.511498259312445214e+01
4.683465703125000346e+02,-7.936737540239228395e+01
4.683468632812500232e+02,-7.770841670895698883e+01
4.683471562500000118e+02,-8.242117001723443082e+01
4.683474492187500005e+02,-7.752889751725440703e+01
4.683477421874999891e+02,-7.788060746946959512e+01
4.683480351562500346e+02,-8.916923601646487896e+01
4.683483281250000232e+02,-8.403318650745941909e+01
4.683486210937500118e+02,-8.120982855765734598e+01
4.683489140625000005e+02,-7.828880680886031485e+01
4.683492070312499891e+02,-7.786509464041539275e+01
4.683495000000000346e+02,-7.449070376868641574e+01
4.683497929687500232e+02,-7.652209031680786211e+01
4.683500859375000118e+02,-7.719142896443739232e+01
4.683503789062500005e+02,-7.930149830809926925e+01
4.683506718749999891e+02,-8.348150865441624546e+01
4.683509648437500346e+02,-8.586512782970687852e+01
4.683512578125000232e+02,-8.851857909826517812e+01
4.683515507812500118e+02,-7.514934682955278333e+01
4.683518437500000005e+02,-7.488370202985632318e+01
4.683521367187499891e+02,-7.544663506401948894e+01
4.683524296875000346e+02,-7.518520332493106650e+01
4.683527226562500232e+02,-7.859565145923690466e+01
4.683530156250000118e+02,-1.106554579203949800e+02
4.683533085937500005e+02,-8.984525918220717244e+01
4.683536015624999891e+02,-8.279339935542060402e+01
4.683538945312500346e+02,-7.825065664250382724e+01
4.683541875000000232e+02,-7.288012386834769529e+01
4.683544804687500118e+02,-7.359984033954958704e+01
4.683547734375000005e+02,-7.818033531806705128e+01
4.683550664062499891e+02,-7.532589089175522190e+01
4.683553593750000346e+02,-7.601730823588603414e+01
4.683556523437500232e+02,-8.157743950601327754e+01
4.683559453125000118e+02,-8.403537504415302806e+01
4.683562382812500005e+02,-8.131921263555489077e+01
4.683565312499999891e+02,-7.666775730149444712e+01
4.683568242187500346e+02,-7.419377656206852123e+01
4.683571171875000232e+02,-7.368552886668740598e+01
4.683574101562500118e+02,-7.912980305585409724e+01
4.683577031250000005e+02,-7.858350484484262211e+01
4.683579960937499891e+02,-7.519598410278081246e+01
4.683582890625000346e+02,-7.692405348549179678e+01
4.683585820312500232e+02,-7.745612151825010017e+01
4.683588750000000118e+02,-8.084660172754473706e+01
4.683591679687500005e+02,-7.794265450451584343e+01
4.683594609374999891e+02,-7.904274324055005252e+01
4.683597539062500346e+02,-7.450096379750429776e+01
4.683600468750000232e+02,-7.895408549139850152e+01
4.683603398437500118e+02,-8.297165383417606677e+01
4.683606328125000005e+02,-7.931212703176944956e+01
4.683609257812499891e+02,-7.507998347611284373e+01
4.683612187500000346e+02,-7.580145406546859022e+01
4.683615117187500232e+02,-7.732352494162866208e+01
4.683618046875000118e+02,-7.673752016896288808e+01
4.683620976562500005e+02,-8.862766781069346678e+01
4.683623906249999891e+02,-7.857589331035147495e+01
4.683626835937500346e+02,-8.287027962665305836e+01
4.683629765625000232e+02,-7.846729859313769850e+01
4.683632695312500118e+02,-9.354923198089558412e+01
4.683635625000000005e+02,-7.491967899155068267e+01
4.683638554687499891e+02,-7.665816475656922080e+01
4.683641484375000346e+02,-7.822969811820135533e+01
4.683644414062500232e+02,-7.979271262270785314e+01
4.683647343750000118e+02,-9.089536109098547456e+01
4.683650273437500005e+02,-8.601047330481314646e+01
4.683653203124999891e+02,-7.887783826676114529e+01
4.683656132812500346e+02,-8.016927969053229219e+01
4.683659062500000232e+02,-7.784939878936458513e+01
4.683661992187500118e+02,-7.568093175932916949e+01
4.683664921875000005e+02,-8.347762546605733291e+01
4.683667851562499891e+02,-8.832563975312856996e+01
4.683670781250000346e+02,-8.793599998261244366e+01
4.683673710937500232e+02,-8.514699451461255819e+01
4.683676640625000118e+02,-8.565641403279983024e+01
4.683679570312500005e+02,-7.956705009097426284e+01
4.683682499999999891e+02,-9.116427953118382277e+01
4.683685429687500346e+02,-7.590542659315180174e+01
4.683688359375000232e+02,-7.767964379898464244e+01
4.683691289062500118e+02,-8.459583266246723099e+01
4.683694218750000005e+02,-8.466031462515960015e+01
4.683697148437499891e+02,-8.285250648636119308e+01
4.683700078125000346e+02,-8.339660463528596779e+01
4.683703007812500232e+02,-8.614579300142969487e+01
4.683705937500000118e+02,-8.176579429540251454e+01
4.683708867187500005e+02,-7.709923321567640642e+01
4.683711796874999891e+02,-7.735003224260547938e+01
4.683714726562500346e+02,-8.252638615844296055e+01
4.683717656250000232e+02,-8.132893693184817607e+01
4.683720585937500118e+02,-7.827676662615596115e+01
4.683723515625000005e+02,-7.835873981680262546e+01
4.683726445312499891e+02,-8.158896046677263314e+01
4.683729375000000346e+02,-1.048652592678424753e+02
4.683732304687500232e+02,-7.760817640090297687e+01
4.683735234375000118e+02,-7.409473002519159479e+01
4.683738164062500005e+02,-7.839425220382112514e+01
4.683741093749999891e+02,-9.171415369472524048e+01
4.683744023437500346e+02,-8.452192839715840478e+01
4.683746953125000232e+02,-7.785709923507864971e+01
4.683749882812500118e+02,-7.896519382140687071e+01
4.683752812500000005e+02,-8.146901520052809076e+01
4.683755742187499891e+02,-8.772595346254709625e+01
4.683758671875000346e+02,-7.688742588072570072e+01
4.683761601562500232e+02,-7.583809550257871024e+01
4.683764531250000118e+02,-8.022004390729608758e+01
4.683767460937500005e+02,-8.771717353291012387e+01
4.683770390624999891e+02,-8.734885590849329162e+01
4.683773320312500346e+02,-7.833225130903829836e+01
4.683776250000000232e+02,-8.274756147667339690e+01
4.683779179687500118e+02,-8.721874334001273610e+01
4.683782109375000005e+02,-8.513814160590942492e+01
4.683785039062499891e+02,-8.094454000880585909e+01
4.683787968750000346e+02,-8.358221624299193309e+01
4.683790898437500232e+02,-8.511580797142170240e+01
4.683793828125000118e+02,-8.825781125292056117e+01
4.683796757812500005e+02,-8.763931469112739592e+01
4.683799687499999891e+02,-7.810775013334421146e+01
4.683802617187500346e+02,-8.191705898529119168e+01
4.683805546875000232e+02,-8.932744453596191647e+01
4.683808476562500118e+02,-8.848537618848794750e+01
4.683811406250000005e+02,-8.740759027832824302e+01
4.683814335937499891e+02,-8.448726788261177489e+01
4.683817265625000346e+02,-8.852631303029342291e+01
4.683820195312500232e+02,-9.374639021760924606e+01
4.683823125000000118e+02,-8.387234505877002277e+01
4.683826054687500005e+02,-7.807177909862639353e+01
4.683828984374999891e+02,-8.118671321189469836e+01
4.683831914062500346e+02,-8.235228311507624710e+01
4.683834843750000232e+02,-8.864883740296086501e+01
4.683837773437500118e+02,-8.302020727386830856e+01
4.683840703125000005e+02,-7.716995304652913035e+01
4.683843632812499891e+02,-8.139861460336314281e+01
4.683846562500000346e+02,-8.098954250944530031e+01
4.683849492187500232e+02,-8.036867606448373635e+01
4.683852421875000118e+02,-7.830639310215858018e+01
4.683855351562500005e+02,-8.517249266675592878e+01
4.683858281249999891e+02,-8.461534577489651099e+01
4.683861210937500346e+02,-9.563072061828756887e+01
4.683864140625000232e+02,-8.163414470902083053e+01
4.683867070312500118e+02,-7.605596187972875555e+01
4.683870000000000005e+02,-8.020172380876424256e+01
4.683872929687499891e+02,-7.726953220016164892e+01
4.683875859375000346e+02,-8.011758609369604756e+01
4.683878789062500232e+02,-7.807862120892829694e+01
4.683881718750000118e+02,-8.847212063489169509e+01
4.683884648437500005e+02,-1.008325646880552284e+02
4.683887578124999891e+02,-1.017019575646986738e+02
4.683890507812500346e+02,-8.234773221613509975e+01
4.683893437500000232e+02,-8.247438887397049712e+01
4.683896367187500118e+02,-8.581608916889422289e+01
4.683899296875000005e+02,-7.821733630127278047e+01
4.683902226562499891e+02,-8.363371351496326156e+01
4.683905156250000346e+02,-7.847456626944935465e+01
4.683908085937500232e+02,-8.067931131064314343e+01
4.683911015625000118e+02,-7.831905909245426756e+01
4.683913945312500005e+02,-8.441582045819346547e+01
4.683916874999999891e+02,-8.159238795463625138e+01
4.683919804687500346e+02,-9.853121779568158445e+01
4.683922734375000232e+02,-9.807135946969360418e+01
4.683925664062500118e+02,-8.161895786365732874e+01
4.683928593750000005e+02,-9.462525660301881203e+01
4.683931523437499891e+02,-8.136460976619062535e+01
4.683934453125000346e+02,-7.638113004892737479e+01
4.683937382812500232e+02,-7.307476756332943069e+01
4.683940312500000118e+02,-8.034231808016318155e+01
4.683943242187500005e+02,-8.876114439294283898e+01
4.683946171874999891e+02,-8.745267759858117529e+01
4.683949101562500346e+02,-9.750415645949556165e+01
4.683952031250000232e+02,-8.546798290846209056e+01
4.683954960937500118e+02,-8.428807900382500407e+01
4.683957890625000005e+02,-8.590372876459169049e+01
4.683960820312499891e+02,-7.585933437737330109e+01
4.683963750000000346e+02,-7.234294643531519853e+01
4.683966679687500232e+02,-7.974471522082689035e+01
4.683969609375000118e+02,-8.662977679520207630e+01
4.683972539062500005e+02,-9.049415065506497058e+01
4.683975468749999891e+02,-8.069783332994080638e+01
4.683978398437500346e+02,-8.718021858691331261e+01
4.683981328125000232e+02,-7.935821874491350059e+01
4.683984257812500118e+02,-8.628125457605646886e+01
4.683987187500000005e+02,-7.582498080508976557e+01
4.683990117187499891e+02,-7.384078158545079873e+01
4.683993046875000346e+02,-7.687046148152813885e+01
4.683995976562500232e+02,-8.070522816505854280e+01
4.683998906250000118e+02,-8.179355468664068951e+01
4.684001835937500005e+02,-7.432542070225402142e+01
4.684004765624999891e+02,-7.696425038396452578e+01
4.684007695312500346e+02,-7.711554298090764803e+01
4.684010625000000232e+02,-8.894560923528536023e+01
4.684013554687500118e+02,-7.905354706367306505e+01
4.684016484375000005e+02,-7.817151626097353301e+01
4.684019414062499891e+02,-7.599405894518925209e+01
4.684022343750000346e+02,-7.999224066941467015e+01
4.684025273437500232e+02,-7.793143248899565378e+01
4.684028203125000118e+02,-7.177820035523961906e+01
4.684031132812500005e+02,-7.234494101304575508e+01
4.684034062499999891e+02,-7.741561104132375704e+01
4.684036992187500346e+02,-8.668500743346264414e+01
4.684039921875000232e+02,-8.279960264669163905e+01
4.684042851562500118e+02,-8.081389508893828122e+01
4.684045781250000005e+02,-7.710169909031026236e+01
4.684048710937499891e+02,-8.025140105307549732e+01
4.684051640625000346e+02,-7.801352038602291827e+01
4.684054570312500232e+02,-7.225069562141752044e+01
4.684057500000000118e+02,-7.199603425643766741e+01
4.684060429687500005e+02,-8.144066895618216506e+01
4.684063359374999891e+02,-8.169451948193159296e+01
4.684066289062500346e+02,-8.376542080000757551e+01
4.684069218750000232e+02,-8.013384433748498736e+01
4.684072148437500118e+02,-7.807206597617965826e+01
4.684075078125000005e+02,-8.247096671108023713e+01
4.684078007812499891e+02,-8.524640911561355949e+01
4.684080937500000346e+02,-7.560742448312088015e+01
4.684083867187500232e+02,-7.486859427789219978e+01
4.684086796875000118e+02,-9.051486545162893549e+01
4.684089726562500005e+02,-7.957353833941664334e+01
4.684092656249999891e+02,-8.737128738436011588e+01
4.684095585937500346e+02,-7.844405984831576006e+01
4.684098515625000232e+02,-7.781575419991170861e+01
4.684101445312500118e+02,-8.520296634962181770e+01
4.684104375000000005e+02,-8.488390295130743368e+01
4.684107304687499891e+02,-8.489573513421716200e+01
4.684110234375000346e+02,-8.485933084511390234e+01
4.684113164062500232e+02,-8.397171308005997048e+01
4.684116093750000118e+02,-7.859056363563753678e+01
4.684119023437500005e+02,-9.023610253883666132e+01
4.684121953124999891e+02,-7.766440100641203514e+01
4.684124882812500346e+02,-7.561808219111840401e+01
4.684127812500000232e+02,-8.567790459022558025e+01
4.684130742187500118e+02,-7.920374017167456770e+01
4.684133671875000005e+02,-8.141786441076435210e+01
4.684136601562499891e+02,-8.040245872869331833e+01
4.684139531250000346e+02,-7.998842616047964782e+01
4.684142460937500232e+02,-8.279539741361878669e+01
4.684145390625000118e+02,-8.854217255604532966e+01
4.684148320312500005e+02,-7.491599172784853522e+01
4.684151249999999891e+02,-7.376263906760244993e+01
4.684154179687500346e+02,-8.643581558903319717e+01
4.684157109375000232e+02,-7.940368599632314783e+01
4.684160039062500118e+02,-7.664039490727604687e+01
4.684162968750000005e+02,-7.968373886135927364e+01
4.684165898437499891e+02,-8.286548646472911628e+01
4.684168828125000346e+02,-9.899279931029988688e+01
4.684171757812500232e+02,-8.491251255972868250e+01
4.684174687500000118e+02,-7.320355101084822991e+01
4.684177617187500005e+02,-7.506108360790419454e+01
4.684180546874999891e+02,-9.705053445599142492e+01
4.684183476562500346e+02,-8.079021118846097238e+01
4.684186406250000232e+02,-7.690079227139717943e+01
4.684189335937500118e+02,-8.842360624724022955e+01
4.684192265625000005e+02,-9.139575068022843141e+01
4.684195195312499891e+02,-8.883428183544666012e+01
4.684198125000000346e+02,-8.155376049250830306e+01
4.684201054687500232e+02,-7.558031699411434090e+01
4.684203984375000118e+02,-8.150926108179666585e+01
4.684206914062500005e+02,-8.774709025179313926e+01
4.684209843749999891e+02,-8.068516276324103842e+01
4.684212773437500346e+02,-7.819359691798439371e+01
4.684215703125000232e+02,-8.125743687273958926e+01
4.684218632812500118e+02,-8.442061903753042884e+01
4.684221562500000005e+02,-8.182759493916302063e+01
4.684224492187499891e+02,-8.132678151320789084e+01
4.684227421875000346e+02,-8.271842069118811480e+01
4.684230351562500232e+02,-9.329453891042398084e+01
4.684233281250000118e+02,-8.186272919464128961e+01
4.684236210937500005e+02,-8.486067847332128622e+01
4.684239140624999891e+02,-8.103058834724416215e+01
4.684242070312500346e+02,-7.654358428646729351e+01
4.684245000000000232e+02,-7.912178081436218235e+01
4.684247929687500118e+02,-8.062459864139582066e+01
4.684250859375000005e+02,-8.176851557455881903e+01
4.684253789062499891e+02,-8.239402460465319677e+01
4.684256718750000346e+02,-8.291444814252079709e+01
4.684259648437500232e+02,-8.009940136747617601e+01
4.684262578125000118e+02,-8.254640798809289493e+01
4.684265507812500005e+02,-8.539742363602479713e+01
4.684268437499999891e+02,-7.591863478870712356e+01
4.684271367187500346e+02,-7.759567342281160052e+01
4.684274296875000232e+02,-8.241529148153283302e+01
4.684277226562500118e+02,-7.773014602897463021e+01
4.684280156250000005e+02,-7.883126474550590501e+01
4.684283085937499891e+02,-8.532511699032903607e+01
4.684286015625000346e+02,-8.004011765205328288e+01
4.684288945312500232e+02,-7.755056696756180656e+01
4.684291875000000118e+02,-9.452786477507902418e+01
4.684294804687500005e+02,-7.755072610652223375e+01
4.684297734374999891e+02,-7.796214851817650526e+01
4.684300664062500346e+02,-7.829825088197780758e+01
4.684303593750000232e+02,-7.652292073275444295e+01
4.684306523437500118e+02,-7.868648468061805090e+01
4.684309453125000005e+02,-8.955413746375994322e+01
4.684312382812499891e+02,-8.254625887941520546e+01
4.684315312500000346e+02,-7.721126126523151356e+01
4.684318242187500232e+02,-8.799852186259224140e+01
4.684321171875000118e+02,-7.952480216582681294e+01
4.684324101562500005e+02,-7.489931456671267540e+01
4.684327031249999891e+02,-7.562013071976765843e+01
4.684329960937500346e+02,-7.933586897154503959e+01
4.684332890625000232e+02,-7.764773288100118975e+01
4.684335820312500118e+02,-8.116533731415077568e+01
4.684338750000000005e+02,-8.876729140757731784e+01
4.684341679687499891e+02,-8.111901296731960542e+01
4.684344609375000346e+02,-8.423136757295384314e+01
4.684347539062500232e+02,-7.925053945245163334e+01
4.684350468750000118e+02,-7.426113172493398906e+01
4.684353398437500005e+02,-7.839869060537193945e+01
4.684356328124999891e+02,-8.315766907572842115e+01
4.684359257812500346e+02,-7.564290385541224282e+01
4.684362187500000232e+02,-8.225618373625712820e+01
4.684365117187500118e+02,-8.705592951502694632e+01
4.684368046875000005e+02,-8.160561356238167718e+01
4.684370976562499891e+02,-8.251493833193292460e+01
4.684373906250000346e+02,-7.840244958266764286e+01
4.684376835937500232e+02,-7.608835615336991509e+01
4.684379765625000118e+02,-8.118457697016478392e+01
4.684382695312500005e+02,-8.353483434213890746e+01
4.684385624999999891e+02,-7.714970611917114240e+01
4.684388554687500346e+02,-8.379688635337245728e+01
4.684391484375000232e+02,-8.650683113079851694e+01
4.684394414062500118e+02,-7.914295158847482980e+01
4.684397343750000005e+02,-7.972096515548913942e+01
4.684400273437499891e+02,-7.812109706767591888e+01
4.684403203125000346e+02,-8.044312009018219101e+01
4.684406132812500232e+02,-8.107171721831660705e+01
4.684409062500000118e+02,-8.049736919280451275e+01
4.684411992187500005e+02,-7.547131012940525352e+01
4.684414921874999891e+02,-7.663094783925393472e+01
4.684417851562500346e+02,-8.347959495030438859e+01
4.684420781250000232e+02,-7.941653201770802184e+01
4.684423710937500118e+02,-7.904414501288431438e+01
4.684426640625000005e+02,-7.846816144222043476e+01
4.684429570312499891e+02,-8.669641144359002283e+01
4.684432500000000346e+02,-8.848302451820840986e+01
4.684435429687500232e+02,-7.864780962635646233e+01
4.684438359375000118e+02,-7.353491724713842359e+01
4.684441289062500005e+02,-7.444500795790520442e+01
4.684444218749999891e+02,-7.796048172642159102e+01
4.684447148437500346e+02,-8.342232047309992993e+01
4.684450078125000232e+02,-8.003288652313001705e+01
4.684453007812500118e+02,-7.688438223525372450e+01
4.684455937500000005e+02,-8.080222008233184283e+01
4.684458867187499891e+02,-8.414661598798703324e+01
4.684461796875000346e+02,-7.839639774645425518e+01
4.684464726562500232e+02,-7.561030486523212346e+01
4.684467656250000118e+02,-7.535191341318490288e+01
4.684470585937500005e+02,-7.680282606283512337e+01
4.684473515624999891e+02,-8.469230303981903774e+01
4.684476445312500346e+02,-8.372359679914038111e+01
4.684479375000000232e+02,-7.418071095424345174e+01
4.684482304687500118e+02,-7.501084577916331853e+01
4.684485234375000005e+02,-8.171597935642624577e+01
4.684488164062499891e+02,-8.162101076492169227e+01
4.684491093750000346e+02,-9.019449525147221891e+01
4.684494023437500232e+02,-7.815943301114991471e+01
4.684496953125000118e+02,-8.061173545855129419e+01
4.684499882812500005e+02,-7.910598390147740133e+01
4.684502812499999891e+02,-8.654540276595105297e+01
4.684505742187500346e+02,-7.334427039504804213e+01
4.684508671875000232e+02,-7.392681059082049444e+01
4.684511601562500118e+02,-7.769319013682394370e+01
4.684514531250000005e+02,-8.607932133065420999e+01
4.684517460937499891e+02,-7.677907351051054263e+01
4.684520390625000346e+02,-7.686858090481550221e+01
4.684523320312500232e+02,-8.428034871816775819e+01
4.684526250000000118e+02,-7.941626337547985770e+01
4.684529179687500005e+02,-8.512073257897277756e+01
4.684532109374999891e+02,-7.577503828638322148e+01
4.684535039062500346e+02,-7.356647422991038354e+01
4.684537968750000232e+02,-7.538622180226043668e+01
4.684540898437500118e+02,-8.049109618275102207e+01
4.684543828125000005e+02,-7.374801037941675474e+01
4.684546757812499891e+02,-7.660057612263865678e+01
4.684549687500000346e+02,-8.192837339800155405e+01
4.684552617187500232e+02,-8.835275792438231690e+01
4.684555546875000118e+02,-8.328073332747939617e+01
4.684558476562500005e+02,-8.348848172268782264e+01
4.684561406249999891e+02,-7.145218232233449385e+01
4.684564335937500346e+02,-7.563779231038695627e+01
4.684567265625000232e+02,-8.140503453896394603e+01
4.684570195312500118e+02,-7.737189192812667216e+01
4.684573125000000005e+02,-8.043976031536976734e+01
4.684576054687499891e+02,-8.413097391428334504e+01
4.684578984375000346e+02,-8.235040832886073758e+01
4.684581914062500232e+02,-8.548853514682073751e+01
4.684584843750000118e+02,-8.296324043647429392e+01
4.684587773437500005e+02,-7.285805303380837472e+01
4.684590703124999891e+02,-7.907823930451159811e+01
4.684593632812500346e+02,-9.631109986219122732e+01
4.684596562500000232e+02,-8.921001336702798312e+01
4.684599492187500118e+02,-9.345978176792286263e+01
4.684602421875000005e+02,-8.722173178203561861e+01
4.684605351562499891e+02,-7.940264148382988196e+01
4.684608281250000346e+02,-9.064489639113520525e+01
4.684611210937500232e+02,-8.102743441332917484e+01
4.684614140625000118e+02,-8.050984325121265783e+01
4.684617070312500005e+02,-8.205020331032417857e+01
4.684619999999999891e+02,-7.762958053736879549e+01
4.684622929687500346e+02,-7.543955948920030607e+01
4.684625859375000232e+02,-8.174980205706273750e+01
4.684628789062500118e+02,-7.912876461756566471e+01
4.684631718750000005e+02,-7.738163261719589059e+01
4.684634648437499891e+02,-7.852487612084728141e+01
4.684637578125000346e+02,-8.960947465752992969e+01
4.684640507812500232e+02,-8.542158281406115350e+01
4.684643437500000118e+02,-8.659602503064522239e+01
4.684646367187500005e+02,-7.583398871871119695e+01
4.684649296874999891e+02,-7.496114733735851132e+01
4.684652226562500346e+02,-7.924635014390203480e+01
4.684655156250000232e+02,-7.443833878126741865e+01
4.684658085937500118e+02,-7.411133319158957988e+01
4.684661015625000005e+02,-7.602591448875746494e+01
4.684663945312499891e+02,-9.000405199946496282e+01
4.684666875000000346e+02,-7.863004149828819322e+01
4.684669804687500232e+02,-8.785006074867695247e+01
4.684672734375000118e+02,-8.088586147749545319e+01
4.684675664062500005e+02,-8.159845364765345721e+01
4.684678593749999891e+02,-7.930805325010878448e+01
4.684681523437500346e+02,-7.176743813218500634e+01
4.684684453125000232e+02,-7.338980632316554420e+01
4.684687382812500118e+02,-7.856959335935194133e+01
4.684690312500000005e+02,-8.486408383990792004e+01
4.684693242187499891e+02,-7.863595090929445064e+01
4.684696171875000346e+02,-8.548770107454342337e+01
4.684699101562500232e+02,-9.696261420454692370e+01
4.684702031250000118e+02,-9.519203945086314889e+01
4.684704960937500005e+02,-8.103528117972231826e+01
4.684707890624999891e+02,-7.208336144661566891e+01
4.684710820312500346e+02,-7.452714642532852451e+01
4.684713750000000232e+02,-8.001197038111183701e+01
4.684716679687500118e+02,-8.575969157953818467e+01
4.684719609375000005e+02,-8.185503680356481482e+01
4.684722539062499891e+02,-8.268154359569433609e+01
4.684725468750000346e+02,-8.174690916146091979e+01
4.684728398437500232e+02,-8.060096225488055666e+01
4.684731328125000118e+02,-8.410092187950235143e+01
4.684734257812500005e+02,-7.442027683634361779e+01
4.684737187499999891e+02,-7.383801708391624175e+01
4.684740117187500346e+02,-8.018546023768421094e+01
4.684743046875000232e+02,-8.319704863683494978e+01
4.684745976562500118e+02,-7.759119552172433032e+01
4.684748906250000005e+02,-8.269975788894572588e+01
4.684751835937499891e+02,-8.252722909827689080e+01
4.684754765625000346e+02,-7.843385017483649335e+01
4.684757695312500232e+02,-9.328167565121418647e+01
4.684760625000000118e+02,-7.501420837861225266e+01
4.684763554687500005e+02,-7.341938089134130507e+01
4.684766484374999891e+02,-8.295809658668459008e+01
4.684769414062500346e+02,-8.008647731868271080e+01
4.684772343750000232e+02,-7.507002984148903124e+01
4.684775273437500118e+02,-8.427606633129602187e+01
4.684778203125000005e+02,-8.195948290448205853e+01
4.684781132812499891e+02,-7.921590643845945579e+01
4.684784062500000346e+02,-8.755199359956755245e+01
4.684786992187500232e+02,-7.666582046169581588e+01
4.684789921875000118e+02,-7.690462923917282012e+01
4.684792851562500005e+02,-8.414300046072241912e+01
4.684795781249999891e+02,-7.847727915219616079e+01
4.684798710937500346e+02,-7.607690261808532739e+01
4.684801640625000232e+02,-8.022981479158572427e+01
4.684804570312500118e+02,-7.652922311907120445e+01
4.684807500000000005e+02,-7.896077187447839663e+01
4.684810429687499891e+02,-9.040616100271117261e+01
4.684813359375000346e+02,-8.380352017224710437e+01
4.684816289062500232e+02,-8.198853692944253169e+01
4.684819218750000118e+02,-8.153299945306056884e+01
4.684822148437500005e+02,-7.713514186763761415e+01
4.684825078124999891e+02,-7.899291594454749088e+01
4.684828007812500346e+02,-7.937819873190449016e+01
4.684830937500000232e+02,-7.517540038338079000e+01
4.684833867187500118e+02,-7.815295342130301037e+01
4.684836796875000005e+02,-8.597562819165935366e+01
4.684839726562499891e+02,-8.354041644990560656e+01
4.684842656250000346e+02,-8.368010910502383126e+01
4.684845585937500232e+02,-7.910224727037949322e+01
4.684848515625000118e+02,-7.512303826826665443e+01
4.684851445312500005e+02,-7.975232727186197224e+01
4.684854374999999891e+02,-7.853013640450571131e+01
4.684857304687500346e+02,-7.491098913420529470e+01
4.684860234375000232e+02,-7.745146221405741471e+01
4.684863164062500118e+02,-7.994691430549109157e+01
4.684866093750000005e+02,-8.086455528575041285e+01
4.684869023437499891e+02,-7.945300417324305897e+01
4.684871953125000346e+02,-7.823749654913014240e+01
4.684874882812500232e+02,-7.529686744336360960e+01
4.684877812500000118e+02,-8.079313743494151367e+01
4.684880742187500005e+02,-7.972996324013988101e+01
4.684883671874999891e+02,-7.668810780363617141e+01
4.684886601562500346e+02,-7.872486112459465346e+01
4.684889531250000232e+02,-7.732711545371228112e+01
4.684892460937500118e+02,-7.790798846198562444e+01
4.684895390625000005e+02,-7.802508366103309356e+01
4.684898320312499891e+02,-7.816445471508986031e+01
4.684901250000000346e+02,-7.843403650424359341e+01
4.684904179687500232e+02,-8.272740369574059116e+01
4.684907109375000118e+02,-8.215829735135841361e+01
4.684910039062500005e+02,-7.925576043535690474e+01
4.684912968749999891e+02,-7.964143367290218123e+01
4.684915898437500346e+02,-7.578253182260316123e+01
4.684918828125000232e+02,-7.814883083476738079e+01
4.684921757812500118e+02,-7.611008207561314975e+01
4.684924687500000005e+02,-7.803221088566715480e+01
4.684927617187499891e+02,-8.144377876711163822e+01
4.684930546875000346e+02,-8.479553884110670481e+01
4.684933476562500232e+02,-8.699809137129386727e+01
4.684936406250000118e+02,-8.194836043516988866e+01
4.684939335937500005e+02,-7.711910556711771392e+01
4.684942265624999891e+02,-7.557629707565381239e+01
4.684945195312500346e+02,-7.766913972903839181e+01
4.684948125000000232e+02,-7.429117345797050120e+01
4.684951054687500118e+02,-7.968788757105593845e+01
4.684953984375000005e+02,-8.054216686851411566e+01
4.684956914062499891e+02,-9.682419449792867283e+01
4.684959843750000346e+02,-8.725529046710730086e+01
4.684962773437500232e+02,-8.190114794557203481e+01
4.684965703125000118e+02,-7.546206295231205274e+01
4.684968632812500005e+02,-8.057704786556644194e+01
4.684971562499999891e+02,-7.628488130830878333e+01
4.684974492187500346e+02,-7.503308085555697460e+01
4.684977421875000232e+02,-8.224326377033916913e+01
4.684980351562500118e+02,-8.713623681827684209e+01
4.684983281250000005e+02,-8.717550657521772450e+01
4.684986210937499891e+02,-8.570078731051792431e+01
4.684989140625000346e+02,-8.058505383538394540e+01
4.684992070312500232e+02,-7.696497493314433314e+01
4.684995000000000118e+02,-9.171988468459473154e+01
4.684997929687500005e+02,-7.831626655310520846e+01
4.685000859374999891e+02,-7.918992387617886664e+01
4.685003789062500346e+02,-9.086996289393873383e+01
4.685006718750000232e+02,-8.435477113047240039e+01
4.685009648437500118e+02,-8.432403040927779614e+01
4.685012578125000005e+02,-8.564324072429391776e+01
4.685015507812499891e+02,-8.363235796168149250e+01
4.685018437500000346e+02,-9.277832978425942656e+01
4.685021367187500232e+02,-8.993601737139044872e+01
4.685024296875000118e+02,-8.691380159560725360e+01
4.685027226562500005e+02,-8.507058608963335189e+01
4.685030156249999891e+02,-8.482797331643064354e+01
4.685033085937500346e+02,-8.083185180369713407e+01
4.685036015625000232e+02,-8.837002398455382490e+01
4.685038945312500118e+02,-8.667259447940952555e+01
4.685041875000000005e+02,-8.989200669911667774e+01
4.685044804687499891e+02,-8.239622082300974171e+01
4.685047734375000346e+02,-9.234302825791354508e+01
4.685050664062500232e+02,-8.322117670011550672e+01
4.685053593750000118e+02,-8.841564324368775374e+01
4.685056523437500005e+02,-7.971853336545183311e+01
4.685059453124999891e+02,-9.009700741871527896e+01
4.685062382812500346e+02,-9.213945032862798712e+01
4.685065312500000232e+02,-8.527648191405771172e+01
4.685068242187500118e+02,-7.775532324770297521e+01
4.685071171875000005e+02,-8.021486477843863838e+01
4.685074101562499891e+02,-8.321296897919764035e+01
4.685077031250000346e+02,-8.071398548576182463e+01
4.685079960937500232e+02,-8.379976259459404275e+01
4.685082890625000118e+02,-7.941243950847092492e+01
4.685085820312500005e+02,-8.575794984771283680e+01
4.685088749999999891e+02,-8.449424224163350061e+01
4.685091679687500346e+02,-8.091498322156384404e+01
4.685094609375000232e+02,-7.484361870976792375e+01
4.685097539062500118e+02,-8.542702367335036229e+01
4.685100468750000005e+02,-8.089797890095603350e+01
4.685103398437499891e+02,-8.265004772316947879e+01
4.685106328125000346e+02,-8.201509838156481180e+01
4.685109257812500232e+02,-7.991652243484708151e+01
4.685112187500000118e+02,-7.872516674654627877e+01
4.685115117187500005e+02,-8.119018777481593929e+01
4.685118046874999891e+02,-7.818599352562361560e+01
4.685120976562500346e+02,-7.632337975188389123e+01
4.685123906250000232e+02,-9.100483616713448498e+01
4.685126835937500118e+02,-8.428204259500533624e+01
4.685129765625000005e+02,-8.139310612710056603e+01
4.685132695312499891e+02,-8.727726874037006155e+01
4.685135625000000346e+02,-7.873582250815113071e+01
4.685138554687500232e+02,-7.695998378328047806e+01
4.685141484375000118e+02,-7.979634498240187668e+01
4.685144414062500005e+02,-7.781225328367531802e+01
4.685147343749999891e+02,-7.844316003642148871e+01
4.685150273437500346e+02,-8.845743836061529919e+01
4.685153203125000232e+02,-9.147237666867931694e+01
4.685156132812500118e+02,-7.897311069222213575e+01
4.685159062500000005e+02,-8.381575305786448382e+01
4.685161992187499891e+02,-7.914841991207954663e+01
4.685164921875000346e+02,-7.762463647228703678e+01
4.685167851562500232e+02,-8.207260793726791803e+01
4.685170781250000118e+02,-8.030100439915324273e+01
4.685173710937500005e+02,-7.630941939724040424e+01
4.685176640624999891e+02,-8.607911748743390490e+01
4.685179570312500346e+02,-9.913029824288365432e+01
4.685182500000000232e+02,-7.823419842563362181e+01
4.685185429687500118e+02,-8.271586379839021674e+01
4.685188359375000005e+02,-7.999184828838123451e+01
4.685191289062499891e+02,-8.052790966373770232e+01
4.685194218750000346e+02,-8.615997254177857201e+01
4.685197148437500232e+02,-7.818878366827773618e+01
4.685200078125000118e+02,-7.454417111102269189e+01
4.685203007812500005e+02,-8.326956633380959261e+01
4.685205937499999891e+02,-8.923509271543964871e+01
4.685208867187500346e+02,-7.947476148986595490e+01
4.685211796875000232e+02,-8.505408048133146792e+01
4.685214726562500118e+02,-8.071792847752686839e+01
4.685217656250000005e+02,-8.554521427831154767e+01
4.685220585937499891e+02,-8.238475195190554246e+01
4.685223515625000346e+02,-7.482337830494559228e+01
4.685226445312500232e+02,-7.442865430629068157e+01
4.685229375000000118e+02,-7.758407077626567627e+01
4.685232304687500005e+02,-7.990105149601615153e+01
4.685235234374999891e+02,-8.383949774030078572e+01
4.685238164062500346e+02,-8.097517474238307500e+01
4.685241093750000232e+02,-8.340137331105907492e+01
4.685244023437500118e+02,-8.678602666967614709e+01
4.685246953125000005e+02,-8.083088419426414362e+01
4.685249882812499891e+02,-7.537791824837238153e+01
4.685252812500000346e+02,-7.501346023780469352e+01
4.685255742187500232e+02,-7.335777386131385924e+01
4.685258671875000118e+02,-7.632748184139084913e+01
4.685261601562500005e+02,-8.783257859954069602e+01
4.685264531249999891e+02,-7.908700537111451467e+01
4.685267460937500346e+02,-8.365659296236542275e+01
4.685270390625000232e+02,-9.531212261145529396e+01
4.685273320312500118e+02,-8.471577428179303126e+01
4.685276250000000005e+02,-7.990082415613930777e+01
4.685279179687499891e+02,-7.413320549987719232e+01
4.685282109375000346e+02,-7.170327921158633444e+01
4.685285039062500232e+02,-7.484003853670537865e+01
4.685287968750000118e+02,-9.320427967519967183e+01
4.685290898437500005e+02,-8.081367944286418492e+01
4.685293828124999891e+02,-8.069823483834169053e+01
4.685296757812500346e+02,-8.665466579089483901e+01
4.685299687500000232e+02,-9.314288134266654140e+01
4.685302617187500118e+02,-8.255552931285934903e+01
4.685305546875000005e+02,-7.457115972698080952e+01
4.685308476562499891e+02,-7.231973686262061563e+01
4.685311406250000346e+02,-7.384792254486698937e+01
4.685314335937500232e+02,-8.257584649317453795e+01
4.685317265625000118e+02,-8.269078215933497233e+01
4.685320195312500005e+02,-7.691848050103607193e+01
4.685323124999999891e+02,-8.081058587943675775e+01
4.685326054687500346e+02,-8.785918938307611370e+01
4.685328984375000232e+02,-8.213268643744078190e+01
4.685331914062500118e+02,-7.673166474399735648e+01
4.685334843750000005e+02,-7.423527374670574375e+01
4.685337773437499891e+02,-7.385550272865792465e+01
4.685340703125000346e+02,-7.866680920018593781e+01
4.685343632812500232e+02,-8.405679222634066150e+01
4.685346562500000118e+02,-7.513340607746189903e+01
4.685349492187500005e+02,-7.800267490149934702e+01
4.685352421874999891e+02,-9.099330646555004876e+01
4.685355351562500346e+02,-8.430123578563338071e+01
4.685358281250000232e+02,-7.977720578924967754e+01
4.685361210937500118e+02,-7.769268752691749569e+01
4.685364140625000005e+02,-7.666599196756413903e+01
4.685367070312499891e+02,-8.080774370387484851e+01
4.685370000000000346e+02,-8.471490760816089960e+01
4.685372929687500232e+02,-7.456377563829246924e+01
4.685375859375000118e+02,-7.587032865944442506e+01
4.685378789062500005e+02,-8.602187651101255028e+01
4.685381718749999891e+02,-8.338416522802862119e+01
4.685384648437500346e+02,-8.501097576498113995e+01
4.685387578125000232e+02,-8.297508845759587359e+01
4.685390507812500118e+02,-8.280562470274367115e+01
4.685393437500000005e+02,-8.516591524719699180e+01
4.685396367187499891e+02,-9.732067748829670961e+01
4.685399296875000346e+02,-7.694599020319510885e+01
4.685402226562500232e+02,-7.775804740519518532e+01
4.685405156250000118e+02,-8.195190139432661169e+01
4.685408085937500005e+02,-8.011705490089187265e+01
4.685411015624999891e+02,-8.643954476466561232e+01
4.685413945312500346e+02,-9.167869765003749194e+01
4.685416875000000232e+02,-8.862160496317360980e+01
4.685419804687500118e+02,-8.642448831086247196e+01
4.685422734375000005e+02,-1.053747066528832335e+02
4.685425664062499891e+02,-8.353867231126160675e+01
4.685428593750000346e+02,-8.652352811844743030e+01
4.685431523437500232e+02,-7.950178653676093177e+01
4.685434453125000118e+02,-7.660633818760945246e+01
4.685437382812500005e+02,-8.108188661946913101e+01
4.685440312499999891e+02,-8.831834302077419352e+01
4.685443242187500346e+02,-8.979568797293610771e+01
4.685446171875000232e+02,-9.985691904670946428e+01
4.685449101562500118e+02,-9.737352824270871565e+01
4.685452031250000005e+02,-8.447051070200423339e+01
4.685454960937499891e+02,-8.857851786648522818e+01
4.685457890625000346e+02,-7.848579608735352053e+01
4.685460820312500232e+02,-7.711480589123000584e+01
4.685463750000000118e+02,-8.185231055493187569e+01
4.685466679687500005e+02,-8.136919615494639402e+01
4.685469609374999891e+02,-8.606453744341310141e+01
4.685472539062500346e+02,-8.430379222212431500e+01
4.685475468750000232e+02,-9.864924909627660554e+01
4.685478398437500118e+02,-7.743986951782930817e+01
4.685481328125000005e+02,-8.405880032533920598e+01
4.685484257812499891e+02,-8.347819075756646612e+01
4.685487187500000346e+02,-8.538588274148175117e+01
4.685490117187500232e+02,-8.201530486856844959e+01
4.685493046875000118e+02,-7.765844352021082386e+01
4.685495976562500005e+02,-7.690377509317612237e+01
4.685498906249999891e+02,-7.833642865878034911e+01
4.685501835937500346e+02,-1.032478747534097749e+02
4.685504765625000232e+02,-7.925137855668896236e+01
4.685507695312500118e+02,-8.529894149194150543e+01
4.685510625000000005e+02,-8.640730124336293727e+01
4.685513554687499891e+02,-8.746864998630259436e+01
4.685516484375000346e+02,-8.065501360465562186e+01
4.685519414062500232e+02,-7.755208603899772868e+01
4.685522343750000118e+02,-7.473183001848551044e+01
4.685525273437500005e+02,-7.731300134703693061e+01
4.685528203124999891e+02,-8.849246596282007715e+01
4.685531132812500346e+02,-8.754877920831344795e+01
4.685534062500000232e+02,-8.228717954350953789e+01
4.685536992187500118e+02,-7.740241461674079915e+01
4.685539921875000005e+02,-8.300590856024561504e+01
4.685542851562499891e+02,-8.472394178593383174e+01
4.685545781250000346e+02,-8.196782247492770068e+01
4.685548710937500232e+02,-7.625270169670228881e+01
4.685551640625000118e+02,-7.889392762615234744e+01
4.685554570312500005e+02,-8.206507304515768908e+01
4.685557499999999891e+02,-8.057602595902747566e+01
4.685560429687500346e+02,-7.823772547216380246e+01
4.685563359375000232e+02,-7.680594704205249457e+01
4.685566289062500118e+02,-8.597851773176446954e+01
4.685569218750000005e+02,-9.106223598566343469e+01
4.685572148437499891e+02,-9.338302812016775079e+01
4.685575078125000346e+02,-8.084036680780292272e+01
4.685578007812500232e+02,-8.112054508116384000e+01
4.685580937500000118e+02,-8.021317511065952033e+01
4.685583867187500005e+02,-7.801412066762316044e+01
4.685586796874999891e+02,-7.586589884565920272e+01
4.685589726562500346e+02,-7.916569699970396812e+01
4.685592656250000232e+02,-8.247843072196525327e+01
4.685595585937500118e+02,-8.175512726351055903e+01
4.685598515625000005e+02,-8.598908010534572099e+01
4.685601445312499891e+02,-8.984516553025750341e+01
4.685604375000000346e+02,-8.990266432114523809e+01
4.685607304687500232e+02,-8.912681075337722802e+01
4.685610234375000118e+02,-7.604281382632612463e+01
4.685613164062500005e+02,-7.657493302832746451e+01
4.685616093749999891e+02,-8.210960535872652599e+01
4.685619023437500346e+02,-7.879003790455858791e+01
4.685621953125000232e+02,-7.941959692103314694e+01
4.685624882812500118e+02,-8.322042219887106285e+01
4.685627812500000005e+02,-9.633462194707865933e+01
4.685630742187499891e+02,-8.397146994788151630e+01
4.685633671875000346e+02,-8.255635891650996427e+01
4.685636601562500232e+02,-7.585122864464818804e+01
4.685639531250000118e+02,-7.795970400208747719e+01
4.685642460937500005e+02,-8.599654533800082845e+01
4.685645390624999891e+02,-7.871733776330142973e+01
4.685648320312500346e+02,-7.700840741430980074e+01
4.685651250000000232e+02,-7.931545978305226186e+01
4.685654179687500118e+02,-9.941499442300583667e+01
4.685657109375000005e+02,-8.092396796951254601e+01
4.685660039062499891e+02,-8.013604470692591519e+01
4.685662968750000346e+02,-7.964080982290353461e+01
4.685665898437500232e+02,-7.786197493646243117e+01
4.685668828125000118e+02,-8.515730170692870615e+01
4.685671757812500005e+02,-8.108455351407202727e+01
4.685674687499999891e+02,-7.557997353767684956e+01
4.685677617187500346e+02,-7.688148879093839128e+01
4.685680546875000232e+02,-8.381131368024561823e+01
4.685683476562500118e+02,-8.269076295701401591e+01
4.685686406250000005e+02,-8.688203885272905325e+01
4.685689335937499891e+02,-8.175958398242022440e+01
4.685692265625000346e+02,-7.612162314465939517e+01
4.685695195312500232e+02,-7.830580937375196982e+01
4.685698125000000118e+02,-9.395841525378767756e+01
4.685701054687500005e+02,-7.635823798072527779e+01
4.685703984374999891e+02,-7.622356037684143359e+01
4.685706914062500346e+02,-7.854908584387715109e+01
4.685709843750000232e+02,-8.959462953318450218e+01
4.685712773437500118e+02,-8.695873357631074896e+01
4.685715703125000005e+02,-8.322392698364114949e+01
4.685718632812499891e+02,-7.551162255948186441e+01
4.685721562500000346e+02,-7.560858983686432566e+01
4.685724492187500232e+02,-8.305543094527543246e+01
4.685727421875000118e+02,-7.917974101143654764e+01
4.685730351562500005e+02,-7.630293017714944881e+01
4.685733281249999891e+02,-7.776969179697593404e+01
4.685736210937500346e+02,-8.899716808689360903e+01
4.685739140625000232e+02,-8.180685133226594985e+01
4.685742070312500118e+02,-8.794356934891209221e+01
4.685745000000000005e+02,-7.591159749933915180e+01
4.685747929687499891e+02,-7.486308329177218468e+01
4.685750859375000346e+02,-7.789317074878431413e+01
4.685753789062500232e+02,-8.492578196558409331e+01
4.685756718750000118e+02,-7.743712689695514939e+01
4.685759648437500005e+02,-8.193961830629635301e+01
4.685762578124999891e+02,-8.033803550509590252e+01
4.685765507812500346e+02,-8.232097720579368172e+01
4.685768437500000232e+02,-8.807563314194365489e+01
4.685771367187500118e+02,-7.756115273198730620e+01
4.685774296875000005e+02,-7.550071494682856610e+01
4.685777226562499891e+02,-7.901901431073761728e+01
4.685780156250000346e+02,-8.562698039688390850e+01
4.685783085937500232e+02,-8.155095472242834376e+01
4.685786015625000118e+02,-8.472264385589241442e+01
4.685788945312500005e+02,-7.850702410569510903e+01
4.685791874999999891e+02,-8.686811341842690126e+01
4.685794804687500346e+02,-8.499722450653365513e+01
4.685797734375000232e+02,-7.908504470606499126e+01
4.685800664062500118e+02,-7.774849928438369773e+01
4.685803593750000005e+02,-8.449562143355505839e+01
4.685806523437499891e+02,-8.222102199813591028e+01
4.685809453125000346e+02,-9.363829634998437257e+01
4.685812382812500232e+02,-8.181257267028516367e+01
4.685815312500000118e+02,-7.991729901609186015e+01
4.685818242187500005e+02,-8.507462137559161874e+01
4.685821171874999891e+02,-8.163336770491542893e+01
4.685824101562500346e+02,-8.080327188839214614e+01
4.685827031250000232e+02,-8.244261712422448340e+01
4.685829960937500118e+02,-8.322059071389718099e+01
4.685832890625000005e+02,-8.221290722000432538e+01
4.685835820312499891e+02,-1.043733019613660105e+02
4.685838750000000346e+02,-8.599566004927916651e+01
4.685841679687500232e+02,-8.229833499706239763e+01
4.685844609375000118e+02,-7.949419703108159752e+01
4.685847539062500005e+02,-8.087366561316062530e+01
4.685850468749999891e+02,-8.171465674776214883e+01
4.685853398437500346e+02,-8.390891388191180056e+01
4.685856328125000232e+02,-8.508582679319692943e+01
4.685859257812500118e+02,-8.666788161767179588e+01
4.685862187500000005e+02,-8.806980790031914808e+01
4.685865117187499891e+02,-8.631843497330963544e+01
4.685868046875000346e+02,-8.795990979988708602e+01
4.685870976562500232e+02,-7.882990530079214864e+01
4.685873906250000118e+02,-8.276151588510678891e+01
4.685876835937500005e+02,-7.976568264110944995e+01
4.685879765624999891e+02,-8.048551363915015600e+01
4.685882695312500346e+02,-9.521645559153651561e+01
4.685885625000000232e+02,-9.491008736433821014e+01
4.685888554687500118e+02,-8.310028947373638175e+01
4.685891484375000005e+02,-8.267613447459972065e+01
4.685894414062499891e+02,-9.300340933684972811e+01
4.685897343750000346e+02,-8.389262539411804198e+01
4.685900273437500232e+02,-8.828153537455987987e+01
4.685903203125000118e+02,-7.867345543464598734e+01
4.685906132812500005e+02,-7.730641161232732372e+01
4.685909062499999891e+02,-8.204393844968737426e+01
4.685911992187500346e+02,-9.166434820100460001e+01
4.685914921875000232e+02,-8.348236760830673120e+01
4.685917851562500118e+02,-8.261371932266078488e+01
4.685920781250000005e+02,-8.417270309573622455e+01
4.685923710937499891e+02,-8.767371681137554162e+01
4.685926640625000346e+02,-8.353471619494916922e+01
4.685929570312500232e+02,-7.814075190988690167e+01
4.685932500000000118e+02,-7.696671503636154910e+01
4.685935429687500005e+02,-8.010175981969000247e+01
4.685938359374999891e+02,-8.967549998628051355e+01
4.685941289062500346e+02,-9.138969885875937393e+01
4.685944218750000232e+02,-8.534482574516533759e+01
4.685947148437500118e+02,-7.952037554877163927e+01
4.685950078125000005e+02,-8.592085875069716394e+01
4.685953007812499891e+02,-7.898336176113092222e+01
4.685955937500000346e+02,-7.937229587028501498e+01
4.685958867187500232e+02,-7.974399858321572765e+01
4.685961796875000118e+02,-8.185132391953618480e+01
4.685964726562500005e+02,-8.895092992614652871e+01
4.685967656249999891e+02,-9.418815912726287820e+01
4.685970585937500346e+02,-8.584535898352065431e+01
4.685973515625000232e+02,-7.986903232066366343e+01
4.685976445312500118e+02,-8.732234292769322792e+01
4.685979375000000005e+02,-7.663590693263617482e+01
4.685982304687499891e+02,-7.930952608018718308e+01
4.685985234375000346e+02,-8.247792856441618881e+01
4.685988164062500232e+02,-8.328603722647213203e+01
4.685991093750000118e+02,-8.869924353715191501e+01
4.685994023437500005e+02,-8.727332772268189842e+01
4.685996953124999891e+02,-8.214645192931817519e+01
4.685999882812500346e+02,-8.434445811170868978e+01
4.686002812500000232e+02,-8.360786235164346181e+01
4.686005742187500118e+02,-7.702028237397244936e+01
4.686008671875000005e+02,-7.929735563259950482e+01
4.686011601562499891e+02,-7.967771336379652780e+01
4.686014531250000346e+02,-8.061440881916597334e+01
4.686017460937500232e+02,-9.943465193666290247e+01
4.686020390625000118e+02,-8.485459611375301847e+01
4.686023320312500005e+02,-8.265650265857685497e+01
4.686026249999999891e+02,-8.910721379730249225e+01
4.686029179687500346e+02,-8.552948680999210751e+01
4.686032109375000232e+02,-7.941194684670456638e+01
4.686035039062500118e+02,-8.048795559783576437e+01
4.686037968750000005e+02,-7.904834074885053496e+01
4.686040898437499891e+02,-8.164254880403545656e+01
4.686043828125000346e+02,-9.194896978647399521e+01
4.686046757812500232e+02,-8.463804856731883319e+01
4.686049687500000118e+02,-8.365771067653453485e+01
4.686052617187500005e+02,-9.088213102988460435e+01
4.686055546874999891e+02,-9.716449583408490298e+01
4.686058476562500346e+02,-8.159345042871505882e+01
4.686061406250000232e+02,-8.370394179431906423e+01
4.686064335937500118e+02,-8.236876909895734400e+01
4.686067265625000005e+02,-9.203612670854013800e+01
4.686070195312499891e+02,-8.660795489921072488e+01
4.686073125000000346e+02,-8.620004641155713898e+01
4.686076054687500232e+02,-8.271794536272750520e+01
4.686078984375000118e+02,-8.544032571855464653e+01
4.686081914062500005e+02,-8.357746156451386810e+01
4.686084843749999891e+02,-8.138789419307065032e+01
4.686087773437500346e+02,-8.483733569745933778e+01
4.686090703125000232e+02,-9.388297912551378488e+01
4.686093632812500118e+02,-8.382208564892401625e+01
4.686096562500000005e+02,-8.873828084187822185e+01
4.686099492187499891e+02,-8.310543049057584142e+01
4.686102421875000346e+02,-8.375627206957518922e+01
4.686105351562500232e+02,-7.969717829470059201e+01
4.686108281250000118e+02,-7.729385916298846837e+01
4.686111210937500005e+02,-7.924715891030139403e+01
4.686114140624999891e+02,-8.188736950584150520e+01
4.686117070312500346e+02,-8.415665184284740974e+01
4.686120000000000232e+02,-8.007796528040394435e+01
4.686122929687500118e+02,-1.009796908080574127e+02
4.686125859375000005e+02,-8.312098330607115315e+01
4.686128789062499891e+02,-8.254874651045693668e+01
4.686131718750000346e+02,-7.770514393800053199e+01
4.686134648437500232e+02,-7.561010754851649551e+01
4.686137578125000118e+02,-7.837452369356599036e+01
4.686140507812500005e+02,-7.994586336660459835e+01
4.686143437499999891e+02,-8.328851661137152007e+01
4.686146367187500346e+02,-8.430789273902588832e+01
4.686149296875000232e+02,-8.360336706161014320e+01
4.686152226562500118e+02,-8.807493580947705425e+01
4.686155156250000005e+02,-8.078479796940879964e+01
4.686158085937499891e+02,-7.741949578763369288e+01
4.686161015625000346e+02,-7.689808584748649878e+01
4.686163945312500232e+02,-7.904050356152119150e+01
4.686166875000000118e+02,-7.807449831714032484e+01
4.686169804687500005e+02,-8.694454416060199264e+01
4.686172734374999891e+02,-8.356368636711052034e+01
4.686175664062500346e+02,-7.900564963955048370e+01
4.686178593750000232e+02,-8.818272673556008101e+01
4.686181523437500118e+02,-8.166392634115153726e+01
4.686184453125000005e+02,-8.143389122341878306e+01
4.686187382812499891e+02,-8.473213669471705600e+01
4.686190312500000346e+02,-8.210327880898198316e+01
4.686193242187500232e+02,-7.769923829911344626e+01
4.686196171875000118e+02,-8.377042798718272820e+01
4.686199101562500005e+02,-7.949067341829820066e+01
4.686202031249999891e+02,-7.697615997941726107e+01
4.686204960937500346e+02,-8.157463790982853880e+01
4.686207890625000232e+02,-8.451009102909725357e+01
4.686210820312500118e+02,-8.829133113283462819e+01
4.686213750000000005e+02,-8.655330949303213117e+01
4.686216679687499891e+02,-8.335750599423546703e+01
4.686219609375000346e+02,-7.849864362465996237e+01
4.686222539062500232e+02,-8.031016593323306552e+01
4.686225468750000118e+02,-7.982605006297515615e+01
4.686228398437500005e+02,-7.563838094799389467e+01
4.686231328124999891e+02,-7.823564099190113552e+01
4.686234257812500346e+02,-9.220299792804271988e+01
4.686237187500000232e+02,-8.232351351281675989e+01
4.686240117187500118e+02,-8.119882759659815008e+01
4.686243046875000005e+02,-8.399699353636390242e+01
4.686245976562499891e+02,-8.238318368472270947e+01
4.686248906250000346e+02,-8.374222718906146667e+01
4.686251835937500232e+02,-8.394015447748736847e+01
4.686254765625000118e+02,-7.478898855545313040e+01
4.686257695312500005e+02,-7.780096594970279966e+01
4.686260624999999891e+02,-9.305049353885996766e+01
4.686263554687500346e+02,-8.243109373602452195e+01
4.686266484375000232e+02,-8.759220761316228732e+01
4.686269414062500118e+02,-8.581893437554310822e+01
4.686272343750000005e+02,-9.552345076747876362e+01
4.686275273437499891e+02,-9.946375093725382044e+01
4.686278203125000346e+02,-8.522096316045039543e+01
4.686281132812500232e+02,-7.576616956094542843e+01
4.686284062500000118e+02,-8.159586022903583569e+01
4.686286992187500005e+02,-8.793656605470079057e+01
4.686289921874999891e+02,-9.325220500613644958e+01
4.686292851562500346e+02,-8.661809545503066943e+01
4.686295781250000232e+02,-8.702171889742226085e+01
4.686298710937500118e+02,-9.017621014585222383e+01
4.686301640625000005e+02,-9.131477716553753510e+01
4.686304570312499891e+02,-8.592507813814620476e+01
4.686307500000000346e+02,-8.030146722088665001e+01
4.686310429687500232e+02,-9.777000658316701731e+01
4.686313359375000118e+02,-8.531854250355381453e+01
4.686316289062500005e+02,-8.241621945758011236e+01
4.686319218749999891e+02,-7.813609740020486072e+01
4.686322148437500346e+02,-8.594473943538093863e+01
4.686325078125000232e+02,-8.798944913178699778e+01
4.686328007812500118e+02,-9.282157753964325764e+01
4.686330937500000005e+02,-8.709510549377984034e+01
4.686333867187499891e+02,-9.319003907269700449e+01
4.686336796875000346e+02,-8.410811030994395310e+01
4.686339726562500232e+02,-8.118536790476986198e+01
4.686342656250000118e+02,-7.759265177844258687e+01
4.686345585937500005e+02,-7.775799566258336881e+01
4.686348515624999891e+02,-8.479108631765294035e+01
4.686351445312500346e+02,-8.936507538321562549e+01
4.686354375000000232e+02,-9.285829835897020246e+01
4.686357304687500118e+02,-9.005173049875395463e+01
4.686360234375000005e+02,-8.904855003983993811e+01
4.686363164062499891e+02,-7.897097779009057206e+01
4.686366093750000346e+02,-7.795319172948562425e+01
4.686369023437500232e+02,-7.883442575722703793e+01
4.686371953125000118e+02,-8.237287027268467909e+01
4.686374882812500005e+02,-8.378066201901009435e+01
4.686377812499999891e+02,-8.543620855380615353e+01
4.686380742187500346e+02,-8.913678504712800077e+01
4.686383671875000232e+02,-9.115041134132228251e+01
4.686386601562500118e+02,-8.417292496664948942e+01
4.686389531250000005e+02,-7.786805424719260316e+01
4.686392460937499891e+02,-7.734036764618637960e+01
4.686395390625000346e+02,-8.405476839482481921e+01
4.686398320312500232e+02,-8.928193022512968469e+01
4.686401250000000118e+02,-8.536522629255316019e+01
4.686404179687500005e+02,-8.411696424339527312e+01
4.686407109374999891e+02,-8.653805725435113061e+01
4.686410039062500346e+02,-9.880528596026621813e+01
4.686412968750000232e+02,-8.313370391958324035e+01
4.686415898437500118e+02,-8.087262379691559033e+01
4.686418828125000005e+02,-7.925158285072950548e+01
4.686421757812499891e+02,-8.295368426274713158e+01
4.686424687500000346e+02,-8.378045401560132177e+01
4.686427617187500232e+02,-8.855669936539810294e+01
4.686430546875000118e+02,-8.413608364512840865e+01
4.686433476562500005e+02,-8.598941063946946883e+01
4.686436406249999891e+02,-9.202337265596639782e+01
4.686439335937500346e+02,-8.508807756807188127e+01
4.686442265625000232e+02,-8.870754613008196543e+01
4.686445195312500118e+02,-8.000691718988106516e+01
4.686448125000000005e+02,-7.999628698899324775e+01
4.686451054687499891e+02,-8.356406272819013736e+01
4.686453984375000346e+02,-9.183343537780081078e+01
4.686456914062500232e+02,-8.840137440552661019e+01
4.686459843750000118e+02,-9.132944621490520376e+01
4.686462773437500005e+02,-8.475140036631401586e+01
4.686465703124999891e+02,-9.123733082392560334e+01
4.686468632812500346e+02,-8.420361102338043224e+01
4.686471562500000232e+02,-8.016129241769402825e+01
4.686474492187500118e+02,-8.127978824810423930e+01
4.686477421875000005e+02,-8.772958357553811481e+01
4.686480351562499891e+02,-8.798524431820398206e+01
4.686483281250000346e+02,-9.592653638752148026e+01
4.686486210937500232e+02,-8.385460607540335332e+01
4.686489140625000118e+02,-8.336050613965747402e+01
4.686492070312500005e+02,-8.325277791153091300e+01
4.686494999999999891e+02,-8.061057033961310481e+01
4.686497929687500346e+02,-8.122282887304214682e+01
4.686500859375000232e+02,-8.649040655478317774e+01
4.686503789062500118e+02,-9.548193446541074536e+01
4.686506718750000005e+02,-8.413067091828069977e+01
4.686509648437499891e+02,-8.382300427379013286e+01
4.686512578125000346e+02,-8.056556432563488102e+01
4.686515507812500232e+02,-8.495653756149705771e+01
4.686518437500000118e+02,-8.015432675793977069e+01
4.686521367187500005e+02,-8.084677133103045321e+01
4.686524296874999891e+02,-8.310536647532423160e+01
4.686527226562500346e+02,-9.762112159649261400e+01
4.686530156250000232e+02,-8.776114717829304368e+01
4.686533085937500118e+02,-8.177312106352253807e+01
4.686536015625000005e+02,-8.062886653281904614e+01
4.686538945312499891e+02,-8.091355412895710231e+01
4.686541875000000346e+02,-8.787951704472446579e+01
4.686544804687500232e+02,-7.891718401978130260e+01
4.686547734375000118e+02,-7.989510181903645503e+01
4.686550664062500005e+02,-8.275665207118130695e+01
4.686553593749999891e+02,-9.864555381101730802e+01
4.686556523437500346e+02,-8.700801179519585560e+01
4.686559453125000232e+02,-8.457100989595856788e+01
4.686562382812500118e+02,-8.284438163443419967e+01
4.686565312500000005e+02,-8.417419072731826191e+01
4.686568242187499891e+02,-9.404124559494577795e+01
4.686571171875000346e+02,-8.098801602181069370e+01
4.686574101562500232e+02,-7.915307354478373725e+01
4.686577031250000118e+02,-8.024343964147115571e+01
4.686579960937500005e+02,-9.173216303122978843e+01
4.686582890624999891e+02,-1.013896739237662672e+02
4.686585820312500346e+02,-9.098054282832741535e+01
4.686588750000000232e+02,-8.865495789161114715e+01
4.686591679687500118e+02,-9.469956111990322256e+01
4.686594609375000005e+02,-9.710565469073422662e+01
4.686597539062499891e+02,-8.772448583298903202e+01
4.686600468750000346e+02,-8.019653601103496499e+01
4.686603398437500232e+02,-7.945757921130032742e+01
4.686606328125000118e+02,-8.595671987732202979e+01
4.686609257812500005e+02,-8.917430372160589513e+01
4.686612187499999891e+02,-8.302002807706153931e+01
4.686615117187500346e+02,-8.165274279721728590e+01
4.686618046875000232e+02,-9.145094495408430646e+01
4.686620976562500118e+02,-8.857941299604942742e+01
4.686623906250000005e+02,-9.500363330142207019e+01
4.686626835937499891e+02,-8.323588096247050316e+01
4.686629765625000346e+02,-8.013880429735321798e+01
4.686632695312500232e+02,-8.538557974895914526e+01
4.686635625000000118e+02,-8.316292192750395884e+01
4.686638554687500005e+02,-7.852276623762487873e+01
4.686641484374999891e+02,-7.773789314440426779e+01
4.686644414062500346e+02,-8.514780072892612850e+01
4.686647343750000232e+02,-8.650261507824123441e+01
4.686650273437500118e+02,-9.090135885022485240e+01
4.686653203125000005e+02,-8.660388606575148174e+01
4.686656132812499891e+02,-8.130305620381076892e+01
4.686659062500000346e+02,-8.788308963110603145e+01
4.686661992187500232e+02,-8.218440036247818625e+01
4.686664921875000118e+02,-7.774143025116485717e+01
4.686667851562500005e+02,-7.716215050240036533e+01
4.686670781249999891e+02,-8.512457159433479603e+01
4.686673710937500346e+02,-9.081602352892136309e+01
4.686676640625000232e+02,-9.247542821976828975e+01
4.686679570312500118e+02,-8.375159542747915964e+01
4.686682500000000005e+02,-8.338907522742096035e+01
4.686685429687499891e+02,-9.019845390809395269e+01
4.686688359375000346e+02,-8.144111044059587812e+01
4.686691289062500232e+02,-7.874358275375439575e+01
4.686694218750000118e+02,-7.969591088635228004e+01
4.686697148437500005e+02,-8.822172267475886542e+01
4.686700078124999891e+02,-8.723576461887046207e+01
4.686703007812500346e+02,-8.304980456027310254e+01
4.686705937500000232e+02,-8.067380361964559654e+01
4.686708867187500118e+02,-8.631516655709009456e+01
4.686711796875000005e+02,-8.969881669809275593e+01
4.686714726562499891e+02,-7.992276829175654029e+01
4.686717656250000346e+02,-8.137937979952907597e+01
4.686720585937500232e+02,-8.861530505236528654e+01
4.686723515625000118e+02,-8.724435722904834734e+01
4.686726445312500005e+02,-8.182879257292776742e+01
4.686729374999999891e+02,-7.843016994271360431e+01
4.686732304687500346e+02,-7.932983999423315424e+01
4.686735234375000232e+02,-8.707668960682509862e+01
4.686738164062500118e+02,-8.604072102110691844e+01
4.686741093750000005e+02,-7.930676613488709847e+01
4.686744023437499891e+02,-8.901405378002847613e+01
4.686746953125000346e+02,-9.321941045270583004e+01
4.686749882812500232e+02,-8.674014701195049781e+01
4.686752812500000118e+02,-8.067468722435550887e+01
4.686755742187500005e+02,-7.697977386740342354e+01
4.686758671874999891e+02,-7.786502088587958781e+01
4.686761601562500346e+02,-8.313935128897063009e+01
4.686764531250000232e+02,-8.419467413094568542e+01
4.686767460937500118e+02,-8.032211611799846196e+01
4.686770390625000005e+02,-1.062260353756057185e+02
4.686773320312499891e+02,-8.898965269254966870e+01
4.686776250000000346e+02,-9.331203815724660444e+01
4.686779179687500232e+02,-8.480157526344515873e+01
4.686782109375000118e+02,-7.819336575389240807e+01
4.686785039062500005e+02,-7.654025001746448709e+01
4.686787968749999891e+02,-8.230990732881704730e+01
4.686790898437500346e+02,-8.732750872680972520e+01
4.686793828125000232e+02,-8.494357479935854371e+01
4.686796757812500118e+02,-9.087228628362422000e+01
4.686799687500000005e+02,-8.921902533682241199e+01
4.686802617187499891e+02,-9.495248348605886690e+01
4.686805546875000346e+02,-9.792984248084147225e+01
4.686808476562500232e+02,-8.198010597865356885e+01
4.686811406250000118e+02,-7.728217757017789324e+01
4.686814335937500005e+02,-8.385427517982405732e+01
4.686817265624999891e+02,-1.061128348965365831e+02
4.686820195312500346e+02,-1.029643451489645400e+02
4.686823125000000232e+02,-8.853075777189170026e+01
4.686826054687500118e+02,-8.666896028406583241e+01
4.686828984375000005e+02,-8.771870792129332983e+01
4.686831914062499891e+02,-8.588147471541270761e+01
4.686834843750000346e+02,-8.711168787996770391e+01
4.686837773437500232e+02,-8.042674829976982664e+01
4.686840703125000118e+02,-8.344831328742455412e+01
4.686843632812500005e+02,-8.566982960026550131e+01
4.686846562499999891e+02,-8.396505680670090044e+01
4.686849492187500346e+02,-8.232372658243669150e+01
4.686852421875000232e+02,-8.299451987579315926e+01
4.686855351562500118e+02,-8.457810638357322830e+01
4.686858281250000005e+02,-8.310404241399525915e+01
4.686861210937499891e+02,-9.572182552156691315e+01
4.686864140625000346e+02,-8.483804216902099427e+01
4.686867070312500232e+02,-8.272961370968795336e+01
4.686870000000000118e+02,-8.087164759184011587e+01
4.686872929687500005e+02,-7.941014054752292850e+01
4.686875859374999891e+02,-7.935695018660136668e+01
4.686878789062500346e+02,-8.267051733735988250e+01
4.686881718750000232e+02,-8.456991461889205652e+01
4.686884648437500118e+02,-8.518520437811604040e+01
4.686887578125000005e+02,-9.404085158239836062e+01
4.686890507812499891e+02,-9.057496894276773958e+01
4.686893437500000346e+02,-8.513614014867486901e+01
4.686896367187500232e+02,-7.969475864296708778e+01
4.686899296875000118e+02,-7.738182171181156832e+01
4.686902226562500005e+02,-7.841510633987961398e+01
4.686905156249999891e+02,-8.529591535109729250e+01
4.686908085937500346e+02,-8.783471833515575611e+01
4.686911015625000232e+02,-9.369870025126580515e+01
4.686913945312500118e+02,-8.833769935696707876e+01
4.686916875000000005e+02,-9.248551782945691002e+01
4.686919804687499891e+02,-9.421293039720906393e+01
4.686922734375000346e+02,-8.050277765947143394e+01
4.686925664062500232e+02,-7.782139038977588541e+01
4.686928593750000118e+02,-7.952303745244522304e+01
4.686931523437500005e+02,-9.423660966797075389e+01
4.686934453124999891e+02,-8.924654937543013489e+01
4.686937382812500346e+02,-9.742029144567345611e+01
4.686940312500000232e+02,-8.434181207280822434e+01
4.686943242187500118e+02,-8.540543616395424920e+01
4.686946171875000005e+02,-9.347768827227071142e+01
4.686949101562499891e+02,-8.225654006459565437e+01
4.686952031250000346e+02,-8.052196329086137894e+01
4.686954960937500232e+02,-8.355227316037088769e+01
4.686957890625000118e+02,-9.133425867413447463e+01
4.686960820312500005e+02,-8.746604809299714134e+01
4.686963749999999891e+02,-8.987292897595202135e+01
4.686966679687500346e+02,-8.267374944834899964e+01
4.686969609375000232e+02,-8.382807269024580421e+01
4.686972539062500118e+02,-8.736741728422740039e+01
4.686975468750000005e+02,-8.651113654943503661e+01
4.686978398437499891e+02,-8.570187860422450399e+01
4.686981328125000346e+02,-8.921972855263867075e+01
4.686984257812500232e+02,-8.847581246387660769e+01
4.686987187500000118e+02,-8.972214042570288939e+01
4.686990117187500005e+02,-8.982004661932268164e+01
4.686993046874999891e+02,-8.175906894442312023e+01
4.686995976562500346e+02,-8.508961480853189130e+01
4.686998906250000232e+02,-8.863104891847515887e+01
4.687001835937500118e+02,-9.335644746626508095e+01
4.687004765625000005e+02,-9.300839174959754985e+01
4.687007695312499891e+02,-8.855398713257511645e+01
4.687010625000000346e+02,-8.779817672470051093e+01
4.687013554687500232e+02,-9.606122101169080452e+01
4.687016484375000118e+02,-8.731861972529253535e+01
4.687019414062500005e+02,-8.276297207674680578e+01
4.687022343749999891e+02,-8.745871066507370983e+01
4.687025273437500346e+02,-1.000438360116321945e+02
4.687028203125000232e+02,-9.416938598863291077e+01
4.687031132812500118e+02,-9.129296743684592741e+01
4.687034062500000005e+02,-8.963332780066886585e+01
4.687036992187499891e+02,-8.524310294790120679e+01
4.687039921875000346e+02,-8.490669672812158808e+01
4.687042851562500232e+02,-8.539150557131466712e+01
4.687045781250000118e+02,-8.281803678754849329e+01
4.687048710937500005e+02,-8.496065554323442370e+01
4.687051640624999891e+02,-9.251216929032881353e+01
4.687054570312500346e+02,-9.149108782942479934e+01
4.687057500000000232e+02,-8.603655714197721238e+01
4.687060429687500118e+02,-8.727492994458049225e+01
4.687063359375000005e+02,-8.229221883073611821e+01
4.687066289062499891e+02,-8.135433643539786885e+01
4.687069218750000346e+02,-8.433052763836070653e+01
4.687072148437500232e+02,-8.223791792283779500e+01
4.687075078125000118e+02,-8.152687727907698445e+01
4.687078007812500005e+02,-8.487277606748904191e+01
4.687080937499999891e+02,-8.952711119816514440e+01
4.687083867187500346e+02,-8.437594372148582522e+01
4.687086796875000232e+02,-8.355311441620152380e+01
4.687089726562500118e+02,-8.177477349754261127e+01
4.687092656250000005e+02,-8.361822673905727754e+01
4.687095585937499891e+02,-8.417638111995646000e+01
4.687098515625000346e+02,-8.217310116341286630e+01
4.687101445312500232e+02,-7.946194242799874985e+01
4.687104375000000118e+02,-8.342012756525502937e+01
4.687107304687500005e+02,-8.919144987527788260e+01
4.687110234374999891e+02,-8.239391861621540158e+01
4.687113164062500346e+02,-8.000655192917314196e+01
4.687116093750000232e+02,-8.319419641532350340e+01
4.687119023437500118e+02,-9.220993957559568344e+01
4.687121953125000005e+02,-8.791008331438351320e+01
4.687124882812499891e+02,-8.491776532193381399e+01
4.687127812500000346e+02,-7.968183318374168778e+01
4.687130742187500232e+02,-8.580219391881213653e+01
4.687133671875000118e+02,-8.800528896127489986e+01
4.687136601562500005e+02,-7.948361410493622259e+01
4.687139531249999891e+02,-7.736486288626339558e+01
4.687142460937500346e+02,-8.134587064778834531e+01
4.687145390625000232e+02,-9.141404613725376294e+01
4.687148320312500118e+02,-1.071279644779970113e+02
4.687151250000000005e+02,-8.829986729353348096e+01
4.687154179687499891e+02,-8.217481406316304060e+01
4.687157109375000346e+02,-9.246205182431539527e+01
4.687160039062500232e+02,-8.639911289009907591e+01
4.687162968750000118e+02,-7.808069002160291916e+01
4.687165898437500005e+02,-7.706751031800105523e+01
4.687168828124999891e+02,-7.931654042951396377e+01
4.687171757812500346e+02,-8.716072028556723694e+01
4.687174687500000232e+02,-8.946258458554166282e+01
4.687177617187500118e+02,-9.188388134749206415e+01
4.687180546875000005e+02,-8.737810036087481080e+01
4.687183476562499891e+02,-9.693617165885939357e+01
4.687186406250000346e+02,-8.475954859102782279e+01
4.687189335937500232e+02,-7.811037309227847913e+01
4.687192265625000118e+02,-7.722526972842986481e+01
4.687195195312500005e+02,-7.807479733188461068e+01
4.687198124999999891e+02,-8.689497185843065097e+01
4.687201054687500346e+02,-8.674060912433856174e+01
4.687203984375000232e+02,-9.317281019299079503e+01
4.687206914062500118e+02,-8.739297461016775515e+01
4.687209843750000005e+02,-8.757551608845444946e+01
4.687212773437499891e+02,-8.598717955072530117e+01
4.687215703125000346e+02,-8.082761225633092295e+01
4.687218632812500232e+02,-7.848747383970378166e+01
4.687221562500000118e+02,-7.879095316410814576e+01
4.687224492187500005e+02,-8.886055021829233169e+01
4.687227421874999891e+02,-8.504300231837919455e+01
4.687230351562500346e+02,-9.772808027555859667e+01
4.687233281250000232e+02,-8.631113226787633153e+01
4.687236210937500118e+02,-8.568342008906176943e+01
4.687239140625000005e+02,-8.618070524552557288e+01
4.687242070312499891e+02,-8.355073096176874969e+01
4.687245000000000346e+02,-8.020129999575912905e+01
4.687247929687500232e+02,-7.980888740323118213e+01
4.687250859375000118e+02,-9.179227369153478833e+01
4.687253789062500005e+02,-8.384785451649021581e+01
4.687256718749999891e+02,-9.322162811050945663e+01
4.687259648437500346e+02,-8.832010503324114836e+01
4.687262578125000232e+02,-8.300059364422932617e+01
4.687265507812500118e+02,-8.244818574079532425e+01
4.687268437500000005e+02,-8.509024391169447199e+01
4.687271367187499891e+02,-8.386930439787654734e+01
4.687274296875000346e+02,-8.307947423161203915e+01
4.687277226562500232e+02,-9.574092311031009217e+01
4.687280156250000118e+02,-8.343277069013934977e+01
4.687283085937500005e+02,-8.544244967826388404e+01
4.687286015624999891e+02,-8.709212735134840955e+01
4.687288945312500346e+02,-8.036490298873012250e+01
4.687291875000000232e+02,-8.159217949419561933e+01
4.687294804687500118e+02,-8.759072099927729482e+01
4.687297734375000005e+02,-9.358403739243098585e+01
4.687300664062499891e+02,-9.023047776192075276e+01
4.687303593750000346e+02,-9.385632939648162676e+01
4.687306523437500232e+02,-8.178098870531323428e+01
4.687309453125000118e+02,-7.948706467429300915e+01
4.687312382812500005e+02,-8.028388620444286516e+01
4.687315312499999891e+02,-8.052138132616974531e+01
4.687318242187500346e+02,-8.685908437057631204e+01
4.687321171875000232e+02,-9.610030567848546923e+01
4.687324101562500118e+02,-8.840786334376375066e+01
4.687327031250000005e+02,-1.061097469789697101e+02
4.687329960937499891e+02,-8.909321842311241824e+01
4.687332890625000346e+02,-7.969197939280785192e+01
4.687335820312500232e+02,-7.575575279525898509e+01
4.687338750000000118e+02,-7.770746568946992738e+01
4.687341679687500005e+02,-8.630822782059239273e+01
4.687344609374999891e+02,-8.322300500742815643e+01
4.687347539062500346e+02,-9.402525362389125974e+01
4.687350468750000232e+02,-8.384592522515814039e+01
4.687353398437500118e+02,-9.248634024851668300e+01
4.687356328125000005e+02,-8.943243342629276071e+01
4.687359257812499891e+02,-7.854212414211451687e+01
4.687362187500000346e+02,-7.441222203574679384e+01
4.687365117187500232e+02,-7.924769284604033714e+01
4.687368046875000118e+02,-8.644432739423321266e+01
4.687370976562500005e+02,-7.863391305913047802e+01
4.687373906249999891e+02,-8.806142137917524337e+01
4.687376835937500346e+02,-8.304498268844034214e+01
4.687379765625000232e+02,-8.781857953653279480e+01
4.687382695312500118e+02,-9.462094450647688859e+01
4.687385625000000005e+02,-7.784898721122971210e+01
4.687388554687499891e+02,-7.480075243863468870e+01
4.687391484375000346e+02,-8.538299248445864009e+01
4.687394414062500232e+02,-8.113441088134817392e+01
4.687397343750000118e+02,-7.800735626973441583e+01
4.687400273437500005e+02,-8.395487733276769404e+01
4.687403203124999891e+02,-8.248334477705527945e+01
4.687406132812500346e+02,-8.462280069714611841e+01
4.687409062500000232e+02,-9.072569207915663014e+01
4.687411992187500118e+02,-7.922818452330652406e+01
4.687414921875000005e+02,-7.841486600046023625e+01
4.687417851562499891e+02,-9.054745614328253112e+01
4.687420781250000346e+02,-8.082426967262280471e+01
4.687423710937500232e+02,-7.939972538624972742e+01
4.687426640625000118e+02,-8.113947183549805686e+01
4.687429570312500005e+02,-8.117202686102857001e+01
4.687432499999999891e+02,-8.184728058140306928e+01
4.687435429687500346e+02,-8.501056149911644866e+01
4.687438359375000232e+02,-8.572557510115356649e+01
4.687441289062500118e+02,-8.441679740537985310e+01
4.687444218750000005e+02,-8.548213266903788110e+01
4.687447148437499891e+02,-8.677006000705006272e+01
4.687450078125000346e+02,-8.328452461646389793e+01
4.687453007812500232e+02,-8.101372656145349538e+01
4.687455937500000118e+02,-8.135240885168643388e+01
4.687458867187500005e+02,-8.193279145371116101e+01
4.687461796874999891e+02,-8.352132939826454106e+01
4.687464726562500346e+02,-8.976181947055872001e+01
4.687467656250000232e+02,-8.324299281100245196e+01
4.687470585937500118e+02,-8.554669236324642156e+01
4.687473515625000005e+02,-9.743028812126524940e+01
4.687476445312499891e+02,-8.793605000937213845e+01
4.687479375000000346e+02,-8.495477249961039945e+01
4.687482304687500232e+02,-8.294310198259552180e+01
4.687485234375000118e+02,-8.578680479419155347e+01
4.687488164062500005e+02,-8.311548151763523151e+01
4.687491093749999891e+02,-8.445733239247664415e+01
4.687494023437500346e+02,-8.168649694899144720e+01
4.687496953125000232e+02,-8.647643548640110112e+01
4.687499882812500118e+02,-8.854733937882028272e+01
4.687502812500000005e+02,-9.288363502735430188e+01
4.687505742187499891e+02,-8.554572443361470846e+01
4.687508671875000346e+02,-8.383856014919233246e+01
4.687511601562500232e+02,-9.078617909791836382e+01
4.687514531250000118e+02,-8.361404080626527957e+01
4.687517460937500005e+02,-8.604332337522579621e+01
4.687520390624999891e+02,-8.288685897761565968e+01
4.687523320312500346e+02,-8.630487496279060622e+01
4.687526250000000232e+02,-8.932603913887759006e+01
4.687529179687500118e+02,-8.775903917632781770e+01
4.687532109375000005e+02,-8.199655576497849552e+01
4.687535039062499891e+02,-8.599956272976669425e+01
4.687537968750000346e+02,-8.490108829745643959e+01
4.687540898437500232e+02,-8.644055299125628267e+01
4.687543828125000118e+02,-9.118112755954362569e+01
4.687546757812500005e+02,-8.280001335984414368e+01
4.687549687499999891e+02,-8.445892592787637909e+01
4.687552617187500346e+02,-9.802734369595944486e+01
4.687555546875000232e+02,-8.520345774469308253e+01
4.687558476562500118e+02,-8.249459118927475743e+01
4.687561406250000005e+02,-8.629246718939566563e+01
4.687564335937499891e+02,-8.255264393250288890e+01
4.687567265625000346e+02,-8.453924184914507123e+01
4.687570195312500232e+02,-9.028859043913709570e+01
4.687573125000000118e+02,-8.190704929460657979e+01
4.687576054687500005e+02,-8.328606690865838402e+01
4.687578984374999891e+02,-8.572886201998591105e+01
4.687581914062500346e+02,-8.571036020478445039e+01
4.687584843750000232e+02,-8.520142855956788708e+01
4.687587773437500118e+02,-8.569365965181472689e+01
4.687590703125000005e+02,-8.260990553494789879e+01
4.687593632812499891e+02,-8.360256367008034317e+01
4.687596562500000346e+02,-8.653349934149457567e+01
4.687599492187500232e+02,-8.101013979505060547e+01
4.687602421875000118e+02,-8.172944329032829103e+01
4.687605351562500005e+02,-8.156924471838222246e+01
4.687608281249999891e+02,-8.218657457087699925e+01
4.687611210937500346e+02,-8.417362397343963210e+01
4.687614140625000232e+02,-8.582739895890200899e+01
4.687617070312500118e+02,-8.338734159791059142e+01
