Frequency_MHz,Power_dBHz
4.663620000000000232e+02,-8.315167877845901501e+01
4.663622929687500118e+02,-8.439521533579875268e+01
4.663625859375000005e+02,-8.335730738026694553e+01
4.663628789062499891e+02,-9.009734393503043748e+01
4.663631718750000346e+02,-8.727017801238221750e+01
4.663634648437500232e+02,-8.075642664169296836e+01
4.663637578125000118e+02,-7.867051828772315503e+01
4.663640507812500005e+02,-8.101468089303878628e+01
4.663643437499999891e+02,-8.014544698405261158e+01
4.663646367187500346e+02,-8.419402080756918849e+01
4.663649296875000232e+02,-8.910383022796543173e+01
4.663652226562500118e+02,-9.206321655993512820e+01
4.663655156250000005e+02,-8.292568800216741920e+01
4.663658085937499891e+02,-9.219760632197176164e+01
4.663661015625000346e+02,-8.846011353945706901e+01
4.663663945312500232e+02,-1.026102915472823156e+02
4.663666875000000118e+02,-8.230307896366323916e+01
4.663669804687500005e+02,-8.437538881893954112e+01
4.663672734374999891e+02,-9.629911548421225120e+01
4.663675664062500346e+02,-9.274638348010618927e+01
4.663678593750000232e+02,-9.430946027651998520e+01
4.663681523437500118e+02,-9.022352760412496764e+01
4.663684453125000005e+02,-8.477849917342757635e+01
4.663687382812499891e+02,-8.499823679218710026e+01
4.663690312500000346e+02,-8.595763557363997620e+01
4.663693242187500232e+02,-8.708956929285855608e+01
4.663696171875000118e+02,-9.072237523048099206e+01
4.663699101562500005e+02,-8.620517014394917510e+01
4.663702031249999891e+02,-8.807847598044249082e+01
4.663704960937500346e+02,-8.486868263245567334e+01
4.663707890625000232e+02,-8.355788932008695724e+01
4.663710820312500118e+02,-8.637963282250298391e+01
4.663713750000000005e+02,-7.846347655125204312e+01
4.663716679687499891e+02,-8.008895782559943655e+01
4.663719609375000346e+02,-1.012298787791022505e+02
4.663722539062500232e+02,-9.552277127467618811e+01
4.663725468750000118e+02,-8.370466478148900080e+01
4.663728398437500005e+02,-9.690863983054296682e+01
4.663731328124999891e+02,-8.323384250101958060e+01
4.663734257812500346e+02,-8.768420129520409034e+01
4.663737187500000232e+02,-9.288601514771642087e+01
4.663740117187500118e+02,-8.372374917831182017e+01
4.663743046875000005e+02,-8.292897100574126057e+01
4.663745976562499891e+02,-8.768388058258402395e+01
4.663748906250000346e+02,-9.771438639912312851e+01
4.663751835937500232e+02,-8.432889348957436937e+01
4.663754765625000118e+02,-7.939195009778143231e+01
4.663757695312500005e+02,-7.976540865472478004e+01
4.663760624999999891e+02,-8.606654204553409215e+01
4.663763554687500346e+02,-8.199241622524689888e+01
4.663766484375000232e+02,-8.137052776515035646e+01
4.663769414062500118e+02,-8.916848846583194188e+01
4.663772343750000005e+02,-9.302947293300516662e+01
4.663775273437499891e+02,-8.566728784844767119e+01
4.663778203125000346e+02,-9.137592247684084157e+01
4.663781132812500232e+02,-8.711242192833451270e+01
4.663784062500000118e+02,-8.927060008686638071e+01
4.663786992187500005e+02,-8.661505648801460211e+01
4.663789921874999891e+02,-8.760468111818779846e+01
4.663792851562500346e+02,-8.462643068427836113e+01
4.663795781250000232e+02,-9.024521356979475684e+01
4.663798710937500118e+02,-8.812065196627814601e+01
4.663801640625000005e+02,-9.030260018819822676e+01
4.663804570312499891e+02,-9.672896488864526532e+01
4.663807500000000346e+02,-9.865208649898052329e+01
4.663810429687500232e+02,-9.589803482051607375e+01
4.663813359375000118e+02,-8.826223716500999217e+01
4.663816289062500005e+02,-8.728851581033089246e+01
4.663819218749999891e+02,-8.803635624553926675e+01
4.663822148437500346e+02,-8.587888405092701305e+01
4.663825078125000232e+02,-8.125588015816062182e+01
4.663828007812500118e+02,-8.031004100385223410e+01
4.663830937500000005e+02,-7.908486021153095180e+01
4.663833867187499891e+02,-8.355452025266642124e+01
4.663836796875000346e+02,-9.037259672842000668e+01
4.663839726562500232e+02,-8.860440014806815157e+01
4.663842656250000118e+02,-8.266705392258000984e+01
4.663845585937500005e+02,-8.183831779759597680e+01
4.663848515624999891e+02,-8.255495605031889284e+01
4.663851445312500346e+02,-8.752048339121672882e+01
4.663854375000000232e+02,-8.595454603425551454e+01
4.663857304687500118e+02,-9.447288969917509860e+01
4.663860234375000005e+02,-8.384898689640618841e+01
4.663863164062499891e+02,-8.111193636885643343e+01
4.663866093750000346e+02,-9.050470419792630139e+01
4.663869023437500232e+02,-9.250657204298546787e+01
4.663871953125000118e+02,-9.096816147343443504e+01
4.663874882812500005e+02,-8.874026520842627974e+01
4.663877812499999891e+02,-8.918298523253181997e+01
4.663880742187500346e+02,-9.189555585645510405e+01
4.663883671875000232e+02,-8.510725873887999171e+01
4.663886601562500118e+02,-8.066697770592229233e+01
4.663889531250000005e+02,-7.927327436851446407e+01
4.663892460937499891e+02,-8.693957479467530902e+01
4.663895390625000346e+02,-8.100142468068855806e+01
4.663898320312500232e+02,-8.043004443718825769e+01
4.663901250000000118e+02,-8.079000795177714167e+01
4.663904179687500005e+02,-8.269662909383660576e+01
4.663907109374999891e+02,-9.403803127914230231e+01
4.663910039062500346e+02,-9.237221019989776494e+01
4.663912968750000232e+02,-8.482410802055227350e+01
4.663915898437500118e+02,-8.316187448240856384e+01
4.663918828125000005e+02,-9.445003834430482925e+01
4.663921757812499891e+02,-9.620988052391550127e+01
4.663924687500000346e+02,-7.933781562731617498e+01
4.663927617187500232e+02,-7.732970094732189636e+01
4.663930546875000118e+02,-8.056663123220887712e+01
4.663933476562500005e+02,-8.579345338516307606e+01
4.663936406249999891e+02,-9.567863988693980559e+01
4.663939335937500346e+02,-8.032715785772791151e+01
4.663942265625000232e+02,-8.544553566740933093e+01
4.663945195312500118e+02,-8.432534432131504332e+01
4.663948125000000005e+02,-8.478556306322433045e+01
4.663951054687499891e+02,-8.596199761084592694e+01
4.663953984375000346e+02,-8.225876473803857891e+01
4.663956914062500232e+02,-8.646761608150487177e+01
4.663959843750000118e+02,-1.027310175902516960e+02
4.663962773437500005e+02,-9.361397225628600438e+01
4.663965703124999891e+02,-8.980610542821578690e+01
4.663968632812500346e+02,-8.250789551970879643e+01
4.663971562500000232e+02,-8.139945724625603418e+01
4.663974492187500118e+02,-8.074392139103696309e+01
4.663977421875000005e+02,-7.897989260515382171e+01
4.663980351562499891e+02,-8.057411639932820435e+01
4.663983281250000346e+02,-8.157145235759422519e+01
4.663986210937500232e+02,-8.617094962771368216e+01
4.663989140625000118e+02,-8.657922823058081008e+01
4.663992070312500005e+02,-8.688612026375686526e+01
4.663994999999999891e+02,-8.995415529729515924e+01
4.663997929687500346e+02,-8.998741654633175813e+01
4.664000859375000232e+02,-8.823954486416886311e+01
4.664003789062500118e+02,-8.365916365439900915e+01
4.664006718750000005e+02,-8.105777553468668373e+01
4.664009648437499891e+02,-9.456167522140036397e+01
4.664012578125000346e+02,-8.889464633896042756e+01
4.664015507812500232e+02,-8.691654872026795431e+01
4.664018437500000118e+02,-8.251756204754131829e+01
4.664021367187500005e+02,-8.405539475747183076e+01
4.664024296874999891e+02,-8.932122540559321067e+01
4.664027226562500346e+02,-8.851346563312388582e+01
4.664030156250000232e+02,-8.675046581385069544e+01
4.664033085937500118e+02,-8.565335583820514387e+01
4.664036015625000005e+02,-8.757969627710900795e+01
4.664038945312499891e+02,-8.454043068067589672e+01
4.664041875000000346e+02,-8.303160708287867919e+01
4.664044804687500232e+02,-8.527721986611611271e+01
4.664047734375000118e+02,-9.178167887743690301e+01
4.664050664062500005e+02,-8.429026839146305861e+01
4.664053593749999891e+02,-8.168289677614055222e+01
4.664056523437500346e+02,-8.331169155674517413e+01
4.664059453125000232e+02,-8.363848083702168879e+01
4.664062382812500118e+02,-8.334466091554639888e+01
4.664065312500000005e+02,-8.082213117199869146e+01
4.664068242187499891e+02,-8.885336526472791263e+01
4.664071171875000346e+02,-8.463040362370247749e+01
4.664074101562500232e+02,-8.427785742457082563e+01
4.664077031250000118e+02,-1.067321549683821047e+02
4.664079960937500005e+02,-8.104596728751319290e+01
4.664082890624999891e+02,-7.825567996780823421e+01
4.664085820312500346e+02,-8.089787946772511873e+01
4.664088750000000232e+02,-8.110568770459263988e+01
4.664091679687500118e+02,-9.312565609109272202e+01
4.664094609375000005e+02,-9.162058013371535026e+01
4.664097539062499891e+02,-9.740717545966748503e+01
4.664100468750000346e+02,-9.484837909863921368e+01
4.664103398437500232e+02,-9.103509709667798688e+01
4.664106328125000118e+02,-9.041149156683107435e+01
4.664109257812500005e+02,-8.521808678870885956e+01
4.664112187499999891e+02,-8.413718841519069258e+01
4.664115117187500346e+02,-8.748275543147943267e+01
4.664118046875000232e+02,-8.666729847979217993e+01
4.664120976562500118e+02,-8.390962545438604536e+01
4.664123906250000005e+02,-8.597794165984035430e+01
4.664126835937499891e+02,-9.176076341905857703e+01
4.664129765625000346e+02,-8.721326509405136562e+01
4.664132695312500232e+02,-9.653382241521670437e+01
4.664135625000000118e+02,-8.524025845861240214e+01
4.664138554687500005e+02,-8.081846422312267464e+01
4.664141484374999891e+02,-8.080642880445262222e+01
4.664144414062500346e+02,-8.713692916199541116e+01
4.664147343750000232e+02,-8.617680586957725097e+01
4.664150273437500118e+02,-8.196382937964365567e+01
4.664153203125000005e+02,-7.936806788833970927e+01
4.664156132812499891e+02,-1.000024210497971779e+02
4.664159062500000346e+02,-7.978089760449870482e+01
4.664161992187500232e+02,-7.880196022626330432e+01
4.664164921875000118e+02,-7.973775319753757174e+01
4.664167851562500005e+02,-8.141575227270789128e+01
4.664170781249999891e+02,-8.317211627594075196e+01
4.664173710937500346e+02,-9.005642138366943072e+01
4.664176640625000232e+02,-8.180698114826897438e+01
4.664179570312500118e+02,-9.230817632537403483e+01
4.664182500000000005e+02,-9.090857648589641826e+01
4.664185429687499891e+02,-8.794611517386948663e+01
4.664188359375000346e+02,-8.804493756468481536e+01
4.664191289062500232e+02,-8.176028296778179083e+01
4.664194218750000118e+02,-8.267321897872517411e+01
4.664197148437500005e+02,-8.340797812890721730e+01
4.664200078124999891e+02,-8.603695751556300308e+01
4.664203007812500346e+02,-8.645972112189929248e+01
4.664205937500000232e+02,-8.486070238980083502e+01
4.664208867187500118e+02,-8.493042168533925462e+01
4.664211796875000005e+02,-8.392770731989696742e+01
4.664214726562499891e+02,-8.766768479793262259e+01
4.664217656250000346e+02,-8.419249621335465861e+01
4.664220585937500232e+02,-8.414124706540435739e+01
4.664223515625000118e+02,-8.564278441157831878e+01
4.664226445312500005e+02,-8.730020911875610068e+01
4.664229374999999891e+02,-1.032713256794504986e+02
4.664232304687500346e+02,-1.008301127985591847e+02
4.664235234375000232e+02,-8.579946088441036522e+01
4.664238164062500118e+02,-8.337206655439310055e+01
4.664241093750000005e+02,-8.900021477940227044e+01
4.664244023437499891e+02,-8.775305753290645328e+01
4.664246953125000346e+02,-9.416527639763472735e+01
4.664249882812500232e+02,-9.097819484385479427e+01
4.664252812500000118e+02,-8.881080366752351551e+01
4.664255742187500005e+02,-1.048706814347229965e+02
4.664258671874999891e+02,-8.133672973358605418e+01
4.664261601562500346e+02,-9.345442228802545515e+01
4.664264531250000232e+02,-8.428756632667369786e+01
4.664267460937500118e+02,-8.064189109092957608e+01
4.664270390625000005e+02,-8.203920582143064166e+01
4.664273320312499891e+02,-9.347815873493269123e+01
4.664276250000000346e+02,-8.843545246444662666e+01
4.664279179687500232e+02,-8.066220157325241757e+01
4.664282109375000118e+02,-8.017443422241902340e+01
4.664285039062500005e+02,-9.234181406560024641e+01
4.664287968749999891e+02,-7.938249516785992910e+01
4.664290898437500346e+02,-8.000534782204636031e+01
4.664293828125000232e+02,-8.524632874814896866e+01
4.664296757812500118e+02,-8.608373932437702081e+01
4.664299687500000005e+02,-9.488659108774965034e+01
4.664302617187499891e+02,-1.041950072631304636e+02
4.664305546875000346e+02,-8.785221858688009888e+01
4.664308476562500232e+02,-8.703517018867792387e+01
4.664311406250000118e+02,-9.293909528937439291e+01
4.664314335937500005e+02,-8.104897162598740579e+01
4.664317265624999891e+02,-8.060834757055721411e+01
4.664320195312500346e+02,-8.518899789106063736e+01
4.664323125000000232e+02,-8.343214070924700820e+01
4.664326054687500118e+02,-8.438796044442752020e+01
4.664328984375000005e+02,-8.700750179064951340e+01
4.664331914062499891e+02,-8.836079372224007500e+01
4.664334843750000346e+02,-8.316186048452144064e+01
4.664337773437500232e+02,-8.917466962727397117e+01
4.664340703125000118e+02,-9.041131066781238701e+01
4.664343632812500005e+02,-9.998021137423306470e+01
4.664346562499999891e+02,-8.465791097875367655e+01
4.664349492187500346e+02,-8.897056075573026135e+01
4.664352421875000232e+02,-8.152960388640889278e+01
4.664355351562500118e+02,-7.669750035147373524e+01
4.664358281250000005e+02,-8.450548083662653198e+01
4.664361210937499891e+02,-8.644077619919329436e+01
4.664364140625000346e+02,-9.091561090608182383e+01
4.664367070312500232e+02,-8.531850074038135290e+01
4.664370000000000118e+02,-8.451833210910308480e+01
4.664372929687500005e+02,-7.966461629779104214e+01
4.664375859374999891e+02,-8.338285286124424545e+01
4.664378789062500346e+02,-8.590002333547708702e+01
4.664381718750000232e+02,-8.048979283981857691e+01
4.664384648437500118e+02,-8.476596591948820958e+01
4.664387578125000005e+02,-8.705979970754675890e+01
4.664390507812499891e+02,-9.311009313899971573e+01
4.664393437500000346e+02,-9.268350246336991916e+01
4.664396367187500232e+02,-8.472516219290930906e+01
4.664399296875000118e+02,-8.696909047924565073e+01
4.664402226562500005e+02,-8.743445513678942405e+01
4.664405156249999891e+02,-8.462098358522850106e+01
4.664408085937500346e+02,-8.464323816464056449e+01
4.664411015625000232e+02,-8.954667653626964352e+01
4.664413945312500118e+02,-9.471308329657810532e+01
4.664416875000000005e+02,-8.883467485236684524e+01
4.664419804687499891e+02,-8.313203730709705042e+01
4.664422734375000346e+02,-8.954509797932054482e+01
4.664425664062500232e+02,-9.159568999809545176e+01
4.664428593750000118e+02,-8.651696729348635984e+01
4.664431523437500005e+02,-9.157700018895100413e+01
4.664434453124999891e+02,-9.386867861169784533e+01
4.664437382812500346e+02,-9.637360116446261316e+01
4.664440312500000232e+02,-8.142282517637704586e+01
4.664443242187500118e+02,-7.868261763272168707e+01
4.664446171875000005e+02,-8.089820570318062209e+01
4.664449101562499891e+02,-8.012227474084693313e+01
4.664452031250000346e+02,-9.110731644103067595e+01
4.664454960937500232e+02,-9.298688317475378540e+01
4.664457890625000118e+02,-9.282919257949147607e+01
4.664460820312500005e+02,-8.258047383690829690e+01
4.664463749999999891e+02,-8.153183052481500681e+01
4.664466679687500346e+02,-8.760749890218711755e+01
4.664469609375000232e+02,-9.371832282851786999e+01
4.664472539062500118e+02,-9.181896026233792441e+01
4.664475468750000005e+02,-9.356531650461171523e+01
4.664478398437499891e+02,-8.918157685410422175e+01
4.664481328125000346e+02,-8.908498690173134094e+01
4.664484257812500232e+02,-8.538057410940362502e+01
4.664487187500000118e+02,-8.752474798846357373e+01
4.664490117187500005e+02,-8.738281227377470373e+01
4.664493046874999891e+02,-8.764814177455632205e+01
4.664495976562500346e+02,-8.087283931145168481e+01
4.664498906250000232e+02,-7.777154899046497860e+01
4.664501835937500118e+02,-8.098923107898528428e+01
4.664504765625000005e+02,-8.750943839874905450e+01
4.664507695312499891e+02,-8.232747937241771297e+01
4.664510625000000346e+02,-8.309169256806345061e+01
4.664513554687500232e+02,-8.178542581077900309e+01
4.664516484375000118e+02,-8.776063090069563088e+01
4.664519414062500005e+02,-8.327114343942888297e+01
4.664522343749999891e+02,-8.978627123855160619e+01
4.664525273437500346e+02,-8.466847712649227731e+01
4.664528203125000232e+02,-8.525389035117213155e+01
4.664531132812500118e+02,-8.373163773156156253e+01
4.664534062500000005e+02,-8.125678035501984198e+01
4.664536992187499891e+02,-8.738435371425758547e+01
4.664539921875000346e+02,-9.321230271175794257e+01
4.664542851562500232e+02,-9.487661089786966784e+01
4.664545781250000118e+02,-9.081517445071413874e+01
4.664548710937500005e+02,-8.875654695508750081e+01
4.664551640624999891e+02,-8.759970042675007562e+01
4.664554570312500346e+02,-9.272430168974678111e+01
4.664557500000000232e+02,-9.391865153352657103e+01
4.664560429687500118e+02,-8.885595954837449995e+01
4.664563359375000005e+02,-8.219502924653268394e+01
4.664566289062499891e+02,-8.101681263534538857e+01
4.664569218750000346e+02,-9.091526711742872635e+01
4.664572148437500232e+02,-8.727324727376122837e+01
4.664575078125000118e+02,-9.144647008468815841e+01
4.664578007812500005e+02,-8.499280255040690690e+01
4.664580937499999891e+02,-8.918966610165534803e+01
4.664583867187500346e+02,-8.622792789370009814e+01
4.664586796875000232e+02,-8.427405586991660869e+01
4.664589726562500118e+02,-8.632048149259965442e+01
4.664592656250000005e+02,-9.299958139798965817e+01
4.664595585937499891e+02,-8.428396336769445440e+01
4.664598515625000346e+02,-8.226895451830989714e+01
4.664601445312500232e+02,-8.921587207762983951e+01
4.664604375000000118e+02,-8.518270911936100731e+01
4.664607304687500005e+02,-8.399579727180493194e+01
4.664610234374999891e+02,-9.262128624222154372e+01
4.664613164062500346e+02,-9.039560501338019094e+01
4.664616093750000232e+02,-8.888947906833371349e+01
4.664619023437500118e+02,-9.088295954312691549e+01
4.664621953125000005e+02,-8.732759876101494001e+01
4.664624882812499891e+02,-8.489834958350695615e+01
4.664627812500000346e+02,-8.679304039345115029e+01
4.664630742187500232e+02,-8.300952365246234876e+01
4.664633671875000118e+02,-9.034912970827298295e+01
4.664636601562500005e+02,-8.273000116284148930e+01
4.664639531249999891e+02,-1.006341741319058656e+02
4.664642460937500346e+02,-8.152747713636117055e+01
4.664645390625000232e+02,-8.184694372364427295e+01
4.664648320312500118e+02,-8.475568727327316765e+01
4.664651250000000005e+02,-8.491102368742988915e+01
4.664654179687499891e+02,-8.872396235531641651e+01
4.664657109375000346e+02,-9.512693574253628981e+01
4.664660039062500232e+02,-9.089568780818866855e+01
4.664662968750000118e+02,-8.758050832708178746e+01
4.664665898437500005e+02,-8.503195033067733277e+01
4.664668828124999891e+02,-8.742609480256867016e+01
4.664671757812500346e+02,-8.522681821828180659e+01
4.664674687500000232e+02,-8.392138219740036220e+01
4.664677617187500118e+02,-8.258306591652733175e+01
4.664680546875000005e+02,-8.548879037675405357e+01
4.664683476562499891e+02,-9.360742366898422517e+01
4.664686406250000346e+02,-9.793860331660516749e+01
4.664689335937500232e+02,-9.044569650359549939e+01
4.664692265625000118e+02,-8.614368866097167654e+01
4.664695195312500005e+02,-8.417244041856650938e+01
4.664698124999999891e+02,-9.119009191298844996e+01
4.664701054687500346e+02,-8.707796344801714383e+01
4.664703984375000232e+02,-8.732163884819246391e+01
4.664706914062500118e+02,-7.869482892184348088e+01
4.664709843750000005e+02,-8.255491346432707189e+01
4.664712773437499891e+02,-8.509480795174924594e+01
4.664715703125000346e+02,-8.316477238911453185e+01
4.664718632812500232e+02,-8.219274235600060763e+01
4.664721562500000118e+02,-8.075202465333255475e+01
4.664724492187500005e+02,-8.788033728972548886e+01
4.664727421874999891e+02,-9.264326968902599901e+01
4.664730351562500346e+02,-9.642163762666118032e+01
4.664733281250000232e+02,-9.324660815998221608e+01
4.664736210937500118e+02,-8.682141203602876089e+01
4.664739140625000005e+02,-8.576228670874422733e+01
4.664742070312499891e+02,-8.348972527602907689e+01
4.664745000000000346e+02,-8.216748888014593888e+01
4.664747929687500232e+02,-9.408371883508340261e+01
4.664750859375000118e+02,-8.396475672028542192e+01
4.664753789062500005e+02,-9.924901894702577465e+01
4.664756718749999891e+02,-8.464297680382166789e+01
4.664759648437500346e+02,-8.212778254541355238e+01
4.664762578125000232e+02,-8.229208577511620604e+01
4.664765507812500118e+02,-9.205652860306186369e+01
4.664768437500000005e+02,-1.042938253948817504e+02
4.664771367187499891e+02,-9.211340445165629376e+01
4.664774296875000346e+02,-9.361295976884655090e+01
4.664777226562500232e+02,-8.929000698727566032e+01
4.664780156250000118e+02,-8.433378367130217157e+01
4.664783085937500005e+02,-8.311558842759615118e+01
4.664786015624999891e+02,-8.599983834815965622e+01
4.664788945312500346e+02,-8.887502290085571133e+01
4.664791875000000232e+02,-8.978014289671760650e+01
4.664794804687500118e+02,-9.245950394522863292e+01
4.664797734375000005e+02,-9.451896719640322431e+01
4.664800664062499891e+02,-8.701125125182858255e+01
4.664803593750000346e+02,-8.772776111831758783e+01
4.664806523437500232e+02,-8.850866809223566634e+01
4.664809453125000118e+02,-8.637238934617565178e+01
4.664812382812500005e+02,-8.954221403772203303e+01
4.664815312499999891e+02,-7.922923802202436150e+01
4.664818242187500346e+02,-8.579715872200833360e+01
4.664821171875000232e+02,-9.654369165587806378e+01
4.664824101562500118e+02,-8.634961425087170994e+01
4.664827031250000005e+02,-8.534200586760084661e+01
4.664829960937499891e+02,-8.776125159066056369e+01
4.664832890625000346e+02,-9.822060450712895374e+01
4.664835820312500232e+02,-9.202375943828062077e+01
4.664838750000000118e+02,-9.091091083585735078e+01
4.664841679687500005e+02,-8.602461809769762624e+01
4.664844609374999891e+02,-9.465800360710315431e+01
4.664847539062500346e+02,-8.761714078290245311e+01
4.664850468750000232e+02,-8.588684620255443747e+01
4.664853398437500118e+02,-8.803373321987677969e+01
4.664856328125000005e+02,-8.422413309777439849e+01
4.664859257812499891e+02,-8.309794895766516731e+01
4.664862187500000346e+02,-8.589257893659875265e+01
4.664865117187500232e+02,-8.934667474663814346e+01
4.664868046875000118e+02,-8.145570312774196964e+01
4.664870976562500005e+02,-8.312986426075609359e+01
4.664873906249999891e+02,-9.291137525602204050e+01
4.664876835937500346e+02,-8.919479446503825670e+01
4.664879765625000232e+02,-8.646625260736541918e+01
4.664882695312500118e+02,-9.837901308738619832e+01
4.664885625000000005e+02,-9.824879143059705200e+01
4.664888554687499891e+02,-8.593875951877279817e+01
4.664891484375000346e+02,-8.833323776182328402e+01
4.664894414062500232e+02,-9.201771093187343808e+01
4.664897343750000118e+02,-8.315019440029271891e+01
4.664900273437500005e+02,-8.706786178807062981e+01
4.664903203124999891e+02,-8.622343755342268423e+01
4.664906132812500346e+02,-8.390462002855383616e+01
4.664909062500000232e+02,-8.491288905966791845e+01
4.664911992187500118e+02,-8.512286064529128282e+01
4.664914921875000005e+02,-8.390324745562375597e+01
4.664917851562499891e+02,-8.397273285372911289e+01
4.664920781250000346e+02,-8.414322519975968362e+01
4.664923710937500232e+02,-8.018682406331052448e+01
4.664926640625000118e+02,-8.670677209895997350e+01
4.664929570312500005e+02,-8.533727765238894847e+01
4.664932499999999891e+02,-9.236012294519201760e+01
4.664935429687500346e+02,-8.446861139179334543e+01
4.664938359375000232e+02,-1.024258286694280287e+02
4.664941289062500118e+02,-8.329690926311472765e+01
4.664944218750000005e+02,-9.159871058472629102e+01
4.664947148437499891e+02,-8.133591643077892286e+01
4.664950078125000346e+02,-7.923483595892894016e+01
4.664953007812500232e+02,-8.354490249754806541e+01
4.664955937500000118e+02,-9.255791098477060075e+01
4.664958867187500005e+02,-9.045542226301103028e+01
4.664961796874999891e+02,-8.485094181170464367e+01
4.664964726562500346e+02,-8.744875923517938077e+01
4.664967656250000232e+02,-8.756646960025484816e+01
4.664970585937500118e+02,-8.671160567100469052e+01
4.664973515625000005e+02,-1.083854381423602575e+02
4.664976445312499891e+02,-8.551672063903819776e+01
4.664979375000000346e+02,-8.723065399270512899e+01
4.664982304687500232e+02,-8.757516686880035195e+01
4.664985234375000118e+02,-8.549408388158853711e+01
4.664988164062500005e+02,-8.452048632086408020e+01
4.664991093749999891e+02,-8.376171432074711731e+01
4.664994023437500346e+02,-8.686493182731096852e+01
4.664996953125000232e+02,-8.655871905745600259e+01
4.664999882812500118e+02,-8.329905712862598932e+01
4.665002812500000005e+02,-8.799410591044070884e+01
4.665005742187499891e+02,-9.170165692790610024e+01
4.665008671875000346e+02,-8.693914769834032086e+01
4.665011601562500232e+02,-8.345486267465764740e+01
4.665014531250000118e+02,-8.550793065052710062e+01
4.665017460937500005e+02,-8.362614142495229430e+01
4.665020390624999891e+02,-8.740592110586122487e+01
4.665023320312500346e+02,-8.644829478539854506e+01
4.665026250000000232e+02,-9.343498518142880016e+01
4.665029179687500118e+02,-8.807766210599253043e+01
4.665032109375000005e+02,-8.450186800603137272e+01
4.665035039062499891e+02,-9.311739198622588276e+01
4.665037968750000346e+02,-9.097328290872189882e+01
4.665040898437500232e+02,-8.824949303724848448e+01
4.665043828125000118e+02,-9.648652899194001975e+01
4.665046757812500005e+02,-8.628264292447263983e+01
4.665049687499999891e+02,-8.832301332278829875e+01
4.665052617187500346e+02,-8.497974951807343302e+01
4.665055546875000232e+02,-7.958479473393536807e+01
4.665058476562500118e+02,-7.972451653152218398e+01
4.665061406250000005e+02,-8.856745501435500501e+01
4.665064335937499891e+02,-8.850140211194258200e+01
4.665067265625000346e+02,-9.590155892117819292e+01
4.665070195312500232e+02,-8.587151156370913441e+01
4.665073125000000118e+02,-1.064601921202579291e+02
4.665076054687500005e+02,-8.084260842965660743e+01
4.665078984374999891e+02,-8.285926245721881855e+01
4.665081914062500346e+02,-9.021900543286824359e+01
4.665084843750000232e+02,-9.520933576627207628e+01
4.665087773437500118e+02,-8.655689808088922632e+01
4.665090703125000005e+02,-8.780337536612972826e+01
4.665093632812499891e+02,-9.236178976679168784e+01
4.665096562500000346e+02,-8.767208778284955883e+01
4.665099492187500232e+02,-8.048207030923310867e+01
4.665102421875000118e+02,-8.347208981027984009e+01
4.665105351562500005e+02,-8.725778902660098879e+01
4.665108281249999891e+02,-9.123979741246211006e+01
4.665111210937500346e+02,-8.640288260278344978e+01
4.665114140625000232e+02,-8.510711002849291162e+01
4.665117070312500118e+02,-8.229860175182940907e+01
4.665120000000000005e+02,-8.316120607328267056e+01
4.665122929687499891e+02,-8.535810123448283093e+01
4.665125859375000346e+02,-9.662675995551680330e+01
4.665128789062500232e+02,-9.618002531287670820e+01
4.665131718750000118e+02,-8.671979110982364602e+01
4.665134648437500005e+02,-8.552908112038812760e+01
4.665137578124999891e+02,-9.213845863909357092e+01
4.665140507812500346e+02,-9.508391686008917532e+01
4.665143437500000232e+02,-9.874651873287385229e+01
4.665146367187500118e+02,-8.634954081315059682e+01
4.665149296875000005e+02,-8.621662372890830284e+01
4.665152226562499891e+02,-9.173333277555698828e+01
4.665155156250000346e+02,-9.658280949554497852e+01
4.665158085937500232e+02,-9.283766101284292915e+01
4.665161015625000118e+02,-8.396650129212532931e+01
4.665163945312500005e+02,-8.348934429071634611e+01
4.665166874999999891e+02,-9.129022247329189099e+01
4.665169804687500346e+02,-8.221598313407780267e+01
4.665172734375000232e+02,-8.987984394265991739e+01
4.665175664062500118e+02,-8.720159268122272067e+01
4.665178593750000005e+02,-8.755072563648441530e+01
4.665181523437499891e+02,-8.493362292346033371e+01
4.665184453125000346e+02,-7.984504285060235418e+01
4.665187382812500232e+02,-7.803908653012554453e+01
4.665190312500000118e+02,-8.323455120201856516e+01
4.665193242187500005e+02,-8.497413192448952657e+01
4.665196171874999891e+02,-8.452559976607324188e+01
4.665199101562500346e+02,-8.817328052552177553e+01
4.665202031250000232e+02,-8.997569037751600263e+01
4.665204960937500118e+02,-9.019071956285358738e+01
4.665207890625000005e+02,-8.856592883450250042e+01
4.665210820312499891e+02,-9.995422070749879140e+01
4.665213750000000346e+02,-8.689271237539952608e+01
4.665216679687500232e+02,-8.582134765363740314e+01
4.665219609375000118e+02,-8.777071164702257988e+01
4.665222539062500005e+02,-9.031736005718222771e+01
4.665225468749999891e+02,-8.240550248549257617e+01
4.665228398437500346e+02,-8.218964709558906634e+01
4.665231328125000232e+02,-8.845233575757458766e+01
4.665234257812500118e+02,-8.588186028469235112e+01
4.665237187500000005e+02,-8.411545277502477802e+01
4.665240117187499891e+02,-8.830468433587611798e+01
4.665243046875000346e+02,-8.431478001208388662e+01
4.665245976562500232e+02,-9.787114834562716226e+01
4.665248906250000118e+02,-9.289167661041092572e+01
4.665251835937500005e+02,-8.288601411531709573e+01
4.665254765624999891e+02,-7.854468357929847855e+01
4.665257695312500346e+02,-8.013685670429617858e+01
4.665260625000000232e+02,-8.824680918882675940e+01
4.665263554687500118e+02,-8.764640824409946163e+01
4.665266484375000005e+02,-9.044394941025522883e+01
4.665269414062499891e+02,-8.186523383022600342e+01
4.665272343750000346e+02,-8.612712084540689261e+01
4.665275273437500232e+02,-9.261378754647294897e+01
4.665278203125000118e+02,-9.159657416464428081e+01
4.665281132812500005e+02,-9.128000851227116641e+01
4.665284062499999891e+02,-9.044730078936433415e+01
4.665286992187500346e+02,-9.325040684178047456e+01
4.665289921875000232e+02,-8.577914829985003564e+01
4.665292851562500118e+02,-9.540405608076395083e+01
4.665295781250000005e+02,-8.925616819406819502e+01
4.665298710937499891e+02,-8.359208365569914179e+01
4.665301640625000346e+02,-8.134808653122581745e+01
4.665304570312500232e+02,-8.167473549804662980e+01
4.665307500000000118e+02,-8.318850615725681052e+01
4.665310429687500005e+02,-8.973012738126368504e+01
4.665313359374999891e+02,-9.199385105880196534e+01
4.665316289062500346e+02,-9.999349090077842561e+01
4.665319218750000232e+02,-9.309885231550298101e+01
4.665322148437500118e+02,-9.632892254473503613e+01
4.665325078125000005e+02,-8.356046506916806038e+01
4.665328007812499891e+02,-7.977311295885156994e+01
4.665330937500000346e+02,-8.113984928583045075e+01
4.665333867187500232e+02,-8.194742199654388060e+01
4.665336796875000118e+02,-8.187962227891060252e+01
4.665339726562500005e+02,-8.685884572169490525e+01
4.665342656249999891e+02,-9.161578402895594309e+01
4.665345585937500346e+02,-9.458573850247159953e+01
4.665348515625000232e+02,-9.332872928841322846e+01
4.665351445312500118e+02,-8.980362560113792370e+01
4.665354375000000005e+02,-8.494711855911208431e+01
4.665357304687499891e+02,-8.525768139042405380e+01
4.665360234375000346e+02,-8.711028789163948716e+01
4.665363164062500232e+02,-8.764989461701802043e+01
4.665366093750000118e+02,-9.559199539067247997e+01
4.665369023437500005e+02,-9.248373614632738793e+01
4.665371953124999891e+02,-9.005631168932677610e+01
4.665374882812500346e+02,-8.624323009976291132e+01
4.665377812500000232e+02,-7.918472805644650236e+01
4.665380742187500118e+02,-8.093834761133439315e+01
4.665383671875000005e+02,-8.855902080825480027e+01
4.665386601562499891e+02,-8.740406120630782993e+01
4.665389531250000346e+02,-8.452051613630672477e+01
4.665392460937500232e+02,-1.015947088138229901e+02
4.665395390625000118e+02,-8.598267171392761554e+01
4.665398320312500005e+02,-8.479477315561845785e+01
4.665401249999999891e+02,-8.326674355437660324e+01
4.665404179687500346e+02,-8.228912178545250811e+01
4.665407109375000232e+02,-8.669976649488913267e+01
4.665410039062500118e+02,-8.776816913871718384e+01
4.665412968750000005e+02,-8.323152698226758162e+01
4.665415898437499891e+02,-8.430583010531148602e+01
4.665418828125000346e+02,-9.413642943006533415e+01
4.665421757812500232e+02,-8.442978055705714269e+01
4.665424687500000118e+02,-8.169218762963551228e+01
4.665427617187500005e+02,-8.471338209932181940e+01
4.665430546874999891e+02,-8.161744675349630995e+01
4.665433476562500346e+02,-8.370151081526188364e+01
4.665436406250000232e+02,-8.674087768069193771e+01
4.665439335937500118e+02,-8.968787789748391504e+01
4.665442265625000005e+02,-8.142238091620163232e+01
4.665445195312499891e+02,-8.208291239577064857e+01
4.665448125000000346e+02,-8.209604242936023866e+01
4.665451054687500232e+02,-8.260611631559429213e+01
4.665453984375000118e+02,-8.549997279774686376e+01
4.665456914062500005e+02,-8.419997357926368409e+01
4.665459843749999891e+02,-8.565128925956300066e+01
4.665462773437500346e+02,-8.848350303965031571e+01
4.665465703125000232e+02,-8.410317052102398350e+01
4.665468632812500118e+02,-7.961983168105741981e+01
4.665471562500000005e+02,-9.327775181561679574e+01
4.665474492187499891e+02,-9.401083930747672923e+01
4.665477421875000346e+02,-8.470726526173942261e+01
4.665480351562500232e+02,-8.007213505648010710e+01
4.665483281250000118e+02,-8.089629647812365931e+01
4.665486210937500005e+02,-9.751675195849767874e+01
4.665489140624999891e+02,-8.417890115045784682e+01
4.665492070312500346e+02,-8.567083860797326622e+01
4.665495000000000232e+02,-8.554223172376305229e+01
4.665497929687500118e+02,-7.982358848399525186e+01
4.665500859375000005e+02,-8.908169666655247454e+01
4.665503789062499891e+02,-9.386530731033310815e+01
4.665506718750000346e+02,-1.011780848300361981e+02
4.665509648437500232e+02,-9.667839625105612811e+01
4.665512578125000118e+02,-1.009847763762692665e+02
4.665515507812500005e+02,-9.873351463882316637e+01
4.665518437499999891e+02,-8.348597818140702032e+01
4.665521367187500346e+02,-8.112951091607378373e+01
4.665524296875000232e+02,-8.448232694890926098e+01
4.665527226562500118e+02,-8.771505701455288317e+01
4.665530156250000005e+02,-9.757810988185150336e+01
4.665533085937499891e+02,-8.690045312027757518e+01
4.665536015625000346e+02,-8.192702949970332327e+01
4.665538945312500232e+02,-8.327934357236836149e+01
4.665541875000000118e+02,-8.559650058686612795e+01
4.665544804687500005e+02,-7.775998406382367989e+01
4.665547734374999891e+02,-7.652259346479559099e+01
4.665550664062500346e+02,-7.967888189184901648e+01
4.665553593750000232e+02,-8.474717797994927082e+01
4.665556523437500118e+02,-8.738035671390876757e+01
4.665559453125000005e+02,-1.016222253383310914e+02
4.665562382812499891e+02,-8.993740094048868627e+01
4.665565312500000346e+02,-8.564240641162672318e+01
4.665568242187500232e+02,-9.078552674800646116e+01
4.665571171875000118e+02,-8.959726323888232002e+01
4.665574101562500005e+02,-8.620200726270977043e+01
4.665577031249999891e+02,-8.577091037772709115e+01
4.665579960937500346e+02,-8.394059963713203842e+01
4.665582890625000232e+02,-9.132759411715628062e+01
4.665585820312500118e+02,-8.190194643199440350e+01
4.665588750000000005e+02,-8.396518818007118057e+01
4.665591679687499891e+02,-9.564630223432897083e+01
4.665594609375000346e+02,-8.904530565212530746e+01
4.665597539062500232e+02,-8.242438270662289312e+01
4.665600468750000118e+02,-8.291315777899050943e+01
4.665603398437500005e+02,-8.542588398480873479e+01
4.665606328124999891e+02,-8.444459217700651266e+01
4.665609257812500346e+02,-7.862034734953246584e+01
4.665612187500000232e+02,-7.730196199937637402e+01
4.665615117187500118e+02,-7.985644925892697188e+01
4.665618046875000005e+02,-8.923147715159672089e+01
4.665620976562499891e+02,-8.564338434627529750e+01
4.665623906250000346e+02,-8.803032181257333377e+01
4.665626835937500232e+02,-8.525266337561932062e+01
4.665629765625000118e+02,-9.104357346993418787e+01
4.665632695312500005e+02,-9.231628685132982071e+01
4.665635624999999891e+02,-9.100563085252093742e+01
4.665638554687500346e+02,-8.693721652929646382e+01
4.665641484375000232e+02,-8.126096045335609119e+01
4.665644414062500118e+02,-8.161766099321479828e+01
4.665647343750000005e+02,-8.073950970989821485e+01
4.665650273437499891e+02,-8.424300530169909962e+01
4.665653203125000346e+02,-8.648956324050729449e+01
4.665656132812500232e+02,-8.985490086286711175e+01
4.665659062500000118e+02,-9.427454861561960797e+01
4.665661992187500005e+02,-8.973472862092492619e+01
4.665664921874999891e+02,-9.708160366029426314e+01
4.665667851562500346e+02,-8.845766803166344516e+01
4.665670781250000232e+02,-8.672389080507471704e+01
4.665673710937500118e+02,-8.047674723386101903e+01
4.665676640625000005e+02,-8.526095808163354661e+01
4.665679570312499891e+02,-8.612913282973360651e+01
4.665682500000000346e+02,-8.631444075158249518e+01
4.665685429687500232e+02,-8.898304071637652157e+01
4.665688359375000118e+02,-9.004847576986779245e+01
4.665691289062500005e+02,-8.324476159725654156e+01
4.665694218749999891e+02,-8.327954315114345718e+01
4.665697148437500346e+02,-8.289030975553581015e+01
4.665700078125000232e+02,-8.769267844513262844e+01
4.665703007812500118e+02,-8.878102613777839736e+01
4.665705937500000005e+02,-8.439592991875331052e+01
4.665708867187499891e+02,-8.953927771732593044e+01
4.665711796875000346e+02,-9.004877478401442659e+01
4.665714726562500232e+02,-8.908382692018348337e+01
4.665717656250000118e+02,-8.518214886083448789e+01
4.665720585937500005e+02,-8.733356676698463161e+01
4.665723515624999891e+02,-8.581849973146596255e+01
4.665726445312500346e+02,-9.858853168501843811e+01
4.665729375000000232e+02,-8.713032377671788709e+01
4.665732304687500118e+02,-8.555260596973680265e+01
4.665735234375000005e+02,-8.582020969275119171e+01
4.665738164062499891e+02,-8.321149236259319082e+01
4.665741093750000346e+02,-8.821416582713993648e+01
4.665744023437500232e+02,-8.659681931851345382e+01
4.665746953125000118e+02,-8.943582493009952827e+01
4.665749882812500005e+02,-8.369457130899256470e+01
4.665752812499999891e+02,-8.310225792831225533e+01
4.665755742187500346e+02,-8.581551571902704723e+01
4.665758671875000232e+02,-8.429704760355707549e+01
4.665761601562500118e+02,-9.000777967714512329e+01
4.665764531250000005e+02,-9.355679938827007902e+01
4.665767460937499891e+02,-8.883900036198718908e+01
4.665770390625000346e+02,-9.758478153923965692e+01
4.665773320312500232e+02,-8.657731147935614047e+01
4.665776250000000118e+02,-8.270833620960276278e+01
4.665779179687500005e+02,-8.209366688271103385e+01
4.665782109374999891e+02,-8.689897299339622805e+01
4.665785039062500346e+02,-8.597802858509625423e+01
4.665787968750000232e+02,-8.855547747114320600e+01
4.665790898437500118e+02,-8.425337429684303459e+01
4.665793828125000005e+02,-8.276675216476644437e+01
4.665796757812499891e+02,-9.538636132407943080e+01
4.665799687500000346e+02,-8.395979754059590050e+01
4.665802617187500232e+02,-7.695611799929581309e+01
4.665805546875000118e+02,-8.020117330655791932e+01
4.665808476562500005e+02,-8.736269963293420915e+01
4.665811406249999891e+02,-8.875707649975902314e+01
4.665814335937500346e+02,-8.476594820086589266e+01
4.665817265625000232e+02,-9.378159607088021232e+01
4.665820195312500118e+02,-8.340571270845812535e+01
4.665823125000000005e+02,-8.959725703371270811e+01
4.665826054687499891e+02,-9.101236484442230790e+01
4.665828984375000346e+02,-8.808969718400442162e+01
4.665831914062500232e+02,-8.758269115418309525e+01
4.665834843750000118e+02,-8.097123388346352613e+01
4.665837773437500005e+02,-8.195533090221761086e+01
4.665840703124999891e+02,-7.982407437883911427e+01
4.665843632812500346e+02,-7.934276810544558600e+01
4.665846562500000232e+02,-8.527393340112271858e+01
4.665849492187500118e+02,-8.020871190928028227e+01
4.665852421875000005e+02,-7.948618607187691509e+01
4.665855351562499891e+02,-8.340125325878568674e+01
4.665858281250000346e+02,-8.275692931056303792e+01
4.665861210937500232e+02,-8.416445973599807928e+01
4.665864140625000118e+02,-8.650200297283711848e+01
4.665867070312500005e+02,-8.137564906437744128e+01
4.665869999999999891e+02,-7.947300988187996040e+01
4.665872929687500346e+02,-8.802823966150695867e+01
4.665875859375000232e+02,-9.251244737514177530e+01
4.665878789062500118e+02,-9.894015726841681158e+01
4.665881718750000005e+02,-8.979117149800664777e+01
4.665884648437499891e+02,-9.106135288964293295e+01
4.665887578125000346e+02,-9.086360373446792948e+01
4.665890507812500232e+02,-8.610719856598849731e+01
4.665893437500000118e+02,-8.301767293298722450e+01
4.665896367187500005e+02,-8.260450732055780065e+01
4.665899296874999891e+02,-8.823633896878274641e+01
4.665902226562500346e+02,-8.421275001305860997e+01
4.665905156250000232e+02,-7.809168974025060095e+01
4.665908085937500118e+02,-7.902146231460604042e+01
4.665911015625000005e+02,-7.981366735984512673e+01
4.665913945312499891e+02,-8.392305246947097430e+01
4.665916875000000346e+02,-8.358719144298513015e+01
4.665919804687500232e+02,-8.880922859055749541e+01
4.665922734375000118e+02,-8.493592690432751624e+01
4.665925664062500005e+02,-8.616422885281322408e+01
4.665928593749999891e+02,-9.002972639080972783e+01
4.665931523437500346e+02,-9.135002247578854906e+01
4.665934453125000232e+02,-8.778293787627191591e+01
4.665937382812500118e+02,-8.671739711012067175e+01
4.665940312500000005e+02,-8.285924286412372908e+01
4.665943242187499891e+02,-8.355947321711589382e+01
4.665946171875000346e+02,-8.624999634334535870e+01
4.665949101562500232e+02,-8.450438645097068502e+01
4.665952031250000118e+02,-8.908411396453556108e+01
4.665954960937500005e+02,-8.394017437654433422e+01
4.665957890624999891e+02,-7.957711402726461358e+01
4.665960820312500346e+02,-8.083285711534384177e+01
4.665963750000000232e+02,-9.387291120649321385e+01
4.665966679687500118e+02,-8.238313885485872845e+01
4.665969609375000005e+02,-7.775437332875358720e+01
4.665972539062499891e+02,-8.347566663757446292e+01
4.665975468750000346e+02,-8.921118535971496044e+01
4.665978398437500232e+02,-9.090239956401137533e+01
4.665981328125000118e+02,-8.170561852431131911e+01
4.665984257812500005e+02,-8.978450348139462278e+01
4.665987187499999891e+02,-8.660604237644241721e+01
4.665990117187500346e+02,-9.305270683393432307e+01
4.665993046875000232e+02,-8.790019870306316818e+01
4.665995976562500118e+02,-8.811793186416110757e+01
4.665998906250000005e+02,-8.667112771898872836e+01
4.666001835937499891e+02,-8.626191787991773197e+01
4.666004765625000346e+02,-9.561396203188026277e+01
4.666007695312500232e+02,-8.813349232648482712e+01
4.666010625000000118e+02,-8.475649662202948775e+01
4.666013554687500005e+02,-8.818275801634806044e+01
4.666016484374999891e+02,-9.167512913655437501e+01
4.666019414062500346e+02,-8.695001077423728475e+01
4.666022343750000232e+02,-8.941493050058363679e+01
4.666025273437500118e+02,-8.569008300765204922e+01
4.666028203125000005e+02,-9.339205241495365328e+01
4.666031132812499891e+02,-8.200471175245741051e+01
4.666034062500000346e+02,-7.719321236102955197e+01
4.666036992187500232e+02,-7.912957400254083495e+01
4.666039921875000118e+02,-8.399137212243513773e+01
4.666042851562500005e+02,-8.820355225890597239e+01
4.666045781249999891e+02,-8.019507835553139330e+01
4.666048710937500346e+02,-8.889773764596182559e+01
4.666051640625000232e+02,-9.210117704862281585e+01
4.666054570312500118e+02,-8.219054174560378101e+01
4.666057500000000005e+02,-8.447460666011960484e+01
4.666060429687499891e+02,-8.399137297352255871e+01
4.666063359375000346e+02,-8.414934969299110890e+01
4.666066289062500232e+02,-8.277254311749473459e+01
4.666069218750000118e+02,-8.825994001813734258e+01
4.666072148437500005e+02,-8.514291217873923756e+01
4.666075078124999891e+02,-8.375619561517561351e+01
4.666078007812500346e+02,-9.159804051301858863e+01
4.666080937500000232e+02,-9.521420947553345115e+01
4.666083867187500118e+02,-9.855428795428753119e+01
4.666086796875000005e+02,-8.984153368948230423e+01
4.666089726562499891e+02,-8.915292425759562889e+01
4.666092656250000346e+02,-8.529658355911193723e+01
4.666095585937500232e+02,-8.562606622484494778e+01
4.666098515625000118e+02,-8.275143088706852268e+01
4.666101445312500005e+02,-8.137651094834208720e+01
4.666104374999999891e+02,-8.528456213880437531e+01
4.666107304687500346e+02,-9.022405057755442215e+01
4.666110234375000232e+02,-8.212394268451403434e+01
4.666113164062500118e+02,-8.680205365321313593e+01
4.666116093750000005e+02,-8.131020528315917772e+01
4.666119023437499891e+02,-8.178727772526326589e+01
4.666121953125000346e+02,-8.802384529379133937e+01
4.666124882812500232e+02,-8.796503108778321689e+01
4.666127812500000118e+02,-8.350425469830263125e+01
4.666130742187500005e+02,-8.065773211125987530e+01
4.666133671874999891e+02,-9.162774733456485876e+01
4.666136601562500346e+02,-9.096447413176287000e+01
4.666139531250000232e+02,-8.359593998211947508e+01
4.666142460937500118e+02,-7.948122604645797651e+01
4.666145390625000005e+02,-8.582057464165069405e+01
4.666148320312499891e+02,-9.110936835133256295e+01
4.666151250000000346e+02,-8.674339961760782103e+01
4.666154179687500232e+02,-8.066460734963561663e+01
4.666157109375000118e+02,-8.788205140721777298e+01
4.666160039062500005e+02,-8.623558120906928082e+01
4.666162968749999891e+02,-8.829371108016223957e+01
4.666165898437500346e+02,-8.850946465675002628e+01
4.666168828125000232e+02,-8.337700087863419185e+01
4.666171757812500118e+02,-8.184914100853706032e+01
4.666174687500000005e+02,-7.888179339410066859e+01
4.666177617187499891e+02,-7.893600716121846972e+01
4.666180546875000346e+02,-8.173039010942946447e+01
4.666183476562500232e+02,-8.194139880926358899e+01
4.666186406250000118e+02,-8.399647161977409837e+01
4.666189335937500005e+02,-8.744386107221117754e+01
4.666192265624999891e+02,-9.516268641430200148e+01
4.666195195312500346e+02,-9.172765748721610635e+01
4.666198125000000232e+02,-8.850773884222118681e+01
4.666201054687500118e+02,-8.439621382175296560e+01
4.666203984375000005e+02,-8.929779788854870048e+01
4.666206914062499891e+02,-8.524863488491706676e+01
4.666209843750000346e+02,-8.574088644693397043e+01
4.666212773437500232e+02,-8.445616764709960478e+01
4.666215703125000118e+02,-9.107634470715829877e+01
4.666218632812500005e+02,-8.173191034542014677e+01
4.666221562499999891e+02,-8.279309648969567093e+01
4.666224492187500346e+02,-8.227217872440063218e+01
4.666227421875000232e+02,-7.996568740377267659e+01
4.666230351562500118e+02,-8.341321527665833457e+01
4.666233281250000005e+02,-8.435240987173159510e+01
4.666236210937499891e+02,-8.920395600746439868e+01
4.666239140625000346e+02,-8.383058362963966204e+01
4.666242070312500232e+02,-8.356764276196719265e+01
4.666245000000000118e+02,-8.460202143240022110e+01
4.666247929687500005e+02,-8.723508300473909571e+01
4.666250859374999891e+02,-9.540812963713904082e+01
4.666253789062500346e+02,-8.845839436253199040e+01
4.666256718750000232e+02,-8.885449344132726424e+01
4.666259648437500118e+02,-8.424408198710813167e+01
4.666262578125000005e+02,-9.802994787360685791e+01
4.666265507812499891e+02,-8.357481252451792386e+01
4.666268437500000346e+02,-9.495630245942606962e+01
4.666271367187500232e+02,-8.647810264061023133e+01
4.666274296875000118e+02,-8.560812758558586211e+01
4.666277226562500005e+02,-8.177946549516670416e+01
4.666280156249999891e+02,-8.874511881009081549e+01
4.666283085937500346e+02,-8.522267078535185192e+01
4.666286015625000232e+02,-8.275939420238778155e+01
4.666288945312500118e+02,-7.987386577165376877e+01
4.666291875000000005e+02,-8.338860325578090738e+01
4.666294804687499891e+02,-8.917997459405908955e+01
4.666297734375000346e+02,-8.783604600914151206e+01
4.666300664062500232e+02,-8.581980566421421486e+01
4.666303593750000118e+02,-8.513539220533131413e+01
4.666306523437500005e+02,-8.744780222223656097e+01
4.666309453124999891e+02,-8.285063236489486371e+01
4.666312382812500346e+02,-8.011776964366225684e+01
4.666315312500000232e+02,-8.787614033157831273e+01
4.666318242187500118e+02,-8.254448730522462085e+01
4.666321171875000005e+02,-7.944473003279273371e+01
4.666324101562499891e+02,-7.722522337220536315e+01
4.666327031250000346e+02,-8.442085549111352805e+01
4.666329960937500232e+02,-8.634700660164727992e+01
4.666332890625000118e+02,-8.672408122299339084e+01
4.666335820312500005e+02,-8.762417124087379250e+01
4.666338749999999891e+02,-8.070767904411903260e+01
4.666341679687500346e+02,-7.788543579213714452e+01
4.666344609375000232e+02,-8.223734146479300477e+01
4.666347539062500118e+02,-8.409450371035967464e+01
4.666350468750000005e+02,-7.938307657521815486e+01
4.666353398437499891e+02,-7.972938572242942712e+01
4.666356328125000346e+02,-8.239034103102855511e+01
4.666359257812500232e+02,-9.071934342662153483e+01
4.666362187500000118e+02,-9.039845673423485550e+01
4.666365117187500005e+02,-8.215369139830514200e+01
4.666368046874999891e+02,-8.401798412678390093e+01
4.666370976562500346e+02,-8.935471455424290355e+01
4.666373906250000232e+02,-9.935753105941481067e+01
4.666376835937500118e+02,-8.713729497050309192e+01
4.666379765625000005e+02,-8.650579892115987946e+01
4.666382695312499891e+02,-9.424853304823446365e+01
4.666385625000000346e+02,-8.752289668084257812e+01
4.666388554687500232e+02,-7.865687603285378771e+01
4.666391484375000118e+02,-8.114927593486639523e+01
4.666394414062500005e+02,-9.767733460403518109e+01
4.666397343749999891e+02,-8.756943481956908215e+01
4.666400273437500346e+02,-9.907762295147287546e+01
4.666403203125000232e+02,-9.204394886485572158e+01
4.666406132812500118e+02,-8.682892042521484655e+01
4.666409062500000005e+02,-8.346962465328911662e+01
4.666411992187499891e+02,-7.774818935043812473e+01
4.666414921875000346e+02,-7.711130027735775627e+01
4.666417851562500232e+02,-8.318912571349159180e+01
4.666420781250000118e+02,-8.695394657196382582e+01
4.666423710937500005e+02,-8.528401624886485877e+01
4.666426640624999891e+02,-8.151452874509116953e+01
4.666429570312500346e+02,-8.654448770780939526e+01
4.666432500000000232e+02,-8.368941010847700568e+01
4.666435429687500118e+02,-9.378213894643241133e+01
4.666438359375000005e+02,-8.609748840837164607e+01
4.666441289062499891e+02,-8.374320800480825255e+01
4.666444218750000346e+02,-9.141794499900177584e+01
4.666447148437500232e+02,-8.793495906434617382e+01
4.666450078125000118e+02,-8.339795562427781306e+01
4.666453007812500005e+02,-8.989662532302716613e+01
4.666455937499999891e+02,-8.671797215367345757e+01
4.666458867187500346e+02,-8.887212158576367926e+01
4.666461796875000232e+02,-8.196765494675588570e+01
4.666464726562500118e+02,-8.154909196182870801e+01
4.666467656250000005e+02,-8.140669557400214273e+01
4.666470585937499891e+02,-9.338729762216779307e+01
4.666473515625000346e+02,-9.855585573571948999e+01
4.666476445312500232e+02,-8.198787154268677568e+01
4.666479375000000118e+02,-7.873276180819422621e+01
4.666482304687500005e+02,-8.026392748804158828e+01
4.666485234374999891e+02,-9.196853594270726262e+01
4.666488164062500346e+02,-8.666740963450898505e+01
4.666491093750000232e+02,-8.311107797598411651e+01
4.666494023437500118e+02,-8.961588142094436193e+01
4.666496953125000005e+02,-9.521932147883501329e+01
4.666499882812499891e+02,-8.404738427053783312e+01
4.666502812500000346e+02,-8.121940672523997762e+01
4.666505742187500232e+02,-9.735401602795766962e+01
4.666508671875000118e+02,-8.192278044778744572e+01
4.666511601562500005e+02,-8.168330194322081184e+01
4.666514531249999891e+02,-8.242906939916255737e+01
4.666517460937500346e+02,-9.462700660152053445e+01
4.666520390625000232e+02,-8.266758153075033988e+01
4.666523320312500118e+02,-9.661799894187637960e+01
4.666526250000000005e+02,-8.303584562533920632e+01
4.666529179687499891e+02,-8.410583150131864727e+01
4.666532109375000346e+02,-8.181104199781043462e+01
4.666535039062500232e+02,-8.365132321667022097e+01
4.666537968750000118e+02,-8.248435540577997926e+01
4.666540898437500005e+02,-9.290577354572165802e+01
4.666543828124999891e+02,-9.210463186433975125e+01
4.666546757812500346e+02,-8.643090326866325768e+01
4.666549687500000232e+02,-8.419326439994549105e+01
4.666552617187500118e+02,-9.189381482955012359e+01
4.666555546875000005e+02,-8.701679315127442749e+01
4.666558476562499891e+02,-8.556163697192799589e+01
4.666561406250000346e+02,-9.078472516665985381e+01
4.666564335937500232e+02,-9.419477491383202050e+01
4.666567265625000118e+02,-8.276636020765764101e+01
4.666570195312500005e+02,-8.193418104155125548e+01
4.666573124999999891e+02,-9.017035983239951236e+01
4.666576054687500346e+02,-8.985144995850612304e+01
4.666578984375000232e+02,-8.284457736689330432e+01
4.666581914062500118e+02,-8.392914789401768871e+01
4.666584843750000005e+02,-8.665953485537558265e+01
4.666587773437499891e+02,-8.574759814293115312e+01
4.666590703125000346e+02,-9.812479748955092873e+01
4.666593632812500232e+02,-8.005082263508954554e+01
4.666596562500000118e+02,-7.958934153361022368e+01
4.666599492187500005e+02,-8.460622018355286400e+01
4.666602421874999891e+02,-8.293093695430212620e+01
4.666605351562500346e+02,-9.540969602634018543e+01
4.666608281250000232e+02,-8.383870387116934353e+01
4.666611210937500118e+02,-8.412599313904129872e+01
4.666614140625000005e+02,-9.525955413628574320e+01
4.666617070312499891e+02,-8.490887741985633852e+01
4.666620000000000346e+02,-8.153337800502667676e+01
4.666622929687500232e+02,-7.701705686053033162e+01
4.666625859375000118e+02,-8.376171392808487326e+01
4.666628789062500005e+02,-8.630004561624494386e+01
4.666631718749999891e+02,-8.466974909346303946e+01
4.666634648437500346e+02,-8.528202362781968304e+01
4.666637578125000232e+02,-8.201903743611360653e+01
4.666640507812500118e+02,-8.883652578754720253e+01
4.666643437500000005e+02,-9.163636269710252691e+01
4.666646367187499891e+02,-8.235567886634350998e+01
4.666649296875000346e+02,-8.247362958396897170e+01
4.666652226562500232e+02,-8.525527515953697844e+01
4.666655156250000118e+02,-8.603957823166096830e+01
4.666658085937500005e+02,-8.442228921492178983e+01
4.666661015624999891e+02,-8.605309714781725461e+01
4.666663945312500346e+02,-8.643181787166091112e+01
4.666666875000000232e+02,-8.399018842685963193e+01
4.666669804687500118e+02,-8.786230725047460055e+01
4.666672734375000005e+02,-8.273490502609094221e+01
4.666675664062499891e+02,-8.007367004096761320e+01
4.666678593750000346e+02,-8.569412938085676501e+01
4.666681523437500232e+02,-8.637471186396078338e+01
4.666684453125000118e+02,-9.067631035804424755e+01
4.666687382812500005e+02,-8.249034737926025684e+01
4.666690312499999891e+02,-8.222957201220799561e+01
4.666693242187500346e+02,-8.640079608997783112e+01
4.666696171875000232e+02,-8.525493399213659984e+01
4.666699101562500118e+02,-9.039712177122426340e+01
4.666702031250000005e+02,-9.059172009154268324e+01
4.666704960937499891e+02,-8.447656260674020245e+01
4.666707890625000346e+02,-8.403099999583970714e+01
4.666710820312500232e+02,-8.002528155126542231e+01
4.666713750000000118e+02,-8.089779715079707501e+01
4.666716679687500005e+02,-8.033581726133985512e+01
4.666719609374999891e+02,-8.344018919693745318e+01
4.666722539062500346e+02,-8.426661671063600068e+01
4.666725468750000232e+02,-8.205899675325568410e+01
4.666728398437500118e+02,-7.976974972183529644e+01
4.666731328125000005e+02,-8.103071651784372875e+01
4.666734257812499891e+02,-8.113588579688541813e+01
4.666737187500000346e+02,-7.874174130022201723e+01
4.666740117187500232e+02,-7.792419457237744496e+01
4.666743046875000118e+02,-9.327669026935799934e+01
4.666745976562500005e+02,-8.367779618516883033e+01
4.666748906249999891e+02,-8.036093491018223745e+01
4.666751835937500346e+02,-7.327513450215224111e+01
4.666754765625000232e+02,-7.459251091363987030e+01
4.666757695312500118e+02,-8.372875330908129854e+01
4.666760625000000005e+02,-8.342713493887629284e+01
4.666763554687499891e+02,-8.292090230116593830e+01
4.666766484375000346e+02,-8.290676344923039665e+01
4.666769414062500232e+02,-7.827104095223485558e+01
4.666772343750000118e+02,-7.960099811848402851e+01
4.666775273437500005e+02,-8.169285477199977663e+01
4.666778203124999891e+02,-8.129164672148186810e+01
4.666781132812500346e+02,-8.102666237285602335e+01
4.666784062500000232e+02,-8.555857950718645100e+01
4.666786992187500118e+02,-8.575106456655561260e+01
4.666789921875000005e+02,-8.130321653223506928e+01
4.666792851562499891e+02,-9.356247829566014218e+01
4.666795781250000346e+02,-8.426296927764566647e+01
4.666798710937500232e+02,-8.232379257480828016e+01
4.666801640625000118e+02,-8.250483270472807362e+01
4.666804570312500005e+02,-7.854765648806341005e+01
4.666807499999999891e+02,-8.051992185956443393e+01
4.666810429687500346e+02,-8.462680248823963325e+01
4.666813359375000232e+02,-8.991453968145933118e+01
4.666816289062500118e+02,-7.937676710226631371e+01
4.666819218750000005e+02,-8.006300305920318294e+01
4.666822148437499891e+02,-8.411261135436339487e+01
4.666825078125000346e+02,-8.504503703962430450e+01
4.666828007812500232e+02,-9.269619129438910932e+01
4.666830937500000118e+02,-8.730706257973089635e+01
4.666833867187500005e+02,-8.601130901296393461e+01
4.666836796874999891e+02,-8.342308114758228044e+01
4.666839726562500346e+02,-7.893068442439592047e+01
4.666842656250000232e+02,-8.251522375183648705e+01
4.666845585937500118e+02,-9.179133987937018446e+01
4.666848515625000005e+02,-8.208668799524141946e+01
4.666851445312499891e+02,-7.977945309345132330e+01
4.666854375000000346e+02,-7.845537496576002923e+01
4.666857304687500232e+02,-8.323350523545141755e+01
4.666860234375000118e+02,-8.939458942697362431e+01
4.666863164062500005e+02,-9.233694430313150292e+01
4.666866093749999891e+02,-8.528819239889627113e+01
4.666869023437500346e+02,-8.209265455084569396e+01
4.666871953125000232e+02,-8.147572861345138051e+01
4.666874882812500118e+02,-8.610771620618307054e+01
4.666877812500000005e+02,-8.941104006987129083e+01
4.666880742187499891e+02,-8.194885361139770907e+01
4.666883671875000346e+02,-7.878557105147311290e+01
4.666886601562500232e+02,-8.058017161594480626e+01
4.666889531250000118e+02,-8.108055144368807987e+01
4.666892460937500005e+02,-8.734624325726542793e+01
4.666895390624999891e+02,-8.440403923717653356e+01
4.666898320312500346e+02,-8.263941749335350551e+01
4.666901250000000232e+02,-8.616437903119924613e+01
4.666904179687500118e+02,-8.214978389019437088e+01
4.666907109375000005e+02,-7.939965073444285792e+01
4.666910039062499891e+02,-8.063758080696892705e+01
4.666912968750000346e+02,-8.225866461744304559e+01
4.666915898437500232e+02,-8.103607550942525961e+01
4.666918828125000118e+02,-8.505461763527014796e+01
4.666921757812500005e+02,-9.195554842669952222e+01
4.666924687499999891e+02,-9.320342446014608129e+01
4.666927617187500346e+02,-9.035660924309507891e+01
4.666930546875000232e+02,-9.057579463521068419e+01
4.666933476562500118e+02,-8.023384383007028475e+01
4.666936406250000005e+02,-7.778190612249149183e+01
4.666939335937499891e+02,-7.882327424102990676e+01
4.666942265625000346e+02,-8.347790528174422775e+01
4.666945195312500232e+02,-8.443873039704875794e+01
4.666948125000000118e+02,-8.247714561630571950e+01
4.666951054687500005e+02,-8.834885798095876908e+01
4.666953984374999891e+02,-8.713008252358449113e+01
4.666956914062500346e+02,-9.198200286953758109e+01
4.666959843750000232e+02,-8.169156781244157628e+01
4.666962773437500118e+02,-8.175396184233366625e+01
4.666965703125000005e+02,-9.625649011723564286e+01
4.666968632812499891e+02,-8.776973959560584149e+01
4.666971562500000346e+02,-8.166513258764796035e+01
4.666974492187500232e+02,-7.834473378315784942e+01
4.666977421875000118e+02,-7.686396554895611644e+01
4.666980351562500005e+02,-7.915794673212437260e+01
4.666983281249999891e+02,-8.475618317303462845e+01
4.666986210937500346e+02,-8.733611854751366366e+01
4.666989140625000232e+02,-9.025697933420488539e+01
4.666992070312500118e+02,-8.766845411697073587e+01
4.666995000000000005e+02,-8.506907543313792530e+01
4.666997929687499891e+02,-8.740344016989863007e+01
4.667000859375000346e+02,-9.826410017504716166e+01
4.667003789062500232e+02,-8.709636304646477356e+01
4.667006718750000118e+02,-9.731361968058291723e+01
4.667009648437500005e+02,-8.220730395041394445e+01
4.667012578124999891e+02,-8.823052363667044062e+01
4.667015507812500346e+02,-8.722953387080909238e+01
4.667018437500000232e+02,-9.118054233163869071e+01
4.667021367187500118e+02,-8.382549328366799557e+01
4.667024296875000005e+02,-8.538040290868225668e+01
4.667027226562499891e+02,-8.918538922547980974e+01
4.667030156250000346e+02,-9.044295646712718906e+01
4.667033085937500232e+02,-8.504803480853958320e+01
4.667036015625000118e+02,-8.195941838826408343e+01
4.667038945312500005e+02,-8.914427471580324891e+01
4.667041874999999891e+02,-9.596871735029478145e+01
4.667044804687500346e+02,-8.235305624996131257e+01
4.667047734375000232e+02,-7.828013476298390572e+01
4.667050664062500118e+02,-7.784262873443341846e+01
4.667053593750000005e+02,-8.393737265716019635e+01
4.667056523437499891e+02,-8.542788520463069801e+01
4.667059453125000346e+02,-7.947689505297546475e+01
4.667062382812500232e+02,-8.315952169925184023e+01
4.667065312500000118e+02,-8.621965051391984503e+01
4.667068242187500005e+02,-8.991934792662233633e+01
4.667071171874999891e+02,-9.469132974163976257e+01
4.667074101562500346e+02,-8.651128790256757384e+01
4.667077031250000232e+02,-8.132039698881251866e+01
4.667079960937500118e+02,-8.639597223839002993e+01
4.667082890625000005e+02,-8.510665866282595005e+01
4.667085820312499891e+02,-8.085832897614261583e+01
4.667088750000000346e+02,-8.301153611829896306e+01
4.667091679687500232e+02,-8.050870882166711340e+01
4.667094609375000118e+02,-8.249329134473708791e+01
4.667097539062500005e+02,-8.367330963809351374e+01
4.667100468749999891e+02,-7.963729871414842876e+01
4.667103398437500346e+02,-8.128152451850505145e+01
4.667106328125000232e+02,-8.622391550821433270e+01
4.667109257812500118e+02,-9.018065047294287240e+01
4.667112187500000005e+02,-8.531769573053333033e+01
4.667115117187499891e+02,-8.421002701739413965e+01
4.667118046875000346e+02,-8.811400998894698944e+01
4.667120976562500232e+02,-8.877042024464662973e+01
4.667123906250000118e+02,-8.429927126669680604e+01
4.667126835937500005e+02,-9.567111129594189833e+01
4.667129765624999891e+02,-8.558223516912021012e+01
4.667132695312500346e+02,-8.708450802847961825e+01
4.667135625000000232e+02,-8.455383983002172954e+01
4.667138554687500118e+02,-8.535509188884063292e+01
4.667141484375000005e+02,-9.053665110442801733e+01
4.667144414062499891e+02,-8.291480475650460846e+01
4.667147343750000346e+02,-8.387470903379332299e+01
4.667150273437500232e+02,-8.415710154512757413e+01
4.667153203125000118e+02,-8.166813670790421043e+01
4.667156132812500005e+02,-8.294960893585225392e+01
4.667159062499999891e+02,-9.630451745633543226e+01
4.667161992187500346e+02,-8.949785371068820439e+01
4.667164921875000232e+02,-8.461063052429139475e+01
4.667167851562500118e+02,-8.625956854898944925e+01
4.667170781250000005e+02,-8.797386882791144558e+01
4.667173710937499891e+02,-8.714556841258084319e+01
4.667176640625000346e+02,-8.217451716008864082e+01
4.667179570312500232e+02,-7.684305217133031363e+01
4.667182500000000118e+02,-8.245230485041345503e+01
4.667185429687500005e+02,-9.506270162118745759e+01
4.667188359374999891e+02,-8.339407326968344591e+01
4.667191289062500346e+02,-8.734110360201350431e+01
4.667194218750000232e+02,-1.004409492308680001e+02
4.667197148437500118e+02,-9.120454162804099951e+01
4.667200078125000005e+02,-8.802630044576751800e+01
4.667203007812499891e+02,-8.290469259320568085e+01
4.667205937500000346e+02,-8.082529812176812811e+01
4.667208867187500232e+02,-8.923155325620041367e+01
4.667211796875000118e+02,-8.446372545657672504e+01
4.667214726562500005e+02,-8.475460974011420490e+01
4.667217656249999891e+02,-7.825123014792717413e+01
4.667220585937500346e+02,-8.605399633243786184e+01
4.667223515625000232e+02,-8.769498189154674606e+01
4.667226445312500118e+02,-8.278486332292888505e+01
4.667229375000000005e+02,-8.344625598779200004e+01
4.667232304687499891e+02,-8.282086799233404406e+01
4.667235234375000346e+02,-8.440660417040588470e+01
4.667238164062500232e+02,-8.667822693757364050e+01
4.667241093750000118e+02,-8.642010066793589829e+01
4.667244023437500005e+02,-7.995879247279886215e+01
4.667246953124999891e+02,-7.992629602217918716e+01
4.667249882812500346e+02,-9.503915292719585750e+01
4.667252812500000232e+02,-8.607753008081087387e+01
4.667255742187500118e+02,-8.509780962703058549e+01
4.667258671875000005e+02,-9.009703343447716861e+01
4.667261601562499891e+02,-8.601158416235665527e+01
4.667264531250000346e+02,-9.263631784950948145e+01
4.667267460937500232e+02,-8.808904164583299234e+01
4.667270390625000118e+02,-8.967509989891357236e+01
4.667273320312500005e+02,-8.829764447171706365e+01
4.667276249999999891e+02,-8.798984732461569536e+01
4.667279179687500346e+02,-8.008934189693144390e+01
4.667282109375000232e+02,-8.067300433279199012e+01
4.667285039062500118e+02,-8.430578938111936793e+01
4.667287968750000005e+02,-8.188600444824898261e+01
4.667290898437499891e+02,-8.920893712324584612e+01
4.667293828125000346e+02,-8.190102914453730421e+01
4.667296757812500232e+02,-8.805472359302993368e+01
4.667299687500000118e+02,-8.066222262625561257e+01
4.667302617187500005e+02,-7.817255884407154554e+01
4.667305546874999891e+02,-8.247967239603150347e+01
4.667308476562500346e+02,-8.229689868681089138e+01
4.667311406250000232e+02,-8.249408111254308551e+01
4.667314335937500118e+02,-8.623256575278297476e+01
4.667317265625000005e+02,-8.506763169054818263e+01
4.667320195312499891e+02,-8.075487584417197695e+01
4.667323125000000346e+02,-9.357419090134408179e+01
4.667326054687500232e+02,-8.405785690397058829e+01
4.667328984375000118e+02,-8.051708510822365383e+01
4.667331914062500005e+02,-8.502370578416275748e+01
4.667334843749999891e+02,-1.021835665126627504e+02
4.667337773437500346e+02,-9.374823295769519405e+01
4.667340703125000232e+02,-9.049834308334192201e+01
4.667343632812500118e+02,-7.982164489689388631e+01
4.667346562500000005e+02,-8.236145078977804701e+01
4.667349492187499891e+02,-8.767984298289101730e+01
4.667352421875000346e+02,-8.252276509850815955e+01
4.667355351562500232e+02,-8.360406533356760406e+01
4.667358281250000118e+02,-7.808518176622351348e+01
4.667361210937500005e+02,-7.854396404176306135e+01
4.667364140624999891e+02,-8.574657684985206174e+01
4.667367070312500346e+02,-8.046141002430229605e+01
4.667370000000000232e+02,-8.047218575990937950e+01
4.667372929687500118e+02,-8.096642222478082829e+01
4.667375859375000005e+02,-8.830507828634161172e+01
4.667378789062499891e+02,-1.028178613629216898e+02
4.667381718750000346e+02,-9.484356800363968887e+01
4.667384648437500232e+02,-8.764761096091856984e+01
4.667387578125000118e+02,-8.243486758925725155e+01
4.667390507812500005e+02,-8.891633256489255643e+01
4.667393437499999891e+02,-8.270164971252262376e+01
4.667396367187500346e+02,-8.633758289408271480e+01
4.667399296875000232e+02,-9.219011284664173900e+01
4.667402226562500118e+02,-9.443723365146843207e+01
4.667405156250000005e+02,-8.233673637906969134e+01
4.667408085937499891e+02,-7.749386975916448250e+01
4.667411015625000346e+02,-7.931953519170293987e+01
4.667413945312500232e+02,-8.232261301482620297e+01
4.667416875000000118e+02,-8.973393625724204981e+01
4.667419804687500005e+02,-8.153838193609296070e+01
4.667422734374999891e+02,-8.674306898961870615e+01
4.667425664062500346e+02,-8.272610446068399881e+01
4.667428593750000232e+02,-7.978593299790250626e+01
4.667431523437500118e+02,-8.423270175972956508e+01
4.667434453125000005e+02,-1.038765554242589104e+02
4.667437382812499891e+02,-8.578109392186931359e+01
4.667440312500000346e+02,-9.057213151210285673e+01
4.667443242187500232e+02,-8.406042512763758623e+01
4.667446171875000118e+02,-8.244702969167380502e+01
4.667449101562500005e+02,-8.777449651024039667e+01
4.667452031249999891e+02,-8.602041497802542835e+01
4.667454960937500346e+02,-8.844635689948935919e+01
4.667457890625000232e+02,-9.141512322625385423e+01
4.667460820312500118e+02,-8.194771963769382239e+01
4.667463750000000005e+02,-8.425525377788615344e+01
4.667466679687499891e+02,-8.532447884151957851e+01
4.667469609375000346e+02,-8.063486004587824141e+01
4.667472539062500232e+02,-7.689045968040545631e+01
4.667475468750000118e+02,-8.206717138055432770e+01
4.667478398437500005e+02,-9.017706570627915141e+01
4.667481328124999891e+02,-8.456908411405898107e+01
4.667484257812500346e+02,-8.757987458390601887e+01
4.667487187500000232e+02,-8.537854460412972912e+01
4.667490117187500118e+02,-8.073648877288854919e+01
4.667493046875000005e+02,-8.372882612905600297e+01
4.667495976562499891e+02,-8.127021158479840324e+01
4.667498906250000346e+02,-7.763916795697247153e+01
4.667501835937500232e+02,-7.929306484771691999e+01
4.667504765625000118e+02,-7.920152958546297839e+01
4.667507695312500005e+02,-9.821539869783505594e+01
4.667510624999999891e+02,-8.856699290790936629e+01
4.667513554687500346e+02,-8.315617045543808672e+01
4.667516484375000232e+02,-8.857412421648321299e+01
4.667519414062500118e+02,-8.490693923215440009e+01
4.667522343750000005e+02,-8.380242824146448299e+01
4.667525273437499891e+02,-8.266102438200783808e+01
4.667528203125000346e+02,-8.435461801631711865e+01
4.667531132812500232e+02,-9.117159710733440647e+01
4.667534062500000118e+02,-8.104109929961715864e+01
4.667536992187500005e+02,-7.381144900374101780e+01
4.667539921874999891e+02,-7.606584479993264836e+01
4.667542851562500346e+02,-8.274544304553364782e+01
4.667545781250000232e+02,-8.175345579393083995e+01
4.667548710937500118e+02,-8.546663298498927475e+01
4.667551640625000005e+02,-8.724814448655352805e+01
4.667554570312499891e+02,-8.535205539121038498e+01
4.667557500000000346e+02,-8.766529052007518885e+01
4.667560429687500232e+02,-8.463897370746434490e+01
4.667563359375000118e+02,-8.249301726075755425e+01
4.667566289062500005e+02,-8.618142270933623195e+01
4.667569218749999891e+02,-8.458809447053769759e+01
4.667572148437500346e+02,-8.767252808405086739e+01
4.667575078125000232e+02,-8.664940924629199515e+01
4.667578007812500118e+02,-8.846546848018044784e+01
4.667580937500000005e+02,-9.228468285658652803e+01
4.667583867187499891e+02,-8.586182003368386972e+01
4.667586796875000346e+02,-8.186445163022244742e+01
4.667589726562500232e+02,-1.003558515891861447e+02
4.667592656250000118e+02,-8.789596115413866073e+01
4.667595585937500005e+02,-8.480313251369359762e+01
4.667598515624999891e+02,-8.422710297383419231e+01
4.667601445312500346e+02,-8.233737030349978170e+01
4.667604375000000232e+02,-1.050832264479257674e+02
4.667607304687500118e+02,-8.091152845401580862e+01
4.667610234375000005e+02,-8.197570287666340505e+01
4.667613164062499891e+02,-8.963658536884265970e+01
4.667616093750000346e+02,-8.175183211595782495e+01
4.667619023437500232e+02,-8.767460095213012039e+01
4.667621953125000118e+02,-9.485160817276174328e+01
4.667624882812500005e+02,-8.537173956015809040e+01
4.667627812499999891e+02,-8.349576404986945022e+01
4.667630742187500346e+02,-8.905420392224549175e+01
4.667633671875000232e+02,-7.978189509890133024e+01
4.667636601562500118e+02,-8.742743278658146266e+01
4.667639531250000005e+02,-8.179497974366742596e+01
4.667642460937499891e+02,-8.300183277589667341e+01
4.667645390625000346e+02,-8.574691063319031059e+01
4.667648320312500232e+02,-8.405809060757007956e+01
4.667651250000000118e+02,-8.812033319979603618e+01
4.667654179687500005e+02,-8.589026117420758055e+01
4.667657109374999891e+02,-8.183464498462524261e+01
4.667660039062500346e+02,-9.075150507503065000e+01
4.667662968750000232e+02,-9.291992984831851743e+01
4.667665898437500118e+02,-8.408037938116797250e+01
4.667668828125000005e+02,-8.343191517868824292e+01
4.667671757812499891e+02,-8.950150230834152865e+01
4.667674687500000346e+02,-7.744847157605839527e+01
4.667677617187500232e+02,-7.808268492824406337e+01
4.667680546875000118e+02,-8.411917243557735446e+01
4.667683476562500005e+02,-8.008658572624554495e+01
4.667686406249999891e+02,-8.312514262299592360e+01
4.667689335937500346e+02,-9.021317183003702667e+01
4.667692265625000232e+02,-8.459283095921092865e+01
4.667695195312500118e+02,-8.412154025430885440e+01
4.667698125000000005e+02,-8.182507844068511815e+01
4.667701054687499891e+02,-8.384022953476916484e+01
4.667703984375000346e+02,-8.634456477958472931e+01
4.667706914062500232e+02,-7.900873248551458516e+01
4.667709843750000118e+02,-8.256866605160786321e+01
4.667712773437500005e+02,-8.964409672346036473e+01
4.667715703124999891e+02,-8.528679264409632310e+01
4.667718632812500346e+02,-8.052694866920758443e+01
4.667721562500000232e+02,-8.085453195594247688e+01
4.667724492187500118e+02,-8.781482818290672299e+01
4.667727421875000005e+02,-8.892558995115351195e+01
4.667730351562499891e+02,-8.795513459812437418e+01
4.667733281250000346e+02,-9.305125424509787990e+01
4.667736210937500232e+02,-8.775147054208845532e+01
4.667739140625000118e+02,-9.562328567536673063e+01
4.667742070312500005e+02,-8.623722196501033466e+01
4.667744999999999891e+02,-8.680562002675101496e+01
4.667747929687500346e+02,-9.215357542297164173e+01
4.667750859375000232e+02,-8.608018822954005600e+01
4.667753789062500118e+02,-7.984771924168535406e+01
4.667756718750000005e+02,-8.203561902048802779e+01
4.667759648437499891e+02,-9.368155963123349750e+01
4.667762578125000346e+02,-8.755805215615565373e+01
4.667765507812500232e+02,-9.082174666759017612e+01
4.667768437500000118e+02,-1.003486431646575738e+02
4.667771367187500005e+02,-9.066904409150475885e+01
4.667774296874999891e+02,-9.105577485299750151e+01
4.667777226562500346e+02,-8.230239756744056479e+01
4.667780156250000232e+02,-8.334616502453279452e+01
4.667783085937500118e+02,-9.274771197342373341e+01
4.667786015625000005e+02,-8.413428780961493203e+01
4.667788945312499891e+02,-8.338307266740351054e+01
4.667791875000000346e+02,-8.170572904277565840e+01
4.667794804687500232e+02,-7.840395752547499342e+01
4.667797734375000118e+02,-7.651544850849261081e+01
4.667800664062500005e+02,-9.686978730409491334e+01
4.667803593749999891e+02,-9.231116047925766566e+01
4.667806523437500346e+02,-9.772537350720922689e+01
4.667809453125000232e+02,-8.230269246613333678e+01
4.667812382812500118e+02,-8.226881136844772868e+01
4.667815312500000005e+02,-8.638304091827940567e+01
4.667818242187499891e+02,-8.079933359532255110e+01
4.667821171875000346e+02,-7.642082660559216833e+01
4.667824101562500232e+02,-7.892465941640639926e+01
4.667827031250000118e+02,-9.125492184313473842e+01
4.667829960937500005e+02,-8.047343876913218708e+01
4.667832890624999891e+02,-8.224516717384381082e+01
4.667835820312500346e+02,-8.839036538138066135e+01
4.667838750000000232e+02,-8.207716257339208710e+01
4.667841679687500118e+02,-7.876078714264312453e+01
4.667844609375000005e+02,-8.250992960526204456e+01
4.667847539062499891e+02,-9.508147190459891362e+01
4.667850468750000346e+02,-8.993903850804545641e+01
4.667853398437500232e+02,-7.897420221620323844e+01
4.667856328125000118e+02,-7.960861626668386748e+01
4.667859257812500005e+02,-8.606126569969791262e+01
4.667862187499999891e+02,-8.617984508349016437e+01
4.667865117187500346e+02,-8.481488342137328118e+01
4.667868046875000232e+02,-8.945239890057911225e+01
4.667870976562500118e+02,-8.930495167594294514e+01
4.667873906250000005e+02,-9.334452024696217620e+01
4.667876835937499891e+02,-8.842209549337319174e+01
4.667879765625000346e+02,-8.557702028927323568e+01
4.667882695312500232e+02,-9.666187628199415371e+01
4.667885625000000118e+02,-8.585785606856916274e+01
4.667888554687500005e+02,-8.179516772946932690e+01
4.667891484374999891e+02,-8.097120604954852752e+01
4.667894414062500346e+02,-8.532375456159867610e+01
4.667897343750000232e+02,-8.108996365558644470e+01
4.667900273437500118e+02,-7.682918340909574795e+01
4.667903203125000005e+02,-7.970095068175923814e+01
4.667906132812499891e+02,-9.691044311980959947e+01
4.667909062500000346e+02,-7.950679692468084170e+01
4.667911992187500232e+02,-8.491899225781833138e+01
4.667914921875000118e+02,-8.927305681862110021e+01
4.667917851562500005e+02,-7.590225196384773199e+01
4.667920781249999891e+02,-7.752856223652140955e+01
4.667923710937500346e+02,-7.886453472814915244e+01
4.667926640625000232e+02,-7.584923827144648101e+01
4.667929570312500118e+02,-7.963821446183358432e+01
4.667932500000000005e+02,-8.401644812483793601e+01
4.667935429687499891e+02,-8.516572392814289572e+01
4.667938359375000346e+02,-8.722199021260736629e+01
4.667941289062500232e+02,-9.621393655282125223e+01
4.667944218750000118e+02,-8.611748221244104684e+01
4.667947148437500005e+02,-8.939184038983469804e+01
4.667950078124999891e+02,-8.080931397338900979e+01
4.667953007812500346e+02,-7.678725941110671727e+01
4.667955937500000232e+02,-8.269979306786328266e+01
4.667958867187500118e+02,-8.333577470192395253e+01
4.667961796875000005e+02,-8.808103138746287186e+01
4.667964726562499891e+02,-7.722682509284290120e+01
4.667967656250000346e+02,-8.670771142302120893e+01
4.667970585937500232e+02,-8.256236478951139190e+01
4.667973515625000118e+02,-7.903398351591968662e+01
4.667976445312500005e+02,-8.145080766115363247e+01
4.667979374999999891e+02,-9.362378914528721907e+01
4.667982304687500346e+02,-7.926283281294722372e+01
4.667985234375000232e+02,-7.986304875740071907e+01
4.667988164062500118e+02,-8.099517463403637407e+01
4.667991093750000005e+02,-8.082549749163932518e+01
4.667994023437499891e+02,-8.419328758210008345e+01
4.667996953125000346e+02,-8.209199500982678899e+01
4.667999882812500232e+02,-8.812849296327212301e+01
4.668002812500000118e+02,-8.886152797250205992e+01
4.668005742187500005e+02,-8.849295176566606358e+01
4.668008671874999891e+02,-7.790580975786461693e+01
4.668011601562500346e+02,-7.931749565710494210e+01
4.668014531250000232e+02,-7.900054062404039712e+01
4.668017460937500118e+02,-8.381358528351144344e+01
4.668020390625000005e+02,-8.619620128484748989e+01
4.668023320312499891e+02,-8.404988746317208381e+01
4.668026250000000346e+02,-8.328818161909407536e+01
4.668029179687500232e+02,-7.942223546843605675e+01
4.668032109375000118e+02,-8.670398969128814315e+01
4.668035039062500005e+02,-7.981404766663953865e+01
4.668037968749999891e+02,-8.534831135434784244e+01
4.668040898437500346e+02,-8.572127210083490922e+01
4.668043828125000232e+02,-8.249985102993106523e+01
4.668046757812500118e+02,-8.007555782766712582e+01
4.668049687500000005e+02,-7.759312658323459289e+01
4.668052617187499891e+02,-7.736667119482720523e+01
4.668055546875000346e+02,-7.936785316610590257e+01
4.668058476562500232e+02,-8.043839747992510070e+01
4.668061406250000118e+02,-7.996787602158843811e+01
4.668064335937500005e+02,-8.080832202281932553e+01
4.668067265624999891e+02,-9.190368276886300691e+01
4.668070195312500346e+02,-9.613436640818835599e+01
4.668073125000000232e+02,-7.834202153452434914e+01
4.668076054687500118e+02,-7.607851780107162654e+01
4.668078984375000005e+02,-8.518407502430622458e+01
4.668081914062499891e+02,-9.105279136193306044e+01
4.668084843750000346e+02,-9.244082686083589806e+01
4.668087773437500232e+02,-8.616793550244481992e+01
4.668090703125000118e+02,-8.561955652930399197e+01
4.668093632812500005e+02,-7.781884881509989782e+01
4.668096562499999891e+02,-7.829998511466412481e+01
4.668099492187500346e+02,-1.002562354226452612e+02
4.668102421875000232e+02,-7.682093044593158027e+01
4.668105351562500118e+02,-7.540904479604297705e+01
4.668108281250000005e+02,-8.105704384755483716e+01
4.668111210937499891e+02,-8.613758861920986476e+01
4.668114140625000346e+02,-8.082515337946558986e+01
4.668117070312500232e+02,-8.120841850227193959e+01
4.668120000000000118e+02,-9.052718259005970936e+01
4.668122929687500005e+02,-7.954230673111177907e+01
4.668125859374999891e+02,-7.887554256398789221e+01
4.668128789062500346e+02,-8.112349342125807539e+01
4.668131718750000232e+02,-8.357972372416725193e+01
4.668134648437500118e+02,-8.296023436320338362e+01
4.668137578125000005e+02,-8.052748525241945288e+01
4.668140507812499891e+02,-8.246131124254321776e+01
4.668143437500000346e+02,-8.503308837654431329e+01
4.668146367187500232e+02,-9.704108665809714296e+01
4.668149296875000118e+02,-8.385339275206263210e+01
4.668152226562500005e+02,-8.251058602740656056e+01
4.668155156249999891e+02,-8.292046448701661632e+01
4.668158085937500346e+02,-8.894633648667897319e+01
4.668161015625000232e+02,-8.737228557065725454e+01
4.668163945312500118e+02,-9.280643889157487081e+01
4.668166875000000005e+02,-8.693065832688148475e+01
4.668169804687499891e+02,-7.965832645676110246e+01
4.668172734375000346e+02,-9.048974153343380067e+01
4.668175664062500232e+02,-1.030842932061190851e+02
4.668178593750000118e+02,-8.526439781575972177e+01
4.668181523437500005e+02,-8.284101504059754006e+01
4.668184453124999891e+02,-8.417385634621597035e+01
4.668187382812500346e+02,-8.185702354174506468e+01
4.668190312500000232e+02,-8.216495692822810781e+01
4.668193242187500118e+02,-8.015545052614621113e+01
4.668196171875000005e+02,-8.163652038637779640e+01
4.668199101562499891e+02,-8.468950096545091810e+01
4.668202031250000346e+02,-8.237953930752253484e+01
4.668204960937500232e+02,-9.347678308850342432e+01
4.668207890625000118e+02,-7.985221567896394390e+01
4.668210820312500005e+02,-8.396232116602816120e+01
4.668213749999999891e+02,-9.508098675780138365e+01
4.668216679687500346e+02,-8.313482621346108203e+01
4.668219609375000232e+02,-8.285633097526833524e+01
4.668222539062500118e+02,-9.419580425022111569e+01
4.668225468750000005e+02,-8.038591336204568449e+01
4.668228398437499891e+02,-9.145911572361639230e+01
4.668231328125000346e+02,-9.514954885403831497e+01
4.668234257812500232e+02,-8.937490857987852166e+01
4.668237187500000118e+02,-8.705499355185767740e+01
4.668240117187500005e+02,-8.719059286724061053e+01
4.668243046874999891e+02,-8.496109794129594661e+01
4.668245976562500346e+02,-8.233760918164732345e+01
4.668248906250000232e+02,-8.085241032465461331e+01
4.668251835937500118e+02,-8.268064841999665759e+01
4.668254765625000005e+02,-8.024589119111067248e+01
4.668257695312499891e+02,-7.838312485279389819e+01
4.668260625000000346e+02,-8.184675850130638253e+01
4.668263554687500232e+02,-8.480033744151307928e+01
4.668266484375000118e+02,-8.150602314229244882e+01
4.668269414062500005e+02,-8.265935979915212783e+01
4.668272343749999891e+02,-8.876151941685081681e+01
4.668275273437500346e+02,-8.320367767714360241e+01
4.668278203125000232e+02,-8.837719861017193068e+01
4.668281132812500118e+02,-7.837551674440378235e+01
4.668284062500000005e+02,-7.642969650073227683e+01
4.668286992187499891e+02,-8.292812639719109313e+01
4.668289921875000346e+02,-8.069403766189928717e+01
4.668292851562500232e+02,-8.141888388041229518e+01
4.668295781250000118e+02,-8.623586859186566755e+01
4.668298710937500005e+02,-8.012288469549774561e+01
4.668301640624999891e+02,-7.977143306197420713e+01
4.668304570312500346e+02,-8.483254624053485315e+01
4.668307500000000232e+02,-7.953275467959934986e+01
4.668310429687500118e+02,-8.874161176050107258e+01
4.668313359375000005e+02,-9.061788403788439439e+01
4.668316289062499891e+02,-8.238354690804429481e+01
4.668319218750000346e+02,-8.550089423342129180e+01
4.668322148437500232e+02,-8.762008597526231313e+01
4.668325078125000118e+02,-7.911738291804127243e+01
4.668328007812500005e+02,-8.056316518366705282e+01
4.668330937499999891e+02,-8.097187844903756115e+01
4.668333867187500346e+02,-8.045000614420999341e+01
4.668336796875000232e+02,-7.826814194590627949e+01
4.668339726562500118e+02,-8.092123230404132528e+01
4.668342656250000005e+02,-9.276865110952556392e+01
4.668345585937499891e+02,-7.703228614518749851e+01
4.668348515625000346e+02,-7.715185952986311690e+01
4.668351445312500232e+02,-8.277430534337082690e+01
4.668354375000000118e+02,-8.088927705885269859e+01
4.668357304687500005e+02,-8.969760165276936448e+01
4.668360234374999891e+02,-9.058434898705458238e+01
4.668363164062500346e+02,-8.302001143368488556e+01
4.668366093750000232e+02,-8.472444112621280965e+01
4.668369023437500118e+02,-8.834905407022745294e+01
4.668371953125000005e+02,-8.133506282367152096e+01
4.668374882812499891e+02,-8.236041962798147154e+01
4.668377812500000346e+02,-8.088122822018918612e+01
4.668380742187500232e+02,-7.834930816747754534e+01
4.668383671875000118e+02,-8.062497613548464415e+01
4.668386601562500005e+02,-8.134884053699481399e+01
4.668389531249999891e+02,-7.894485722011619089e+01
4.668392460937500346e+02,-8.147646631894780000e+01
4.668395390625000232e+02,-8.503309288819130529e+01
4.668398320312500118e+02,-8.452864380296971092e+01
4.668401250000000005e+02,-8.122449771447995204e+01
4.668404179687499891e+02,-8.281796516379260709e+01
4.668407109375000346e+02,-9.340939387897059021e+01
4.668410039062500232e+02,-8.053153479544418758e+01
4.668412968750000118e+02,-8.681059028994665994e+01
4.668415898437500005e+02,-8.241626463393438939e+01
4.668418828124999891e+02,-9.944310445607342785e+01
4.668421757812500346e+02,-8.282337089269694275e+01
4.668424687500000232e+02,-7.873717626652479851e+01
4.668427617187500118e+02,-8.196434961201325109e+01
4.668430546875000005e+02,-8.395038780899491826e+01
4.668433476562499891e+02,-8.840408828889783877e+01
4.668436406250000346e+02,-7.863628070956033866e+01
4.668439335937500232e+02,-8.073210384039357734e+01
4.668442265625000118e+02,-8.439866887949025909e+01
4.668445195312500005e+02,-9.029822178547321698e+01
4.668448124999999891e+02,-8.703832933957350804e+01
4.668451054687500346e+02,-8.406910062611530066e+01
4.668453984375000232e+02,-8.249173537676212220e+01
4.668456914062500118e+02,-8.094642798405797635e+01
4.668459843750000005e+02,-8.073954755476270861e+01
4.668462773437499891e+02,-8.152759960354347868e+01
4.668465703125000346e+02,-8.289863046504349597e+01
4.668468632812500232e+02,-8.497787072395453833e+01
4.668471562500000118e+02,-9.584594599821519978e+01
4.668474492187500005e+02,-8.419432067215772975e+01
4.668477421874999891e+02,-8.126284705395747210e+01
4.668480351562500346e+02,-7.726824016851318788e+01
4.668483281250000232e+02,-7.797926617251428638e+01
4.668486210937500118e+02,-8.298217325656635524e+01
4.668489140625000005e+02,-8.894464175323705035e+01
4.668492070312499891e+02,-8.359052736064154487e+01
4.668495000000000346e+02,-8.151457467910765331e+01
4.668497929687500232e+02,-8.581731190147841914e+01
4.668500859375000118e+02,-8.449821368527952359e+01
4.668503789062500005e+02,-8.356091025986629006e+01
4.668506718749999891e+02,-8.342558899245092618e+01
4.668509648437500346e+02,-9.451694394831645241e+01
4.668512578125000232e+02,-9.399093003045614125e+01
4.668515507812500118e+02,-9.450381023550045256e+01
4.668518437500000005e+02,-8.897007524908245557e+01
4.668521367187499891e+02,-8.168649116035551572e+01
4.668524296875000346e+02,-7.812069409134137743e+01
4.668527226562500232e+02,-8.585361799957725282e+01
4.668530156250000118e+02,-8.934510031934942731e+01
4.668533085937500005e+02,-9.445031951761296796e+01
4.668536015624999891e+02,-8.746847822630165581e+01
4.668538945312500346e+02,-8.019188747192741573e+01
4.668541875000000232e+02,-7.694439496860380245e+01
4.668544804687500118e+02,-8.277448446681339078e+01
4.668547734375000005e+02,-9.201809438908816219e+01
4.668550664062499891e+02,-9.209601802080557320e+01
4.668553593750000346e+02,-8.216486897606830553e+01
4.668556523437500232e+02,-7.915714119626740342e+01
4.668559453125000118e+02,-9.848367935326855616e+01
4.668562382812500005e+02,-8.346757336122556126e+01
4.668565312499999891e+02,-8.051466110655751152e+01
4.668568242187500346e+02,-7.838357383525705302e+01
4.668571171875000232e+02,-8.558522836432672420e+01
4.668574101562500118e+02,-1.002923191754700696e+02
4.668577031250000005e+02,-8.639053730956800337e+01
4.668579960937499891e+02,-8.078792250829374666e+01
4.668582890625000346e+02,-8.225754500198192432e+01
4.668585820312500232e+02,-9.319960774434298401e+01
4.668588750000000118e+02,-8.147772154476766104e+01
4.668591679687500005e+02,-8.285505902389301980e+01
4.668594609374999891e+02,-8.800865060759642233e+01
4.668597539062500346e+02,-8.205435284829110287e+01
4.668600468750000232e+02,-8.669062778895877841e+01
4.668603398437500118e+02,-9.221491496034509794e+01
4.668606328125000005e+02,-8.213295399436515254e+01
4.668609257812499891e+02,-7.870448192658395214e+01
4.668612187500000346e+02,-9.835250727140743265e+01
4.668615117187500232e+02,-8.379956157465294098e+01
4.668618046875000118e+02,-8.104777348582793195e+01
4.668620976562500005e+02,-7.512175368312111345e+01
4.668623906249999891e+02,-7.678738366782665992e+01
4.668626835937500346e+02,-8.693456704522206735e+01
4.668629765625000232e+02,-7.939328242833484239e+01
4.668632695312500118e+02,-8.414804084456021371e+01
4.668635625000000005e+02,-8.510868335250233940e+01
4.668638554687499891e+02,-9.941924751981254360e+01
4.668641484375000346e+02,-9.316285848839831374e+01
4.668644414062500232e+02,-7.962113635783191512e+01
4.668647343750000118e+02,-8.306740248286608619e+01
4.668650273437500005e+02,-8.291173863729355276e+01
4.668653203124999891e+02,-8.753320172037109614e+01
4.668656132812500346e+02,-8.394061037466855169e+01
4.668659062500000232e+02,-8.392915611579347512e+01
4.668661992187500118e+02,-9.060267653672268295e+01
4.668664921875000005e+02,-8.742565943539743500e+01
4.668667851562499891e+02,-9.306022210665203431e+01
4.668670781250000346e+02,-9.078859121784282138e+01
4.668673710937500232e+02,-8.546881455876808786e+01
4.668676640625000118e+02,-9.157252575463026290e+01
4.668679570312500005e+02,-8.525835894918301960e+01
4.668682499999999891e+02,-8.709268665218127126e+01
4.668685429687500346e+02,-8.107826470382286743e+01
4.668688359375000232e+02,-8.113292283943960115e+01
4.668691289062500118e+02,-9.468220889166330778e+01
4.668694218750000005e+02,-8.891155069973316927e+01
4.668697148437499891e+02,-8.465758477832986273e+01
4.668700078125000346e+02,-8.183607065419231219e+01
4.668703007812500232e+02,-8.457075030084700984e+01
4.668705937500000118e+02,-9.751125718306354884e+01
4.668708867187500005e+02,-8.914471914786022921e+01
4.668711796874999891e+02,-8.476512205938297484e+01
4.668714726562500346e+02,-8.205338452775167468e+01
4.668717656250000232e+02,-8.066107653163592772e+01
4.668720585937500118e+02,-8.333097810481629608e+01
4.668723515625000005e+02,-9.158070544921622513e+01
4.668726445312499891e+02,-8.425916279847656654e+01
4.668729375000000346e+02,-9.157546069700509861e+01
4.668732304687500232e+02,-8.449933163393053803e+01
4.668735234375000118e+02,-8.101441158396045239e+01
4.668738164062500005e+02,-9.101811887456361205e+01
4.668741093749999891e+02,-8.110132127788887146e+01
4.668744023437500346e+02,-7.859438612603393892e+01
4.668746953125000232e+02,-7.876222509635252322e+01
4.668749882812500118e+02,-7.988410149491409129e+01
4.668752812500000005e+02,-8.102797752843359547e+01
4.668755742187499891e+02,-8.682518130724463390e+01
4.668758671875000346e+02,-8.589296704935426874e+01
4.668761601562500232e+02,-9.396357645954643090e+01
4.668764531250000118e+02,-8.730063111875668369e+01
4.668767460937500005e+02,-8.306839954589767672e+01
4.668770390624999891e+02,-7.841587536303948980e+01
4.668773320312500346e+02,-7.603565348118704037e+01
4.668776250000000232e+02,-8.133157769177205410e+01
4.668779179687500118e+02,-8.451952841247103265e+01
4.668782109375000005e+02,-8.754647899847145709e+01
4.668785039062499891e+02,-7.918674746965314171e+01
4.668787968750000346e+02,-8.808290061416664685e+01
4.668790898437500232e+02,-8.764364404095660177e+01
4.668793828125000118e+02,-8.603176479982178648e+01
4.668796757812500005e+02,-8.311001541671134873e+01
4.668799687499999891e+02,-8.294753881210414193e+01
4.668802617187500346e+02,-8.490144185724452086e+01
4.668805546875000232e+02,-9.394557055963747416e+01
4.668808476562500118e+02,-8.742275230333761726e+01
4.668811406250000005e+02,-8.939662403756915410e+01
4.668814335937499891e+02,-9.015184945546273809e+01
4.668817265625000346e+02,-8.039516488932819982e+01
4.668820195312500232e+02,-8.364313610646738084e+01
4.668823125000000118e+02,-8.710587342070566308e+01
4.668826054687500005e+02,-9.057607749894694393e+01
4.668828984374999891e+02,-8.890209092322714923e+01
4.668831914062500346e+02,-1.078111937416203716e+02
4.668834843750000232e+02,-9.041369687358687202e+01
4.668837773437500118e+02,-8.475276226181860295e+01
4.668840703125000005e+02,-8.170435238131398137e+01
4.668843632812499891e+02,-7.867049762879479147e+01
4.668846562500000346e+02,-8.537163206135402049e+01
4.668849492187500232e+02,-8.043468915856111323e+01
4.668852421875000118e+02,-8.227519966465692391e+01
4.668855351562500005e+02,-8.279696799713838118e+01
4.668858281249999891e+02,-8.186637510166336540e+01
4.668861210937500346e+02,-7.989466329353801655e+01
4.668864140625000232e+02,-8.724617169194458199e+01
4.668867070312500118e+02,-8.267769794272459194e+01
4.668870000000000005e+02,-8.134278099464222578e+01
4.668872929687499891e+02,-9.661633474443198111e+01
4.668875859375000346e+02,-8.652793888541441447e+01
4.668878789062500232e+02,-8.246956717508795975e+01
4.668881718750000118e+02,-8.546180756532169198e+01
4.668884648437500005e+02,-1.054473246837672491e+02
4.668887578124999891e+02,-8.916461033498889321e+01
4.668890507812500346e+02,-8.736723113185698253e+01
4.668893437500000232e+02,-9.207061895820379505e+01
4.668896367187500118e+02,-9.883545544557253493e+01
4.668899296875000005e+02,-9.486416928154483230e+01
4.668902226562499891e+02,-8.924873463425052478e+01
4.668905156250000346e+02,-8.857937633263239263e+01
4.668908085937500232e+02,-9.657905441500642496e+01
4.668911015625000118e+02,-8.366332510832094727e+01
4.668913945312500005e+02,-7.974914052498559158e+01
4.668916874999999891e+02,-8.323659222611425434e+01
4.668919804687500346e+02,-9.078499980480920328e+01
4.668922734375000232e+02,-8.940293459420642819e+01
4.668925664062500118e+02,-8.640566193993002742e+01
4.668928593750000005e+02,-8.485648036402187699e+01
4.668931523437499891e+02,-8.356870793267583508e+01
4.668934453125000346e+02,-8.583281773823374294e+01
4.668937382812500232e+02,-8.493804331298753141e+01
4.668940312500000118e+02,-7.899538056593402757e+01
4.668943242187500005e+02,-8.739686363344064546e+01
4.668946171874999891e+02,-7.925641785041362652e+01
4.668949101562500346e+02,-7.796779507264916731e+01
4.668952031250000232e+02,-7.902341769978568209e+01
4.668954960937500118e+02,-9.551907766805874189e+01
4.668957890625000005e+02,-8.173322910566439248e+01
4.668960820312499891e+02,-1.015413262681776843e+02
4.668963750000000346e+02,-8.469724526522537644e+01
4.668966679687500232e+02,-7.841282473897766181e+01
4.668969609375000118e+02,-8.198994969722194526e+01
4.668972539062500005e+02,-9.011762810901629450e+01
4.668975468749999891e+02,-8.944573755857327058e+01
4.668978398437500346e+02,-8.913161338845355885e+01
4.668981328125000232e+02,-7.983029005470336870e+01
4.668984257812500118e+02,-8.162003162959049973e+01
4.668987187500000005e+02,-7.897090834096246681e+01
4.668990117187499891e+02,-7.976733405507766861e+01
4.668993046875000346e+02,-7.796713196528932599e+01
4.668995976562500232e+02,-8.379214397114360224e+01
4.668998906250000118e+02,-8.185331702329793302e+01
4.669001835937500005e+02,-8.015007798054371335e+01
4.669004765624999891e+02,-8.625103424486864867e+01
4.669007695312500346e+02,-8.458357303672649152e+01
4.669010625000000232e+02,-8.846014046680785725e+01
4.669013554687500118e+02,-8.916975999360093397e+01
4.669016484375000005e+02,-8.024300086525781239e+01
4.669019414062499891e+02,-8.819994690088826417e+01
4.669022343750000346e+02,-8.366183786139711742e+01
4.669025273437500232e+02,-8.713788091862849683e+01
4.669028203125000118e+02,-8.319421947670389272e+01
4.669031132812500005e+02,-7.939536289821121784e+01
4.669034062499999891e+02,-8.017247918244635230e+01
4.669036992187500346e+02,-9.184058674845454107e+01
4.669039921875000232e+02,-8.122599694569041162e+01
4.669042851562500118e+02,-8.140981554917900098e+01
4.669045781250000005e+02,-8.926595397647490415e+01
4.669048710937499891e+02,-7.822033478374261506e+01
4.669051640625000346e+02,-7.825821535249605176e+01
4.669054570312500232e+02,-7.997575645857688187e+01
4.669057500000000118e+02,-8.813239376676109771e+01
4.669060429687500005e+02,-8.477799515081042614e+01
4.669063359374999891e+02,-8.293222361445953084e+01
4.669066289062500346e+02,-1.077958968519009488e+02
4.669069218750000232e+02,-9.657463085001879222e+01
4.669072148437500118e+02,-8.713173157424074589e+01
4.669075078125000005e+02,-8.244899328779087000e+01
4.669078007812499891e+02,-7.650927764252776342e+01
4.669080937500000346e+02,-7.964415801431668740e+01
4.669083867187500232e+02,-7.936740688036891811e+01
4.669086796875000118e+02,-8.435231565311325141e+01
4.669089726562500005e+02,-8.567077622981042850e+01
4.669092656249999891e+02,-8.325529286816245644e+01
4.669095585937500346e+02,-7.893252591833166321e+01
4.669098515625000232e+02,-8.054782830834959384e+01
4.669101445312500118e+02,-8.401636031535447557e+01
4.669104375000000005e+02,-8.118031293259770109e+01
4.669107304687499891e+02,-8.300392676181631657e+01
4.669110234375000346e+02,-8.501093778531864587e+01
4.669113164062500232e+02,-8.253013271219755609e+01
4.669116093750000118e+02,-7.969982312666627422e+01
4.669119023437500005e+02,-8.141777818092954533e+01
4.669121953124999891e+02,-8.395000487928882649e+01
4.669124882812500346e+02,-7.744888315237034249e+01
4.669127812500000232e+02,-8.271197556047938804e+01
4.669130742187500118e+02,-9.296009893436900029e+01
4.669133671875000005e+02,-8.338933676606751533e+01
4.669136601562499891e+02,-7.660602983891168094e+01
4.669139531250000346e+02,-8.154967059182042988e+01
4.669142460937500232e+02,-8.127910091525063763e+01
4.669145390625000118e+02,-7.986380459316669089e+01
4.669148320312500005e+02,-7.872561492173240083e+01
4.669151249999999891e+02,-8.046141516095133284e+01
4.669154179687500346e+02,-9.082472732440436403e+01
4.669157109375000232e+02,-8.915075903940611113e+01
4.669160039062500118e+02,-8.654677043477673237e+01
4.669162968750000005e+02,-8.295638149200114242e+01
4.669165898437499891e+02,-8.549270703017221251e+01
4.669168828125000346e+02,-8.458781516616627982e+01
4.669171757812500232e+02,-8.853664945213472492e+01
4.669174687500000118e+02,-8.317075023599596761e+01
4.669177617187500005e+02,-7.945924602387052005e+01
4.669180546874999891e+02,-7.917722232291757223e+01
4.669183476562500346e+02,-7.945202734574819203e+01
4.669186406250000232e+02,-7.907813892948988155e+01
4.669189335937500118e+02,-7.903085286443628377e+01
4.669192265625000005e+02,-8.653729044847074192e+01
4.669195195312499891e+02,-8.263384443379175082e+01
4.669198125000000346e+02,-8.810401907916499908e+01
4.669201054687500232e+02,-9.033482136150237807e+01
4.669203984375000118e+02,-8.087694921324398933e+01
4.669206914062500005e+02,-8.448225980886122954e+01
4.669209843749999891e+02,-8.550153007606388655e+01
4.669212773437500346e+02,-8.501708060864018535e+01
4.669215703125000232e+02,-8.150466297180814479e+01
4.669218632812500118e+02,-8.207930996765959719e+01
4.669221562500000005e+02,-8.457956624304858906e+01
4.669224492187499891e+02,-8.281904813856114345e+01
4.669227421875000346e+02,-8.853478768870178328e+01
4.669230351562500232e+02,-8.023583917576968361e+01
4.669233281250000118e+02,-7.957589125003737252e+01
4.669236210937500005e+02,-8.234569180328024629e+01
4.669239140624999891e+02,-8.357332791157249119e+01
4.669242070312500346e+02,-7.520969417747328123e+01
4.669245000000000232e+02,-7.564454457972169621e+01
4.669247929687500118e+02,-7.793512272681935826e+01
4.669250859375000005e+02,-7.824174472502578226e+01
4.669253789062499891e+02,-7.733188701514140462e+01
4.669256718750000346e+02,-8.772633728676586884e+01
4.669259648437500232e+02,-9.685720559480762404e+01
4.669262578125000118e+02,-9.231319029318723324e+01
4.669265507812500005e+02,-9.869700735930892677e+01
4.669268437499999891e+02,-8.146948148062584494e+01
4.669271367187500346e+02,-8.162352448610087663e+01
4.669274296875000232e+02,-8.044379625622869412e+01
4.669277226562500118e+02,-7.509887000290345327e+01
4.669280156250000005e+02,-7.655972837210401849e+01
4.669283085937499891e+02,-8.207934138424150206e+01
4.669286015625000346e+02,-9.761803208979191027e+01
4.669288945312500232e+02,-8.434831286672923056e+01
4.669291875000000118e+02,-8.316515093770019007e+01
4.669294804687500005e+02,-8.658174115130020709e+01
4.669297734374999891e+02,-8.748416086126491109e+01
4.669300664062500346e+02,-8.805531457132590845e+01
4.669303593750000232e+02,-7.933880092294528197e+01
4.669306523437500118e+02,-7.883306090926160437e+01
4.669309453125000005e+02,-7.669935696975051087e+01
4.669312382812499891e+02,-8.303264917536331780e+01
4.669315312500000346e+02,-8.621918136285313494e+01
4.669318242187500232e+02,-8.615357435237781658e+01
4.669321171875000118e+02,-9.548966292879984508e+01
4.669324101562500005e+02,-8.633537692472268077e+01
4.669327031249999891e+02,-8.919662431009236059e+01
4.669329960937500346e+02,-8.657856366685437877e+01
4.669332890625000232e+02,-8.702914376252677187e+01
4.669335820312500118e+02,-8.006363626406317735e+01
4.669338750000000005e+02,-8.022316234104728494e+01
4.669341679687499891e+02,-7.694733756472791697e+01
4.669344609375000346e+02,-8.560994250286560714e+01
4.669347539062500232e+02,-8.791271907077289427e+01
4.669350468750000118e+02,-8.776284269997773890e+01
4.669353398437500005e+02,-7.925098777591776411e+01
4.669356328124999891e+02,-8.512791650767394458e+01
4.669359257812500346e+02,-1.036988228564178058e+02
4.669362187500000232e+02,-8.302734638513599918e+01
4.669365117187500118e+02,-8.222096751811471904e+01
4.669368046875000005e+02,-8.444827053198673639e+01
4.669370976562499891e+02,-1.028947590733150008e+02
4.669373906250000346e+02,-7.809740375919005828e+01
4.669376835937500232e+02,-8.871527896123640744e+01
4.669379765625000118e+02,-7.862337895691756273e+01
4.669382695312500005e+02,-7.598706242101216901e+01
4.669385624999999891e+02,-7.727163281143279505e+01
4.669388554687500346e+02,-7.903282294977881861e+01
4.669391484375000232e+02,-8.796971679835307611e+01
4.669394414062500118e+02,-8.058839684794108393e+01
4.669397343750000005e+02,-8.178761316012186455e+01
4.669400273437499891e+02,-8.476271151182919539e+01
4.669403203125000346e+02,-8.771837026091486678e+01
4.669406132812500232e+02,-8.762403702421225660e+01
4.669409062500000118e+02,-8.020308169062249704e+01
4.669411992187500005e+02,-8.580084071469335072e+01
4.669414921874999891e+02,-8.179502325177779198e+01
4.669417851562500346e+02,-8.550005653347120926e+01
4.669420781250000232e+02,-8.869042193827171161e+01
4.669423710937500118e+02,-8.203902246370756757e+01
4.669426640625000005e+02,-7.926464651627713920e+01
4.669429570312499891e+02,-8.069172547527719530e+01
4.669432500000000346e+02,-9.021138311921518493e+01
4.669435429687500232e+02,-9.595280425624832787e+01
4.669438359375000118e+02,-9.089625311864222112e+01
4.669441289062500005e+02,-9.121163564579619276e+01
4.669444218749999891e+02,-8.074550452841775439e+01
4.669447148437500346e+02,-7.788589343672775556e+01
4.669450078125000232e+02,-8.149261703632562615e+01
4.669453007812500118e+02,-8.507758619967562197e+01
4.669455937500000005e+02,-8.119113671101162311e+01
4.669458867187499891e+02,-7.670185006215271528e+01
4.669461796875000346e+02,-7.658882744329498848e+01
4.669464726562500232e+02,-7.902990908245729429e+01
4.669467656250000118e+02,-8.188766795313982527e+01
4.669470585937500005e+02,-8.137391424360765768e+01
4.669473515624999891e+02,-8.821691967946470925e+01
4.669476445312500346e+02,-8.189629237528731664e+01
4.669479375000000232e+02,-8.307776656229906109e+01
4.669482304687500118e+02,-8.199509290987208487e+01
4.669485234375000005e+02,-7.736314062069328656e+01
4.669488164062499891e+02,-7.756338945483651059e+01
4.669491093750000346e+02,-8.127820124796690493e+01
4.669494023437500232e+02,-8.001060404726422348e+01
4.669496953125000118e+02,-7.935360169419114129e+01
4.669499882812500005e+02,-9.040143072656492507e+01
4.669502812499999891e+02,-7.932028776294232841e+01
4.669505742187500346e+02,-7.803193787576203988e+01
4.669508671875000232e+02,-8.626069527571247875e+01
4.669511601562500118e+02,-7.868557554769688522e+01
4.669514531250000005e+02,-7.716577199980648061e+01
4.669517460937499891e+02,-8.524191776157266531e+01
4.669520390625000346e+02,-8.236828845638851249e+01
4.669523320312500232e+02,-7.717276089179588894e+01
4.669526250000000118e+02,-7.924200167210771895e+01
4.669529179687500005e+02,-8.070115572921420721e+01
4.669532109374999891e+02,-7.816996940747611688e+01
4.669535039062500346e+02,-7.849127551770534694e+01
4.669537968750000232e+02,-8.505813966341200683e+01
4.669540898437500118e+02,-7.853486197781374756e+01
4.669543828125000005e+02,-7.630924322755413414e+01
4.669546757812499891e+02,-7.977957837521516637e+01
4.669549687500000346e+02,-7.967762106438370040e+01
4.669552617187500232e+02,-8.173963001531687667e+01
4.669555546875000118e+02,-8.207939951003986323e+01
4.669558476562500005e+02,-9.122980463788907457e+01
4.669561406249999891e+02,-9.309976778527349950e+01
4.669564335937500346e+02,-9.053008932410082821e+01
4.669567265625000232e+02,-8.479601350446560559e+01
4.669570195312500118e+02,-7.752365411837777742e+01
4.669573125000000005e+02,-7.841131146285134434e+01
4.669576054687499891e+02,-7.894280885052911856e+01
4.669578984375000346e+02,-7.787381928378341911e+01
4.669581914062500232e+02,-8.448546118713912279e+01
4.669584843750000118e+02,-8.302967185248228077e+01
4.669587773437500005e+02,-8.266127247345097828e+01
4.669590703124999891e+02,-8.107269965359897412e+01
4.669593632812500346e+02,-8.948705164068520901e+01
4.669596562500000232e+02,-8.965513888668564846e+01
4.669599492187500118e+02,-8.974836153608234213e+01
4.669602421875000005e+02,-8.378592859920154012e+01
4.669605351562499891e+02,-7.847135809024392472e+01
4.669608281250000346e+02,-7.919155096570813157e+01
4.669611210937500232e+02,-8.630938170560915523e+01
4.669614140625000118e+02,-7.743730205065662631e+01
4.669617070312500005e+02,-7.547192000770388631e+01
4.669619999999999891e+02,-8.223625776542641574e+01
4.669622929687500346e+02,-1.038971531359807443e+02
4.669625859375000232e+02,-8.516733840417251145e+01
4.669628789062500118e+02,-8.138942692943820134e+01
4.669631718750000005e+02,-8.272258124633985688e+01
4.669634648437499891e+02,-8.100529652988340956e+01
4.669637578125000346e+02,-8.065111679509369935e+01
4.669640507812500232e+02,-9.159537111777937923e+01
4.669643437500000118e+02,-9.510059214814017992e+01
4.669646367187500005e+02,-8.623114330918257053e+01
4.669649296874999891e+02,-9.223789798754283709e+01
4.669652226562500346e+02,-8.160050804423033810e+01
4.669655156250000232e+02,-7.605256439512399425e+01
4.669658085937500118e+02,-7.556803720396115409e+01
4.669661015625000005e+02,-7.563451388865240688e+01
4.669663945312499891e+02,-7.957902359116346247e+01
4.669666875000000346e+02,-8.627909826672043891e+01
4.669669804687500232e+02,-7.611706571681044409e+01
4.669672734375000118e+02,-7.838599138057718108e+01
4.669675664062500005e+02,-8.136849638388656558e+01
4.669678593749999891e+02,-7.724698044477867143e+01
4.669681523437500346e+02,-7.576754085772579117e+01
4.669684453125000232e+02,-8.101963201071912124e+01
4.669687382812500118e+02,-8.908737779915466604e+01
4.669690312500000005e+02,-8.315163361766776973e+01
4.669693242187499891e+02,-7.764504639791303475e+01
4.669696171875000346e+02,-7.947199630101691525e+01
4.669699101562500232e+02,-9.706302170376747540e+01
4.669702031250000118e+02,-7.709251600969471951e+01
4.669704960937500005e+02,-7.530816285708363012e+01
4.669707890624999891e+02,-7.462069981105395300e+01
4.669710820312500346e+02,-7.848567059670007495e+01
4.669713750000000232e+02,-8.864371815614633476e+01
4.669716679687500118e+02,-9.262320395823508079e+01
4.669719609375000005e+02,-9.127968877020968819e+01
4.669722539062499891e+02,-8.187872991841500436e+01
4.669725468750000346e+02,-8.079492193924065191e+01
4.669728398437500232e+02,-8.307164525179706516e+01
4.669731328125000118e+02,-7.654352747078176833e+01
4.669734257812500005e+02,-8.066907135846929577e+01
4.669737187499999891e+02,-7.606572439287926102e+01
4.669740117187500346e+02,-7.634030129860720137e+01
4.669743046875000232e+02,-7.883316980533365381e+01
4.669745976562500118e+02,-7.813630455415052722e+01
4.669748906250000005e+02,-7.889501787123941767e+01
4.669751835937499891e+02,-8.411111036924043560e+01
4.669754765625000346e+02,-8.597047534444298833e+01
4.669757695312500232e+02,-8.802896996812236807e+01
4.669760625000000118e+02,-8.035681264159002524e+01
4.669763554687500005e+02,-8.538918755446761111e+01
4.669766484374999891e+02,-7.842761583422449689e+01
4.669769414062500346e+02,-7.979027859241942622e+01
4.669772343750000232e+02,-9.494253206263817901e+01
4.669775273437500118e+02,-7.545369950345684629e+01
4.669778203125000005e+02,-7.661449348092043010e+01
4.669781132812499891e+02,-8.661016797180849380e+01
4.669784062500000346e+02,-8.848946067578796715e+01
4.669786992187500232e+02,-8.371109245911732444e+01
4.669789921875000118e+02,-8.175674267280820118e+01
4.669792851562500005e+02,-9.131233498728917652e+01
4.669795781249999891e+02,-9.109064540516621378e+01
4.669798710937500346e+02,-9.064854176826091248e+01
4.669801640625000232e+02,-8.713528014625640594e+01
4.669804570312500118e+02,-8.155424103050462747e+01
4.669807500000000005e+02,-8.559486615033748080e+01
4.669810429687499891e+02,-8.437418972229400538e+01
4.669813359375000346e+02,-8.158545202421693432e+01
4.669816289062500232e+02,-7.594966796000872478e+01
4.669819218750000118e+02,-7.982884113826438011e+01
4.669822148437500005e+02,-8.704643495482011417e+01
4.669825078124999891e+02,-9.096300578688043004e+01
4.669828007812500346e+02,-8.392966377914866882e+01
4.669830937500000232e+02,-7.888812862461179520e+01
4.669833867187500118e+02,-7.770868286768796906e+01
4.669836796875000005e+02,-7.752137707195248595e+01
4.669839726562499891e+02,-8.548646182900704105e+01
4.669842656250000346e+02,-8.212481327315046542e+01
4.669845585937500232e+02,-8.652956113627803347e+01
4.669848515625000118e+02,-8.556380694046829660e+01
4.669851445312500005e+02,-8.542455829420541136e+01
4.669854374999999891e+02,-8.720533461699987754e+01
4.669857304687500346e+02,-8.254561726821538059e+01
4.669860234375000232e+02,-8.664340630462733372e+01
4.669863164062500118e+02,-8.987312337619910352e+01
4.669866093750000005e+02,-8.712808367871420501e+01
4.669869023437499891e+02,-8.520189542746045674e+01
4.669871953125000346e+02,-8.475365569041949243e+01
4.669874882812500232e+02,-1.077742951076959912e+02
4.669877812500000118e+02,-8.550400904913801980e+01
4.669880742187500005e+02,-8.240717113044510711e+01
4.669883671874999891e+02,-9.219274676079491826e+01
4.669886601562500346e+02,-8.421119863748985779e+01
4.669889531250000232e+02,-9.477469389053806026e+01
4.669892460937500118e+02,-8.562033034307353319e+01
4.669895390625000005e+02,-8.553141888407010640e+01
4.669898320312499891e+02,-8.287646576569105150e+01
4.669901250000000346e+02,-7.439013637753744490e+01
4.669904179687500232e+02,-7.685887929871275048e+01
4.669907109375000118e+02,-8.043594571199437837e+01
4.669910039062500005e+02,-8.632212243166293320e+01
4.669912968749999891e+02,-7.529154195205293831e+01
4.669915898437500346e+02,-7.826312315325051827e+01
4.669918828125000232e+02,-8.585558192514879750e+01
4.669921757812500118e+02,-8.625017441961803399e+01
4.669924687500000005e+02,-8.501099569277683088e+01
4.669927617187499891e+02,-8.181432265341666721e+01
4.669930546875000346e+02,-8.610347091042611112e+01
4.669933476562500232e+02,-8.693357767568811312e+01
4.669936406250000118e+02,-8.090046246440350330e+01
4.669939335937500005e+02,-7.933871523253009173e+01
4.669942265624999891e+02,-7.831212994402406480e+01
4.669945195312500346e+02,-8.147524061910817750e+01
4.669948125000000232e+02,-8.269157164147030414e+01
4.669951054687500118e+02,-8.596440662100300756e+01
4.669953984375000005e+02,-9.334897276039875180e+01
4.669956914062499891e+02,-8.187367341034214974e+01
4.669959843750000346e+02,-8.004144287520995249e+01
4.669962773437500232e+02,-8.064833491564994006e+01
4.669965703125000118e+02,-8.536552777262407687e+01
4.669968632812500005e+02,-9.223588203260190710e+01
4.669971562499999891e+02,-1.014943628178871791e+02
4.669974492187500346e+02,-8.448044019067737054e+01
4.669977421875000232e+02,-7.924690132991743496e+01
4.669980351562500118e+02,-8.158194922246221381e+01
4.669983281250000005e+02,-8.199841451531722214e+01
4.669986210937499891e+02,-8.370870176343288449e+01
4.669989140625000346e+02,-8.479059055548901824e+01
4.669992070312500232e+02,-8.407791437899408038e+01
4.669995000000000118e+02,-8.182136180194930830e+01
4.669997929687500005e+02,-1.032184697344184485e+02
4.670000859374999891e+02,-8.607845208662196512e+01
4.670003789062500346e+02,-7.919808988432275498e+01
4.670006718750000232e+02,-8.554825081398065834e+01
4.670009648437500118e+02,-8.622993277086496278e+01
4.670012578125000005e+02,-8.397789863821395784e+01
4.670015507812499891e+02,-9.500247342794118310e+01
4.670018437500000346e+02,-8.404999079869747902e+01
4.670021367187500232e+02,-8.192877178443569619e+01
4.670024296875000118e+02,-8.065169016098693078e+01
4.670027226562500005e+02,-8.563206317981629923e+01
4.670030156249999891e+02,-8.569823413478113139e+01
4.670033085937500346e+02,-8.509457738223444778e+01
4.670036015625000232e+02,-8.349006714132342211e+01
4.670038945312500118e+02,-8.271515735975339112e+01
4.670041875000000005e+02,-9.679471225464416761e+01
4.670044804687499891e+02,-8.389279077023513764e+01
4.670047734375000346e+02,-8.083964968190684885e+01
4.670050664062500232e+02,-8.303244153191103294e+01
4.670053593750000118e+02,-8.377240236137119211e+01
4.670056523437500005e+02,-7.780458022677807151e+01
4.670059453124999891e+02,-8.040649819456808700e+01
4.670062382812500346e+02,-9.225050784472509235e+01
4.670065312500000232e+02,-9.720560739704667697e+01
4.670068242187500118e+02,-9.285464210797761098e+01
4.670071171875000005e+02,-9.194961776239033213e+01
4.670074101562499891e+02,-8.603881593641524717e+01
4.670077031250000346e+02,-9.948055488539222324e+01
4.670079960937500232e+02,-9.035018662584205629e+01
4.670082890625000118e+02,-8.238128179014682928e+01
4.670085820312500005e+02,-7.525581246163143589e+01
4.670088749999999891e+02,-7.563956947954225996e+01
4.670091679687500346e+02,-8.250277604788790597e+01
4.670094609375000232e+02,-8.060978183803203478e+01
4.670097539062500118e+02,-8.180747296505602151e+01
4.670100468750000005e+02,-8.375619714996054199e+01
4.670103398437499891e+02,-8.428043572221021407e+01
4.670106328125000346e+02,-9.568570446380940098e+01
4.670109257812500232e+02,-9.063072454678658119e+01
4.670112187500000118e+02,-8.089442768904264369e+01
4.670115117187500005e+02,-8.062416675782682773e+01
4.670118046874999891e+02,-8.114876057339910176e+01
4.670120976562500346e+02,-7.349793173443492833e+01
4.670123906250000232e+02,-7.619504010973449226e+01
4.670126835937500118e+02,-8.578552983825977662e+01
4.670129765625000005e+02,-7.719538128889973905e+01
4.670132695312499891e+02,-7.951011384831554096e+01
4.670135625000000346e+02,-8.427381176071918389e+01
4.670138554687500232e+02,-9.145406177563772587e+01
4.670141484375000118e+02,-7.981043384001387153e+01
4.670144414062500005e+02,-8.066619556573553496e+01
4.670147343749999891e+02,-8.006985459078011047e+01
4.670150273437500346e+02,-8.460676121313547071e+01
4.670153203125000232e+02,-9.145842238603728447e+01
4.670156132812500118e+02,-8.519142191104859307e+01
4.670159062500000005e+02,-8.700283572755564876e+01
4.670161992187499891e+02,-8.857926928328950567e+01
4.670164921875000346e+02,-9.623553000294423043e+01
4.670167851562500232e+02,-9.002558856104455742e+01
4.670170781250000118e+02,-9.849650546449127830e+01
4.670173710937500005e+02,-9.104763249103866940e+01
4.670176640624999891e+02,-9.238359375185734734e+01
4.670179570312500346e+02,-9.652844296658655310e+01
4.670182500000000232e+02,-8.153039616174689286e+01
4.670185429687500118e+02,-7.807756116830415749e+01
4.670188359375000005e+02,-7.782884932470041406e+01
4.670191289062499891e+02,-8.340296678729883695e+01
4.670194218750000346e+02,-7.881818754052720521e+01
4.670197148437500232e+02,-7.608436490809097563e+01
4.670200078125000118e+02,-7.866639857129403879e+01
4.670203007812500005e+02,-7.861050333832433523e+01
4.670205937499999891e+02,-7.627927596777789176e+01
4.670208867187500346e+02,-7.405320528705738070e+01
4.670211796875000232e+02,-7.848797249215850513e+01
4.670214726562500118e+02,-9.586409083986973201e+01
4.670217656250000005e+02,-9.491795284986508818e+01
4.670220585937499891e+02,-8.853145121355902347e+01
4.670223515625000346e+02,-8.223463108331927174e+01
4.670226445312500232e+02,-8.289853874778000886e+01
4.670229375000000118e+02,-8.866954155078147437e+01
4.670232304687500005e+02,-8.829477509803835744e+01
4.670235234374999891e+02,-9.144509312780478183e+01
4.670238164062500346e+02,-8.538357187986166252e+01
4.670241093750000232e+02,-8.752745841078522915e+01
4.670244023437500118e+02,-8.080959214774580346e+01
4.670246953125000005e+02,-8.757967885650911910e+01
4.670249882812499891e+02,-8.236099999892402934e+01
4.670252812500000346e+02,-8.008748219683518244e+01
4.670255742187500232e+02,-8.432274794957420738e+01
4.670258671875000118e+02,-8.615668069766611836e+01
4.670261601562500005e+02,-8.633854214476608036e+01
4.670264531249999891e+02,-7.880207843120786038e+01
4.670267460937500346e+02,-7.763472670419554333e+01
4.670270390625000232e+02,-8.090782011739321433e+01
4.670273320312500118e+02,-8.531877702331625812e+01
4.670276250000000005e+02,-8.636043214068817520e+01
4.670279179687499891e+02,-8.948032259201499983e+01
4.670282109375000346e+02,-8.415784691156206065e+01
4.670285039062500232e+02,-8.013562183308047793e+01
4.670287968750000118e+02,-8.077642624891331025e+01
4.670290898437500005e+02,-8.118713661894469169e+01
4.670293828124999891e+02,-8.508150005130156046e+01
4.670296757812500346e+02,-7.702873136413182920e+01
4.670299687500000232e+02,-8.032850711022790335e+01
4.670302617187500118e+02,-8.461881520667056122e+01
4.670305546875000005e+02,-8.579398174560607515e+01
4.670308476562499891e+02,-8.133638595679926198e+01
4.670311406250000346e+02,-7.632202186014180256e+01
4.670314335937500232e+02,-7.455901507882644808e+01
4.670317265625000118e+02,-7.578535875806869626e+01
4.670320195312500005e+02,-7.881818414628058633e+01
4.670323124999999891e+02,-8.525523239660755337e+01
4.670326054687500346e+02,-7.802818113309083969e+01
4.670328984375000232e+02,-7.734846365513693911e+01
4.670331914062500118e+02,-9.371028356034442197e+01
4.670334843750000005e+02,-7.791141960558859125e+01
4.670337773437499891e+02,-7.627195265758939513e+01
4.670340703125000346e+02,-8.071874927140960665e+01
4.670343632812500232e+02,-8.563262875890700343e+01
4.670346562500000118e+02,-8.068825323408415784e+01
4.670349492187500005e+02,-8.800491341678083757e+01
4.670352421874999891e+02,-8.249461283901428033e+01
4.670355351562500346e+02,-8.076627208913238576e+01
4.670358281250000232e+02,-8.580037787938314864e+01
4.670361210937500118e+02,-8.764792570327473697e+01
4.670364140625000005e+02,-8.351394374177998259e+01
4.670367070312499891e+02,-8.595740591619272664e+01
4.670370000000000346e+02,-9.246224660892542602e+01
4.670372929687500232e+02,-8.459898834722393701e+01
4.670375859375000118e+02,-8.986997331635897979e+01
4.670378789062500005e+02,-8.176459952016693933e+01
4.670381718749999891e+02,-8.120503563860640384e+01
4.670384648437500346e+02,-8.835813088470447951e+01
4.670387578125000232e+02,-8.230651279929732311e+01
4.670390507812500118e+02,-7.874258413329427242e+01
4.670393437500000005e+02,-8.218644724260654755e+01
4.670396367187499891e+02,-7.941063238641868338e+01
4.670399296875000346e+02,-9.134789350978481082e+01
4.670402226562500232e+02,-8.882100801522005895e+01
4.670405156250000118e+02,-7.888537219795300359e+01
4.670408085937500005e+02,-7.957960303644044586e+01
4.670411015624999891e+02,-9.003267218791580717e+01
4.670413945312500346e+02,-8.084443319687643736e+01
4.670416875000000232e+02,-8.293809998554294793e+01
4.670419804687500118e+02,-9.483003205873032471e+01
4.670422734375000005e+02,-8.623065792022731557e+01
4.670425664062499891e+02,-7.925514450268173050e+01
4.670428593750000346e+02,-7.699890663699358129e+01
4.670431523437500232e+02,-7.988933214881176070e+01
4.670434453125000118e+02,-7.659602805723386609e+01
4.670437382812500005e+02,-7.910664810863197260e+01
4.670440312499999891e+02,-7.713696154367366375e+01
4.670443242187500346e+02,-7.518383751690998906e+01
4.670446171875000232e+02,-7.810093594352900936e+01
4.670449101562500118e+02,-8.234565918755598091e+01
4.670452031250000005e+02,-7.760444187349204981e+01
4.670454960937499891e+02,-8.871081521105818979e+01
4.670457890625000346e+02,-1.171847218322485276e+02
4.670460820312500232e+02,-9.671692655786182513e+01
4.670463750000000118e+02,-9.753751237816827313e+01
4.670466679687500005e+02,-8.226126773961448180e+01
4.670469609374999891e+02,-7.878036961064665888e+01
4.670472539062500346e+02,-7.806468647813088069e+01
4.670475468750000232e+02,-7.944093239969305387e+01
4.670478398437500118e+02,-8.073364028047595298e+01
4.670481328125000005e+02,-8.060939145300082487e+01
4.670484257812499891e+02,-7.994607147725375285e+01
4.670487187500000346e+02,-8.551426954504466948e+01
4.670490117187500232e+02,-9.324244400319514625e+01
4.670493046875000118e+02,-8.007568033502644766e+01
4.670495976562500005e+02,-8.799661212300527779e+01
4.670498906249999891e+02,-7.860275268415978189e+01
4.670501835937500346e+02,-8.928139674921689561e+01
4.670504765625000232e+02,-8.770728434331149970e+01
4.670507695312500118e+02,-8.633819561275427645e+01
4.670510625000000005e+02,-8.162099615005304543e+01
4.670513554687499891e+02,-8.615392143265384561e+01
4.670516484375000346e+02,-8.398870674092157174e+01
4.670519414062500232e+02,-8.629884482165721238e+01
4.670522343750000118e+02,-8.845481236628708643e+01
4.670525273437500005e+02,-9.062596823259715961e+01
4.670528203124999891e+02,-9.227736567717740002e+01
4.670531132812500346e+02,-7.935709197442332652e+01
4.670534062500000232e+02,-7.992416492372478842e+01
4.670536992187500118e+02,-8.312123680420285154e+01
4.670539921875000005e+02,-7.722043083529231922e+01
4.670542851562499891e+02,-7.583750931504448545e+01
4.670545781250000346e+02,-8.600487774973353794e+01
4.670548710937500232e+02,-8.176051167578678758e+01
4.670551640625000118e+02,-8.461378429296827619e+01
4.670554570312500005e+02,-8.211524287059279459e+01
4.670557499999999891e+02,-7.919264678942045066e+01
4.670560429687500346e+02,-9.321246541969279065e+01
4.670563359375000232e+02,-8.877662632736098658e+01
4.670566289062500118e+02,-9.453983454636188810e+01
4.670569218750000005e+02,-8.655359134212568506e+01
4.670572148437499891e+02,-7.951203839760192693e+01
4.670575078125000346e+02,-8.021520985039677498e+01
4.670578007812500232e+02,-7.583336252637101893e+01
4.670580937500000118e+02,-8.065709882881542114e+01
4.670583867187500005e+02,-1.007462735325158292e+02
4.670586796874999891e+02,-8.553771615309310050e+01
4.670589726562500346e+02,-8.010212575626538012e+01
4.670592656250000232e+02,-7.808020366453591521e+01
4.670595585937500118e+02,-7.539477101550366456e+01
4.670598515625000005e+02,-8.115528989739496524e+01
4.670601445312499891e+02,-8.641398043518962879e+01
4.670604375000000346e+02,-7.735327539765856386e+01
4.670607304687500232e+02,-7.980631198856245589e+01
4.670610234375000118e+02,-8.446209540237254032e+01
4.670613164062500005e+02,-8.349516853563167729e+01
4.670616093749999891e+02,-8.839074076924811152e+01
4.670619023437500346e+02,-8.704261959797385373e+01
4.670621953125000232e+02,-8.215554684308887090e+01
4.670624882812500118e+02,-8.016065676702118026e+01
4.670627812500000005e+02,-8.010000024042626876e+01
4.670630742187499891e+02,-8.124803874327049868e+01
4.670633671875000346e+02,-8.412206946534013241e+01
4.670636601562500232e+02,-7.856320972800362767e+01
4.670639531250000118e+02,-8.531745997926219616e+01
4.670642460937500005e+02,-8.202230144426445690e+01
4.670645390624999891e+02,-8.712398173262036494e+01
4.670648320312500346e+02,-8.635883850395053685e+01
4.670651250000000232e+02,-7.857212946388909813e+01
4.670654179687500118e+02,-7.832897871941534618e+01
4.670657109375000005e+02,-8.421024401314954844e+01
4.670660039062499891e+02,-8.026748387024250064e+01
4.670662968750000346e+02,-8.269413258250074250e+01
4.670665898437500232e+02,-7.581099421079507295e+01
4.670668828125000118e+02,-7.583116692872486908e+01
4.670671757812500005e+02,-8.070056995012804180e+01
4.670674687499999891e+02,-7.856237109249219941e+01
4.670677617187500346e+02,-8.753894060431731816e+01
4.670680546875000232e+02,-8.621737349879504109e+01
4.670683476562500118e+02,-7.796092012499772750e+01
4.670686406250000005e+02,-8.570611685757918963e+01
4.670689335937499891e+02,-8.209693211137800972e+01
4.670692265625000346e+02,-7.667351057532408731e+01
4.670695195312500232e+02,-8.421328941670827817e+01
4.670698125000000118e+02,-8.645136974192665491e+01
4.670701054687500005e+02,-8.437081189424284844e+01
4.670703984374999891e+02,-8.782643109495691647e+01
4.670706914062500346e+02,-7.922065100338066657e+01
4.670709843750000232e+02,-7.690836574663082104e+01
4.670712773437500118e+02,-8.591803130474278305e+01
4.670715703125000005e+02,-8.416212866157594874e+01
4.670718632812499891e+02,-8.230003704668618525e+01
4.670721562500000346e+02,-7.697347359389522126e+01
4.670724492187500232e+02,-7.714415082768741172e+01
4.670727421875000118e+02,-8.098905910772124628e+01
4.670730351562500005e+02,-9.671991159808388261e+01
4.670733281249999891e+02,-8.364005474650028304e+01
4.670736210937500346e+02,-8.711963083481251147e+01
4.670739140625000232e+02,-8.116023331456659662e+01
4.670742070312500118e+02,-7.806272790301522946e+01
4.670745000000000005e+02,-7.429723542806610226e+01
4.670747929687499891e+02,-7.495926444371336572e+01
4.670750859375000346e+02,-9.619693249444975436e+01
4.670753789062500232e+02,-7.606278783029527801e+01
4.670756718750000118e+02,-7.609520367172461874e+01
4.670759648437500005e+02,-8.126663009431487694e+01
4.670762578124999891e+02,-8.150374373071636569e+01
4.670765507812500346e+02,-7.776295670639508728e+01
4.670768437500000232e+02,-7.855059841909172746e+01
4.670771367187500118e+02,-8.025751980653998885e+01
4.670774296875000005e+02,-8.265531923172729023e+01
4.670777226562499891e+02,-8.958678344254624903e+01
4.670780156250000346e+02,-8.212899701044693757e+01
4.670783085937500232e+02,-7.956256841376188049e+01
4.670786015625000118e+02,-8.387564115887428784e+01
4.670788945312500005e+02,-8.334225782250847203e+01
4.670791874999999891e+02,-7.809448628735411546e+01
4.670794804687500346e+02,-8.107821358639333198e+01
4.670797734375000232e+02,-9.256925737994990300e+01
4.670800664062500118e+02,-8.491822912418761859e+01
4.670803593750000005e+02,-9.337985322127718746e+01
4.670806523437499891e+02,-7.598929667758054052e+01
4.670809453125000346e+02,-7.596279859697875736e+01
4.670812382812500232e+02,-7.537188053198084958e+01
4.670815312500000118e+02,-8.409307937825931845e+01
4.670818242187500005e+02,-7.746701889462450197e+01
4.670821171874999891e+02,-7.619464373215137698e+01
4.670824101562500346e+02,-7.476646828052099636e+01
4.670827031250000232e+02,-7.758389738977213312e+01
4.670829960937500118e+02,-7.912411552898781508e+01
4.670832890625000005e+02,-7.578467584166202187e+01
4.670835820312499891e+02,-7.522310309657748917e+01
4.670838750000000346e+02,-8.086628274759142698e+01
4.670841679687500232e+02,-8.072137518686565727e+01
4.670844609375000118e+02,-7.851277628391980556e+01
4.670847539062500005e+02,-7.667284696662447629e+01
4.670850468749999891e+02,-7.385222323372038034e+01
4.670853398437500346e+02,-7.757785122639988629e+01
4.670856328125000232e+02,-8.656172612930788546e+01
4.670859257812500118e+02,-7.514442142185878026e+01
4.670862187500000005e+02,-7.361328639833409682e+01
4.670865117187499891e+02,-8.223913735038856032e+01
4.670868046875000346e+02,-7.839972191961184933e+01
4.670870976562500232e+02,-7.642945157137785372e+01
4.670873906250000118e+02,-8.141283834825665622e+01
4.670876835937500005e+02,-9.354704117644786265e+01
4.670879765624999891e+02,-7.888209700238444100e+01
4.670882695312500346e+02,-7.489222558241264949e+01
4.670885625000000232e+02,-7.840434315466454507e+01
4.670888554687500118e+02,-8.255166832342381156e+01
4.670891484375000005e+02,-8.194799484681267643e+01
4.670894414062499891e+02,-8.166511835536864794e+01
4.670897343750000346e+02,-1.065462871169552130e+02
4.670900273437500232e+02,-8.205997076383944488e+01
4.670903203125000118e+02,-7.865447449680428349e+01
4.670906132812500005e+02,-8.098119079880945037e+01
4.670909062499999891e+02,-8.047352725941662754e+01
4.670911992187500346e+02,-8.566394931368685661e+01
4.670914921875000232e+02,-8.704422500973363697e+01
4.670917851562500118e+02,-8.101039728152551334e+01
4.670920781250000005e+02,-7.606780235644475852e+01
4.670923710937499891e+02,-7.401042706342680333e+01
4.670926640625000346e+02,-7.385783104299817126e+01
4.670929570312500232e+02,-7.825208209378234869e+01
4.670932500000000118e+02,-7.961478070106477389e+01
4.670935429687500005e+02,-7.664382754571120415e+01
4.670938359374999891e+02,-8.699566884670743150e+01
4.670941289062500346e+02,-7.814999195238684138e+01
4.670944218750000232e+02,-7.731323363902545509e+01
4.670947148437500118e+02,-9.256289273357404568e+01
4.670950078125000005e+02,-8.432178725844781297e+01
4.670953007812499891e+02,-7.758462887296168731e+01
4.670955937500000346e+02,-8.083620645779477343e+01
4.670958867187500232e+02,-7.450576366341462631e+01
4.670961796875000118e+02,-7.511947125799747482e+01
4.670964726562500005e+02,-8.549118764984713437e+01
4.670967656249999891e+02,-7.391330728439319842e+01
4.670970585937500346e+02,-7.362645169343410601e+01
4.670973515625000232e+02,-8.830307169217920205e+01
4.670976445312500118e+02,-7.947020348908263543e+01
4.670979375000000005e+02,-7.849443164269329998e+01
4.670982304687499891e+02,-7.687750809934689755e+01
4.670985234375000346e+02,-7.722019633685759743e+01
4.670988164062500232e+02,-8.166740822048356563e+01
4.670991093750000118e+02,-7.987968861056701542e+01
4.670994023437500005e+02,-8.124748798680145967e+01
4.670996953124999891e+02,-7.742486379203347724e+01
4.670999882812500346e+02,-7.939962185718093224e+01
4.671002812500000232e+02,-7.544890339021114301e+01
4.671005742187500118e+02,-7.495169958103149099e+01
4.671008671875000005e+02,-7.939362618626259405e+01
4.671011601562499891e+02,-8.118441678406021822e+01
4.671014531250000346e+02,-9.256549561967196382e+01
4.671017460937500232e+02,-7.703765591335569241e+01
4.671020390625000118e+02,-7.945161029313372580e+01
4.671023320312500005e+02,-8.153230096026328511e+01
4.671026249999999891e+02,-8.516547746254644835e+01
4.671029179687500346e+02,-7.676450819829521777e+01
4.671032109375000232e+02,-7.408394258466894655e+01
4.671035039062500118e+02,-8.202544280047844438e+01
4.671037968750000005e+02,-8.401170498674895271e+01
4.671040898437499891e+02,-8.305424992115217719e+01
4.671043828125000346e+02,-9.205915642080448436e+01
4.671046757812500232e+02,-7.751724941542009617e+01
4.671049687500000118e+02,-7.646986223991005716e+01
4.671052617187500005e+02,-7.712915145067448464e+01
4.671055546874999891e+02,-7.753510039878813132e+01
4.671058476562500346e+02,-7.733564703706740318e+01
4.671061406250000232e+02,-8.332506470048011238e+01
4.671064335937500118e+02,-8.718859669696379910e+01
4.671067265625000005e+02,-8.199551224093102064e+01
4.671070195312499891e+02,-7.630507485705200565e+01
4.671073125000000346e+02,-8.081021878266778913e+01
4.671076054687500232e+02,-8.202251821703288215e+01
4.671078984375000118e+02,-8.358138583481634498e+01
4.671081914062500005e+02,-8.847689212242923418e+01
4.671084843749999891e+02,-9.486132869680218960e+01
4.671087773437500346e+02,-8.130461633373951713e+01
4.671090703125000232e+02,-8.653930875396414990e+01
4.671093632812500118e+02,-7.715449307858436612e+01
4.671096562500000005e+02,-7.372401308488153404e+01
4.671099492187499891e+02,-8.235463603699406576e+01
4.671102421875000346e+02,-8.024628487536345745e+01
4.671105351562500232e+02,-8.498637413946798347e+01
4.671108281250000118e+02,-7.610575980883585601e+01
4.671111210937500005e+02,-7.124110087143191095e+01
4.671114140624999891e+02,-7.511261083856366838e+01
4.671117070312500346e+02,-7.899758673806712750e+01
4.671120000000000232e+02,-7.371253236802240849e+01
4.671122929687500118e+02,-7.743387900401948798e+01
4.671125859375000005e+02,-7.604088060348225042e+01
4.671128789062499891e+02,-7.549257951197284910e+01
4.671131718750000346e+02,-8.160347819859686069e+01
4.671134648437500232e+02,-8.113565357033090208e+01
4.671137578125000118e+02,-7.624857768963467208e+01
4.671140507812500005e+02,-7.797837455106360949e+01
4.671143437499999891e+02,-8.175324048769552121e+01
4.671146367187500346e+02,-7.960440854755466944e+01
4.671149296875000232e+02,-8.737264381228035859e+01
4.671152226562500118e+02,-8.860627442434261525e+01
4.671155156250000005e+02,-8.644116361065316312e+01
4.671158085937499891e+02,-8.133087994988423475e+01
4.671161015625000346e+02,-7.871855803989754463e+01
4.671163945312500232e+02,-8.361511771610280164e+01
4.671166875000000118e+02,-7.721435586995470146e+01
4.671169804687500005e+02,-7.720688687009453588e+01
4.671172734374999891e+02,-8.177616649915279368e+01
4.671175664062500346e+02,-8.141649336439142814e+01
4.671178593750000232e+02,-8.095665698071454131e+01
4.671181523437500118e+02,-7.976353116032984758e+01
4.671184453125000005e+02,-7.610167967935508671e+01
4.671187382812499891e+02,-7.894914919607737147e+01
4.671190312500000346e+02,-8.007681905843371339e+01
4.671193242187500232e+02,-7.965006378631333916e+01
4.671196171875000118e+02,-7.954459303134777315e+01
4.671199101562500005e+02,-8.301149516344480617e+01
4.671202031249999891e+02,-7.929926054050116591e+01
4.671204960937500346e+02,-8.766768810009173762e+01
4.671207890625000232e+02,-8.169869203709194494e+01
4.671210820312500118e+02,-8.474267300536860148e+01
4.671213750000000005e+02,-8.138612352682113738e+01
4.671216679687499891e+02,-7.554229952430785033e+01
4.671219609375000346e+02,-7.761177503729066984e+01
4.671222539062500232e+02,-8.228163861072121676e+01
4.671225468750000118e+02,-8.206136419124666759e+01
4.671228398437500005e+02,-8.644586102790839277e+01
4.671231328124999891e+02,-8.321021800855339734e+01
4.671234257812500346e+02,-7.633095348433634797e+01
4.671237187500000232e+02,-8.000478438963764916e+01
4.671240117187500118e+02,-7.736515842478806348e+01
4.671243046875000005e+02,-7.539241923829143843e+01
4.671245976562499891e+02,-7.933609862700498638e+01
4.671248906250000346e+02,-7.893193532806824919e+01
4.671251835937500232e+02,-7.971624488395471531e+01
4.671254765625000118e+02,-7.596862279254763450e+01
4.671257695312500005e+02,-7.784265478276240913e+01
4.671260624999999891e+02,-7.761860852615643580e+01
4.671263554687500346e+02,-7.702321439004067827e+01
4.671266484375000232e+02,-7.985941044110336406e+01
4.671269414062500118e+02,-8.463484422206308011e+01
4.671272343750000005e+02,-8.862347882301594382e+01
4.671275273437499891e+02,-8.182623237224387935e+01
4.671278203125000346e+02,-7.906582451366215025e+01
4.671281132812500232e+02,-8.044012974819962380e+01
4.671284062500000118e+02,-8.835850674939857186e+01
4.671286992187500005e+02,-7.594438845974474361e+01
4.671289921874999891e+02,-7.730351345477144775e+01
4.671292851562500346e+02,-7.929699428396850180e+01
4.671295781250000232e+02,-7.712697128453410755e+01
4.671298710937500118e+02,-8.520859378210901980e+01
4.671301640625000005e+02,-8.458470366973838850e+01
4.671304570312499891e+02,-7.813665858702567846e+01
4.671307500000000346e+02,-7.528792165786713042e+01
4.671310429687500232e+02,-7.665420368864549516e+01
4.671313359375000118e+02,-8.171633006196489646e+01
4.671316289062500005e+02,-7.989792442964754571e+01
4.671319218749999891e+02,-7.823087540018653385e+01
4.671322148437500346e+02,-8.450018388595610475e+01
4.671325078125000232e+02,-9.564167562136222500e+01
4.671328007812500118e+02,-8.395283208012607190e+01
4.671330937500000005e+02,-7.847273903551300123e+01
4.671333867187499891e+02,-7.995754923087156385e+01
4.671336796875000346e+02,-8.154034802868710585e+01
4.671339726562500232e+02,-7.722805761040834227e+01
4.671342656250000118e+02,-7.987135298969920427e+01
4.671345585937500005e+02,-7.899710752026291516e+01
4.671348515624999891e+02,-8.744010597786585492e+01
4.671351445312500346e+02,-7.845355159826280556e+01
4.671354375000000232e+02,-7.790457856047568441e+01
4.671357304687500118e+02,-7.913224579446050200e+01
4.671360234375000005e+02,-8.112286521661948768e+01
4.671363164062499891e+02,-8.122759781161809656e+01
4.671366093750000346e+02,-8.387180207155942924e+01
4.671369023437500232e+02,-7.715065621343114799e+01
4.671371953125000118e+02,-7.834190257947241776e+01
4.671374882812500005e+02,-9.808699373277191569e+01
4.671377812499999891e+02,-8.073142021445084993e+01
4.671380742187500346e+02,-7.925748776862769773e+01
4.671383671875000232e+02,-8.841515002647129506e+01
4.671386601562500118e+02,-7.982074279006043582e+01
4.671389531250000005e+02,-7.633517907559253501e+01
4.671392460937499891e+02,-8.107460242895731994e+01
4.671395390625000346e+02,-8.388094071525674167e+01
4.671398320312500232e+02,-9.173854102839823099e+01
4.671401250000000118e+02,-8.876193339558000162e+01
4.671404179687500005e+02,-8.761517390310564224e+01
4.671407109374999891e+02,-8.201785670003101814e+01
4.671410039062500346e+02,-8.368731959347114469e+01
4.671412968750000232e+02,-9.320015295892108043e+01
4.671415898437500118e+02,-8.598334777927588846e+01
4.671418828125000005e+02,-8.877037722570834433e+01
4.671421757812499891e+02,-8.685749958375714641e+01
4.671424687500000346e+02,-7.832155479475495952e+01
4.671427617187500232e+02,-7.508960007154004757e+01
4.671430546875000118e+02,-7.439334258345469664e+01
4.671433476562500005e+02,-8.726492244130263032e+01
4.671436406249999891e+02,-8.115975871526237029e+01
4.671439335937500346e+02,-8.057375644565020423e+01
4.671442265625000232e+02,-7.927572885155085203e+01
4.671445195312500118e+02,-8.748657704038826921e+01
4.671448125000000005e+02,-8.600343889827479416e+01
4.671451054687499891e+02,-7.767508336154476467e+01
4.671453984375000346e+02,-7.944522685872910017e+01
4.671456914062500232e+02,-8.460292980329509760e+01
4.671459843750000118e+02,-8.672876818744666139e+01
4.671462773437500005e+02,-7.785625733515119862e+01
4.671465703124999891e+02,-7.919348437109114514e+01
4.671468632812500346e+02,-7.851152761777682088e+01
4.671471562500000232e+02,-7.984308318704404428e+01
4.671474492187500118e+02,-7.803189050406261629e+01
4.671477421875000005e+02,-7.717235687533600696e+01
4.671480351562499891e+02,-7.694891203089710530e+01
4.671483281250000346e+02,-7.545396894198056259e+01
4.671486210937500232e+02,-7.403830168267437273e+01
4.671489140625000118e+02,-7.812545577566257293e+01
4.671492070312500005e+02,-8.469138401956641360e+01
4.671494999999999891e+02,-8.455375076198619411e+01
4.671497929687500346e+02,-9.652392524955244824e+01
4.671500859375000232e+02,-8.600132970203672755e+01
4.671503789062500118e+02,-8.614022648474012556e+01
4.671506718750000005e+02,-8.070851958981245389e+01
4.671509648437499891e+02,-7.857927630475094816e+01
4.671512578125000346e+02,-7.855188939550779992e+01
4.671515507812500232e+02,-8.167969223440434234e+01
4.671518437500000118e+02,-8.746403656837958351e+01
4.671521367187500005e+02,-8.788038418983023803e+01
4.671524296874999891e+02,-7.965562478478808828e+01
4.671527226562500346e+02,-7.751728554766658874e+01
4.671530156250000232e+02,-7.626812152835141490e+01
4.671533085937500118e+02,-7.786669061856257201e+01
4.671536015625000005e+02,-7.933369740912384316e+01
4.671538945312499891e+02,-8.048975056636150782e+01
4.671541875000000346e+02,-8.097755233322415336e+01
4.671544804687500232e+02,-7.719885312533276078e+01
4.671547734375000118e+02,-8.626952493113262221e+01
4.671550664062500005e+02,-7.921023016610692480e+01
4.671553593749999891e+02,-8.015026049898079918e+01
4.671556523437500346e+02,-7.321009338974882041e+01
4.671559453125000232e+02,-7.421499183564978352e+01
4.671562382812500118e+02,-9.049510029104403941e+01
4.671565312500000005e+02,-8.012430548785275164e+01
4.671568242187499891e+02,-8.094714651964625318e+01
4.671571171875000346e+02,-7.659031435499929330e+01
4.671574101562500232e+02,-7.896807046889580306e+01
4.671577031250000118e+02,-8.547513800857018396e+01
4.671579960937500005e+02,-9.089120052421580453e+01
4.671582890624999891e+02,-7.870820047757824511e+01
4.671585820312500346e+02,-7.382854271036156035e+01
4.671588750000000232e+02,-7.388742492268653450e+01
4.671591679687500118e+02,-8.196784011317967611e+01
4.671594609375000005e+02,-7.844916308819915685e+01
4.671597539062499891e+02,-7.818183621723319732e+01
4.671600468750000346e+02,-8.544656778764240812e+01
4.671603398437500232e+02,-9.053721257659297805e+01
4.671606328125000118e+02,-8.401606076248106092e+01
4.671609257812500005e+02,-8.257658792751568910e+01
4.671612187499999891e+02,-8.313389138656566502e+01
4.671615117187500346e+02,-9.523912205853295632e+01
4.671618046875000232e+02,-8.296711514729378223e+01
4.671620976562500118e+02,-7.859143697158968678e+01
4.671623906250000005e+02,-7.626245211292952320e+01
4.671626835937499891e+02,-9.180855758115485798e+01
4.671629765625000346e+02,-8.537775859017364155e+01
4.671632695312500232e+02,-8.292147042615424368e+01
4.671635625000000118e+02,-9.097309403203502143e+01
4.671638554687500005e+02,-8.072722605683418351e+01
4.671641484374999891e+02,-7.893218418101591283e+01
4.671644414062500346e+02,-7.813854705919693799e+01
4.671647343750000232e+02,-8.387382381859484326e+01
4.671650273437500118e+02,-8.187788290300392191e+01
4.671653203125000005e+02,-7.897837888079769186e+01
4.671656132812499891e+02,-8.080128112941991958e+01
4.671659062500000346e+02,-7.929600494195037186e+01
4.671661992187500232e+02,-9.109687806802313048e+01
4.671664921875000118e+02,-8.135306331386985335e+01
4.671667851562500005e+02,-7.735583254069206305e+01
4.671670781249999891e+02,-7.726965808549007875e+01
4.671673710937500346e+02,-7.598564873767787731e+01
4.671676640625000232e+02,-7.480886642723523039e+01
4.671679570312500118e+02,-7.427877128404634277e+01
4.671682500000000005e+02,-8.412715894130795391e+01
4.671685429687499891e+02,-7.977581643738835737e+01
4.671688359375000346e+02,-8.467263790653773015e+01
4.671691289062500232e+02,-8.215192890360347633e+01
4.671694218750000118e+02,-7.911525387543574084e+01
4.671697148437500005e+02,-8.462963094604387493e+01
4.671700078124999891e+02,-7.457671393001503191e+01
4.671703007812500346e+02,-7.838801027784667497e+01
4.671705937500000232e+02,-8.329413583951449596e+01
4.671708867187500118e+02,-8.299128504351145352e+01
4.671711796875000005e+02,-7.655181845327672363e+01
4.671714726562499891e+02,-8.011072604790412299e+01
4.671717656250000346e+02,-8.803240876780613178e+01
4.671720585937500232e+02,-8.194451868064744815e+01
4.671723515625000118e+02,-8.378677779928250402e+01
4.671726445312500005e+02,-8.906982462536062428e+01
4.671729374999999891e+02,-8.339007461740916938e+01
4.671732304687500346e+02,-8.577675989982188298e+01
4.671735234375000232e+02,-8.321785881201950019e+01
4.671738164062500118e+02,-9.902671865044933952e+01
4.671741093750000005e+02,-1.029276570621634619e+02
4.671744023437499891e+02,-8.327243860417404164e+01
4.671746953125000346e+02,-9.155301114848293764e+01
4.671749882812500232e+02,-8.863305415474501103e+01
4.671752812500000118e+02,-8.198615168358276151e+01
4.671755742187500005e+02,-7.756949297761320850e+01
4.671758671874999891e+02,-8.353308862542399993e+01
4.671761601562500346e+02,-8.095052643584682528e+01
4.671764531250000232e+02,-8.177391702414631425e+01
4.671767460937500118e+02,-8.105297754104414309e+01
4.671770390625000005e+02,-7.925031356838998420e+01
4.671773320312499891e+02,-8.072071078551675782e+01
4.671776250000000346e+02,-8.784676521721010545e+01
4.671779179687500232e+02,-7.862528909304806746e+01
4.671782109375000118e+02,-8.047269816716811874e+01
4.671785039062500005e+02,-7.953127121422195955e+01
4.671787968749999891e+02,-7.685207759637759750e+01
4.671790898437500346e+02,-7.660552596667028524e+01
4.671793828125000232e+02,-7.630188750215961591e+01
4.671796757812500118e+02,-7.807676772683046806e+01
4.671799687500000005e+02,-7.807616441277113495e+01
4.671802617187499891e+02,-8.939104496955147283e+01
4.671805546875000346e+02,-7.718330336093764288e+01
4.671808476562500232e+02,-7.880407637198140947e+01
4.671811406250000118e+02,-7.600348616209709007e+01
4.671814335937500005e+02,-7.362061474679177309e+01
4.671817265624999891e+02,-8.392069356967775207e+01
4.671820195312500346e+02,-7.916323580832147400e+01
4.671823125000000232e+02,-7.783124319081471754e+01
4.671826054687500118e+02,-7.806454894499674424e+01
4.671828984375000005e+02,-8.059826293130876707e+01
4.671831914062499891e+02,-9.169222629565653904e+01
4.671834843750000346e+02,-8.565659019005312302e+01
4.671837773437500232e+02,-9.095916840455409158e+01
4.671840703125000118e+02,-9.393748538799866310e+01
4.671843632812500005e+02,-8.006644784535795623e+01
4.671846562499999891e+02,-9.915841049262502338e+01
4.671849492187500346e+02,-7.705356072352699925e+01
4.671852421875000232e+02,-7.612674306677735103e+01
4.671855351562500118e+02,-8.351382360452193154e+01
4.671858281250000005e+02,-8.187182247758917697e+01
4.671861210937499891e+02,-7.812949933958930160e+01
4.671864140625000346e+02,-8.844089206153880411e+01
4.671867070312500232e+02,-8.249828720770926793e+01
4.671870000000000118e+02,-8.090896567602294454e+01
4.671872929687500005e+02,-7.636208245564949948e+01
4.671875859374999891e+02,-7.933265020794871702e+01
4.671878789062500346e+02,-9.003131305458042277e+01
4.671881718750000232e+02,-7.878247930674019983e+01
4.671884648437500118e+02,-7.858245128644418287e+01
4.671887578125000005e+02,-8.481590016749376559e+01
4.671890507812499891e+02,-8.004784871927056145e+01
4.671893437500000346e+02,-8.600530597296896929e+01
4.671896367187500232e+02,-7.954321262350434552e+01
4.671899296875000118e+02,-9.052898301718828122e+01
4.671902226562500005e+02,-8.378262556461258725e+01
4.671905156249999891e+02,-9.057068651502456191e+01
4.671908085937500346e+02,-8.009133891579384112e+01
4.671911015625000232e+02,-7.617670844705908451e+01
4.671913945312500118e+02,-7.973248585963051482e+01
4.671916875000000005e+02,-9.672936287469164540e+01
4.671919804687499891e+02,-7.738113693848552543e+01
4.671922734375000346e+02,-7.403661153673822071e+01
4.671925664062500232e+02,-7.743409429591069681e+01
4.671928593750000118e+02,-8.555358868964459873e+01
4.671931523437500005e+02,-8.249195735171571187e+01
4.671934453124999891e+02,-8.858826642759248671e+01
4.671937382812500346e+02,-8.081994097435375579e+01
4.671940312500000232e+02,-8.023449473435260870e+01
4.671943242187500118e+02,-7.687740385788698916e+01
4.671946171875000005e+02,-7.361042476623840969e+01
4.671949101562499891e+02,-7.858565493613944852e+01
4.671952031250000346e+02,-9.007788190833508679e+01
4.671954960937500232e+02,-7.960267712557067910e+01
4.671957890625000118e+02,-8.427248788066290786e+01
4.671960820312500005e+02,-9.746511745638781576e+01
4.671963749999999891e+02,-7.957884180597964985e+01
4.671966679687500346e+02,-7.980034045932833919e+01
4.671969609375000232e+02,-8.132101938828967036e+01
4.671972539062500118e+02,-8.331869192850157901e+01
4.671975468750000005e+02,-8.350320354407003265e+01
4.671978398437499891e+02,-7.661694343352804992e+01
4.671981328125000346e+02,-8.036403607089798129e+01
4.671984257812500232e+02,-8.849465127559037114e+01
4.671987187500000118e+02,-7.745435112545416700e+01
4.671990117187500005e+02,-7.063360229542350055e+01
4.671993046874999891e+02,-7.010521023902022364e+01
4.671995976562500346e+02,-8.266818480822861659e+01
4.671998906250000232e+02,-7.309443978902460515e+01
4.672001835937500118e+02,-7.611446894397951723e+01
4.672004765625000005e+02,-7.513335634770838567e+01
4.672007695312499891e+02,-7.301098775684539532e+01
4.672010625000000346e+02,-7.657779475994725260e+01
4.672013554687500232e+02,-7.997842583606998801e+01
4.672016484375000118e+02,-7.358100365675167609e+01
4.672019414062500005e+02,-7.633480582152725447e+01
4.672022343749999891e+02,-7.956206229373177052e+01
4.672025273437500346e+02,-9.392644296311391372e+01
4.672028203125000232e+02,-7.684001461039822800e+01
4.672031132812500118e+02,-7.410279156134146206e+01
4.672034062500000005e+02,-8.009504114238117722e+01
4.672036992187499891e+02,-8.085738241936972770e+01
4.672039921875000346e+02,-7.680710406258080525e+01
4.672042851562500232e+02,-7.228591675781365211e+01
4.672045781250000118e+02,-7.719666332139135534e+01
4.672048710937500005e+02,-8.662016447217908421e+01
4.672051640624999891e+02,-7.575675718511745060e+01
4.672054570312500346e+02,-7.773301572406143123e+01
4.672057500000000232e+02,-7.942480986261082876e+01
4.672060429687500118e+02,-9.021769040117465011e+01
4.672063359375000005e+02,-8.133053876800295257e+01
4.672066289062499891e+02,-8.038956164375518654e+01
4.672069218750000346e+02,-8.936355374990897360e+01
4.672072148437500232e+02,-9.287056132854617374e+01
4.672075078125000118e+02,-8.303054630132123748e+01
4.672078007812500005e+02,-8.254319918544786105e+01
4.672080937499999891e+02,-8.718577584678095604e+01
4.672083867187500346e+02,-7.930841229132732906e+01
4.672086796875000232e+02,-8.817943814360819488e+01
4.672089726562500118e+02,-8.227461361311907240e+01
4.672092656250000005e+02,-8.500254252838304581e+01
4.672095585937499891e+02,-7.560790527266175332e+01
4.672098515625000346e+02,-7.288392152245613431e+01
4.672101445312500232e+02,-7.246657236282997872e+01
4.672104375000000118e+02,-7.575572939443742371e+01
4.672107304687500005e+02,-7.728281653377675298e+01
4.672110234374999891e+02,-7.809894317505433037e+01
4.672113164062500346e+02,-7.694707062292279431e+01
4.672116093750000232e+02,-7.617418629814198994e+01
4.672119023437500118e+02,-8.093851954699368889e+01
4.672121953125000005e+02,-7.730818769392357126e+01
4.672124882812499891e+02,-7.797633764071251505e+01
4.672127812500000346e+02,-7.595208686020863809e+01
4.672130742187500232e+02,-7.562308380171613464e+01
4.672133671875000118e+02,-7.570688059276091053e+01
4.672136601562500005e+02,-7.598408489940901234e+01
4.672139531249999891e+02,-8.536594027761651660e+01
4.672142460937500346e+02,-7.425125547408927673e+01
4.672145390625000232e+02,-7.301305942493718248e+01
4.672148320312500118e+02,-7.704074878684541261e+01
4.672151250000000005e+02,-7.789224619230857627e+01
4.672154179687499891e+02,-7.798660269667942657e+01
4.672157109375000346e+02,-7.783610017774731205e+01
4.672160039062500232e+02,-7.680355491166926640e+01
4.672162968750000118e+02,-7.336043935207504774e+01
4.672165898437500005e+02,-7.797786271763379773e+01
4.672168828124999891e+02,-7.708176048363901600e+01
4.672171757812500346e+02,-7.245319935421456137e+01
4.672174687500000232e+02,-7.396944047177325388e+01
4.672177617187500118e+02,-7.685598629355011724e+01
4.672180546875000005e+02,-7.122173671773080628e+01
4.672183476562499891e+02,-7.413143136226369734e+01
4.672186406250000346e+02,-7.602542962337969357e+01
4.672189335937500232e+02,-7.198209899381903654e+01
4.672192265625000118e+02,-7.637212356866778862e+01
4.672195195312500005e+02,-7.144788863799627165e+01
4.672198124999999891e+02,-7.257551408002241544e+01
4.672201054687500346e+02,-7.297129200066798660e+01
4.672203984375000232e+02,-8.809660221904653099e+01
4.672206914062500118e+02,-7.743077392278733839e+01
4.672209843750000005e+02,-9.860763586360812383e+01
4.672212773437499891e+02,-8.458334804944422558e+01
4.672215703125000346e+02,-9.214133619182146617e+01
4.672218632812500232e+02,-8.035963156322378609e+01
4.672221562500000118e+02,-8.303862407164389481e+01
4.672224492187500005e+02,-7.760847271998775909e+01
4.672227421874999891e+02,-7.298906263707753794e+01
4.672230351562500346e+02,-8.355797963001796802e+01
4.672233281250000232e+02,-7.677581670614524967e+01
4.672236210937500118e+02,-7.701091630661657916e+01
4.672239140625000005e+02,-7.648330534610353482e+01
4.672242070312499891e+02,-7.962315662634497926e+01
4.672245000000000346e+02,-7.344860358507881415e+01
4.672247929687500232e+02,-7.346880896064834587e+01
4.672250859375000118e+02,-7.635185884055135830e+01
4.672253789062500005e+02,-8.115641447546423137e+01
4.672256718749999891e+02,-7.489491219463987193e+01
4.672259648437500346e+02,-8.301253997587528488e+01
4.672262578125000232e+02,-8.981484023321067411e+01
4.672265507812500118e+02,-8.858080691112201066e+01
4.672268437500000005e+02,-8.114987053735609379e+01
4.672271367187499891e+02,-7.506393618583989280e+01
4.672274296875000346e+02,-7.350394710237415552e+01
4.672277226562500232e+02,-7.254427003571079524e+01
4.672280156250000118e+02,-7.160989971385033925e+01
4.672283085937500005e+02,-7.553335671701992737e+01
4.672286015624999891e+02,-9.091851903523533451e+01
4.672288945312500346e+02,-8.223748225022049496e+01
4.672291875000000232e+02,-7.360201448018105452e+01
4.672294804687500118e+02,-7.414280835754215104e+01
4.672297734375000005e+02,-7.690928225482294067e+01
4.672300664062499891e+02,-7.396897629217718872e+01
4.672303593750000346e+02,-7.631509542278294589e+01
4.672306523437500232e+02,-8.077037967670206342e+01
4.672309453125000118e+02,-8.352252306285785721e+01
4.672312382812500005e+02,-8.641932350953925379e+01
4.672315312499999891e+02,-7.892244630890623114e+01
4.672318242187500346e+02,-8.004669520925482118e+01
4.672321171875000232e+02,-7.548492699999835054e+01
4.672324101562500118e+02,-7.302835487423577376e+01
4.672327031250000005e+02,-7.206120502278469075e+01
4.672329960937499891e+02,-7.211440073760486769e+01
4.672332890625000346e+02,-7.626264678587070023e+01
4.672335820312500232e+02,-7.543222918101541552e+01
4.672338750000000118e+02,-7.500736603739423458e+01
4.672341679687500005e+02,-7.812842623936477082e+01
4.672344609374999891e+02,-8.173491495069839630e+01
4.672347539062500346e+02,-8.264992023439810964e+01
4.672350468750000232e+02,-7.616811119403885755e+01
4.672353398437500118e+02,-7.992128909054943620e+01
4.672356328125000005e+02,-7.824083014294893701e+01
4.672359257812499891e+02,-7.640129935783647852e+01
4.672362187500000346e+02,-7.241220672349990650e+01
4.672365117187500232e+02,-7.397698722668951632e+01
4.672368046875000118e+02,-7.834951582834503370e+01
4.672370976562500005e+02,-7.942735640885095449e+01
4.672373906249999891e+02,-8.057291428906246722e+01
4.672376835937500346e+02,-8.632252123137881483e+01
4.672379765625000232e+02,-7.705761003021922306e+01
4.672382695312500118e+02,-7.425970009713597619e+01
4.672385625000000005e+02,-8.349184898828747237e+01
4.672388554687499891e+02,-7.593779125568448762e+01
4.672391484375000346e+02,-7.754857590875765538e+01
4.672394414062500232e+02,-8.321402610509623798e+01
4.672397343750000118e+02,-7.761222503732386713e+01
4.672400273437500005e+02,-7.504744137619846356e+01
4.672403203124999891e+02,-8.606013289376190301e+01
4.672406132812500346e+02,-8.151294325235242866e+01
4.672409062500000232e+02,-9.020081808521862854e+01
4.672411992187500118e+02,-8.137389464029189412e+01
4.672414921875000005e+02,-8.250874019111282109e+01
4.672417851562499891e+02,-7.267426437066461631e+01
4.672420781250000346e+02,-7.471822102042511915e+01
4.672423710937500232e+02,-9.249009912661352928e+01
4.672426640625000118e+02,-7.834715701213043815e+01
4.672429570312500005e+02,-8.206901725204794218e+01
4.672432499999999891e+02,-8.199726409264343374e+01
4.672435429687500346e+02,-7.749184569172102499e+01
4.672438359375000232e+02,-9.278325248932372915e+01
4.672441289062500118e+02,-7.205518763748820277e+01
4.672444218750000005e+02,-7.053688141623369745e+01
4.672447148437499891e+02,-7.400251445995988320e+01
4.672450078125000346e+02,-8.304503961423282021e+01
4.672453007812500232e+02,-8.448732377142098926e+01
4.672455937500000118e+02,-8.527727508180004179e+01
4.672458867187500005e+02,-8.416233107946121095e+01
4.672461796874999891e+02,-7.911881254526380758e+01
4.672464726562500346e+02,-7.410605554501616155e+01
4.672467656250000232e+02,-8.302484105814625082e+01
4.672470585937500118e+02,-7.462943737602897443e+01
4.672473515625000005e+02,-7.980127085153259259e+01
4.672476445312499891e+02,-8.539713685265834897e+01
4.672479375000000346e+02,-7.817743411801164655e+01
4.672482304687500232e+02,-7.695174041582173174e+01
4.672485234375000118e+02,-7.694666817488953825e+01
4.672488164062500005e+02,-7.511693314083561290e+01
4.672491093749999891e+02,-7.949849419050445931e+01
4.672494023437500346e+02,-8.602116585705319096e+01
4.672496953125000232e+02,-8.241928772929286140e+01
4.672499882812500118e+02,-7.526417924307057206e+01
4.672502812500000005e+02,-8.314859912889659199e+01
4.672505742187499891e+02,-7.930504081868762967e+01
4.672508671875000346e+02,-7.892462967145745267e+01
4.672511601562500232e+02,-8.508869028327262640e+01
4.672514531250000118e+02,-8.578135537095319307e+01
4.672517460937500005e+02,-7.492059632586305895e+01
4.672520390624999891e+02,-7.490659899890124507e+01
4.672523320312500346e+02,-7.761658625872486539e+01
4.672526250000000232e+02,-7.252321291230957456e+01
4.672529179687500118e+02,-8.460314796260155390e+01
4.672532109375000005e+02,-8.312069524719700553e+01
4.672535039062499891e+02,-7.203843567345668930e+01
4.672537968750000346e+02,-7.176568982473727942e+01
4.672540898437500232e+02,-7.359700397559889495e+01
4.672543828125000118e+02,-7.647108391239930825e+01
4.672546757812500005e+02,-7.823871613851312645e+01
4.672549687499999891e+02,-7.274564223792299344e+01
4.672552617187500346e+02,-7.144523560341860957e+01
4.672555546875000232e+02,-7.766157870735747792e+01
4.672558476562500118e+02,-7.366986171182330168e+01
4.672561406250000005e+02,-7.442869903386166186e+01
4.672564335937499891e+02,-7.946099654664594425e+01
4.672567265625000346e+02,-7.538721853082691382e+01
4.672570195312500232e+02,-7.146390494140730709e+01
4.672573125000000118e+02,-8.076473021679896647e+01
4.672576054687500005e+02,-7.702127299913760794e+01
4.672578984374999891e+02,-7.764759017757926074e+01
4.672581914062500346e+02,-7.893759009368007185e+01
4.672584843750000232e+02,-7.478230913127077883e+01
4.672587773437500118e+02,-7.547033895187644248e+01
4.672590703125000005e+02,-7.352178670711315078e+01
4.672593632812499891e+02,-7.613522868131200028e+01
4.672596562500000346e+02,-9.389435219550463785e+01
4.672599492187500232e+02,-9.189570422830202290e+01
4.672602421875000118e+02,-7.605324640722523100e+01
4.672605351562500005e+02,-7.224865478293142473e+01
4.672608281249999891e+02,-7.173638881966633107e+01
4.672611210937500346e+02,-7.725653683951566109e+01
4.672614140625000232e+02,-7.864005693136938646e+01
4.672617070312500118e+02,-7.450866482081819697e+01
4.672620000000000005e+02,-8.986215878518186173e+01
4.672622929687499891e+02,-7.438798113267719714e+01
4.672625859375000346e+02,-8.374370461655055919e+01
4.672628789062500232e+02,-7.184190691134183737e+01
4.672631718750000118e+02,-7.620810175031678568e+01
4.672634648437500005e+02,-8.659363085715418151e+01
4.672637578124999891e+02,-7.349325362876909651e+01
4.672640507812500346e+02,-7.138340098578996162e+01
4.672643437500000232e+02,-7.884190339693876126e+01
4.672646367187500118e+02,-7.547684602069043081e+01
4.672649296875000005e+02,-7.671247676474318666e+01
4.672652226562499891e+02,-8.616492499824532558e+01
4.672655156250000346e+02,-7.482257678801329348e+01
4.672658085937500232e+02,-7.782190997262974008e+01
4.672661015625000118e+02,-8.290730211475185740e+01
4.672663945312500005e+02,-7.508455794685158935e+01
4.672666874999999891e+02,-7.084832446435795816e+01
4.672669804687500346e+02,-7.389697809652376748e+01
4.672672734375000232e+02,-8.564591981016721434e+01
4.672675664062500118e+02,-7.814230557566344260e+01
4.672678593750000005e+02,-7.170134271665445169e+01
4.672681523437499891e+02,-7.330295410353349439e+01
4.672684453125000346e+02,-8.190913261752653796e+01
4.672687382812500232e+02,-8.479511098322433327e+01
4.672690312500000118e+02,-7.171725845124682053e+01
4.672693242187500005e+02,-7.182986663633323587e+01
4.672696171874999891e+02,-8.113224039960570622e+01
4.672699101562500346e+02,-8.669840965669835953e+01
4.672702031250000232e+02,-7.640072428824456097e+01
4.672704960937500118e+02,-7.312177749479015176e+01
4.672707890625000005e+02,-7.411439657293102812e+01
4.672710820312499891e+02,-7.428893051516035939e+01
4.672713750000000346e+02,-7.058629307244119389e+01
4.672716679687500232e+02,-7.775453370251145202e+01
4.672719609375000118e+02,-7.604424547535607815e+01
4.672722539062500005e+02,-7.346250190308992956e+01
4.672725468749999891e+02,-7.970942709016284766e+01
4.672728398437500346e+02,-7.959799703260250681e+01
4.672731328125000232e+02,-8.074653500499377401e+01
4.672734257812500118e+02,-7.757248050537408801e+01
4.672737187500000005e+02,-7.752536772319928104e+01
4.672740117187499891e+02,-8.266590889066051773e+01
4.672743046875000346e+02,-7.538066246582489782e+01
4.672745976562500232e+02,-8.005357366779742279e+01
4.672748906250000118e+02,-7.797134581322876556e+01
4.672751835937500005e+02,-7.208884566797895843e+01
4.672754765624999891e+02,-8.221507787685243329e+01
4.672757695312500346e+02,-7.693239854646400033e+01
4.672760625000000232e+02,-7.542660446820228515e+01
4.672763554687500118e+02,-8.625391081204176658e+01
4.672766484375000005e+02,-7.628357136288539664e+01
4.672769414062499891e+02,-7.474632671816331708e+01
4.672772343750000346e+02,-7.982861256773341552e+01
4.672775273437500232e+02,-8.139761976417388212e+01
4.672778203125000118e+02,-9.037450891706448886e+01
4.672781132812500005e+02,-8.988865749977523478e+01
4.672784062499999891e+02,-8.303552970757900198e+01
4.672786992187500346e+02,-8.001932300117773877e+01
4.672789921875000232e+02,-8.892727801784538144e+01
4.672792851562500118e+02,-8.126934259731471855e+01
4.672795781250000005e+02,-8.360805488492844972e+01
4.672798710937499891e+02,-8.172256272966049551e+01
4.672801640625000346e+02,-7.807368923565451269e+01
4.672804570312500232e+02,-7.830073817772925793e+01
4.672807500000000118e+02,-8.418179728163593722e+01
4.672810429687500005e+02,-7.698538736344610811e+01
4.672813359374999891e+02,-7.746287671099400995e+01
4.672816289062500346e+02,-8.094593781101519880e+01
4.672819218750000232e+02,-8.138106838364718953e+01
4.672822148437500118e+02,-7.897612480670035495e+01
4.672825078125000005e+02,-7.710816400795725656e+01
4.672828007812499891e+02,-9.216250416610414220e+01
4.672830937500000346e+02,-7.884588038864949056e+01
4.672833867187500232e+02,-7.476459902957452641e+01
4.672836796875000118e+02,-7.452427868020086521e+01
4.672839726562500005e+02,-7.840207421262773835e+01
4.672842656249999891e+02,-7.650341309900717590e+01
4.672845585937500346e+02,-7.715904730635745068e+01
4.672848515625000232e+02,-8.671898800133511998e+01
4.672851445312500118e+02,-8.198362046536018966e+01
4.672854375000000005e+02,-8.371715732697516898e+01
4.672857304687499891e+02,-7.888508448395195671e+01
4.672860234375000346e+02,-8.475968837591727834e+01
4.672863164062500232e+02,-7.747831432319118505e+01
4.672866093750000118e+02,-7.284347603639794499e+01
4.672869023437500005e+02,-7.352012546319562603e+01
4.672871953124999891e+02,-7.385488658516710814e+01
4.672874882812500346e+02,-7.640631335824701864e+01
4.672877812500000232e+02,-8.026594279476239535e+01
4.672880742187500118e+02,-7.534815084899076965e+01
4.672883671875000005e+02,-8.458985972906673112e+01
4.672886601562499891e+02,-7.606037800007491967e+01
4.672889531250000346e+02,-7.284524404822252563e+01
4.672892460937500232e+02,-7.414432964612244348e+01
4.672895390625000118e+02,-7.641684755107796434e+01
4.672898320312500005e+02,-8.127656483983804492e+01
4.672901249999999891e+02,-7.446775823105292602e+01
4.672904179687500346e+02,-7.290269604175402662e+01
4.672907109375000232e+02,-7.334294877633837473e+01
4.672910039062500118e+02,-7.505940878895293622e+01
4.672912968750000005e+02,-8.223227152227468650e+01
4.672915898437499891e+02,-7.719000033148228113e+01
4.672918828125000346e+02,-7.713061254420628643e+01
4.672921757812500232e+02,-7.762789134671493230e+01
4.672924687500000118e+02,-7.783969960255919318e+01
4.672927617187500005e+02,-7.736465095822316584e+01
4.672930546874999891e+02,-7.255854303474936273e+01
4.672933476562500346e+02,-7.007670251351609636e+01
4.672936406250000232e+02,-7.308681151927234509e+01
4.672939335937500118e+02,-7.781645908938089917e+01
4.672942265625000005e+02,-8.464158958093466367e+01
4.672945195312499891e+02,-7.687892746548321554e+01
4.672948125000000346e+02,-7.718306055220654116e+01
4.672951054687500232e+02,-7.287734749245247201e+01
4.672953984375000118e+02,-7.441938106436542455e+01
4.672956914062500005e+02,-7.533686286022737022e+01
4.672959843749999891e+02,-7.736194934602852413e+01
4.672962773437500346e+02,-8.733806077682474722e+01
4.672965703125000232e+02,-8.180675015423338436e+01
4.672968632812500118e+02,-7.931528213024586194e+01
4.672971562500000005e+02,-7.611065574547652091e+01
4.672974492187499891e+02,-7.844939362684831963e+01
4.672977421875000346e+02,-7.748020686343448915e+01
4.672980351562500232e+02,-7.861955546335357781e+01
4.672983281250000118e+02,-8.394064220416555600e+01
4.672986210937500005e+02,-8.045305943705122331e+01
4.672989140624999891e+02,-8.537172659286041210e+01
4.672992070312500346e+02,-8.517878289805463510e+01
4.672995000000000232e+02,-8.365451912712318006e+01
4.672997929687500118e+02,-7.659811336955635852e+01
4.673000859375000005e+02,-7.457679994149434322e+01
4.673003789062499891e+02,-8.071202526538294819e+01
4.673006718750000346e+02,-7.522001083498719254e+01
4.673009648437500232e+02,-7.752257843417159222e+01
4.673012578125000118e+02,-8.484331024379314101e+01
4.673015507812500005e+02,-8.028285916191228466e+01
4.673018437499999891e+02,-8.765461205325973992e+01
4.673021367187500346e+02,-7.111197445715893650e+01
4.673024296875000232e+02,-6.960783665659037922e+01
4.673027226562500118e+02,-7.760364752095705398e+01
4.673030156250000005e+02,-7.592586689548292611e+01
4.673033085937499891e+02,-8.323863076146960793e+01
4.673036015625000346e+02,-8.537063997413015670e+01
4.673038945312500232e+02,-7.341409417346083899e+01
4.673041875000000118e+02,-7.626968847371480820e+01
4.673044804687500005e+02,-7.684700621143491617e+01
4.673047734374999891e+02,-7.655655024298340550e+01
4.673050664062500346e+02,-8.053664403187953269e+01
4.673053593750000232e+02,-9.386880743047839815e+01
4.673056523437500118e+02,-8.154337472332392167e+01
4.673059453125000005e+02,-8.605818451018623705e+01
4.673062382812499891e+02,-8.018836034763724285e+01
4.673065312500000346e+02,-7.724499863885797879e+01
4.673068242187500232e+02,-7.994009570555328992e+01
4.673071171875000118e+02,-8.042379553801056602e+01
4.673074101562500005e+02,-7.946967275935091379e+01
4.673077031249999891e+02,-7.835216035888238650e+01
4.673079960937500346e+02,-8.005384050427706200e+01
4.673082890625000232e+02,-8.122088445986102556e+01
4.673085820312500118e+02,-8.223090705775881304e+01
4.673088750000000005e+02,-9.174736883430752243e+01
4.673091679687499891e+02,-8.168838111745645847e+01
4.673094609375000346e+02,-7.729117199835282292e+01
4.673097539062500232e+02,-7.704924326874618146e+01
4.673100468750000118e+02,-7.315004072914470612e+01
4.673103398437500005e+02,-7.324591672163757039e+01
4.673106328124999891e+02,-7.694086357433330647e+01
4.673109257812500346e+02,-7.846306184525775507e+01
4.673112187500000232e+02,-7.685133057648090471e+01
4.673115117187500118e+02,-8.720128941462999705e+01
4.673118046875000005e+02,-7.173691326960287995e+01
4.673120976562499891e+02,-6.926224211252068130e+01
4.673123906250000346e+02,-7.542510433881149368e+01
4.673126835937500232e+02,-8.243531881531281158e+01
4.673129765625000118e+02,-7.468197043350458841e+01
4.673132695312500005e+02,-6.971120476720392389e+01
4.673135624999999891e+02,-7.205899918030281981e+01
4.673138554687500346e+02,-9.039178430577932488e+01
4.673141484375000232e+02,-7.891665241239628870e+01
4.673144414062500118e+02,-7.656006576135978037e+01
4.673147343750000005e+02,-8.476726666438153757e+01
4.673150273437499891e+02,-8.294417815301015651e+01
4.673153203125000346e+02,-7.294851588896531780e+01
4.673156132812500232e+02,-7.247569790285970726e+01
4.673159062500000118e+02,-8.619634696915395011e+01
4.673161992187500005e+02,-8.849800932626395422e+01
4.673164921874999891e+02,-9.084665736872611319e+01
4.673167851562500346e+02,-7.943694653973453512e+01
4.673170781250000232e+02,-8.080360001534043590e+01
4.673173710937500118e+02,-7.078143989855847451e+01
4.673176640625000005e+02,-6.915420230336587792e+01
4.673179570312499891e+02,-7.795968053224953564e+01
4.673182500000000346e+02,-7.586942778318119451e+01
4.673185429687500232e+02,-7.611498756771943874e+01
4.673188359375000118e+02,-8.044477653196138078e+01
4.673191289062500005e+02,-7.465026863689199388e+01
4.673194218749999891e+02,-7.537680231271721709e+01
4.673197148437500346e+02,-8.494524945065415977e+01
4.673200078125000232e+02,-8.489586740455681024e+01
4.673203007812500118e+02,-7.413245676138737394e+01
4.673205937500000005e+02,-7.402780518841551327e+01
4.673208867187499891e+02,-8.772171006819100114e+01
4.673211796875000346e+02,-8.089397080739129819e+01
4.673214726562500232e+02,-7.817194387417774237e+01
4.673217656250000118e+02,-8.051432343450886719e+01
4.673220585937500005e+02,-8.083402690807490387e+01
4.673223515624999891e+02,-7.971348449599840080e+01
4.673226445312500346e+02,-7.425519056154082875e+01
4.673229375000000232e+02,-6.999330919340914647e+01
4.673232304687500118e+02,-7.664421798973711475e+01
4.673235234375000005e+02,-7.753505714603562637e+01
4.673238164062499891e+02,-7.689363962879917835e+01
4.673241093750000346e+02,-8.442649606434395082e+01
4.673244023437500232e+02,-7.754330157528960399e+01
4.673246953125000118e+02,-7.769469163107247311e+01
4.673249882812500005e+02,-7.366430577232742394e+01
4.673252812499999891e+02,-7.665723372519181567e+01
4.673255742187500346e+02,-8.230570493794454023e+01
4.673258671875000232e+02,-7.732340902677242411e+01
4.673261601562500118e+02,-7.640938054796171741e+01
4.673264531250000005e+02,-7.578826787779246388e+01
4.673267460937499891e+02,-8.602139579095896238e+01
4.673270390625000346e+02,-1.032929590183581894e+02
4.673273320312500232e+02,-9.493957014931739025e+01
4.673276250000000118e+02,-8.916892301697863843e+01
4.673279179687500005e+02,-7.645034593149564728e+01
4.673282109374999891e+02,-7.732346424955491671e+01
4.673285039062500346e+02,-7.113621771935008553e+01
4.673287968750000232e+02,-7.803396802594322423e+01
4.673290898437500118e+02,-7.774404620250761866e+01
4.673293828125000005e+02,-7.752437442939422851e+01
4.673296757812499891e+02,-7.999879335067066677e+01
4.673299687500000346e+02,-7.631640550203047724e+01
4.673302617187500232e+02,-7.633709229767701743e+01
4.673305546875000118e+02,-8.290351382357582111e+01
4.673308476562500005e+02,-7.145732800314975464e+01
4.673311406249999891e+02,-8.042133471649930243e+01
4.673314335937500346e+02,-7.120359019262753009e+01
4.673317265625000232e+02,-7.384794724188854786e+01
4.673320195312500118e+02,-7.747592376381965096e+01
4.673323125000000005e+02,-7.676444364427504752e+01
4.673326054687499891e+02,-9.263601120791030041e+01
4.673328984375000346e+02,-7.431279544655967584e+01
4.673331914062500232e+02,-7.554649803391876617e+01
4.673334843750000118e+02,-7.654604007379991515e+01
4.673337773437500005e+02,-7.168469280888234607e+01
4.673340703124999891e+02,-6.866688457204193696e+01
4.673343632812500346e+02,-6.745193003143229760e+01
4.673346562500000232e+02,-7.090456584116425631e+01
4.673349492187500118e+02,-7.380233121317779421e+01
4.673352421875000005e+02,-7.200087992945302062e+01
4.673355351562499891e+02,-7.275509513608034240e+01
4.673358281250000346e+02,-7.373037147356740206e+01
4.673361210937500232e+02,-6.876274961689169629e+01
4.673364140625000118e+02,-6.997106539854813434e+01
4.673367070312500005e+02,-8.133343048334688774e+01
4.673369999999999891e+02,-9.454051206937973006e+01
4.673372929687500346e+02,-7.781721551376301704e+01
4.673375859375000232e+02,-7.457574471997546084e+01
4.673378789062500118e+02,-7.336900643150127621e+01
4.673381718750000005e+02,-7.488876351332356762e+01
4.673384648437499891e+02,-7.937796242938605928e+01
4.673387578125000346e+02,-8.663369032918743073e+01
4.673390507812500232e+02,-7.714957605106948790e+01
4.673393437500000118e+02,-6.737627917316974901e+01
4.673396367187500005e+02,-6.720323713448945568e+01
4.673399296874999891e+02,-7.102044765544034988e+01
4.673402226562500346e+02,-7.471405026165872698e+01
4.673405156250000232e+02,-8.074664442711153356e+01
4.673408085937500118e+02,-7.601714604061869807e+01
4.673411015625000005e+02,-7.386201745119110740e+01
4.673413945312499891e+02,-7.262492269857611404e+01
4.673416875000000346e+02,-7.170098558654507315e+01
4.673419804687500232e+02,-7.423537655580554429e+01
4.673422734375000118e+02,-8.346444136577258632e+01
4.673425664062500005e+02,-7.723393450410003425e+01
4.673428593749999891e+02,-7.429831895727276958e+01
4.673431523437500346e+02,-7.688511754764091677e+01
4.673434453125000232e+02,-7.628997585034679219e+01
4.673437382812500118e+02,-7.277437217362522404e+01
4.673440312500000005e+02,-8.344258869839720205e+01
4.673443242187499891e+02,-7.824930254033810684e+01
4.673446171875000346e+02,-7.708544137793808204e+01
4.673449101562500232e+02,-6.653682444255102268e+01
4.673452031250000118e+02,-6.784006771759231924e+01
4.673454960937500005e+02,-7.841747759932320605e+01
4.673457890624999891e+02,-8.453296797764781445e+01
4.673460820312500346e+02,-7.186131369648931866e+01
4.673463750000000232e+02,-7.036075899342442597e+01
4.673466679687500118e+02,-7.310536857169638836e+01
4.673469609375000005e+02,-7.369846512303135455e+01
4.673472539062499891e+02,-8.331774165643075492e+01
4.673475468750000346e+02,-7.415397847393639097e+01
4.673478398437500232e+02,-7.420089107431736863e+01
4.673481328125000118e+02,-7.243637234883009057e+01
4.673484257812500005e+02,-6.935979895795641426e+01
4.673487187499999891e+02,-7.525277416608818726e+01
4.673490117187500346e+02,-6.722376645348771262e+01
4.673493046875000232e+02,-8.357190039413795546e+01
4.673495976562500118e+02,-7.071381621207856938e+01
4.673498906250000005e+02,-7.829242613128025141e+01
4.673501835937499891e+02,-6.762939616056092973e+01
4.673504765625000346e+02,-6.919729321228265917e+01
4.673507695312500232e+02,-7.048671750009550863e+01
4.673510625000000118e+02,-7.115292636764196743e+01
4.673513554687500005e+02,-7.485290577324224159e+01
4.673516484374999891e+02,-7.263693043583570841e+01
4.673519414062500346e+02,-7.537807982348844860e+01
4.673522343750000232e+02,-8.324839577264695833e+01
4.673525273437500118e+02,-7.965695567248333475e+01
4.673528203125000005e+02,-7.490451883611729045e+01
4.673531132812499891e+02,-7.672463540014996397e+01
4.673534062500000346e+02,-7.158534541982241706e+01
4.673536992187500232e+02,-7.485961640381236748e+01
4.673539921875000118e+02,-7.816887880776340580e+01
4.673542851562500005e+02,-7.966557670661343593e+01
4.673545781249999891e+02,-6.969827705385928596e+01
4.673548710937500346e+02,-6.971746403804837655e+01
4.673551640625000232e+02,-7.047989393625532273e+01
4.673554570312500118e+02,-7.303913542871137565e+01
4.673557500000000005e+02,-7.270328197240837653e+01
4.673560429687499891e+02,-7.164203935720060201e+01
4.673563359375000346e+02,-6.982246634579036026e+01
4.673566289062500232e+02,-6.905561297062105552e+01
4.673569218750000118e+02,-6.912706812106145549e+01
4.673572148437500005e+02,-6.885964286883597651e+01
4.673575078124999891e+02,-7.168576925616554263e+01
4.673578007812500346e+02,-7.102712023889172599e+01
4.673580937500000232e+02,-6.804841839278897453e+01
4.673583867187500118e+02,-6.888798799209374124e+01
4.673586796875000005e+02,-7.049912874074468050e+01
4.673589726562499891e+02,-7.910947103174250117e+01
4.673592656250000346e+02,-8.373350127483627148e+01
4.673595585937500232e+02,-7.778226625048105802e+01
4.673598515625000118e+02,-7.137293139012435006e+01
4.673601445312500005e+02,-7.391946214842108986e+01
4.673604374999999891e+02,-7.262776887928411895e+01
4.673607304687500346e+02,-6.787433709265252446e+01
4.673610234375000232e+02,-7.264154157754835239e+01
4.673613164062500118e+02,-6.916964972962222191e+01
4.673616093750000005e+02,-6.708187413217726203e+01
4.673619023437499891e+02,-6.632808288068612512e+01
4.673621953125000346e+02,-6.663494085500764186e+01
4.673624882812500232e+02,-7.571656728123170410e+01
4.673627812500000118e+02,-6.818911023641878444e+01
4.673630742187500005e+02,-6.801502276489082988e+01
4.673633671874999891e+02,-7.120976985311160945e+01
4.673636601562500346e+02,-7.388905951481503109e+01
4.673639531250000232e+02,-7.990528579546439403e+01
4.673642460937500118e+02,-7.116298094754749570e+01
4.673645390625000005e+02,-6.745139419649331103e+01
4.673648320312499891e+02,-6.556583268879420245e+01
4.673651250000000346e+02,-7.099230268652809173e+01
4.673654179687500232e+02,-7.275668630115441715e+01
4.673657109375000118e+02,-7.265816752548141721e+01
4.673660039062500005e+02,-7.753242725453559103e+01
4.673662968749999891e+02,-7.395127755095059285e+01
4.673665898437500346e+02,-7.277090360028276450e+01
4.673668828125000232e+02,-7.106736019059403020e+01
4.673671757812500118e+02,-6.895197891760845721e+01
4.673674687500000005e+02,-7.090743882294896139e+01
4.673677617187499891e+02,-7.729614594588372256e+01
4.673680546875000346e+02,-6.934104560174367293e+01
4.673683476562500232e+02,-7.056311840805412317e+01
4.673686406250000118e+02,-7.521745447934546291e+01
4.673689335937500005e+02,-7.088639769020717551e+01
4.673692265624999891e+02,-7.434756151749166975e+01
4.673695195312500346e+02,-7.454768847863620351e+01
4.673698125000000232e+02,-7.450053936777167962e+01
4.673701054687500118e+02,-7.402842883289426368e+01
4.673703984375000005e+02,-7.336731368451029311e+01
4.673706914062499891e+02,-7.283510737537318391e+01
4.673709843750000346e+02,-7.475974758060422687e+01
4.673712773437500232e+02,-7.491739864408371830e+01
4.673715703125000118e+02,-7.604544040340323363e+01
4.673718632812500005e+02,-6.998180994973071734e+01
4.673721562499999891e+02,-6.790005354044349417e+01
4.673724492187500346e+02,-8.632998993393663056e+01
4.673727421875000232e+02,-7.178419584887990368e+01
4.673730351562500118e+02,-7.602339694198073516e+01
4.673733281250000005e+02,-7.691728780550477040e+01
4.673736210937499891e+02,-7.432356395871627797e+01
4.673739140625000346e+02,-7.367776056913305638e+01
4.673742070312500232e+02,-6.784881847479331896e+01
4.673745000000000118e+02,-7.008709060856551787e+01
4.673747929687500005e+02,-8.055080879531419669e+01
4.673750859374999891e+02,-8.137888470538435115e+01
4.673753789062500346e+02,-7.756274503512507579e+01
4.673756718750000232e+02,-7.211533970367598556e+01
4.673759648437500118e+02,-7.256366364735337982e+01
4.673762578125000005e+02,-7.681514918452506890e+01
4.673765507812499891e+02,-7.416289667110083883e+01
4.673768437500000346e+02,-8.233437796669321074e+01
4.673771367187500232e+02,-7.174255359637805896e+01
4.673774296875000118e+02,-7.465704600200480456e+01
4.673777226562500005e+02,-7.566996214340430527e+01
4.673780156249999891e+02,-7.660530294054686351e+01
4.673783085937500346e+02,-7.484557497182998986e+01
4.673786015625000232e+02,-7.179261247135117685e+01
4.673788945312500118e+02,-7.108302265960044508e+01
4.673791875000000005e+02,-7.834384509512319994e+01
4.673794804687499891e+02,-7.951278303169328865e+01
4.673797734375000346e+02,-7.178831982939199463e+01
4.673800664062500232e+02,-7.348710842135608345e+01
4.673803593750000118e+02,-7.679998672564343565e+01
4.673806523437500005e+02,-7.034964533228283301e+01
4.673809453124999891e+02,-6.974415424931807195e+01
4.673812382812500346e+02,-6.969822129092675311e+01
4.673815312500000232e+02,-7.198175448743430138e+01
4.673818242187500118e+02,-7.412318399295965321e+01
4.673821171875000005e+02,-6.607118209754477789e+01
4.673824101562499891e+02,-6.816259580230310178e+01
4.673827031250000346e+02,-7.226963263025729134e+01
4.673829960937500232e+02,-6.879770030040441497e+01
4.673832890625000118e+02,-7.621340464758340261e+01
4.673835820312500005e+02,-7.649858323104416513e+01
4.673838749999999891e+02,-7.525423631195893392e+01
4.673841679687500346e+02,-7.122250425928885420e+01
4.673844609375000232e+02,-7.544745719801069583e+01
4.673847539062500118e+02,-7.444981848648887990e+01
4.673850468750000005e+02,-7.549954966168444059e+01
4.673853398437499891e+02,-8.686215235356459630e+01
4.673856328125000346e+02,-7.563111965813772031e+01
4.673859257812500232e+02,-7.098232641555993894e+01
4.673862187500000118e+02,-6.910419228479008780e+01
4.673865117187500005e+02,-7.340251183890347875e+01
4.673868046874999891e+02,-8.111608035770035485e+01
4.673870976562500346e+02,-7.983114461714603749e+01
4.673873906250000232e+02,-7.064747458849137729e+01
4.673876835937500118e+02,-6.636159254757123449e+01
4.673879765625000005e+02,-6.966456729995718433e+01
4.673882695312499891e+02,-7.016869103510052241e+01
4.673885625000000346e+02,-7.318396273020448461e+01
4.673888554687500232e+02,-7.194895679527607513e+01
4.673891484375000118e+02,-7.247391655502995889e+01
4.673894414062500005e+02,-7.337764521631997638e+01
4.673897343749999891e+02,-7.528110474344320835e+01
4.673900273437500346e+02,-7.109822033848450928e+01
4.673903203125000232e+02,-6.924914266690139186e+01
4.673906132812500118e+02,-7.702085931016847553e+01
4.673909062500000005e+02,-7.343160226955417613e+01
4.673911992187499891e+02,-6.911710120941654623e+01
4.673914921875000346e+02,-7.217049455501826571e+01
4.673917851562500232e+02,-7.574736549143544551e+01
4.673920781250000118e+02,-6.985077974172280335e+01
4.673923710937500005e+02,-6.619316985497083294e+01
4.673926640624999891e+02,-7.450899726490176533e+01
4.673929570312500346e+02,-7.092538950458396130e+01
4.673932500000000232e+02,-6.724037080136297106e+01
4.673935429687500118e+02,-6.962255482268798801e+01
4.673938359375000005e+02,-6.452071880265884829e+01
4.673941289062499891e+02,-7.142821043259506553e+01
4.673944218750000346e+02,-7.165456040790188297e+01
4.673947148437500232e+02,-7.296615694883685421e+01
4.673950078125000118e+02,-6.826097317577166734e+01
4.673953007812500005e+02,-7.115147226388585011e+01
4.673955937499999891e+02,-7.298387112736199356e+01
4.673958867187500346e+02,-7.543815578010801914e+01
4.673961796875000232e+02,-7.147362502651000682e+01
4.673964726562500118e+02,-7.664242249699672982e+01
4.673967656250000005e+02,-9.046771321222992412e+01
4.673970585937499891e+02,-7.429172442091646644e+01
4.673973515625000346e+02,-8.002163416910363480e+01
4.673976445312500232e+02,-8.114143930133937488e+01
4.673979375000000118e+02,-7.310224077797008135e+01
4.673982304687500005e+02,-7.714156494758667293e+01
4.673985234374999891e+02,-7.613444138756582902e+01
4.673988164062500346e+02,-8.169628250769679312e+01
4.673991093750000232e+02,-7.323002504442060001e+01
4.673994023437500118e+02,-8.220250558130089757e+01
4.673996953125000005e+02,-7.019136598141497529e+01
4.673999882812499891e+02,-6.495696422959690608e+01
4.674002812500000346e+02,-6.612699699913821405e+01
4.674005742187500232e+02,-6.730111544550817371e+01
4.674008671875000118e+02,-7.290867484755055727e+01
4.674011601562500005e+02,-7.148157202106263242e+01
4.674014531249999891e+02,-6.550311569314499138e+01
4.674017460937500346e+02,-6.874815809727343208e+01
4.674020390625000232e+02,-6.987144777158127340e+01
4.674023320312500118e+02,-7.188362419145234128e+01
4.674026250000000005e+02,-9.436599722870954565e+01
4.674029179687499891e+02,-7.518986293051398206e+01
4.674032109375000346e+02,-6.793428645727988169e+01
4.674035039062500232e+02,-6.345033171130401684e+01
4.674037968750000118e+02,-6.997543844065550900e+01
4.674040898437500005e+02,-7.318300812765663466e+01
4.674043828124999891e+02,-8.344705022744663836e+01
4.674046757812500346e+02,-7.430611625282853083e+01
4.674049687500000232e+02,-7.164024961617928966e+01
4.674052617187500118e+02,-7.073484036349006487e+01
4.674055546875000005e+02,-6.534672362345004615e+01
4.674058476562499891e+02,-6.923552882313047974e+01
4.674061406250000346e+02,-8.183024010817348426e+01
4.674064335937500232e+02,-6.855030501737542181e+01
4.674067265625000118e+02,-6.880689257744410270e+01
4.674070195312500005e+02,-8.284224363537261127e+01
4.674073124999999891e+02,-7.260473704966634045e+01
4.674076054687500346e+02,-7.229096323683069159e+01
4.674078984375000232e+02,-6.860977755622468521e+01
4.674081914062500118e+02,-6.976797383803224761e+01
4.674084843750000005e+02,-7.270176305053431065e+01
4.674087773437499891e+02,-7.120707741231454690e+01
4.674090703125000346e+02,-8.013518233404737146e+01
4.674093632812500232e+02,-7.141159343033179141e+01
4.674096562500000118e+02,-7.071400204029293945e+01
4.674099492187500005e+02,-7.161635947248173295e+01
4.674102421874999891e+02,-6.649195077948365906e+01
4.674105351562500346e+02,-7.620270216108843897e+01
4.674108281250000232e+02,-6.826839485994466372e+01
4.674111210937500118e+02,-8.867985956771660483e+01
4.674114140625000005e+02,-6.847527165322840403e+01
4.674117070312499891e+02,-7.097124956993995681e+01
4.674120000000000346e+02,-7.680635480442451524e+01
4.674122929687500232e+02,-6.992046959062223266e+01
4.674125859375000118e+02,-7.193269698077978092e+01
4.674128789062500005e+02,-6.936844386732809653e+01
4.674131718749999891e+02,-7.987474245980715182e+01
4.674134648437500346e+02,-7.486027194139340679e+01
4.674137578125000232e+02,-6.741476163008969991e+01
4.674140507812500118e+02,-6.484820105896990583e+01
4.674143437500000005e+02,-6.777948216420961103e+01
4.674146367187499891e+02,-6.735506879164046268e+01
4.674149296875000346e+02,-7.306845787788591906e+01
4.674152226562500232e+02,-8.027347336864416150e+01
4.674155156250000118e+02,-6.644215353355947684e+01
4.674158085937500005e+02,-6.467848418854694614e+01
4.674161015624999891e+02,-6.914536967151356350e+01
4.674163945312500346e+02,-7.459519874795547878e+01
4.674166875000000232e+02,-6.667290900031844103e+01
4.674169804687500118e+02,-6.566587801252313739e+01
4.674172734375000005e+02,-6.665729225448851025e+01
4.674175664062499891e+02,-6.825241173668209171e+01
4.674178593750000346e+02,-7.572469014149007194e+01
4.674181523437500232e+02,-7.647393240574831452e+01
4.674184453125000118e+02,-6.838578999105754974e+01
4.674187382812500005e+02,-6.993972400413122159e+01
4.674190312499999891e+02,-6.887133797630059462e+01
4.674193242187500346e+02,-7.428787547103669908e+01
4.674196171875000232e+02,-7.741583784506984500e+01
4.674199101562500118e+02,-7.495461504980396228e+01
4.674202031250000005e+02,-7.152665421278700819e+01
4.674204960937499891e+02,-6.790784172486074510e+01
4.674207890625000346e+02,-6.493621728489921452e+01
4.674210820312500232e+02,-6.751794673299868066e+01
4.674213750000000118e+02,-7.255973646315595715e+01
4.674216679687500005e+02,-7.254010714038767560e+01
4.674219609374999891e+02,-7.505597577550285848e+01
4.674222539062500346e+02,-7.503636966192166824e+01
4.674225468750000232e+02,-7.153127566684523231e+01
4.674228398437500118e+02,-7.954828325717090820e+01
4.674231328125000005e+02,-8.671220343863879521e+01
4.674234257812499891e+02,-7.691244732867689038e+01
4.674237187500000346e+02,-7.422625186208703951e+01
4.674240117187500232e+02,-7.357582302980402744e+01
4.674243046875000118e+02,-7.312448668078675951e+01
4.674245976562500005e+02,-7.812553980990213631e+01
4.674248906249999891e+02,-7.587355035270316250e+01
4.674251835937500346e+02,-7.469591777241589625e+01
4.674254765625000232e+02,-6.756685449165414070e+01
4.674257695312500118e+02,-7.159052334840824017e+01
4.674260625000000005e+02,-7.586009239979901508e+01
4.674263554687499891e+02,-7.621909042022879532e+01
4.674266484375000346e+02,-8.281617749871938372e+01
4.674269414062500232e+02,-7.331372091484803377e+01
4.674272343750000118e+02,-6.608772441095894123e+01
4.674275273437500005e+02,-6.454124686625041818e+01
4.674278203124999891e+02,-7.176206705479074799e+01
4.674281132812500346e+02,-7.382627822648304061e+01
4.674284062500000232e+02,-7.212974414332504125e+01
4.674286992187500118e+02,-7.033284966689687678e+01
4.674289921875000005e+02,-7.070575747027606894e+01
4.674292851562499891e+02,-8.035664912270861748e+01
4.674295781250000346e+02,-8.042888988028293795e+01
4.674298710937500232e+02,-7.444054530701589556e+01
4.674301640625000118e+02,-7.112160349676953786e+01
4.674304570312500005e+02,-7.248547107079970431e+01
4.674307499999999891e+02,-7.525392281565801511e+01
4.674310429687500346e+02,-8.520143555343705088e+01
4.674313359375000232e+02,-7.389115418204926300e+01
4.674316289062500118e+02,-6.987597801539151021e+01
4.674319218750000005e+02,-7.513073926320815588e+01
4.674322148437499891e+02,-6.805744696392041249e+01
4.674325078125000346e+02,-7.722844906136258203e+01
4.674328007812500232e+02,-6.780007767165191979e+01
4.674330937500000118e+02,-6.541652447595373587e+01
4.674333867187500005e+02,-7.483511837907292374e+01
4.674336796874999891e+02,-7.289697007297944253e+01
4.674339726562500346e+02,-7.731661698323321730e+01
4.674342656250000232e+02,-6.951227060091821386e+01
4.674345585937500118e+02,-6.727098650326125551e+01
4.674348515625000005e+02,-6.920393853602777767e+01
4.674351445312499891e+02,-7.031615761026374400e+01
4.674354375000000346e+02,-6.677996329293422662e+01
4.674357304687500232e+02,-6.508899804180573767e+01
4.674360234375000118e+02,-6.467913107577470555e+01
4.674363164062500005e+02,-6.842827430421496615e+01
4.674366093749999891e+02,-7.169693434866131554e+01
4.674369023437500346e+02,-7.356584945814908849e+01
4.674371953125000232e+02,-7.304242664788392858e+01
4.674374882812500118e+02,-6.971757445490527516e+01
4.674377812500000005e+02,-6.700436858258606776e+01
4.674380742187499891e+02,-7.160342896437140325e+01
4.674383671875000346e+02,-7.033809089692982752e+01
4.674386601562500232e+02,-6.864830796054955897e+01
4.674389531250000118e+02,-6.953929177362716985e+01
4.674392460937500005e+02,-6.871981364416180327e+01
4.674395390624999891e+02,-7.433736959898132568e+01
4.674398320312500346e+02,-6.734685931477673648e+01
4.674401250000000232e+02,-7.489962524589471116e+01
4.674404179687500118e+02,-7.429895285360596802e+01
4.674407109375000005e+02,-7.527378750259831008e+01
4.674410039062499891e+02,-7.585298249791176772e+01
4.674412968750000346e+02,-8.616189235071055919e+01
4.674415898437500232e+02,-7.409292641741178898e+01
4.674418828125000118e+02,-7.178608518150690543e+01
4.674421757812500005e+02,-6.920307571611731134e+01
4.674424687499999891e+02,-6.455493102139931239e+01
4.674427617187500346e+02,-7.520092492281976604e+01
4.674430546875000232e+02,-7.651735515443786539e+01
4.674433476562500118e+02,-6.439788633893196845e+01
4.674436406250000005e+02,-6.241497734423825250e+01
4.674439335937499891e+02,-7.324299895219215273e+01
4.674442265625000346e+02,-7.189473013769111276e+01
4.674445195312500232e+02,-7.582313047129841266e+01
4.674448125000000118e+02,-7.478437992461434192e+01
4.674451054687500005e+02,-7.349677709795381020e+01
4.674453984374999891e+02,-7.521169833199026300e+01
4.674456914062500346e+02,-7.619321244098668444e+01
4.674459843750000232e+02,-7.211381341852276705e+01
4.674462773437500118e+02,-6.924619254783890199e+01
4.674465703125000005e+02,-6.825105898558592799e+01
4.674468632812499891e+02,-7.038024157327053842e+01
4.674471562500000346e+02,-6.988835522890825303e+01
4.674474492187500232e+02,-6.818208380723271489e+01
4.674477421875000118e+02,-6.533887918244786874e+01
4.674480351562500005e+02,-6.599749929318076624e+01
4.674483281249999891e+02,-6.908230683450015874e+01
4.674486210937500346e+02,-6.594609052624929291e+01
4.674489140625000232e+02,-7.464770052699003600e+01
4.674492070312500118e+02,-6.956474916523804097e+01
4.674495000000000005e+02,-6.816292825325602678e+01
4.674497929687499891e+02,-8.913944240685964360e+01
4.674500859375000346e+02,-7.411476553472469675e+01
4.674503789062500232e+02,-7.651250504827362420e+01
4.674506718750000118e+02,-7.131214553726286454e+01
4.674509648437500005e+02,-6.651590282894088091e+01
4.674512578124999891e+02,-7.744961581601575062e+01
4.674515507812500346e+02,-6.952365003629654439e+01
4.674518437500000232e+02,-7.074915815059992497e+01
4.674521367187500118e+02,-7.038528221158139786e+01
4.674524296875000005e+02,-7.114808933956241788e+01
4.674527226562499891e+02,-7.321616548432115223e+01
4.674530156250000346e+02,-8.233515534795266433e+01
4.674533085937500232e+02,-7.758678506090626570e+01
4.674536015625000118e+02,-7.408120182571381918e+01
4.674538945312500005e+02,-7.270239961993772226e+01
4.674541874999999891e+02,-6.996279093964361095e+01
4.674544804687500346e+02,-7.504926456142307245e+01
4.674547734375000232e+02,-6.975768660503787544e+01
4.674550664062500118e+02,-8.145986637290485533e+01
4.674553593750000005e+02,-8.172635769998224475e+01
4.674556523437499891e+02,-8.440650716092767425e+01
4.674559453125000346e+02,-7.217024942009275890e+01
4.674562382812500232e+02,-7.347027258353375601e+01
4.674565312500000118e+02,-7.232648962443208518e+01
4.674568242187500005e+02,-7.809798126985002398e+01
4.674571171874999891e+02,-6.931665342158548526e+01
4.674574101562500346e+02,-7.161327981193034020e+01
4.674577031250000232e+02,-7.684661166108551811e+01
4.674579960937500118e+02,-7.063801679051876192e+01
4.674582890625000005e+02,-7.252307608556854746e+01
4.674585820312499891e+02,-7.632086210347382860e+01
4.674588750000000346e+02,-7.254074436933541392e+01
4.674591679687500232e+02,-7.604323661030305459e+01
4.674594609375000118e+02,-7.497318870066385443e+01
4.674597539062500005e+02,-7.499413620601205821e+01
4.674600468749999891e+02,-7.311198897930471219e+01
4.674603398437500346e+02,-7.135504023973267351e+01
4.674606328125000232e+02,-7.571551732013119818e+01
4.674609257812500118e+02,-7.343007612994971112e+01
4.674612187500000005e+02,-7.353711356892250706e+01
4.674615117187499891e+02,-8.567703973168633524e+01
4.674618046875000346e+02,-8.652029704306940516e+01
4.674620976562500232e+02,-7.138198544273745938e+01
4.674623906250000118e+02,-7.293451719122917609e+01
4.674626835937500005e+02,-7.557215214491600364e+01
4.674629765624999891e+02,-6.683403902788676021e+01
4.674632695312500346e+02,-6.507956728363654975e+01
4.674635625000000232e+02,-6.654292088273949446e+01
4.674638554687500118e+02,-7.401590579307291762e+01
4.674641484375000005e+02,-7.493966168853253862e+01
4.674644414062499891e+02,-7.213567954286018846e+01
4.674647343750000346e+02,-7.059981256682419826e+01
4.674650273437500232e+02,-7.199615289406906982e+01
4.674653203125000118e+02,-8.723266164392937583e+01
4.674656132812500005e+02,-7.659884164692587660e+01
4.674659062499999891e+02,-7.394301559547028546e+01
4.674661992187500346e+02,-7.549475993619675762e+01
4.674664921875000232e+02,-7.027029514875070504e+01
4.674667851562500118e+02,-7.541454199755830246e+01
4.674670781250000005e+02,-7.276148487168518386e+01
4.674673710937499891e+02,-6.879641835336846611e+01
4.674676640625000346e+02,-7.094592162426877735e+01
4.674679570312500232e+02,-7.316999402884351866e+01
4.674682500000000118e+02,-7.158543764270751808e+01
4.674685429687500005e+02,-7.297304291966671030e+01
4.674688359374999891e+02,-7.543942489968080167e+01
4.674691289062500346e+02,-6.933075894539518913e+01
4.674694218750000232e+02,-7.559020188372645066e+01
4.674697148437500118e+02,-7.444183629814943970e+01
4.674700078125000005e+02,-7.007636108211984549e+01
4.674703007812499891e+02,-6.270390325211224791e+01
4.674705937500000346e+02,-6.320959260418376857e+01
4.674708867187500232e+02,-7.225970131575506628e+01
4.674711796875000118e+02,-8.351098286152108585e+01
4.674714726562500005e+02,-6.895115068486899190e+01
4.674717656249999891e+02,-6.741822481579718840e+01
4.674720585937500346e+02,-7.597829871485056685e+01
4.674723515625000232e+02,-7.401048295569178492e+01
4.674726445312500118e+02,-6.682888503908100120e+01
4.674729375000000005e+02,-7.069363122356543272e+01
4.674732304687499891e+02,-6.802273228724787657e+01
4.674735234375000346e+02,-6.637497608034935581e+01
4.674738164062500232e+02,-7.034897102879602926e+01
4.674741093750000118e+02,-7.845258417210766311e+01
4.674744023437500005e+02,-6.989594842961665222e+01
4.674746953124999891e+02,-6.550845344500868350e+01
4.674749882812500346e+02,-6.327285424877234732e+01
4.674752812500000232e+02,-7.564673742321646444e+01
4.674755742187500118e+02,-6.462985965060600790e+01
4.674758671875000005e+02,-6.235136169421615193e+01
4.674761601562499891e+02,-6.742549949244194352e+01
4.674764531250000346e+02,-6.542261718596699893e+01
4.674767460937500232e+02,-6.962459547003764726e+01
4.674770390625000118e+02,-7.814239628601002607e+01
4.674773320312500005e+02,-8.869313599197403164e+01
4.674776249999999891e+02,-6.866169692192877960e+01
4.674779179687500346e+02,-7.592693863883778249e+01
4.674782109375000232e+02,-6.285504826511748178e+01
4.674785039062500118e+02,-7.156374698968365067e+01
4.674787968750000005e+02,-7.898334836748711041e+01
4.674790898437499891e+02,-7.747869182730435966e+01
4.674793828125000346e+02,-7.435780460500096467e+01
4.674796757812500232e+02,-6.303721222570462146e+01
4.674799687500000118e+02,-5.821078080460261361e+01
4.674802617187500005e+02,-6.177816616054617072e+01
4.674805546874999891e+02,-7.050000848565645128e+01
4.674808476562500346e+02,-7.425214472806297294e+01
4.674811406250000232e+02,-6.477681300962403554e+01
4.674814335937500118e+02,-6.246625285772739744e+01
4.674817265625000005e+02,-6.720812193574175808e+01
4.674820195312499891e+02,-6.372412949897004353e+01
4.674823125000000346e+02,-6.654296431054763161e+01
4.674826054687500232e+02,-6.987272913225615412e+01
4.674828984375000118e+02,-6.528329731154957472e+01
4.674831914062500005e+02,-6.213190358268185776e+01
4.674834843749999891e+02,-6.310330219559129716e+01
4.674837773437500346e+02,-6.366588216549212120e+01
4.674840703125000232e+02,-6.791793408794482900e+01
4.674843632812500118e+02,-5.762489159633275904e+01
4.674846562500000005e+02,-5.819360729537487487e+01
4.674849492187499891e+02,-6.724553826255974798e+01
4.674852421875000346e+02,-7.120307979661988895e+01
4.674855351562500232e+02,-6.224099156572489022e+01
4.674858281250000118e+02,-6.238565118913577834e+01
4.674861210937500005e+02,-7.338583996956982958e+01
4.674864140624999891e+02,-6.268800227003965375e+01
4.674867070312500346e+02,-7.703179204246089284e+01
4.674870000000000232e+02,-7.547129605228788307e+01
4.674872929687500118e+02,-7.261756589828573283e+01
4.674875859375000005e+02,-7.162783399158362840e+01
4.674878789062499891e+02,-7.711639039483968361e+01
4.674881718750000346e+02,-6.879536205019347506e+01
4.674884648437500232e+02,-6.757519314375784347e+01
4.674887578125000118e+02,-7.411717255593028142e+01
4.674890507812500005e+02,-7.111204946642456548e+01
4.674893437499999891e+02,-7.084308275786975173e+01
4.674896367187500346e+02,-6.694429744706556562e+01
4.674899296875000232e+02,-5.751289685597701862e+01
4.674902226562500118e+02,-5.898391827170047463e+01
4.674905156250000005e+02,-6.625322243601789296e+01
4.674908085937499891e+02,-7.660015416356516482e+01
4.674911015625000346e+02,-7.222726788449980972e+01
4.674913945312500232e+02,-7.333896430504523778e+01
4.674916875000000118e+02,-6.413547862095700225e+01
4.674919804687500005e+02,-6.495294820393843338e+01
4.674922734374999891e+02,-6.451982973933426990e+01
4.674925664062500346e+02,-6.637276997666056388e+01
4.674928593750000232e+02,-6.054374334121975210e+01
4.674931523437500118e+02,-6.587537682959845142e+01
4.674934453125000005e+02,-6.738989774068413396e+01
4.674937382812499891e+02,-6.523860727168576545e+01
4.674940312500000346e+02,-6.193347223773087507e+01
4.674943242187500232e+02,-6.227565927354167030e+01
4.674946171875000118e+02,-6.363372949701486903e+01
4.674949101562500005e+02,-6.279975951835681514e+01
4.674952031249999891e+02,-5.846983438389965215e+01
4.674954960937500346e+02,-5.999979192242311399e+01
4.674957890625000232e+02,-6.175568803379307781e+01
4.674960820312500118e+02,-6.451663157911374924e+01
4.674963750000000005e+02,-6.615524362933956581e+01
4.674966679687499891e+02,-6.309694574041017745e+01
4.674969609375000346e+02,-6.582446856549735514e+01
4.674972539062500232e+02,-7.149535887818113622e+01
4.674975468750000118e+02,-7.668968630193225522e+01
4.674978398437500005e+02,-6.412091558932033308e+01
4.674981328124999891e+02,-6.625297620318636405e+01
4.674984257812500346e+02,-6.044205870096148203e+01
4.674987187500000232e+02,-5.992607386110105949e+01
4.674990117187500118e+02,-6.613192746650753406e+01
4.674993046875000005e+02,-5.949934528472039119e+01
4.674995976562499891e+02,-5.995525807006870878e+01
4.674998906250000346e+02,-6.071659947591062689e+01
4.675001835937500232e+02,-6.033330657676973630e+01
4.675004765625000118e+02,-6.514128710465749350e+01
4.675007695312500005e+02,-5.891291413565640767e+01
4.675010624999999891e+02,-5.606707271190131081e+01
4.675013554687500346e+02,-5.942855729746970184e+01
4.675016484375000232e+02,-6.141952185486879046e+01
4.675019414062500118e+02,-6.157567005205387289e+01
4.675022343750000005e+02,-6.328794766348636358e+01
4.675025273437499891e+02,-6.648861203524386099e+01
4.675028203125000346e+02,-6.932800393975777808e+01
4.675031132812500232e+02,-6.451656930419025571e+01
4.675034062500000118e+02,-5.767881231961577271e+01
4.675036992187500005e+02,-6.267001992806798683e+01
4.675039921874999891e+02,-5.949611672864322998e+01
4.675042851562500346e+02,-6.433640903440038983e+01
4.675045781250000232e+02,-6.622644569424520000e+01
4.675048710937500118e+02,-6.949192239832196094e+01
4.675051640625000005e+02,-6.335276610814288745e+01
4.675054570312499891e+02,-6.413940046660968619e+01
4.675057500000000346e+02,-6.278194555165809732e+01
4.675060429687500232e+02,-6.200937745781289578e+01
4.675063359375000118e+02,-6.824401887138007794e+01
4.675066289062500005e+02,-6.760383460678448841e+01
4.675069218749999891e+02,-6.639738292430894262e+01
4.675072148437500346e+02,-6.962509580690404221e+01
4.675075078125000232e+02,-6.709985934457174039e+01
4.675078007812500118e+02,-6.482376208318167699e+01
4.675080937500000005e+02,-7.621493270006109810e+01
4.675083867187499891e+02,-6.407448206514337130e+01
4.675086796875000346e+02,-6.162209219377707115e+01
4.675089726562500232e+02,-6.511109143079549710e+01
4.675092656250000118e+02,-6.954322644348633276e+01
4.675095585937500005e+02,-6.421747240534433843e+01
4.675098515624999891e+02,-7.808954530829031171e+01
4.675101445312500346e+02,-6.608455821683173781e+01
4.675104375000000232e+02,-7.967098825909101834e+01
4.675107304687500118e+02,-7.740389093031419065e+01
4.675110234375000005e+02,-6.869437649454125960e+01
4.675113164062499891e+02,-6.611079065787650677e+01
4.675116093750000346e+02,-6.922682601195998586e+01
4.675119023437500232e+02,-6.771476898433127189e+01
4.675121953125000118e+02,-7.083329643886436600e+01
4.675124882812500005e+02,-7.547274303780935156e+01
4.675127812499999891e+02,-7.282097832271529114e+01
4.675130742187500346e+02,-6.250283212857452497e+01
4.675133671875000232e+02,-6.513064263091490602e+01
4.675136601562500118e+02,-6.720036976782851923e+01
4.675139531250000005e+02,-6.563873343574898911e+01
4.675142460937499891e+02,-7.232961667868275413e+01
4.675145390625000346e+02,-7.209551789447876047e+01
4.675148320312500232e+02,-7.138558445098840366e+01
4.675151250000000118e+02,-6.992884680030614675e+01
4.675154179687500005e+02,-6.663529540952821151e+01
4.675157109374999891e+02,-6.767651095887580937e+01
4.675160039062500346e+02,-7.272235205990396878e+01
4.675162968750000232e+02,-8.057115159056102982e+01
4.675165898437500118e+02,-6.729586326309507172e+01
4.675168828125000005e+02,-6.290090282735405935e+01
4.675171757812499891e+02,-6.617004611954497761e+01
4.675174687500000346e+02,-6.595764887182878056e+01
4.675177617187500232e+02,-6.745090755340484634e+01
4.675180546875000118e+02,-7.192013302279232789e+01
4.675183476562500005e+02,-6.806309780305264212e+01
4.675186406249999891e+02,-7.201004912373421973e+01
4.675189335937500346e+02,-6.790033000805428287e+01
4.675192265625000232e+02,-6.370622730132902234e+01
4.675195195312500118e+02,-6.665320737250976890e+01
4.675198125000000005e+02,-7.617396871558271698e+01
4.675201054687499891e+02,-6.343850008118232608e+01
4.675203984375000346e+02,-6.568833927266950923e+01
4.675206914062500232e+02,-6.824957813009247332e+01
4.675209843750000118e+02,-6.895114174038441490e+01
4.675212773437500005e+02,-7.016423155816164581e+01
4.675215703124999891e+02,-6.291358622832548519e+01
4.675218632812500346e+02,-6.423952068464585352e+01
4.675221562500000232e+02,-6.640600259605493250e+01
4.675224492187500118e+02,-6.014212850525902354e+01
4.675227421875000005e+02,-5.895349645904880020e+01
4.675230351562499891e+02,-7.138757968051284308e+01
4.675233281250000346e+02,-6.867901859195008285e+01
4.675236210937500232e+02,-6.888439674179704753e+01
4.675239140625000118e+02,-6.802748094882761620e+01
4.675242070312500005e+02,-6.697124469823724269e+01
4.675244999999999891e+02,-6.379596312990540241e+01
4.675247929687500346e+02,-6.928131116836036085e+01
4.675250859375000232e+02,-7.096608722673988723e+01
4.675253789062500118e+02,-6.195337106949472172e+01
4.675256718750000005e+02,-6.296161491352634698e+01
4.675259648437499891e+02,-6.595622989014646009e+01
4.675262578125000346e+02,-6.530127690656348705e+01
4.675265507812500232e+02,-5.302578492033529756e+01
4.675268437500000118e+02,-5.422677773313004934e+01
4.675271367187500005e+02,-6.841600236568625348e+01
4.675274296874999891e+02,-7.163577284860210170e+01
4.675277226562500346e+02,-6.669516814091412016e+01
4.675280156250000232e+02,-6.438390234400836221e+01
4.675283085937500118e+02,-6.467219223793119909e+01
4.675286015625000005e+02,-7.018377478432653049e+01
4.675288945312499891e+02,-6.733895897617051673e+01
4.675291875000000346e+02,-6.607643053128749955e+01
4.675294804687500232e+02,-6.310347778705867938e+01
4.675297734375000118e+02,-6.021673730680775805e+01
4.675300664062500005e+02,-5.920161115161153731e+01
4.675303593749999891e+02,-5.977483035140542711e+01
4.675306523437500346e+02,-6.475275900791368144e+01
4.675309453125000232e+02,-6.450308243181422085e+01
4.675312382812500118e+02,-6.341616840961725643e+01
4.675315312500000005e+02,-6.502630389365818075e+01
4.675318242187499891e+02,-6.605092128040104171e+01
4.675321171875000346e+02,-6.398360036920394833e+01
4.675324101562500232e+02,-6.090036019611366669e+01
4.675327031250000118e+02,-5.902121562691110057e+01
4.675329960937500005e+02,-6.355206505441084630e+01
4.675332890624999891e+02,-6.493936486968829058e+01
4.675335820312500346e+02,-6.259999110279117929e+01
4.675338750000000232e+02,-6.361531341135623308e+01
4.675341679687500118e+02,-5.819912321983321135e+01
4.675344609375000005e+02,-6.430882807790881373e+01
4.675347539062499891e+02,-6.439943951163508018e+01
4.675350468750000346e+02,-6.213698936503482173e+01
4.675353398437500232e+02,-6.227511925314214380e+01
4.675356328125000118e+02,-6.376338893200837532e+01
4.675359257812500005e+02,-7.205070108396708406e+01
4.675362187499999891e+02,-7.894663082386708197e+01
4.675365117187500346e+02,-6.981365249424739261e+01
4.675368046875000232e+02,-6.457965110128084518e+01
4.675370976562500118e+02,-6.079016694234474016e+01
4.675373906250000005e+02,-6.606091180543182872e+01
4.675376835937499891e+02,-5.805217378705598463e+01
4.675379765625000346e+02,-5.254622258024465253e+01
4.675382695312500232e+02,-5.478176083832026677e+01
4.675385625000000118e+02,-6.440114281131073426e+01
4.675388554687500005e+02,-6.715799672404556020e+01
4.675391484374999891e+02,-6.287188455711249446e+01
4.675394414062500346e+02,-5.833977947216457949e+01
4.675397343750000232e+02,-6.010377161451489769e+01
4.675400273437500118e+02,-7.113486337263968551e+01
4.675403203125000005e+02,-6.016265907742700847e+01
4.675406132812499891e+02,-5.516682429191288151e+01
4.675409062500000346e+02,-5.810193814765217724e+01
4.675411992187500232e+02,-6.196259128018478179e+01
4.675414921875000118e+02,-6.236477093929836713e+01
4.675417851562500005e+02,-7.142980038684173394e+01
4.675420781249999891e+02,-5.367652093098633515e+01
4.675423710937500346e+02,-5.230372544188200123e+01
4.675426640625000232e+02,-6.355530309394889343e+01
4.675429570312500118e+02,-6.384416640042070412e+01
4.675432500000000005e+02,-6.100353679303685794e+01
4.675435429687499891e+02,-5.513289571873264094e+01
4.675438359375000346e+02,-5.278623765348140040e+01
4.675441289062500232e+02,-5.835359757820317128e+01
4.675444218750000118e+02,-5.686613275678861612e+01
4.675447148437500005e+02,-5.136612996252267749e+01
4.675450078124999891e+02,-5.495983084880063529e+01
4.675453007812500346e+02,-5.414774768857683540e+01
4.675455937500000232e+02,-5.376579320067765622e+01
4.675458867187500118e+02,-4.888853765858011968e+01
4.675461796875000005e+02,-4.598494890444654715e+01
4.675464726562499891e+02,-5.569991505729070980e+01
4.675467656250000346e+02,-5.062849811279824053e+01
4.675470585937500232e+02,-5.996288551405279321e+01
4.675473515625000118e+02,-7.725438865447755177e+01
4.675476445312500005e+02,-6.055990276910633696e+01
4.675479374999999891e+02,-5.428821447417372781e+01
4.675482304687500346e+02,-5.446818394173645572e+01
4.675485234375000232e+02,-5.550470622002937660e+01
4.675488164062500118e+02,-5.225292756951087370e+01
4.675491093750000005e+02,-5.384567715217971795e+01
4.675494023437499891e+02,-5.384207083790116855e+01
4.675496953125000346e+02,-5.209447398798275941e+01
4.675499882812500232e+02,-5.281587440527903965e+01
4.675502812500000118e+02,-5.588125158061509268e+01
4.675505742187500005e+02,-5.925787555046363053e+01
4.675508671874999891e+02,-6.342777730696271021e+01
4.675511601562500346e+02,-5.938003392440993622e+01
4.675514531250000232e+02,-5.429765498338732499e+01
4.675517460937500118e+02,-5.413920578292874808e+01
4.675520390625000005e+02,-6.088988340260723930e+01
4.675523320312499891e+02,-6.565216304955731630e+01
4.675526250000000346e+02,-6.060470049838431805e+01
4.675529179687500232e+02,-5.892103369417998238e+01
4.675532109375000118e+02,-6.514803385687828552e+01
4.675535039062500005e+02,-6.008451276167705402e+01
4.675537968749999891e+02,-6.423453028651525187e+01
4.675540898437500346e+02,-6.007940167548706967e+01
4.675543828125000232e+02,-5.621532088680979911e+01
4.675546757812500118e+02,-5.214569769512638686e+01
4.675549687500000005e+02,-6.541257866931692888e+01
4.675552617187499891e+02,-6.445458534429138808e+01
4.675555546875000346e+02,-6.273582779553902355e+01
4.675558476562500232e+02,-5.299016930782287460e+01
4.675561406250000118e+02,-5.821384685848997975e+01
4.675564335937500005e+02,-5.972225523910529432e+01
4.675567265624999891e+02,-5.885316168087453548e+01
4.675570195312500346e+02,-5.473659615136010359e+01
4.675573125000000232e+02,-5.665939701014516316e+01
4.675576054687500118e+02,-5.510711730503822281e+01
4.675578984375000005e+02,-5.093722442042594167e+01
4.675581914062499891e+02,-5.153592139578478282e+01
4.675584843750000346e+02,-6.093780316170803246e+01
4.675587773437500232e+02,-7.181933335482681002e+01
4.675590703125000118e+02,-6.813500345453300611e+01
4.675593632812500005e+02,-6.210501734830707221e+01
4.675596562499999891e+02,-6.421911991763624883e+01
4.675599492187500346e+02,-6.442575385229358176e+01
4.675602421875000232e+02,-5.850708183619783398e+01
4.675605351562500118e+02,-5.328731046522460701e+01
4.675608281250000005e+02,-5.242698065007547825e+01
4.675611210937499891e+02,-7.215855227246970571e+01
4.675614140625000346e+02,-5.680461755408867219e+01
4.675617070312500232e+02,-6.910593517658662677e+01
4.675620000000000118e+02,-6.379072231055375397e+01
4.675622929687500005e+02,-5.957087889563390348e+01
4.675625859374999891e+02,-6.525571962625480182e+01
4.675628789062500346e+02,-5.584743012287437125e+01
4.675631718750000232e+02,-5.908247798928162098e+01
4.675634648437500118e+02,-5.607686810096554098e+01
4.675637578125000005e+02,-5.047681749271136198e+01
4.675640507812499891e+02,-5.256741340869182721e+01
4.675643437500000346e+02,-5.671187945099647720e+01
4.675646367187500232e+02,-5.540517052332643289e+01
4.675649296875000118e+02,-5.563628002835953623e+01
4.675652226562500005e+02,-6.162536942919760463e+01
4.675655156249999891e+02,-6.163596615479877983e+01
4.675658085937500346e+02,-5.757434211280639147e+01
4.675661015625000232e+02,-6.539292382640859103e+01
4.675663945312500118e+02,-5.433936645961671275e+01
4.675666875000000005e+02,-6.239362200736068331e+01
4.675669804687499891e+02,-5.362107846172274606e+01
4.675672734375000346e+02,-5.396522954388595394e+01
4.675675664062500232e+02,-6.008427271203940734e+01
4.675678593750000118e+02,-6.041822618772138043e+01
4.675681523437500005e+02,-5.423756231755292845e+01
4.675684453124999891e+02,-5.610431237598271537e+01
4.675687382812500346e+02,-6.095694369320858641e+01
4.675690312500000232e+02,-7.213200205678735699e+01
4.675693242187500118e+02,-6.211839481428678766e+01
4.675696171875000005e+02,-6.385910879577971144e+01
4.675699101562499891e+02,-5.879977068466488532e+01
4.675702031250000346e+02,-5.368166419840426329e+01
4.675704960937500232e+02,-5.849257402377185144e+01
4.675707890625000118e+02,-4.909946766825062525e+01
4.675710820312500005e+02,-5.237754029270945466e+01
4.675713749999999891e+02,-5.686212388766520576e+01
4.675716679687500346e+02,-4.873636327795264123e+01
4.675719609375000232e+02,-4.606490382732835798e+01
4.675722539062500118e+02,-4.711338122960665942e+01
4.675725468750000005e+02,-5.243351616069126919e+01
4.675728398437499891e+02,-5.954404131460412941e+01
4.675731328125000346e+02,-5.181639208848754663e+01
4.675734257812500232e+02,-5.506107808647605140e+01
4.675737187500000118e+02,-5.276247363201343887e+01
4.675740117187500005e+02,-4.723411266947118037e+01
4.675743046874999891e+02,-4.936479346021209125e+01
4.675745976562500346e+02,-5.244599230087111863e+01
4.675748906250000232e+02,-6.380989102390800127e+01
4.675751835937500118e+02,-6.362078270133159918e+01
4.675754765625000005e+02,-5.815651136755268169e+01
4.675757695312499891e+02,-5.246473591993861874e+01
4.675760625000000346e+02,-6.132387877202879878e+01
4.675763554687500232e+02,-5.161977709538484760e+01
4.675766484375000118e+02,-5.376819184649495043e+01
4.675769414062500005e+02,-5.717336818979696744e+01
4.675772343749999891e+02,-5.466618831009290602e+01
4.675775273437500346e+02,-4.720880427984123884e+01
4.675778203125000232e+02,-5.082303565161666370e+01
4.675781132812500118e+02,-6.441892163954564410e+01
4.675784062500000005e+02,-5.494249590954687079e+01
4.675786992187499891e+02,-5.170743021144939178e+01
4.675789921875000346e+02,-5.402545598072121891e+01
4.675792851562500232e+02,-4.960840743346238924e+01
4.675795781250000118e+02,-5.798034850005018370e+01
4.675798710937500005e+02,-6.036023396598778845e+01
4.675801640624999891e+02,-5.307262179914475553e+01
4.675804570312500346e+02,-4.870985425456413509e+01
4.675807500000000232e+02,-5.844570268101544741e+01
4.675810429687500118e+02,-5.560319063584061183e+01
4.675813359375000005e+02,-5.502850722130021666e+01
4.675816289062499891e+02,-4.871274118825418498e+01
4.675819218750000346e+02,-5.219772463539057838e+01
4.675822148437500232e+02,-6.097504366465653902e+01
4.675825078125000118e+02,-5.704288058347025725e+01
4.675828007812500005e+02,-6.066071749517693235e+01
4.675830937499999891e+02,-5.696000457614891843e+01
4.675833867187500346e+02,-4.973425607251590463e+01
4.675836796875000232e+02,-5.047462949451441716e+01
4.675839726562500118e+02,-5.088246656817294422e+01
4.675842656250000005e+02,-5.059969631902089304e+01
4.675845585937499891e+02,-4.637421940447602964e+01
4.675848515625000346e+02,-4.848163150772178653e+01
4.675851445312500232e+02,-5.572902528991071591e+01
4.675854375000000118e+02,-6.372012094113431147e+01
4.675857304687500005e+02,-5.859556148512821494e+01
4.675860234374999891e+02,-5.060745156586685312e+01
4.675863164062500346e+02,-4.564589567243865531e+01
4.675866093750000232e+02,-4.828651567556573099e+01
4.675869023437500118e+02,-5.339565178539410795e+01
4.675871953125000005e+02,-5.131114813075600978e+01
4.675874882812499891e+02,-5.887190390737161039e+01
4.675877812500000346e+02,-5.667615892615152973e+01
4.675880742187500232e+02,-6.154498119047632088e+01
4.675883671875000118e+02,-5.665870649058597053e+01
4.675886601562500005e+02,-4.173516391114658575e+01
4.675889531249999891e+02,-3.952568953745823421e+01
4.675892460937500346e+02,-5.511498191550615644e+01
4.675895390625000232e+02,-6.544253961699644151e+01
4.675898320312500118e+02,-5.877214571765571804e+01
4.675901250000000005e+02,-5.403207081374877419e+01
4.675904179687499891e+02,-6.069276827115647421e+01
4.675907109375000346e+02,-5.107721122251789581e+01
4.675910039062500232e+02,-5.388545277521438237e+01
4.675912968750000118e+02,-4.737361392930834825e+01
4.675915898437500005e+02,-4.422506443902431528e+01
4.675918828124999891e+02,-4.876305588617546505e+01
4.675921757812500346e+02,-5.749954949726610209e+01
4.675924687500000232e+02,-5.530435904401358016e+01
4.675927617187500118e+02,-5.105098792475401837e+01
4.675930546875000005e+02,-4.948958697818138575e+01
4.675933476562499891e+02,-5.178385031219718115e+01
4.675936406250000346e+02,-5.596699008647359364e+01
4.675939335937500232e+02,-5.263352493503928997e+01
4.675942265625000118e+02,-5.317761441339995798e+01
4.675945195312500005e+02,-5.053568667864649910e+01
4.675948124999999891e+02,-5.464771980071422774e+01
4.675951054687500346e+02,-5.781465328277253946e+01
4.675953984375000232e+02,-4.890122922194605337e+01
4.675956914062500118e+02,-4.844801728604988966e+01
4.675959843750000005e+02,-6.613091853435145140e+01
4.675962773437499891e+02,-4.941287594517682891e+01
4.675965703125000346e+02,-5.898980535067158826e+01
4.675968632812500232e+02,-6.459927732147248491e+01
4.675971562500000118e+02,-4.838120384750102687e+01
4.675974492187500005e+02,-4.718446514490928934e+01
4.675977421874999891e+02,-5.844847353825834091e+01
4.675980351562500346e+02,-6.870259788515694765e+01
4.675983281250000232e+02,-5.937071955751730457e+01
4.675986210937500118e+02,-5.409099012986312971e+01
4.675989140625000005e+02,-5.861429911400047388e+01
4.675992070312499891e+02,-6.058396163568118453e+01
4.675995000000000346e+02,-6.259814467869651367e+01
4.675997929687500232e+02,-5.571221996133672860e+01
4.676000859375000118e+02,-5.671782115048351613e+01
4.676003789062500005e+02,-5.690472472267006765e+01
4.676006718749999891e+02,-5.069080361504042997e+01
4.676009648437500346e+02,-4.944546173319661619e+01
4.676012578125000232e+02,-5.070591886451707353e+01
4.676015507812500118e+02,-5.345265165562746290e+01
4.676018437500000005e+02,-6.414744902994667086e+01
4.676021367187499891e+02,-6.504599296152254340e+01
4.676024296875000346e+02,-5.421601221237301615e+01
4.676027226562500232e+02,-5.414560595556338285e+01
4.676030156250000118e+02,-5.634015620521920198e+01
4.676033085937500005e+02,-5.751179129033621962e+01
4.676036015624999891e+02,-5.605108608087310529e+01
4.676038945312500346e+02,-6.156476408933154687e+01
4.676041875000000232e+02,-5.834732523875439369e+01
4.676044804687500118e+02,-6.105805939632681856e+01
4.676047734375000005e+02,-5.794408677592210211e+01
4.676050664062499891e+02,-6.124385187198775071e+01
4.676053593750000346e+02,-5.600616945582178374e+01
4.676056523437500232e+02,-5.237324220488303439e+01
4.676059453125000118e+02,-5.056865210594430238e+01
4.676062382812500005e+02,-5.397547267381634128e+01
4.676065312499999891e+02,-5.163096280946818695e+01
4.676068242187500346e+02,-5.752161712728059229e+01
4.676071171875000232e+02,-6.094189308241691094e+01
4.676074101562500118e+02,-5.798726569125656738e+01
4.676077031250000005e+02,-6.030057101119482610e+01
4.676079960937499891e+02,-6.363195751066663064e+01
4.676082890625000346e+02,-5.480501365348230536e+01
4.676085820312500232e+02,-5.361747894046565932e+01
4.676088750000000118e+02,-6.803860933115812770e+01
4.676091679687500005e+02,-5.653547843036583487e+01
4.676094609374999891e+02,-6.281112220170381732e+01
4.676097539062500346e+02,-7.231845291517062435e+01
4.676100468750000232e+02,-6.897857187985260907e+01
4.676103398437500118e+02,-6.602942390566343533e+01
4.676106328125000005e+02,-6.313912562259137218e+01
4.676109257812499891e+02,-6.821907019641501790e+01
4.676112187500000346e+02,-6.945149047248243335e+01
4.676115117187500232e+02,-7.759311930034465377e+01
4.676118046875000118e+02,-6.289460009937577922e+01
4.676120976562500005e+02,-7.032899217994099672e+01
4.676123906249999891e+02,-6.639446828509093734e+01
4.676126835937500346e+02,-5.844782831555124858e+01
4.676129765625000232e+02,-5.262633360657861203e+01
4.676132695312500118e+02,-7.363367107224758001e+01
4.676135625000000005e+02,-5.233840500084535563e+01
4.676138554687499891e+02,-5.358873671858259513e+01
4.676141484375000346e+02,-6.160569662092251519e+01
4.676144414062500232e+02,-6.067713236937197507e+01
4.676147343750000118e+02,-5.298041258378503215e+01
4.676150273437500005e+02,-5.426760707482655732e+01
4.676153203124999891e+02,-5.039555665606015111e+01
4.676156132812500346e+02,-5.293206860968378180e+01
4.676159062500000232e+02,-7.097314130432856416e+01
4.676161992187500118e+02,-5.936482351891313414e+01
4.676164921875000005e+02,-5.404143373640011561e+01
4.676167851562499891e+02,-4.855548103319448927e+01
4.676170781250000346e+02,-5.500469159544262965e+01
4.676173710937500232e+02,-6.556299844949208477e+01
4.676176640625000118e+02,-6.170683717036295945e+01
4.676179570312500005e+02,-5.993427864734695731e+01
4.676182499999999891e+02,-5.774783879983815638e+01
4.676185429687500346e+02,-5.489556492483608707e+01
4.676188359375000232e+02,-6.469957211861878932e+01
4.676191289062500118e+02,-5.548843646886406589e+01
4.676194218750000005e+02,-5.797428250397557292e+01
4.676197148437499891e+02,-5.632422639369572437e+01
4.676200078125000346e+02,-6.459572120690098984e+01
4.676203007812500232e+02,-5.833724799293351282e+01
4.676205937500000118e+02,-6.664386769896096041e+01
4.676208867187500005e+02,-7.777559186977569539e+01
4.676211796874999891e+02,-5.893652938111635819e+01
4.676214726562500346e+02,-6.236687725247794134e+01
4.676217656250000232e+02,-6.462387429899236224e+01
4.676220585937500118e+02,-6.027310133628283495e+01
4.676223515625000005e+02,-7.203421985558367169e+01
4.676226445312499891e+02,-5.837044293085945412e+01
4.676229375000000346e+02,-6.037929398508686774e+01
4.676232304687500232e+02,-6.262165875673776583e+01
4.676235234375000118e+02,-5.730391349542755819e+01
4.676238164062500005e+02,-6.126677150563322982e+01
4.676241093749999891e+02,-5.465510014522105564e+01
4.676244023437500346e+02,-5.280183504528680061e+01
4.676246953125000232e+02,-5.772550228285339813e+01
4.676249882812500118e+02,-5.911023654433144259e+01
4.676252812500000005e+02,-5.371039193378575760e+01
4.676255742187499891e+02,-7.576430179958906308e+01
4.676258671875000346e+02,-6.499552401900693610e+01
4.676261601562500232e+02,-6.286081915634552786e+01
4.676264531250000118e+02,-6.394868305983172263e+01
4.676267460937500005e+02,-6.225968320908803832e+01
4.676270390624999891e+02,-6.151969183416505160e+01
4.676273320312500346e+02,-5.468870806637546167e+01
4.676276250000000232e+02,-5.145842369509118441e+01
4.676279179687500118e+02,-5.466621805916030752e+01
4.676282109375000005e+02,-5.653017613165086885e+01
4.676285039062499891e+02,-5.531179966699605188e+01
4.676287968750000346e+02,-6.163983723705709394e+01
4.676290898437500232e+02,-5.711549078126476786e+01
4.676293828125000118e+02,-5.689528819564699091e+01
4.676296757812500005e+02,-5.444332894468772110e+01
4.676299687499999891e+02,-5.718340298391551357e+01
4.676302617187500346e+02,-5.847742618942209702e+01
4.676305546875000232e+02,-5.736541250484129506e+01
4.676308476562500118e+02,-5.679296362399615106e+01
4.676311406250000005e+02,-5.293073819166681915e+01
4.676314335937499891e+02,-4.926850169359958187e+01
4.676317265625000346e+02,-4.704888565194461592e+01
4.676320195312500232e+02,-5.554498307691183356e+01
4.676323125000000118e+02,-5.622363418833983673e+01
4.676326054687500005e+02,-5.554664925598304137e+01
4.676328984374999891e+02,-5.360418550295274542e+01
4.676331914062500346e+02,-5.676255059610233644e+01
4.676334843750000232e+02,-6.416292999308726053e+01
4.676337773437500118e+02,-5.580107979883263170e+01
4.676340703125000005e+02,-6.063951460432364371e+01
4.676343632812499891e+02,-6.095163979664213372e+01
4.676346562500000346e+02,-5.622236142348177168e+01
4.676349492187500232e+02,-5.794921358490366003e+01
4.676352421875000118e+02,-5.920590120929279720e+01
4.676355351562500005e+02,-5.005975921366413672e+01
4.676358281249999891e+02,-5.418052314417845139e+01
4.676361210937500346e+02,-6.818726620795240478e+01
4.676364140625000232e+02,-6.416802616063085907e+01
4.676367070312500118e+02,-7.325337637765552756e+01
4.676370000000000005e+02,-6.109356305897578920e+01
4.676372929687499891e+02,-6.147729371637802842e+01
4.676375859375000346e+02,-6.870649660896540922e+01
4.676378789062500232e+02,-6.489852348557363371e+01
4.676381718750000118e+02,-6.871796803274828846e+01
4.676384648437500005e+02,-7.080791230610540765e+01
4.676387578124999891e+02,-6.440213524269390177e+01
4.676390507812500346e+02,-6.547999039195187265e+01
4.676393437500000232e+02,-6.323612361370316393e+01
4.676396367187500118e+02,-6.015465293390099788e+01
4.676399296875000005e+02,-6.779549023946516684e+01
4.676402226562499891e+02,-6.464736869049583845e+01
4.676405156250000346e+02,-6.739696569289793615e+01
4.676408085937500232e+02,-6.816267880850703875e+01
4.676411015625000118e+02,-6.621602682974291554e+01
4.676413945312500005e+02,-7.396593813166192888e+01
4.676416874999999891e+02,-6.265136816113958673e+01
4.676419804687500346e+02,-5.833807148872367065e+01
4.676422734375000232e+02,-6.180072421265163030e+01
4.676425664062500118e+02,-6.846246369328969195e+01
4.676428593750000005e+02,-7.714821971082824348e+01
4.676431523437499891e+02,-7.402075029254348237e+01
4.676434453125000346e+02,-6.300444671311497302e+01
4.676437382812500232e+02,-6.462086536869010445e+01
4.676440312500000118e+02,-6.705229148063369848e+01
4.676443242187500005e+02,-6.579889838500474752e+01
4.676446171874999891e+02,-6.761882339675013043e+01
4.676449101562500346e+02,-6.749793880454740247e+01
4.676452031250000232e+02,-6.724936102153750994e+01
4.676454960937500118e+02,-6.497758838298632611e+01
4.676457890625000005e+02,-6.726683382775763675e+01
4.676460820312499891e+02,-7.878337378808029712e+01
4.676463750000000346e+02,-6.855628933774271161e+01
4.676466679687500232e+02,-6.266602714794663598e+01
4.676469609375000118e+02,-6.634894840752700418e+01
4.676472539062500005e+02,-7.133772139272898016e+01
4.676475468749999891e+02,-6.373416081362867658e+01
4.676478398437500346e+02,-6.670172039688398513e+01
4.676481328125000232e+02,-7.064504015995417774e+01
4.676484257812500118e+02,-7.524673796780261625e+01
4.676487187500000005e+02,-6.680975793849816569e+01
4.676490117187499891e+02,-7.450666689724479852e+01
4.676493046875000346e+02,-7.236536588892904831e+01
4.676495976562500232e+02,-7.267871544985395360e+01
4.676498906250000118e+02,-6.988591653996439845e+01
4.676501835937500005e+02,-6.711366192838617906e+01
4.676504765624999891e+02,-6.642230859353354333e+01
4.676507695312500346e+02,-6.664950914133513038e+01
4.676510625000000232e+02,-5.783729337302258244e+01
4.676513554687500118e+02,-5.904709153941657007e+01
4.676516484375000005e+02,-6.435885050139135899e+01
4.676519414062499891e+02,-7.287398087123446544e+01
4.676522343750000346e+02,-8.772981922136605704e+01
4.676525273437500232e+02,-7.118979317234214932e+01
4.676528203125000118e+02,-6.729327111692141727e+01
4.676531132812500005e+02,-7.032231527056754317e+01
4.676534062499999891e+02,-6.420319291658563543e+01
4.676536992187500346e+02,-6.484720432906102872e+01
4.676539921875000232e+02,-6.293526210554216505e+01
4.676542851562500118e+02,-5.854829471153578169e+01
4.676545781250000005e+02,-6.311796252869620361e+01
4.676548710937499891e+02,-6.187193243826066436e+01
4.676551640625000346e+02,-6.309166085701101423e+01
4.676554570312500232e+02,-6.844300070245240875e+01
4.676557500000000118e+02,-6.764542403892858147e+01
4.676560429687500005e+02,-6.550309064620078914e+01
4.676563359374999891e+02,-6.830861320553806593e+01
4.676566289062500346e+02,-7.195972270513652802e+01
4.676569218750000232e+02,-7.400618237620159334e+01
4.676572148437500118e+02,-6.477662719388858648e+01
4.676575078125000005e+02,-6.381614933731838590e+01
4.676578007812499891e+02,-8.017835130631542029e+01
4.676580937500000346e+02,-6.564348278669966419e+01
4.676583867187500232e+02,-6.188112611503997584e+01
4.676586796875000118e+02,-6.480187556420426631e+01
4.676589726562500005e+02,-7.201167847714030756e+01
4.676592656249999891e+02,-6.616528550703446854e+01
4.676595585937500346e+02,-6.018182683191001558e+01
4.676598515625000232e+02,-6.380098850060580418e+01
4.676601445312500118e+02,-6.569903622926089781e+01
4.676604375000000005e+02,-6.482496119698996040e+01
4.676607304687499891e+02,-9.393116381746600041e+01
4.676610234375000346e+02,-6.991601595879551212e+01
4.676613164062500232e+02,-9.873465418232979118e+01
4.676616093750000118e+02,-6.485413644781992559e+01
4.676619023437500005e+02,-6.358524267790031814e+01
4.676621953124999891e+02,-6.810097504292288306e+01
4.676624882812500346e+02,-6.986444780770888485e+01
4.676627812500000232e+02,-7.015841651855527061e+01
4.676630742187500118e+02,-7.105159000392110613e+01
4.676633671875000005e+02,-6.304136601416474406e+01
4.676636601562499891e+02,-6.796027033162543773e+01
4.676639531250000346e+02,-7.953166957658848446e+01
4.676642460937500232e+02,-7.922328592104820189e+01
4.676645390625000118e+02,-8.391087108208463974e+01
4.676648320312500005e+02,-7.314606313342993360e+01
4.676651249999999891e+02,-6.415323720453429246e+01
4.676654179687500346e+02,-6.010735159929160432e+01
4.676657109375000232e+02,-6.607008628626418556e+01
4.676660039062500118e+02,-6.986309734171078389e+01
4.676662968750000005e+02,-6.548464949467378915e+01
4.676665898437499891e+02,-6.492994242360563817e+01
4.676668828125000346e+02,-6.422991715731983220e+01
4.676671757812500232e+02,-6.050203578957504646e+01
4.676674687500000118e+02,-6.177333183315211329e+01
4.676677617187500005e+02,-6.841258859764538158e+01
4.676680546874999891e+02,-6.500450677523312493e+01
4.676683476562500346e+02,-7.095312513959362377e+01
4.676686406250000232e+02,-8.763775045138366693e+01
4.676689335937500118e+02,-7.593326847516414091e+01
4.676692265625000005e+02,-6.591802673177163285e+01
4.676695195312499891e+02,-6.079611862305035430e+01
4.676698125000000346e+02,-6.980077376979291159e+01
4.676701054687500232e+02,-6.622476049951799837e+01
4.676703984375000118e+02,-6.281441857034182163e+01
4.676706914062500005e+02,-6.245602303432743696e+01
4.676709843749999891e+02,-6.119397677215538778e+01
4.676712773437500346e+02,-6.195463097914113604e+01
4.676715703125000232e+02,-6.838156914329566405e+01
4.676718632812500118e+02,-6.438905990162054138e+01
4.676721562500000005e+02,-7.379981428174693292e+01
4.676724492187499891e+02,-6.722703458285533884e+01
4.676727421875000346e+02,-6.932169781681834309e+01
4.676730351562500232e+02,-6.095744490764870704e+01
4.676733281250000118e+02,-6.101292627433979021e+01
4.676736210937500005e+02,-7.096786707089583501e+01
4.676739140624999891e+02,-6.303361063745277448e+01
4.676742070312500346e+02,-5.915324437948791569e+01
4.676745000000000232e+02,-5.792243667166130194e+01
4.676747929687500118e+02,-6.332534222715882066e+01
4.676750859375000005e+02,-6.724473467595734633e+01
4.676753789062499891e+02,-6.702722274694779969e+01
4.676756718750000346e+02,-6.017643836818403713e+01
4.676759648437500232e+02,-5.883543402100912800e+01
4.676762578125000118e+02,-5.976551709563642589e+01
4.676765507812500005e+02,-5.797120706065904727e+01
4.676768437499999891e+02,-6.177784432327332098e+01
4.676771367187500346e+02,-6.680531012749085562e+01
4.676774296875000232e+02,-5.969368393554657359e+01
4.676777226562500118e+02,-5.623630590130033369e+01
4.676780156250000005e+02,-6.266693126204698672e+01
4.676783085937499891e+02,-5.787301411153895003e+01
4.676786015625000346e+02,-6.426712785213953794e+01
4.676788945312500232e+02,-6.517347717104355809e+01
4.676791875000000118e+02,-5.634088054398101519e+01
4.676794804687500005e+02,-6.097735467190752701e+01
4.676797734374999891e+02,-6.371696047708904587e+01
4.676800664062500346e+02,-6.239293232592348915e+01
4.676803593750000232e+02,-6.191252253149905727e+01
4.676806523437500118e+02,-6.698543842026077755e+01
4.676809453125000005e+02,-6.427174591395485947e+01
4.676812382812499891e+02,-6.021477570332397278e+01
4.676815312500000346e+02,-7.748684657660227515e+01
4.676818242187500232e+02,-6.892782839204004119e+01
4.676821171875000118e+02,-6.626983156972478639e+01
4.676824101562500005e+02,-6.654024794148504895e+01
4.676827031249999891e+02,-7.432671378096745229e+01
4.676829960937500346e+02,-8.476169251712528308e+01
4.676832890625000232e+02,-7.811460905337472127e+01
4.676835820312500118e+02,-7.334086581924678683e+01
4.676838750000000005e+02,-7.126135090984062970e+01
4.676841679687499891e+02,-6.831014671133246452e+01
4.676844609375000346e+02,-7.173778700882705550e+01
4.676847539062500232e+02,-6.241596158939594829e+01
4.676850468750000118e+02,-6.127785186093912273e+01
4.676853398437500005e+02,-6.087032267222093651e+01
4.676856328124999891e+02,-6.740974836160933137e+01
4.676859257812500346e+02,-7.210117850456488497e+01
4.676862187500000232e+02,-6.939557645817392029e+01
4.676865117187500118e+02,-7.022969396802736242e+01
4.676868046875000005e+02,-6.803966011663382574e+01
4.676870976562499891e+02,-6.375825150034530964e+01
4.676873906250000346e+02,-6.693852382429699333e+01
4.676876835937500232e+02,-6.511790529108037617e+01
4.676879765625000118e+02,-6.264304700173225626e+01
4.676882695312500005e+02,-6.523220406301292940e+01
4.676885624999999891e+02,-6.824532366084399371e+01
4.676888554687500346e+02,-7.640304084623610947e+01
4.676891484375000232e+02,-6.902563344390118516e+01
4.676894414062500118e+02,-6.601283933794142911e+01
4.676897343750000005e+02,-7.197311354187087318e+01
4.676900273437499891e+02,-7.778160197132012854e+01
4.676903203125000346e+02,-6.868150686352248613e+01
4.676906132812500232e+02,-6.826336329160535854e+01
4.676909062500000118e+02,-7.805005787046485466e+01
4.676911992187500005e+02,-6.926985084418453198e+01
4.676914921874999891e+02,-7.395551645430420251e+01
4.676917851562500346e+02,-7.036928886167144981e+01
4.676920781250000232e+02,-7.913858689009630609e+01
4.676923710937500118e+02,-7.317433847473458286e+01
4.676926640625000005e+02,-7.369092521316113675e+01
4.676929570312499891e+02,-7.444250868905335494e+01
4.676932500000000346e+02,-7.094441981097727989e+01
4.676935429687500232e+02,-6.587769635492996656e+01
4.676938359375000118e+02,-6.055975702693832829e+01
4.676941289062500005e+02,-6.354788201908657896e+01
4.676944218749999891e+02,-7.183693987032265227e+01
4.676947148437500346e+02,-8.387735605707037223e+01
4.676950078125000232e+02,-6.617544369377515068e+01
4.676953007812500118e+02,-6.791468826623020050e+01
4.676955937500000005e+02,-6.884732251920918600e+01
4.676958867187499891e+02,-7.220185223562646115e+01
4.676961796875000346e+02,-7.564494988390319463e+01
4.676964726562500232e+02,-6.712232991809125338e+01
4.676967656250000118e+02,-7.361886822834934208e+01
4.676970585937500005e+02,-6.580235510022396284e+01
4.676973515624999891e+02,-6.538116420107314752e+01
4.676976445312500346e+02,-6.392365152409291085e+01
4.676979375000000232e+02,-6.517921191067063091e+01
4.676982304687500118e+02,-7.923737680835257891e+01
4.676985234375000005e+02,-6.888616874614376684e+01
4.676988164062499891e+02,-7.925756340850037418e+01
4.676991093750000346e+02,-7.098357815339238641e+01
4.676994023437500232e+02,-6.442258478698859392e+01
4.676996953125000118e+02,-6.630888923475099261e+01
4.676999882812500005e+02,-7.255461091555883968e+01
4.677002812499999891e+02,-7.325063193067661871e+01
4.677005742187500346e+02,-6.833364721720387536e+01
4.677008671875000232e+02,-6.736574700096119273e+01
4.677011601562500118e+02,-6.852442273130516526e+01
4.677014531250000005e+02,-7.886019011439336168e+01
4.677017460937499891e+02,-7.769917497546967411e+01
4.677020390625000346e+02,-7.002066755021773758e+01
4.677023320312500232e+02,-7.530254009303465068e+01
4.677026250000000118e+02,-7.095912268756225671e+01
4.677029179687500005e+02,-7.170558949844399876e+01
4.677032109374999891e+02,-7.127364774030414196e+01
4.677035039062500346e+02,-6.886694229954858315e+01
4.677037968750000232e+02,-7.592983820305011022e+01
4.677040898437500118e+02,-6.879075819395113456e+01
4.677043828125000005e+02,-8.821784599943271132e+01
4.677046757812499891e+02,-7.201253488724907470e+01
4.677049687500000346e+02,-6.925656274605418616e+01
4.677052617187500232e+02,-6.770941553367470078e+01
4.677055546875000118e+02,-6.483845511381841220e+01
4.677058476562500005e+02,-6.493529135804422481e+01
4.677061406249999891e+02,-6.802504944971968825e+01
4.677064335937500346e+02,-7.390823377968598606e+01
4.677067265625000232e+02,-8.220506031156256199e+01
4.677070195312500118e+02,-6.909044114630980005e+01
4.677073125000000005e+02,-7.013162080769460260e+01
4.677076054687499891e+02,-6.694246867329751183e+01
4.677078984375000346e+02,-7.096180379249605608e+01
4.677081914062500232e+02,-6.446617775203031897e+01
4.677084843750000118e+02,-6.735643584745255907e+01
4.677087773437500005e+02,-7.742177367091970552e+01
4.677090703124999891e+02,-8.563236204488525516e+01
4.677093632812500346e+02,-8.759824095363453011e+01
4.677096562500000232e+02,-7.488392009731468590e+01
4.677099492187500118e+02,-7.734384606813085838e+01
4.677102421875000005e+02,-6.893940016511010072e+01
4.677105351562499891e+02,-6.992743468140272967e+01
4.677108281250000346e+02,-7.824174258101804469e+01
4.677111210937500232e+02,-7.661635449463480541e+01
4.677114140625000118e+02,-7.002508535817904090e+01
4.677117070312500005e+02,-7.165429136012640754e+01
4.677119999999999891e+02,-7.733408043243768759e+01
4.677122929687500346e+02,-7.921495595019761993e+01
4.677125859375000232e+02,-7.608309915606811558e+01
4.677128789062500118e+02,-6.722528887927080632e+01
4.677131718750000005e+02,-6.994361190039727205e+01
4.677134648437499891e+02,-9.567679379285789310e+01
4.677137578125000346e+02,-8.236881155566030088e+01
4.677140507812500232e+02,-8.011157770171948300e+01
4.677143437500000118e+02,-7.691888932990988792e+01
4.677146367187500005e+02,-7.448919391055694916e+01
4.677149296874999891e+02,-8.488332610866329730e+01
4.677152226562500346e+02,-8.295284942415224805e+01
4.677155156250000232e+02,-7.727132604312120634e+01
4.677158085937500118e+02,-7.688057283335326986e+01
4.677161015625000005e+02,-7.650673926525374213e+01
4.677163945312499891e+02,-7.649642972484961945e+01
4.677166875000000346e+02,-7.054826181349601200e+01
4.677169804687500232e+02,-7.965172062332142389e+01
4.677172734375000118e+02,-7.484894216452686067e+01
4.677175664062500005e+02,-7.703449572619119579e+01
4.677178593749999891e+02,-7.689730097382407337e+01
4.677181523437500346e+02,-7.893184437490789662e+01
4.677184453125000232e+02,-7.670168867665486800e+01
4.677187382812500118e+02,-7.481009494566782791e+01
4.677190312500000005e+02,-7.052183834811563656e+01
4.677193242187499891e+02,-7.180819285449767619e+01
4.677196171875000346e+02,-7.232730836917171757e+01
4.677199101562500232e+02,-7.904826465803697033e+01
4.677202031250000118e+02,-7.579313199692725789e+01
4.677204960937500005e+02,-8.346957247829500659e+01
4.677207890624999891e+02,-7.086898463455567310e+01
4.677210820312500346e+02,-6.826255550457629795e+01
4.677213750000000232e+02,-7.243821113183904004e+01
4.677216679687500118e+02,-8.153305653754594573e+01
4.677219609375000005e+02,-7.800003150670993080e+01
4.677222539062499891e+02,-7.088102609586627523e+01
4.677225468750000346e+02,-7.379226344450438546e+01
4.677228398437500232e+02,-7.911445868166565276e+01
4.677231328125000118e+02,-6.938144263080457108e+01
4.677234257812500005e+02,-6.850672597091536886e+01
4.677237187499999891e+02,-7.271100256055594002e+01
4.677240117187500346e+02,-8.099702895220286791e+01
4.677243046875000232e+02,-7.711590078706312568e+01
4.677245976562500118e+02,-7.603919676660120786e+01
4.677248906250000005e+02,-6.760693362169006093e+01
4.677251835937499891e+02,-7.304912973417918920e+01
4.677254765625000346e+02,-7.149271800685524170e+01
4.677257695312500232e+02,-6.926288737278399310e+01
4.677260625000000118e+02,-7.067009223468109269e+01
4.677263554687500005e+02,-8.660952904077960568e+01
4.677266484374999891e+02,-7.154692911245450659e+01
4.677269414062500346e+02,-7.246518179002413262e+01
4.677272343750000232e+02,-6.862261954704305822e+01
4.677275273437500118e+02,-6.706922378636174642e+01
4.677278203125000005e+02,-6.621133819625580941e+01
4.677281132812499891e+02,-6.740985795081745380e+01
4.677284062500000346e+02,-8.430121193722946771e+01
4.677286992187500232e+02,-8.203553714705509492e+01
4.677289921875000118e+02,-7.430191311796687614e+01
4.677292851562500005e+02,-7.418205668141206388e+01
4.677295781249999891e+02,-7.255629844906950154e+01
4.677298710937500346e+02,-6.903622234734670826e+01
4.677301640625000232e+02,-6.882327862599522916e+01
4.677304570312500118e+02,-7.385073600506514424e+01
4.677307500000000005e+02,-7.569426602086569744e+01
4.677310429687499891e+02,-8.174394729008780303e+01
4.677313359375000346e+02,-6.843441504737312187e+01
4.677316289062500232e+02,-6.402167660895723600e+01
4.677319218750000118e+02,-6.894445242502862925e+01
4.677322148437500005e+02,-7.833917659393208055e+01
4.677325078124999891e+02,-7.165377033374335269e+01
4.677328007812500346e+02,-6.879516686461218455e+01
4.677330937500000232e+02,-7.015146941827910609e+01
4.677333867187500118e+02,-7.578854437623245133e+01
4.677336796875000005e+02,-7.715827239785369329e+01
4.677339726562499891e+02,-6.794439871915125195e+01
4.677342656250000346e+02,-7.753227056117432880e+01
4.677345585937500232e+02,-8.136951583730689208e+01
4.677348515625000118e+02,-7.664112586175741626e+01
4.677351445312500005e+02,-7.511969748636960276e+01
4.677354374999999891e+02,-7.708767147433938760e+01
4.677357304687500346e+02,-7.763327805144142246e+01
4.677360234375000232e+02,-8.318417745735088431e+01
4.677363164062500118e+02,-7.104888446413163194e+01
4.677366093750000005e+02,-7.763434549237614135e+01
4.677369023437499891e+02,-7.803818403254707903e+01
4.677371953125000346e+02,-7.233900024358915459e+01
4.677374882812500232e+02,-7.029506482166750914e+01
4.677377812500000118e+02,-8.074935749955854192e+01
4.677380742187500005e+02,-8.290539811821828664e+01
4.677383671874999891e+02,-6.837990067754294898e+01
4.677386601562500346e+02,-6.547019281970463567e+01
4.677389531250000232e+02,-6.747468184703981819e+01
4.677392460937500118e+02,-7.539735346339206501e+01
4.677395390625000005e+02,-8.468041425696016233e+01
4.677398320312499891e+02,-7.974078279570433381e+01
4.677401250000000346e+02,-7.061495456262575487e+01
4.677404179687500232e+02,-7.403578022119168622e+01
4.677407109375000118e+02,-7.335254819073735177e+01
4.677410039062500005e+02,-7.075676693529661065e+01
4.677412968749999891e+02,-7.043314901930862959e+01
4.677415898437500346e+02,-7.028138884762056193e+01
4.677418828125000232e+02,-7.250541662067178095e+01
4.677421757812500118e+02,-7.705783993693164291e+01
4.677424687500000005e+02,-6.870620854674568534e+01
4.677427617187499891e+02,-6.876261517650134181e+01
4.677430546875000346e+02,-7.851905711671319921e+01
4.677433476562500232e+02,-7.349259156292373518e+01
4.677436406250000118e+02,-7.801563665238586509e+01
4.677439335937500005e+02,-7.486118984079763550e+01
4.677442265624999891e+02,-7.787261277793314207e+01
4.677445195312500346e+02,-7.457803535556764984e+01
4.677448125000000232e+02,-6.491610908349773013e+01
4.677451054687500118e+02,-6.498210895873643267e+01
4.677453984375000005e+02,-7.404132614754884401e+01
4.677456914062499891e+02,-8.053416893174303937e+01
4.677459843750000346e+02,-6.807800169787080335e+01
4.677462773437500232e+02,-6.616183745249858816e+01
4.677465703125000118e+02,-8.156146240113672263e+01
4.677468632812500005e+02,-7.435709269881259331e+01
4.677471562499999891e+02,-7.608646566979749082e+01
4.677474492187500346e+02,-7.781581631765406826e+01
4.677477421875000232e+02,-7.189937481771261218e+01
4.677480351562500118e+02,-7.209432816654438625e+01
4.677483281250000005e+02,-6.716403477599133964e+01
4.677486210937499891e+02,-7.112878467211177735e+01
4.677489140625000346e+02,-7.274206492336540464e+01
4.677492070312500232e+02,-6.980538986774089949e+01
4.677495000000000118e+02,-7.172093439610773657e+01
4.677497929687500005e+02,-7.393001036703590501e+01
4.677500859374999891e+02,-7.395123481555511091e+01
4.677503789062500346e+02,-7.144201141351098272e+01
4.677506718750000232e+02,-8.053655274845633016e+01
4.677509648437500118e+02,-7.050018674437109212e+01
4.677512578125000005e+02,-7.004203688120861671e+01
4.677515507812499891e+02,-7.132902727738918713e+01
4.677518437500000346e+02,-6.827864182777747715e+01
4.677521367187500232e+02,-6.959767000953016236e+01
4.677524296875000118e+02,-7.287371554339981117e+01
4.677527226562500005e+02,-7.214616729980596688e+01
4.677530156249999891e+02,-7.103798688659965421e+01
4.677533085937500346e+02,-6.968441526659763952e+01
4.677536015625000232e+02,-8.457288130944877480e+01
4.677538945312500118e+02,-7.655626420556986034e+01
4.677541875000000005e+02,-7.440404336224770532e+01
4.677544804687499891e+02,-8.785825836087892071e+01
4.677547734375000346e+02,-6.931007245296282804e+01
4.677550664062500232e+02,-7.398686110846652753e+01
4.677553593750000118e+02,-8.567135063340002432e+01
4.677556523437500005e+02,-7.136413778414261344e+01
4.677559453124999891e+02,-7.443628654434687064e+01
4.677562382812500346e+02,-7.688009267679082370e+01
4.677565312500000232e+02,-7.183543117887622032e+01
4.677568242187500118e+02,-6.910493262082334809e+01
4.677571171875000005e+02,-8.018189383999525433e+01
4.677574101562499891e+02,-7.078986875751424179e+01
4.677577031250000346e+02,-7.136599596455896233e+01
4.677579960937500232e+02,-7.502153668497658145e+01
4.677582890625000118e+02,-7.083153459157297505e+01
4.677585820312500005e+02,-8.761697748294410815e+01
4.677588749999999891e+02,-7.246085781943745019e+01
4.677591679687500346e+02,-7.799160085927803721e+01
4.677594609375000232e+02,-7.042559475943856739e+01
4.677597539062500118e+02,-7.989778696419963921e+01
4.677600468750000005e+02,-7.427156015543589263e+01
4.677603398437499891e+02,-6.872918805080117011e+01
4.677606328125000346e+02,-7.078955042352981764e+01
4.677609257812500232e+02,-6.770849315812191094e+01
4.677612187500000118e+02,-6.799622878539483395e+01
4.677615117187500005e+02,-7.136805721905534483e+01
4.677618046874999891e+02,-6.799747504411811860e+01
4.677620976562500346e+02,-6.390334809465780097e+01
4.677623906250000232e+02,-6.821874579511479908e+01
4.677626835937500118e+02,-6.856551317392076328e+01
4.677629765625000005e+02,-6.728323000528482112e+01
4.677632695312499891e+02,-7.056649675659033960e+01
4.677635625000000346e+02,-7.155851680071742749e+01
4.677638554687500232e+02,-6.947828607241552845e+01
4.677641484375000118e+02,-6.768102967349302901e+01
4.677644414062500005e+02,-7.198061296777791540e+01
4.677647343749999891e+02,-7.319574161487213360e+01
4.677650273437500346e+02,-7.320917415062555733e+01
4.677653203125000232e+02,-8.001706791483587722e+01
4.677656132812500118e+02,-6.982403781781827945e+01
4.677659062500000005e+02,-7.190204311442323615e+01
4.677661992187499891e+02,-7.460879920868241300e+01
4.677664921875000346e+02,-7.538554027548133263e+01
4.677667851562500232e+02,-6.939427700227788876e+01
4.677670781250000118e+02,-7.019595695014930925e+01
4.677673710937500005e+02,-6.963961068258072373e+01
4.677676640624999891e+02,-7.322196018812857687e+01
4.677679570312500346e+02,-7.613895829376575364e+01
4.677682500000000232e+02,-6.601043928436897090e+01
4.677685429687500118e+02,-6.554067077570715583e+01
4.677688359375000005e+02,-6.843565751789368790e+01
4.677691289062499891e+02,-7.753157584741664721e+01
4.677694218750000346e+02,-7.385090813066358351e+01
4.677697148437500232e+02,-7.075767839105571966e+01
4.677700078125000118e+02,-6.959704214347806328e+01
4.677703007812500005e+02,-7.091983778677801808e+01
4.677705937499999891e+02,-8.346442229857431983e+01
4.677708867187500346e+02,-8.046645417052174309e+01
4.677711796875000232e+02,-7.408638161132680011e+01
4.677714726562500118e+02,-6.817712250447404188e+01
4.677717656250000005e+02,-7.126942528130444998e+01
4.677720585937499891e+02,-8.280853470417105200e+01
4.677723515625000346e+02,-7.832285267745331225e+01
4.677726445312500232e+02,-7.720741287087528804e+01
4.677729375000000118e+02,-7.102936844818020745e+01
4.677732304687500005e+02,-7.616428393655468199e+01
4.677735234374999891e+02,-7.128407359309730396e+01
4.677738164062500346e+02,-8.421490500131945112e+01
4.677741093750000232e+02,-6.398898807551556445e+01
4.677744023437500118e+02,-6.410786259321668012e+01
4.677746953125000005e+02,-7.159152079241300726e+01
4.677749882812499891e+02,-7.061646859456902803e+01
4.677752812500000346e+02,-6.999536066998564365e+01
4.677755742187500232e+02,-8.377543826446567721e+01
4.677758671875000118e+02,-7.884651999850036930e+01
4.677761601562500005e+02,-6.565744597082010614e+01
4.677764531249999891e+02,-6.825108142420890545e+01
4.677767460937500346e+02,-7.276587550528056170e+01
4.677770390625000232e+02,-6.776097737400068866e+01
4.677773320312500118e+02,-6.916174410993158972e+01
4.677776250000000005e+02,-7.631432476402201814e+01
4.677779179687499891e+02,-6.960833260902421671e+01
4.677782109375000346e+02,-7.586213567751241271e+01
4.677785039062500232e+02,-7.222124627033548450e+01
4.677787968750000118e+02,-7.984396872582371429e+01
4.677790898437500005e+02,-6.983998264256820221e+01
4.677793828124999891e+02,-7.823078201727705050e+01
4.677796757812500346e+02,-7.587253758561504924e+01
4.677799687500000232e+02,-7.080894864696813329e+01
4.677802617187500118e+02,-7.197038044194860618e+01
4.677805546875000005e+02,-7.852113703812051426e+01
4.677808476562499891e+02,-7.643942906027473327e+01
4.677811406250000346e+02,-7.839451898817883091e+01
4.677814335937500232e+02,-7.627207744082897989e+01
4.677817265625000118e+02,-7.743135353708785829e+01
4.677820195312500005e+02,-7.752456653758083860e+01
4.677823124999999891e+02,-8.432727370824335367e+01
4.677826054687500346e+02,-7.281261456108200036e+01
4.677828984375000232e+02,-7.437424638483747685e+01
4.677831914062500118e+02,-7.566704981545227326e+01
4.677834843750000005e+02,-7.708180957450910853e+01
4.677837773437499891e+02,-6.620122303411380926e+01
4.677840703125000346e+02,-6.930635141985538894e+01
4.677843632812500232e+02,-6.551492234764842237e+01
4.677846562500000118e+02,-7.113150102101647576e+01
4.677849492187500005e+02,-7.135050444927736635e+01
4.677852421874999891e+02,-6.319383912554100391e+01
4.677855351562500346e+02,-6.461565969173807389e+01
4.677858281250000232e+02,-7.631928274519140132e+01
4.677861210937500118e+02,-7.636564850411824068e+01
4.677864140625000005e+02,-7.042176279966747643e+01
4.677867070312499891e+02,-6.934782042452314954e+01
4.677870000000000346e+02,-7.647379130341829523e+01
4.677872929687500232e+02,-6.754336750752825935e+01
4.677875859375000118e+02,-6.551479427369564235e+01
4.677878789062500005e+02,-6.932140244526522110e+01
4.677881718749999891e+02,-7.076147662170586727e+01
4.677884648437500346e+02,-7.324181943610746259e+01
4.677887578125000232e+02,-7.318101132408939691e+01
4.677890507812500118e+02,-7.767669572644420839e+01
4.677893437500000005e+02,-7.953469162549413340e+01
4.677896367187499891e+02,-7.560794605571591376e+01
4.677899296875000346e+02,-7.424845928237250803e+01
4.677902226562500232e+02,-6.978824961384997039e+01
4.677905156250000118e+02,-8.127174369652331620e+01
4.677908085937500005e+02,-7.470593371623247947e+01
4.677911015624999891e+02,-7.613213138562043980e+01
4.677913945312500346e+02,-7.798301846810159077e+01
4.677916875000000232e+02,-7.585325679628455475e+01
4.677919804687500118e+02,-7.184312172836462196e+01
4.677922734375000005e+02,-6.989269149549853921e+01
4.677925664062499891e+02,-7.089847410619654511e+01
4.677928593750000346e+02,-7.300695632379844824e+01
4.677931523437500232e+02,-7.711127751321691903e+01
4.677934453125000118e+02,-8.486593094281249705e+01
4.677937382812500005e+02,-8.678163437971059579e+01
4.677940312499999891e+02,-7.598107632159849345e+01
4.677943242187500346e+02,-7.424260725493431323e+01
4.677946171875000232e+02,-6.783641848825512000e+01
4.677949101562500118e+02,-6.957097508688700316e+01
4.677952031250000005e+02,-7.792101485965675067e+01
4.677954960937499891e+02,-7.647145936094376850e+01
4.677957890625000346e+02,-7.537506432965169267e+01
4.677960820312500232e+02,-7.487611608941186603e+01
4.677963750000000118e+02,-8.066670277384851317e+01
4.677966679687500005e+02,-7.757278879796101023e+01
4.677969609374999891e+02,-7.955671095029555318e+01
4.677972539062500346e+02,-7.553940256854863833e+01
4.677975468750000232e+02,-7.707682545314585809e+01
4.677978398437500118e+02,-7.433499492799499819e+01
4.677981328125000005e+02,-7.372201084338175292e+01
4.677984257812499891e+02,-7.371403436561691080e+01
4.677987187500000346e+02,-7.589921781518414434e+01
4.677990117187500232e+02,-7.798582790566374001e+01
4.677993046875000118e+02,-7.311360987990822480e+01
4.677995976562500005e+02,-7.526392650215584013e+01
4.677998906249999891e+02,-8.802438169100638277e+01
4.678001835937500346e+02,-7.208036222709422702e+01
4.678004765625000232e+02,-7.062698639690250957e+01
4.678007695312500118e+02,-7.241859219530209657e+01
4.678010625000000005e+02,-7.031626040691298840e+01
4.678013554687499891e+02,-7.634260431308251782e+01
4.678016484375000346e+02,-7.534265114517704376e+01
4.678019414062500232e+02,-7.654246875240437475e+01
4.678022343750000118e+02,-7.034839147816776972e+01
4.678025273437500005e+02,-7.102707449654367622e+01
4.678028203124999891e+02,-7.183277175261069658e+01
4.678031132812500346e+02,-7.304422920981707534e+01
4.678034062500000232e+02,-8.397471723346251338e+01
4.678036992187500118e+02,-8.616441010917812093e+01
4.678039921875000005e+02,-7.593330826190344851e+01
4.678042851562499891e+02,-8.425815598909849768e+01
4.678045781250000346e+02,-6.890633589393638658e+01
4.678048710937500232e+02,-6.323813799711668082e+01
4.678051640625000118e+02,-6.630227808595857653e+01
4.678054570312500005e+02,-9.033681948553183361e+01
4.678057499999999891e+02,-8.654620880708655761e+01
4.678060429687500346e+02,-8.174033228657732764e+01
4.678063359375000232e+02,-7.881690497060765210e+01
4.678066289062500118e+02,-7.724801036021359835e+01
4.678069218750000005e+02,-8.555972270175301730e+01
4.678072148437499891e+02,-7.826317843512094896e+01
4.678075078125000346e+02,-7.085452180966038327e+01
4.678078007812500232e+02,-7.647728908184889463e+01
4.678080937500000118e+02,-9.399652933953183265e+01
4.678083867187500005e+02,-7.925884081690995231e+01
4.678086796874999891e+02,-7.329962233371186642e+01
4.678089726562500346e+02,-7.238531763259922513e+01
4.678092656250000232e+02,-8.143539156393424605e+01
4.678095585937500118e+02,-6.766115720341544204e+01
4.678098515625000005e+02,-6.997590502579386396e+01
4.678101445312499891e+02,-8.022360150376178467e+01
4.678104375000000346e+02,-8.074608477913361071e+01
4.678107304687500232e+02,-7.700020222368713974e+01
4.678110234375000118e+02,-7.615266587819893118e+01
4.678113164062500005e+02,-7.895402747228048668e+01
4.678116093749999891e+02,-8.026853764669479574e+01
4.678119023437500346e+02,-8.071022076675637891e+01
4.678121953125000232e+02,-7.900325231342037569e+01
4.678124882812500118e+02,-7.399062899206272448e+01
4.678127812500000005e+02,-7.068095789016908270e+01
4.678130742187499891e+02,-6.721394996205826544e+01
4.678133671875000346e+02,-6.659029365797121613e+01
4.678136601562500232e+02,-6.922114858081435784e+01
4.678139531250000118e+02,-9.402687206531724939e+01
4.678142460937500005e+02,-7.079874413580537862e+01
4.678145390624999891e+02,-7.001857070223471169e+01
4.678148320312500346e+02,-8.529481022199185247e+01
4.678151250000000232e+02,-7.528170983923287451e+01
4.678154179687500118e+02,-8.101245409479514592e+01
4.678157109375000005e+02,-6.900077248960079146e+01
4.678160039062499891e+02,-7.592545462769851383e+01
4.678162968750000346e+02,-7.260657556388238731e+01
4.678165898437500232e+02,-7.569222301802344077e+01
4.678168828125000118e+02,-7.212386363637071440e+01
4.678171757812500005e+02,-6.593921220560503116e+01
4.678174687499999891e+02,-6.781833331637757567e+01
4.678177617187500346e+02,-7.142617563060662178e+01
4.678180546875000232e+02,-7.326673639678547545e+01
4.678183476562500118e+02,-8.109665834698900255e+01
4.678186406250000005e+02,-8.055284703328098317e+01
4.678189335937499891e+02,-6.843224320214061152e+01
4.678192265625000346e+02,-7.073818074360960395e+01
4.678195195312500232e+02,-6.977600393997211370e+01
4.678198125000000118e+02,-6.838969727102717400e+01
4.678201054687500005e+02,-7.573965670428376029e+01
4.678203984374999891e+02,-8.406526839705065868e+01
4.678206914062500346e+02,-7.047899678352139574e+01
4.678209843750000232e+02,-7.031925427548318908e+01
4.678212773437500118e+02,-8.235972588273091333e+01
4.678215703125000005e+02,-7.589224397080147355e+01
4.678218632812499891e+02,-8.795289418980205198e+01
4.678221562500000346e+02,-7.735540292057949330e+01
4.678224492187500232e+02,-7.226326595504795591e+01
4.678227421875000118e+02,-7.408336435710873502e+01
4.678230351562500005e+02,-7.701192939191312803e+01
4.678233281249999891e+02,-7.394682879722721225e+01
4.678236210937500346e+02,-8.099720776899870600e+01
4.678239140625000232e+02,-7.327139593570245779e+01
4.678242070312500118e+02,-7.414739307640468269e+01
4.678245000000000005e+02,-7.309052165647489119e+01
4.678247929687499891e+02,-7.497863689791540764e+01
4.678250859375000346e+02,-9.345700744712247854e+01
4.678253789062500232e+02,-7.730137569658043617e+01
4.678256718750000118e+02,-7.365491311596170476e+01
4.678259648437500005e+02,-7.213221544008001729e+01
4.678262578124999891e+02,-7.593401457238202568e+01
4.678265507812500346e+02,-7.296022773224414948e+01
4.678268437500000232e+02,-7.328258936641783805e+01
4.678271367187500118e+02,-7.090320733350307592e+01
4.678274296875000005e+02,-7.580439055621486943e+01
4.678277226562499891e+02,-7.575058568572445949e+01
4.678280156250000346e+02,-7.109670861244187279e+01
4.678283085937500232e+02,-7.568290745224693694e+01
4.678286015625000118e+02,-9.379229151529295905e+01
4.678288945312500005e+02,-1.100520602937101557e+02
4.678291874999999891e+02,-7.218809212595748193e+01
4.678294804687500346e+02,-7.136172023236366613e+01
4.678297734375000232e+02,-7.543305245436820883e+01
4.678300664062500118e+02,-6.972410417270685912e+01
4.678303593750000005e+02,-7.625815517505837704e+01
4.678306523437499891e+02,-9.024134100612243969e+01
4.678309453125000346e+02,-7.971830918628951679e+01
4.678312382812500232e+02,-7.996954301115530939e+01
4.678315312500000118e+02,-7.337007141938869381e+01
4.678318242187500005e+02,-7.430317243555191453e+01
4.678321171874999891e+02,-7.414433260570406503e+01
4.678324101562500346e+02,-8.045775983182026891e+01
4.678327031250000232e+02,-6.765923869274817548e+01
4.678329960937500118e+02,-6.930636274238131023e+01
4.678332890625000005e+02,-7.123450715686742285e+01
4.678335820312499891e+02,-6.954595047503205762e+01
4.678338750000000346e+02,-6.912309688840990418e+01
4.678341679687500232e+02,-7.012644584492917943e+01
4.678344609375000118e+02,-7.753968829321931366e+01
4.678347539062500005e+02,-8.145307953747946783e+01
4.678350468749999891e+02,-7.943679655697033581e+01
4.678353398437500346e+02,-7.305370024379536176e+01
4.678356328125000232e+02,-7.062852348894675458e+01
4.678359257812500118e+02,-7.350807613186931633e+01
4.678362187500000005e+02,-7.484887046835588365e+01
4.678365117187499891e+02,-8.605300976228095067e+01
4.678368046875000346e+02,-8.187744112237592731e+01
4.678370976562500232e+02,-7.526581753607911196e+01
4.678373906250000118e+02,-1.021551276954222658e+02
4.678376835937500005e+02,-7.482043309377621654e+01
4.678379765624999891e+02,-7.333722009047404811e+01
4.678382695312500346e+02,-8.146006737805265630e+01
4.678385625000000232e+02,-8.589525803569040363e+01
4.678388554687500118e+02,-8.157980722494228587e+01
4.678391484375000005e+02,-7.968836583532606710e+01
4.678394414062499891e+02,-7.469051884933764995e+01
4.678397343750000346e+02,-7.906067135627958464e+01
4.678400273437500232e+02,-7.938081580053473374e+01
4.678403203125000118e+02,-7.795441985360567116e+01
4.678406132812500005e+02,-7.383396515646634839e+01
4.678409062499999891e+02,-7.327743093352931680e+01
4.678411992187500346e+02,-6.927442164475235131e+01
4.678414921875000232e+02,-7.080808392693330688e+01
4.678417851562500118e+02,-7.858353132029267840e+01
4.678420781250000005e+02,-8.992219409969963806e+01
4.678423710937499891e+02,-7.651901773995123790e+01
4.678426640625000346e+02,-7.443570566129525901e+01
4.678429570312500232e+02,-7.334604949759695103e+01
4.678432500000000118e+02,-7.075279366583507112e+01
4.678435429687500005e+02,-7.266856994576157547e+01
4.678438359374999891e+02,-7.386913314324235103e+01
4.678441289062500346e+02,-7.846090284778482271e+01
4.678444218750000232e+02,-7.763575583608863440e+01
4.678447148437500118e+02,-8.127276485098448688e+01
4.678450078125000005e+02,-7.474364667742297286e+01
4.678453007812499891e+02,-7.619388124933942663e+01
4.678455937500000346e+02,-7.388126207915659904e+01
4.678458867187500232e+02,-7.779014274652857353e+01
4.678461796875000118e+02,-8.332868328337079333e+01
4.678464726562500005e+02,-9.379944723730802991e+01
4.678467656249999891e+02,-8.656153118525003265e+01
4.678470585937500346e+02,-8.539010286170908159e+01
4.678473515625000232e+02,-7.247951170510236807e+01
4.678476445312500118e+02,-7.041815178624500504e+01
4.678479375000000005e+02,-7.684365076452012033e+01
4.678482304687499891e+02,-7.620401706149696963e+01
4.678485234375000346e+02,-7.686779826196436716e+01
4.678488164062500232e+02,-8.060417539086542149e+01
4.678491093750000118e+02,-8.118770970290462685e+01
4.678494023437500005e+02,-7.959001316490254396e+01
4.678496953124999891e+02,-7.357618046937049883e+01
4.678499882812500346e+02,-7.116948469626548501e+01
4.678502812500000232e+02,-7.621856043819899185e+01
4.678505742187500118e+02,-7.429589701937356949e+01
4.678508671875000005e+02,-7.235615841924020231e+01
4.678511601562499891e+02,-8.560505466061952973e+01
4.678514531250000346e+02,-7.691865313296574413e+01
4.678517460937500232e+02,-7.360554912824943585e+01
4.678520390625000118e+02,-8.037777854960853574e+01
4.678523320312500005e+02,-8.974636080627776380e+01
4.678526249999999891e+02,-8.192283175664998396e+01
4.678529179687500346e+02,-7.586659745124069332e+01
4.678532109375000232e+02,-8.166759227550342359e+01
4.678535039062500118e+02,-8.216451668611600212e+01
4.678537968750000005e+02,-8.954797788360812660e+01
4.678540898437499891e+02,-8.036417775480711612e+01
4.678543828125000346e+02,-9.487499943175359363e+01
4.678546757812500232e+02,-7.595337200598906691e+01
4.678549687500000118e+02,-7.920127929502976372e+01
4.678552617187500005e+02,-8.496138449886485944e+01
4.678555546874999891e+02,-7.831850284341209090e+01
4.678558476562500346e+02,-7.840028128745956337e+01
4.678561406250000232e+02,-7.449638522889992487e+01
4.678564335937500118e+02,-7.648655915082125034e+01
4.678567265625000005e+02,-8.049860597089238468e+01
4.678570195312499891e+02,-7.634718007660445949e+01
4.678573125000000346e+02,-8.161397039238487139e+01
4.678576054687500232e+02,-8.364044153459636277e+01
4.678578984375000118e+02,-7.718126630581298286e+01
4.678581914062500005e+02,-8.233908764443486916e+01
4.678584843749999891e+02,-9.603784949503625512e+01
4.678587773437500346e+02,-8.228764624060325161e+01
4.678590703125000232e+02,-8.659810357169737927e+01
4.678593632812500118e+02,-8.115793955192302178e+01
4.678596562500000005e+02,-9.109424110722383716e+01
4.678599492187499891e+02,-7.456006043498057068e+01
4.678602421875000346e+02,-7.688645484080322490e+01
4.678605351562500232e+02,-8.568668095588378719e+01
4.678608281250000118e+02,-9.116368209235156428e+01
4.678611210937500005e+02,-8.258691212844887275e+01
4.678614140624999891e+02,-9.695289598623153893e+01
4.678617070312500346e+02,-7.572554473176440126e+01
4.678620000000000232e+02,-8.235202621044089710e+01
4.678622929687500118e+02,-7.210797889337749211e+01
4.678625859375000005e+02,-7.292754078863917755e+01
4.678628789062499891e+02,-8.347207785166060034e+01
4.678631718750000346e+02,-8.145008405000226048e+01
4.678634648437500232e+02,-8.126975864157037677e+01
4.678637578125000118e+02,-8.384532920569284897e+01
4.678640507812500005e+02,-7.357566185915342771e+01
4.678643437499999891e+02,-7.333875150876893656e+01
4.678646367187500346e+02,-7.701606281459136483e+01
4.678649296875000232e+02,-8.522719891867603792e+01
4.678652226562500118e+02,-7.554290971180341785e+01
4.678655156250000005e+02,-7.555426863891048583e+01
4.678658085937499891e+02,-8.300296066752416380e+01
4.678661015625000346e+02,-7.678527601406463532e+01
4.678663945312500232e+02,-7.420584194481020290e+01
4.678666875000000118e+02,-7.730958300248792625e+01
4.678669804687500005e+02,-7.464935486360617745e+01
4.678672734374999891e+02,-7.509662697809747556e+01
4.678675664062500346e+02,-8.093620379605337689e+01
4.678678593750000232e+02,-8.451323126206573022e+01
4.678681523437500118e+02,-7.457856443320314099e+01
4.678684453125000005e+02,-7.943482255867834851e+01
4.678687382812499891e+02,-7.928804416088594564e+01
4.678690312500000346e+02,-8.405276890935780898e+01
4.678693242187500232e+02,-7.582638762034967783e+01
4.678696171875000118e+02,-7.754447409404109237e+01
4.678699101562500005e+02,-8.329400293387790555e+01
4.678702031249999891e+02,-7.393184634729892935e+01
4.678704960937500346e+02,-7.401985111137510387e+01
4.678707890625000232e+02,-8.033952750011657429e+01
4.678710820312500118e+02,-8.002762177011545930e+01
4.678713750000000005e+02,-8.825934026565080615e+01
4.678716679687499891e+02,-7.525164309455058742e+01
4.678719609375000346e+02,-7.237829497225681052e+01
4.678722539062500232e+02,-8.015555808436873519e+01
4.678725468750000118e+02,-8.767970938271807313e+01
4.678728398437500005e+02,-8.629557082306725135e+01
4.678731328124999891e+02,-8.198250242712445868e+01
4.678734257812500346e+02,-7.640897744463769925e+01
4.678737187500000232e+02,-7.806115651351994700e+01
4.678740117187500118e+02,-7.719157028944373167e+01
4.678743046875000005e+02,-7.436078144064384787e+01
4.678745976562499891e+02,-7.946749099603513855e+01
4.678748906250000346e+02,-8.325839920885164247e+01
4.678751835937500232e+02,-8.717594219168225322e+01
4.678754765625000118e+02,-7.657516169383600868e+01
4.678757695312500005e+02,-7.804656547447582682e+01
4.678760624999999891e+02,-8.328442466230001173e+01
4.678763554687500346e+02,-8.029902731982187447e+01
4.678766484375000232e+02,-7.699477551561669486e+01
4.678769414062500118e+02,-7.688026560378928309e+01
4.678772343750000005e+02,-7.651042536331709698e+01
4.678775273437499891e+02,-7.753266081878173566e+01
4.678778203125000346e+02,-8.037028314492238223e+01
4.678781132812500232e+02,-8.816836752443892067e+01
4.678784062500000118e+02,-7.868912348178893978e+01
4.678786992187500005e+02,-7.961799059124419387e+01
4.678789921874999891e+02,-7.779422484976183227e+01
4.678792851562500346e+02,-8.179361649701874626e+01
4.678795781250000232e+02,-8.016565179898788074e+01
4.678798710937500118e+02,-7.563265563748910836e+01
4.678801640625000005e+02,-7.611940507318745119e+01
4.678804570312499891e+02,-8.119608440310562969e+01
4.678807500000000346e+02,-7.810283444831343047e+01
4.678810429687500232e+02,-7.915184793991146250e+01
4.678813359375000118e+02,-8.437484655307621040e+01
4.678816289062500005e+02,-8.079641434948085532e+01
4.678819218749999891e+02,-7.646399273479623560e+01
4.678822148437500346e+02,-7.631028387445121552e+01
4.678825078125000232e+02,-7.988017272643253364e+01
4.678828007812500118e+02,-8.048103324156349458e+01
4.678830937500000005e+02,-8.976839182232568248e+01
4.678833867187499891e+02,-7.936359473236205986e+01
4.678836796875000346e+02,-7.680516684092174273e+01
4.678839726562500232e+02,-7.702662155331216809e+01
4.678842656250000118e+02,-9.357295362025185170e+01
4.678845585937500005e+02,-7.923487459326969429e+01
4.678848515624999891e+02,-7.522422028319935805e+01
4.678851445312500346e+02,-7.284169214016395699e+01
4.678854375000000232e+02,-7.349831173108628946e+01
4.678857304687500118e+02,-7.213039995017412309e+01
4.678860234375000005e+02,-7.959656281428026148e+01
4.678863164062499891e+02,-7.355357004633222573e+01
4.678866093750000346e+02,-7.267553040339527115e+01
4.678869023437500232e+02,-7.781852102963125617e+01
4.678871953125000118e+02,-7.128148899769105640e+01
4.678874882812500005e+02,-7.517067035694542199e+01
4.678877812499999891e+02,-7.847505075404546915e+01
4.678880742187500346e+02,-7.812150050327866779e+01
4.678883671875000232e+02,-7.370572322032705870e+01
4.678886601562500118e+02,-7.503390773674892955e+01
4.678889531250000005e+02,-7.640882549032740201e+01
4.678892460937499891e+02,-8.011508423930975198e+01
4.678895390625000346e+02,-7.963769111089666808e+01
4.678898320312500232e+02,-7.606902438206797967e+01
4.678901250000000118e+02,-8.195406719460093825e+01
4.678904179687500005e+02,-8.025139902678040471e+01
4.678907109374999891e+02,-1.003654211099555766e+02
4.678910039062500346e+02,-8.702785990696921203e+01
4.678912968750000232e+02,-7.425550365097551264e+01
4.678915898437500118e+02,-7.435519303295457405e+01
4.678918828125000005e+02,-7.445940324231820284e+01
4.678921757812499891e+02,-7.971119148310484093e+01
4.678924687500000346e+02,-7.475378728124498195e+01
4.678927617187500232e+02,-7.857484978142318255e+01
4.678930546875000118e+02,-9.060961608574311299e+01
4.678933476562500005e+02,-7.891026087825653690e+01
4.678936406249999891e+02,-7.521692956535008534e+01
4.678939335937500346e+02,-8.416903893779993950e+01
4.678942265625000232e+02,-8.692652558479495895e+01
4.678945195312500118e+02,-8.122258050461948642e+01
4.678948125000000005e+02,-7.574507825345091305e+01
4.678951054687499891e+02,-8.636067108836137152e+01
4.678953984375000346e+02,-7.270369788950411305e+01
4.678956914062500232e+02,-7.274685654370384214e+01
4.678959843750000118e+02,-7.998265615925809868e+01
4.678962773437500005e+02,-7.772990669679137454e+01
4.678965703124999891e+02,-7.144232281494468850e+01
4.678968632812500346e+02,-7.281948243227145667e+01
4.678971562500000232e+02,-7.534124745291764214e+01
4.678974492187500118e+02,-8.288869420609684369e+01
4.678977421875000005e+02,-7.672715145742532172e+01
4.678980351562499891e+02,-7.161665480738922440e+01
4.678983281250000346e+02,-7.262299302928057898e+01
4.678986210937500232e+02,-7.547019845314720499e+01
4.678989140625000118e+02,-8.025461903617073744e+01
4.678992070312500005e+02,-7.824889404173583785e+01
4.678994999999999891e+02,-7.626302777662112931e+01
4.678997929687500346e+02,-7.930834438973488432e+01
4.679000859375000232e+02,-7.540538657828751923e+01
4.679003789062500118e+02,-7.567469219071757891e+01
4.679006718750000005e+02,-7.464031458682298137e+01
4.679009648437499891e+02,-7.678094821851311735e+01
4.679012578125000346e+02,-7.691555070389964044e+01
4.679015507812500232e+02,-7.533658680952869702e+01
4.679018437500000118e+02,-8.108414055773280893e+01
4.679021367187500005e+02,-8.124467415477880650e+01
4.679024296874999891e+02,-7.948032368539561787e+01
4.679027226562500346e+02,-7.704196549112634784e+01
4.679030156250000232e+02,-8.079766516051718384e+01
4.679033085937500118e+02,-8.790603790802798301e+01
4.679036015625000005e+02,-7.498980310918767600e+01
4.679038945312499891e+02,-7.457609085017273287e+01
4.679041875000000346e+02,-7.938577414681671485e+01
4.679044804687500232e+02,-8.530412709385510084e+01
4.679047734375000118e+02,-8.130239264549489064e+01
4.679050664062500005e+02,-7.981585533205146987e+01
4.679053593749999891e+02,-7.761603071301809109e+01
4.679056523437500346e+02,-8.234892083502352023e+01
4.679059453125000232e+02,-8.123609670022739238e+01
4.679062382812500118e+02,-7.551423227990602527e+01
4.679065312500000005e+02,-6.918331256411953234e+01
4.679068242187499891e+02,-6.837601661842663248e+01
4.679071171875000346e+02,-7.202545591658488888e+01
4.679074101562500232e+02,-7.356988470623704757e+01
4.679077031250000118e+02,-7.578777180492552645e+01
4.679079960937500005e+02,-7.998753014423738250e+01
4.679082890624999891e+02,-9.637263939437724503e+01
4.679085820312500346e+02,-8.254372106928838093e+01
4.679088750000000232e+02,-7.950743022501397661e+01
4.679091679687500118e+02,-8.477256970108314249e+01
4.679094609375000005e+02,-9.450535168350117488e+01
4.679097539062499891e+02,-7.511868621835812121e+01
4.679100468750000346e+02,-7.269347319283862419e+01
4.679103398437500232e+02,-7.567229423810688616e+01
4.679106328125000118e+02,-8.804935592309857384e+01
4.679109257812500005e+02,-7.508151944763716301e+01
4.679112187499999891e+02,-9.332963136084971723e+01
4.679115117187500346e+02,-7.619939150663199712e+01
4.679118046875000232e+02,-8.103239105380467322e+01
4.679120976562500118e+02,-6.889318397937037730e+01
4.679123906250000005e+02,-7.264915772311496767e+01
4.679126835937499891e+02,-8.010867416396544627e+01
4.679129765625000346e+02,-8.048894964827532306e+01
4.679132695312500232e+02,-8.841465242960950377e+01
4.679135625000000118e+02,-7.374513952604212363e+01
4.679138554687500005e+02,-7.173974625946146944e+01
4.679141484374999891e+02,-7.589116121213849908e+01
4.679144414062500346e+02,-7.843546778026146171e+01
4.679147343750000232e+02,-8.141288498130424500e+01
4.679150273437500118e+02,-7.836518939335817890e+01
4.679153203125000005e+02,-7.843466555661612460e+01
4.679156132812499891e+02,-7.635162831076524981e+01
4.679159062500000346e+02,-7.791966519698063109e+01
4.679161992187500232e+02,-8.285492204650388715e+01
4.679164921875000118e+02,-8.761675663534640535e+01
4.679167851562500005e+02,-7.067322118104610240e+01
4.679170781249999891e+02,-7.076949701328794617e+01
4.679173710937500346e+02,-7.530301735154226606e+01
4.679176640625000232e+02,-7.613676676456721282e+01
4.679179570312500118e+02,-8.862914228762080882e+01
4.679182500000000005e+02,-7.687787295418618783e+01
4.679185429687499891e+02,-7.859811409259985737e+01
4.679188359375000346e+02,-8.204806792773938184e+01
4.679191289062500232e+02,-8.847075665527795252e+01
4.679194218750000118e+02,-7.677102103020324364e+01
4.679197148437500005e+02,-7.206149795078131604e+01
4.679200078124999891e+02,-7.414788067974188834e+01
4.679203007812500346e+02,-7.407240285266929902e+01
4.679205937500000232e+02,-7.171935014844426348e+01
4.679208867187500118e+02,-7.072181631552646763e+01
4.679211796875000005e+02,-7.694285337508520684e+01
4.679214726562499891e+02,-7.538131629352128016e+01
4.679217656250000346e+02,-7.195120001777840457e+01
4.679220585937500232e+02,-7.605027803317400981e+01
4.679223515625000118e+02,-8.069202755928901638e+01
4.679226445312500005e+02,-7.189584795701357223e+01
4.679229374999999891e+02,-7.141579713540086516e+01
4.679232304687500346e+02,-7.261130779820834391e+01
4.679235234375000232e+02,-7.382945807346159484e+01
4.679238164062500118e+02,-7.896528289829188907e+01
4.679241093750000005e+02,-8.528121549510132127e+01
4.679244023437499891e+02,-8.029149691887755580e+01
4.679246953125000346e+02,-8.363923415493201219e+01
4.679249882812500232e+02,-7.972109382309913883e+01
4.679252812500000118e+02,-7.218150222603188126e+01
4.679255742187500005e+02,-7.851782562613841776e+01
4.679258671874999891e+02,-7.937270022914184153e+01
4.679261601562500346e+02,-7.790142301241361622e+01
4.679264531250000232e+02,-8.291592337443168503e+01
4.679267460937500118e+02,-7.603942993520152527e+01
4.679270390625000005e+02,-7.989226884362706471e+01
4.679273320312499891e+02,-9.364282193642412722e+01
4.679276250000000346e+02,-8.306575040420833034e+01
4.679279179687500232e+02,-8.086178783063954256e+01
4.679282109375000118e+02,-7.962377165905751042e+01
4.679285039062500005e+02,-7.713108305037354739e+01
4.679287968749999891e+02,-7.887847213650974254e+01
4.679290898437500346e+02,-7.558456042113134288e+01
4.679293828125000232e+02,-9.353091944972597105e+01
4.679296757812500118e+02,-7.851591505183586150e+01
4.679299687500000005e+02,-7.952596182060594288e+01
4.679302617187499891e+02,-7.862133712618442871e+01
4.679305546875000346e+02,-8.042774292223492694e+01
4.679308476562500232e+02,-7.616389313071005063e+01
4.679311406250000118e+02,-7.652091759753476197e+01
4.679314335937500005e+02,-7.496411332929230298e+01
4.679317265624999891e+02,-9.168389866523200737e+01
4.679320195312500346e+02,-9.040119702192455975e+01
4.679323125000000232e+02,-7.636049938438686979e+01
4.679326054687500118e+02,-7.569371773783635149e+01
4.679328984375000005e+02,-7.234957135110981596e+01
4.679331914062499891e+02,-7.212894341622725847e+01
4.679334843750000346e+02,-8.111923819646661116e+01
4.679337773437500232e+02,-8.304382061022378991e+01
4.679340703125000118e+02,-8.902927215326373300e+01
4.679343632812500005e+02,-8.150751206591799303e+01
4.679346562499999891e+02,-7.687449893716147642e+01
4.679349492187500346e+02,-8.190900298426973336e+01
4.679352421875000232e+02,-7.698805916834724883e+01
4.679355351562500118e+02,-7.559982415025233138e+01
4.679358281250000005e+02,-8.443211172542453369e+01
4.679361210937499891e+02,-9.312629164363146117e+01
4.679364140625000346e+02,-8.443730530614531915e+01
4.679367070312500232e+02,-8.203163750546846700e+01
4.679370000000000118e+02,-7.686201638110438239e+01
4.679372929687500005e+02,-7.877380911785262185e+01
4.679375859374999891e+02,-7.083534081116064840e+01
4.679378789062500346e+02,-8.023082141028736203e+01
4.679381718750000232e+02,-7.358437852844159011e+01
4.679384648437500118e+02,-8.031117627724775332e+01
4.679387578125000005e+02,-8.069205699857570835e+01
4.679390507812499891e+02,-7.457925827048491385e+01
4.679393437500000346e+02,-8.152087094425874625e+01
4.679396367187500232e+02,-7.819850449370038348e+01
4.679399296875000118e+02,-7.606363261848241564e+01
4.679402226562500005e+02,-8.098684773799618597e+01
4.679405156249999891e+02,-8.883341223103577988e+01
4.679408085937500346e+02,-8.823792647995617244e+01
4.679411015625000232e+02,-8.145834546151669997e+01
4.679413945312500118e+02,-9.233825744490309262e+01
4.679416875000000005e+02,-8.194435653701225419e+01
4.679419804687499891e+02,-7.691264610872178764e+01
4.679422734375000346e+02,-7.504628892859827261e+01
4.679425664062500232e+02,-7.428482499349988188e+01
4.679428593750000118e+02,-7.539755725068874881e+01
4.679431523437500005e+02,-7.912771388295050201e+01
4.679434453124999891e+02,-7.922845326771292207e+01
4.679437382812500346e+02,-8.083067859010708389e+01
4.679440312500000232e+02,-8.364815683215286413e+01
4.679443242187500118e+02,-9.356515472157900604e+01
4.679446171875000005e+02,-7.915766447474025824e+01
4.679449101562499891e+02,-7.627741396066441837e+01
4.679452031250000346e+02,-7.243014723509621433e+01
4.679454960937500232e+02,-7.075059208036945790e+01
4.679457890625000118e+02,-7.913404300518183732e+01
4.679460820312500005e+02,-7.966690262253349886e+01
4.679463749999999891e+02,-7.864240802476690817e+01
4.679466679687500346e+02,-7.469011462658733080e+01
4.679469609375000232e+02,-7.901839794788278937e+01
4.679472539062500118e+02,-8.431763753492185742e+01
4.679475468750000005e+02,-8.418432644679695898e+01
4.679478398437499891e+02,-8.232625459404565049e+01
4.679481328125000346e+02,-9.398828096079853367e+01
4.679484257812500232e+02,-8.685667590773812208e+01
4.679487187500000118e+02,-7.800230617504007569e+01
4.679490117187500005e+02,-8.359374791043750008e+01
4.679493046874999891e+02,-7.128046121716036509e+01
4.679495976562500346e+02,-6.923393339261257040e+01
4.679498906250000232e+02,-7.494859636166715688e+01
4.679501835937500118e+02,-7.682354113925578076e+01
4.679504765625000005e+02,-7.178070804244364922e+01
4.679507695312499891e+02,-7.294873344646745750e+01
4.679510625000000346e+02,-7.618797814865547480e+01
4.679513554687500232e+02,-7.651868601488042998e+01
4.679516484375000118e+02,-7.816553562226862084e+01
4.679519414062500005e+02,-8.334956471901611508e+01
4.679522343749999891e+02,-8.047571476295915716e+01
4.679525273437500346e+02,-7.599748782619690246e+01
4.679528203125000232e+02,-7.849779869491244710e+01
4.679531132812500118e+02,-7.468655538540846806e+01
4.679534062500000005e+02,-7.540690269792065692e+01
4.679536992187499891e+02,-7.647474075270362448e+01
4.679539921875000346e+02,-8.312037265487263937e+01
4.679542851562500232e+02,-7.677845879141949581e+01
4.679545781250000118e+02,-1.039600294900766926e+02
4.679548710937500005e+02,-7.158804555986657192e+01
4.679551640624999891e+02,-7.386291105854898831e+01
4.679554570312500346e+02,-7.837040181114724646e+01
4.679557500000000232e+02,-7.750744531034474960e+01
4.679560429687500118e+02,-7.522822034096049038e+01
4.679563359375000005e+02,-8.104628524092333919e+01
4.679566289062499891e+02,-7.868617348504216125e+01
4.679569218750000346e+02,-7.946432228290026956e+01
4.679572148437500232e+02,-7.735339222481363208e+01
4.679575078125000118e+02,-7.161825421231098687e+01
4.679578007812500005e+02,-7.311383505532060667e+01
4.679580937499999891e+02,-7.593552699348097690e+01
4.679583867187500346e+02,-8.322142847053547143e+01
4.679586796875000232e+02,-7.350379256994172295e+01
4.679589726562500118e+02,-7.329792415083085189e+01
4.679592656250000005e+02,-7.413994902158296441e+01
4.679595585937499891e+02,-7.888411699655220843e+01
4.679598515625000346e+02,-8.580319172402860772e+01
4.679601445312500232e+02,-7.611692343648766723e+01
4.679604375000000118e+02,-7.093080763219370510e+01
4.679607304687500005e+02,-7.503372670272716505e+01
4.679610234374999891e+02,-9.273493662282278649e+01
4.679613164062500346e+02,-8.596825583191743192e+01
4.679616093750000232e+02,-8.448974787778576001e+01
4.679619023437500118e+02,-8.877622200326715074e+01
4.679621953125000005e+02,-7.949637410606278820e+01
4.679624882812499891e+02,-7.742579666765722379e+01
4.679627812500000346e+02,-8.208674384495648724e+01
4.679630742187500232e+02,-8.338946969136085841e+01
4.679633671875000118e+02,-7.361908341999931338e+01
4.679636601562500005e+02,-7.131707406922105008e+01
4.679639531249999891e+02,-7.601403210333410243e+01
4.679642460937500346e+02,-8.415618108658540564e+01
4.679645390625000232e+02,-8.369471474422454094e+01
4.679648320312500118e+02,-8.061216819446497084e+01
4.679651250000000005e+02,-7.121715151300743685e+01
4.679654179687499891e+02,-6.878029254891197297e+01
4.679657109375000346e+02,-7.424480044812540314e+01
4.679660039062500232e+02,-7.614637711427781142e+01
4.679662968750000118e+02,-7.868184872098953520e+01
4.679665898437500005e+02,-8.242635133915686652e+01
4.679668828124999891e+02,-7.441076829589195540e+01
4.679671757812500346e+02,-7.563989588163686051e+01
4.679674687500000232e+02,-8.032815365920305339e+01
4.679677617187500118e+02,-7.613408711633763915e+01
4.679680546875000005e+02,-7.634470888550256973e+01
4.679683476562499891e+02,-8.269743579639539632e+01
4.679686406250000346e+02,-7.488140510598350374e+01
4.679689335937500232e+02,-7.597004939238048848e+01
4.679692265625000118e+02,-8.822350055724598406e+01
4.679695195312500005e+02,-8.551302545243436271e+01
4.679698124999999891e+02,-8.515428612703702527e+01
4.679701054687500346e+02,-8.932085075321785439e+01
4.679703984375000232e+02,-8.077682101885004329e+01
4.679706914062500118e+02,-9.085103766270154324e+01
4.679709843750000005e+02,-8.978463916044695736e+01
4.679712773437499891e+02,-9.012768154849007374e+01
4.679715703125000346e+02,-8.229103326052927514e+01
4.679718632812500232e+02,-7.482195560431020454e+01
4.679721562500000118e+02,-7.855512131725541281e+01
4.679724492187500005e+02,-9.465117193177479749e+01
4.679727421874999891e+02,-7.712860811020560448e+01
4.679730351562500346e+02,-7.694002154907617808e+01
4.679733281250000232e+02,-8.195224045843779948e+01
4.679736210937500118e+02,-8.261516731697169291e+01
4.679739140625000005e+02,-7.743484973029536889e+01
4.679742070312499891e+02,-8.048440964343089377e+01
4.679745000000000346e+02,-8.305919270032163126e+01
4.679747929687500232e+02,-7.855102312553442800e+01
4.679750859375000118e+02,-7.644325688145005415e+01
4.679753789062500005e+02,-7.587606518894821761e+01
4.679756718749999891e+02,-7.229595856649086727e+01
4.679759648437500346e+02,-7.529174574102322026e+01
4.679762578125000232e+02,-9.010014262435127819e+01
4.679765507812500118e+02,-8.400886068063718426e+01
4.679768437500000005e+02,-8.429059878126105332e+01
4.679771367187499891e+02,-8.348565480752699841e+01
4.679774296875000346e+02,-8.490807549800021548e+01
4.679777226562500232e+02,-8.876723593464296869e+01
4.679780156250000118e+02,-8.209244184903448627e+01
4.679783085937500005e+02,-8.400672905496153930e+01
4.679786015624999891e+02,-8.898413449214736204e+01
4.679788945312500346e+02,-8.222346036237320277e+01
4.679791875000000232e+02,-7.750873908211897856e+01
4.679794804687500118e+02,-8.252822856432329957e+01
4.679797734375000005e+02,-8.014350106670150353e+01
4.679800664062499891e+02,-7.520896563244372146e+01
4.679803593750000346e+02,-7.390779882721771799e+01
4.679806523437500232e+02,-8.048884288922903352e+01
4.679809453125000118e+02,-7.879458959081487990e+01
4.679812382812500005e+02,-7.674193645947931941e+01
4.679815312499999891e+02,-7.402497260953919067e+01
4.679818242187500346e+02,-8.370494748681493036e+01
4.679821171875000232e+02,-7.719938543837022848e+01
4.679824101562500118e+02,-8.457874954867732242e+01
4.679827031250000005e+02,-7.613730334367888020e+01
4.679829960937499891e+02,-7.643871177430600028e+01
4.679832890625000346e+02,-8.133983853446152068e+01
4.679835820312500232e+02,-8.106760085582456554e+01
4.679838750000000118e+02,-7.920458758548053879e+01
4.679841679687500005e+02,-7.637169302490785583e+01
4.679844609374999891e+02,-7.613301427887752482e+01
4.679847539062500346e+02,-8.322433166460533016e+01
4.679850468750000232e+02,-9.229657114676334118e+01
4.679853398437500118e+02,-8.092820020835159767e+01
4.679856328125000005e+02,-7.523466752114640599e+01
4.679859257812499891e+02,-7.920867010527716445e+01
4.679862187500000346e+02,-8.042910283306596853e+01
4.679865117187500232e+02,-8.776001644974031990e+01
4.679868046875000118e+02,-9.528730065621553535e+01
4.679870976562500005e+02,-8.775396188416507925e+01
4.679873906249999891e+02,-8.208413605193192097e+01
4.679876835937500346e+02,-9.689148701245811424e+01
4.679879765625000232e+02,-8.093955570263574373e+01
4.679882695312500118e+02,-8.565866748361870009e+01
4.679885625000000005e+02,-7.645560151043299868e+01
4.679888554687499891e+02,-7.419570369762320183e+01
4.679891484375000346e+02,-8.338985959597536635e+01
4.679894414062500232e+02,-8.293104693703257624e+01
4.679897343750000118e+02,-8.809274611992583459e+01
4.679900273437500005e+02,-8.392835408626550020e+01
4.679903203124999891e+02,-8.270081840460349554e+01
4.679906132812500346e+02,-9.927818502180690530e+01
4.679909062500000232e+02,-7.522592070358140859e+01
4.679911992187500118e+02,-7.677041099387948009e+01
4.679914921875000005e+02,-9.736971102524177013e+01
4.679917851562499891e+02,-8.381381890095029519e+01
4.679920781250000346e+02,-8.322612133358865094e+01
4.679923710937500232e+02,-8.835034050530678940e+01
4.679926640625000118e+02,-9.445951271396759807e+01
4.679929570312500005e+02,-8.802805639017286410e+01
4.679932499999999891e+02,-8.073691810065953689e+01
4.679935429687500346e+02,-8.294625642680543365e+01
4.679938359375000232e+02,-8.165586724944161290e+01
4.679941289062500118e+02,-8.070063259828356195e+01
4.679944218750000005e+02,-8.340132787884917320e+01
4.679947148437499891e+02,-8.851489973070273720e+01
4.679950078125000346e+02,-8.069430311684045876e+01
4.679953007812500232e+02,-7.672861115451608782e+01
4.679955937500000118e+02,-7.928224913876674407e+01
4.679958867187500005e+02,-8.021311990553385840e+01
4.679961796874999891e+02,-7.786349159970507117e+01
4.679964726562500346e+02,-7.873482521985050653e+01
4.679967656250000232e+02,-8.070559434399041265e+01
4.679970585937500118e+02,-7.751615650358543519e+01
4.679973515625000005e+02,-7.720334233800508628e+01
4.679976445312499891e+02,-8.331469507543869213e+01
4.679979375000000346e+02,-8.252121438741241377e+01
4.679982304687500232e+02,-8.203578706069200166e+01
4.679985234375000118e+02,-8.364593994537152355e+01
4.679988164062500005e+02,-8.125505933337150566e+01
4.679991093749999891e+02,-8.561667447837514544e+01
4.679994023437500346e+02,-8.509241648550752757e+01
4.679996953125000232e+02,-8.489923533643417386e+01
4.679999882812500118e+02,-8.033648221151349844e+01
4.680002812500000005e+02,-8.127396283374642394e+01
4.680005742187499891e+02,-8.251709378413941920e+01
4.680008671875000346e+02,-8.683226746611308045e+01
4.680011601562500232e+02,-8.680652030352939619e+01
4.680014531250000118e+02,-9.140080468268882896e+01
4.680017460937500005e+02,-7.857674920741855829e+01
4.680020390624999891e+02,-7.884226240030152155e+01
4.680023320312500346e+02,-9.969898983775293289e+01
4.680026250000000232e+02,-8.823927465791945224e+01
4.680029179687500118e+02,-8.461164105223571141e+01
4.680032109375000005e+02,-8.012047264600589358e+01
4.680035039062499891e+02,-8.013462229448788321e+01
4.680037968750000346e+02,-8.021214809100970911e+01
4.680040898437500232e+02,-8.214393433591553162e+01
4.680043828125000118e+02,-8.805422874379075893e+01
4.680046757812500005e+02,-8.555013161586778381e+01
4.680049687499999891e+02,-8.228733307921318385e+01
4.680052617187500346e+02,-8.027160802628286262e+01
4.680055546875000232e+02,-7.885035643676980044e+01
4.680058476562500118e+02,-7.710566481966398555e+01
4.680061406250000005e+02,-7.479227268953871999e+01
4.680064335937499891e+02,-7.812838903283962111e+01
4.680067265625000346e+02,-7.962398007274897793e+01
4.680070195312500232e+02,-7.750558146895697575e+01
4.680073125000000118e+02,-7.985251772312564356e+01
4.680076054687500005e+02,-8.245723277110411686e+01
4.680078984374999891e+02,-7.547341828409885522e+01
4.680081914062500346e+02,-7.500353817334780615e+01
4.680084843750000232e+02,-8.699650073537873141e+01
4.680087773437500118e+02,-7.842347491921272251e+01
4.680090703125000005e+02,-7.930463147770745991e+01
4.680093632812499891e+02,-8.261340997328289859e+01
4.680096562500000346e+02,-7.862326686472022175e+01
4.680099492187500232e+02,-7.825846175142629590e+01
4.680102421875000118e+02,-8.004599044376695360e+01
4.680105351562500005e+02,-7.968946783139080026e+01
4.680108281249999891e+02,-8.145113891535490325e+01
4.680111210937500346e+02,-8.943697573712614712e+01
4.680114140625000232e+02,-9.307302266457145379e+01
4.680117070312500118e+02,-8.684979530264669734e+01
4.680120000000000005e+02,-9.155338186183512050e+01
4.680122929687499891e+02,-8.109861963984469924e+01
4.680125859375000346e+02,-7.854451115815788853e+01
4.680128789062500232e+02,-7.580249441294350277e+01
4.680131718750000118e+02,-7.735042969133520785e+01
4.680134648437500005e+02,-7.812906154065275643e+01
4.680137578124999891e+02,-8.040113076408840698e+01
4.680140507812500346e+02,-7.668533404282081278e+01
4.680143437500000232e+02,-7.925480560710522582e+01
4.680146367187500118e+02,-7.798536368282917408e+01
4.680149296875000005e+02,-8.201923379420740901e+01
4.680152226562499891e+02,-9.146713534886148977e+01
4.680155156250000346e+02,-8.113282394599004022e+01
4.680158085937500232e+02,-8.953837586747420119e+01
4.680161015625000118e+02,-9.457137455011087468e+01
4.680163945312500005e+02,-7.847929016009587144e+01
4.680166874999999891e+02,-8.207789078053892240e+01
4.680169804687500346e+02,-9.645892232272295530e+01
4.680172734375000232e+02,-9.315861028078720096e+01
4.680175664062500118e+02,-7.983646027159339553e+01
4.680178593750000005e+02,-7.785818659843178580e+01
4.680181523437499891e+02,-9.779041337305891091e+01
4.680184453125000346e+02,-8.425470835709526796e+01
4.680187382812500232e+02,-8.102293571882164258e+01
4.680190312500000118e+02,-7.478040654010784749e+01
4.680193242187500005e+02,-7.670667337653894435e+01
4.680196171874999891e+02,-7.761415277153932379e+01
4.680199101562500346e+02,-8.880564410885938287e+01
4.680202031250000232e+02,-9.303077603667261997e+01
4.680204960937500118e+02,-7.860258692930487712e+01
4.680207890625000005e+02,-7.893346547182932227e+01
4.680210820312499891e+02,-8.087209485713324852e+01
4.680213750000000346e+02,-9.006023165441617095e+01
4.680216679687500232e+02,-7.882757725947980987e+01
4.680219609375000118e+02,-8.192689038526989975e+01
4.680222539062500005e+02,-9.356803195384587468e+01
4.680225468749999891e+02,-7.840234762748569608e+01
4.680228398437500346e+02,-7.697391539680131700e+01
4.680231328125000232e+02,-8.553745245917581030e+01
4.680234257812500118e+02,-8.222388254611317393e+01
4.680237187500000005e+02,-7.812870220738501814e+01
4.680240117187499891e+02,-7.629849014639690097e+01
4.680243046875000346e+02,-7.572494628504514935e+01
4.680245976562500232e+02,-8.147143578767354199e+01
4.680248906250000118e+02,-7.988530397922902182e+01
4.680251835937500005e+02,-8.002815507957936347e+01
4.680254765624999891e+02,-8.188844772024133079e+01
4.680257695312500346e+02,-7.639494217703636991e+01
4.680260625000000232e+02,-7.717194920475834863e+01
4.680263554687500118e+02,-7.789861743433390018e+01
4.680266484375000005e+02,-8.467727398526275806e+01
4.680269414062499891e+02,-7.398753720299647796e+01
4.680272343750000346e+02,-7.479425814529962224e+01
4.680275273437500232e+02,-7.968087386267137617e+01
4.680278203125000118e+02,-7.750660649384650469e+01
4.680281132812500005e+02,-7.804712836412024046e+01
4.680284062499999891e+02,-7.915479615875094055e+01
4.680286992187500346e+02,-8.122606367947230410e+01
4.680289921875000232e+02,-8.794484983343053841e+01
4.680292851562500118e+02,-8.480594152915655570e+01
4.680295781250000005e+02,-8.110963359686691376e+01
4.680298710937499891e+02,-8.160081535384678375e+01
4.680301640625000346e+02,-8.375224031437787175e+01
4.680304570312500232e+02,-8.141315364234939977e+01
4.680307500000000118e+02,-8.839683376023947403e+01
4.680310429687500005e+02,-9.000690842422611126e+01
4.680313359374999891e+02,-7.798961291146031272e+01
4.680316289062500346e+02,-7.520648014129837122e+01
4.680319218750000232e+02,-8.493797954562612063e+01
4.680322148437500118e+02,-7.778417328226134941e+01
4.680325078125000005e+02,-7.972730433822303553e+01
4.680328007812499891e+02,-8.982981283085685220e+01
4.680330937500000346e+02,-9.426653375294114312e+01
4.680333867187500232e+02,-8.604631286257915690e+01
4.680336796875000118e+02,-8.421100651465184228e+01
4.680339726562500005e+02,-8.214371266129896298e+01
4.680342656249999891e+02,-7.539018729943023800e+01
4.680345585937500346e+02,-8.316860309417684505e+01
4.680348515625000232e+02,-8.398230897038459375e+01
4.680351445312500118e+02,-8.149823805450492387e+01
4.680354375000000005e+02,-7.799622152344923620e+01
4.680357304687499891e+02,-8.132522988298715916e+01
4.680360234375000346e+02,-8.765110850951033683e+01
4.680363164062500232e+02,-7.803934351692167581e+01
4.680366093750000118e+02,-7.714450078952299350e+01
4.680369023437500005e+02,-7.641656957215077739e+01
4.680371953124999891e+02,-7.754935191460634769e+01
4.680374882812500346e+02,-8.130225935400738990e+01
4.680377812500000232e+02,-7.962885230861272134e+01
4.680380742187500118e+02,-7.962059307243063699e+01
4.680383671875000005e+02,-8.959648719501855396e+01
4.680386601562499891e+02,-9.589882186949188281e+01
4.680389531250000346e+02,-8.345454139685658390e+01
4.680392460937500232e+02,-9.056622996204374942e+01
4.680395390625000118e+02,-8.551187062142309969e+01
4.680398320312500005e+02,-8.450001642211354635e+01
4.680401249999999891e+02,-8.121411013788667788e+01
4.680404179687500346e+02,-8.714564016434950133e+01
4.680407109375000232e+02,-8.283428117200507756e+01
4.680410039062500118e+02,-7.932863782581694068e+01
4.680412968750000005e+02,-8.391527286912852901e+01
4.680415898437499891e+02,-7.889637366022326148e+01
4.680418828125000346e+02,-7.576635832844732477e+01
4.680421757812500232e+02,-7.738341854252450958e+01
4.680424687500000118e+02,-8.111636385837067564e+01
4.680427617187500005e+02,-8.207324729407447705e+01
4.680430546874999891e+02,-7.878756840351938706e+01
4.680433476562500346e+02,-7.639365210212753254e+01
4.680436406250000232e+02,-8.310059918814772573e+01
4.680439335937500118e+02,-8.351665339201124993e+01
4.680442265625000005e+02,-8.254683119841632788e+01
4.680445195312499891e+02,-8.794613140109881044e+01
4.680448125000000346e+02,-7.961276218275440897e+01
4.680451054687500232e+02,-8.151761735421780486e+01
4.680453984375000118e+02,-9.384517354705266712e+01
4.680456914062500005e+02,-8.148285706787942217e+01
4.680459843749999891e+02,-8.089431190801082039e+01
4.680462773437500346e+02,-8.381965267771762740e+01
4.680465703125000232e+02,-8.496815350682000201e+01
4.680468632812500118e+02,-9.415992415277416683e+01
4.680471562500000005e+02,-9.252141581601367193e+01
4.680474492187499891e+02,-8.454442049331413500e+01
4.680477421875000346e+02,-8.326167704522525526e+01
4.680480351562500232e+02,-9.749114623296244986e+01
4.680483281250000118e+02,-8.590126496671432221e+01
4.680486210937500005e+02,-8.225921870279721304e+01
4.680489140624999891e+02,-9.719871656777597480e+01
4.680492070312500346e+02,-7.772263786935521068e+01
4.680495000000000232e+02,-7.663855259248330754e+01
4.680497929687500118e+02,-9.300815643255663190e+01
4.680500859375000005e+02,-8.220250341011465878e+01
4.680503789062499891e+02,-9.303715398049280338e+01
4.680506718750000346e+02,-8.262002846644223553e+01
4.680509648437500232e+02,-7.834145926482344180e+01
4.680512578125000118e+02,-7.808254178622206609e+01
4.680515507812500005e+02,-7.797594456792852213e+01
4.680518437499999891e+02,-8.476663709612427056e+01
4.680521367187500346e+02,-1.016608680552664623e+02
4.680524296875000232e+02,-7.898004473472022369e+01
4.680527226562500118e+02,-7.601226903400583979e+01
4.680530156250000005e+02,-7.772401760571425200e+01
4.680533085937499891e+02,-8.189712668700424558e+01
4.680536015625000346e+02,-8.070586492374987131e+01
4.680538945312500232e+02,-7.973235336137581442e+01
4.680541875000000118e+02,-7.975010340597317793e+01
4.680544804687500005e+02,-8.519390780407265140e+01
4.680547734374999891e+02,-8.153500311053113592e+01
4.680550664062500346e+02,-7.588003973776758926e+01
4.680553593750000232e+02,-7.446374541174050421e+01
4.680556523437500118e+02,-7.550295308524485449e+01
4.680559453125000005e+02,-7.554646849551599530e+01
4.680562382812499891e+02,-7.831738109158931138e+01
4.680565312500000346e+02,-8.748706951727439218e+01
4.680568242187500232e+02,-8.847501393371190659e+01
4.680571171875000118e+02,-8.153584428684679608e+01
4.680574101562500005e+02,-7.627481312856912155e+01
4.680577031249999891e+02,-7.890310850047572444e+01
4.680579960937500346e+02,-8.027962689696337861e+01
4.680582890625000232e+02,-7.692498562921279870e+01
4.680585820312500118e+02,-7.606386337334167536e+01
4.680588750000000005e+02,-8.259392866256592924e+01
4.680591679687499891e+02,-7.464176087580295871e+01
4.680594609375000346e+02,-7.762314898993619749e+01
4.680597539062500232e+02,-7.871640525746143169e+01
4.680600468750000118e+02,-7.383061154616800081e+01
4.680603398437500005e+02,-9.021792754203268316e+01
4.680606328124999891e+02,-8.154120368472356972e+01
4.680609257812500346e+02,-8.179025310945013416e+01
4.680612187500000232e+02,-8.210693720283074981e+01
4.680615117187500118e+02,-7.832612328610353813e+01
4.680618046875000005e+02,-7.637415422296474787e+01
4.680620976562499891e+02,-8.261247790302562066e+01
4.680623906250000346e+02,-8.494917074548821745e+01
4.680626835937500232e+02,-7.701514515352508283e+01
4.680629765625000118e+02,-7.786473797902117155e+01
4.680632695312500005e+02,-8.275165630413451368e+01
4.680635624999999891e+02,-7.608167631974464484e+01
4.680638554687500346e+02,-7.192349261053291798e+01
4.680641484375000232e+02,-7.224911444825282558e+01
4.680644414062500118e+02,-7.760442468814700590e+01
4.680647343750000005e+02,-9.403453084549491336e+01
4.680650273437499891e+02,-8.531044733521356704e+01
4.680653203125000346e+02,-9.106700462787379990e+01
4.680656132812500232e+02,-8.177356738958737026e+01
4.680659062500000118e+02,-7.794905224125389509e+01
4.680661992187500005e+02,-8.190969719167983953e+01
4.680664921874999891e+02,-7.760060988279968797e+01
4.680667851562500346e+02,-7.863506806330568111e+01
4.680670781250000232e+02,-7.918831079512715121e+01
4.680673710937500118e+02,-7.956217168089051484e+01
4.680676640625000005e+02,-8.077808788771790205e+01
4.680679570312499891e+02,-8.139971296314043059e+01
4.680682500000000346e+02,-8.465458674003905060e+01
4.680685429687500232e+02,-7.964944612864903206e+01
4.680688359375000118e+02,-9.387599926079630563e+01
4.680691289062500005e+02,-8.468932890946946657e+01
4.680694218749999891e+02,-7.964475598043205196e+01
4.680697148437500346e+02,-7.595021336382644961e+01
4.680700078125000232e+02,-7.693062051627869380e+01
4.680703007812500118e+02,-7.491252853620521535e+01
4.680705937500000005e+02,-7.039340581662908392e+01
4.680708867187499891e+02,-7.360298165854675290e+01
4.680711796875000346e+02,-8.339644739601726542e+01
4.680714726562500232e+02,-7.951125529965497662e+01
4.680717656250000118e+02,-7.858340135962313866e+01
4.680720585937500005e+02,-8.169387191347786370e+01
4.680723515624999891e+02,-7.990983611708333001e+01
4.680726445312500346e+02,-7.467357657272181370e+01
4.680729375000000232e+02,-7.762271821813591544e+01
4.680732304687500118e+02,-8.394712173454065862e+01
4.680735234375000005e+02,-9.038679934197071475e+01
4.680738164062499891e+02,-8.670662006835237889e+01
4.680741093750000346e+02,-7.907175535487611739e+01
4.680744023437500232e+02,-8.219178169495262409e+01
4.680746953125000118e+02,-8.513560653056816818e+01
4.680749882812500005e+02,-8.556856558943081836e+01
4.680752812499999891e+02,-8.107869962294033428e+01
4.680755742187500346e+02,-8.383154344774067113e+01
4.680758671875000232e+02,-7.924085723154446725e+01
4.680761601562500118e+02,-8.107741272342005345e+01
4.680764531250000005e+02,-8.745124228941190836e+01
4.680767460937499891e+02,-9.330110587862968430e+01
4.680770390625000346e+02,-8.199415740513447304e+01
4.680773320312500232e+02,-7.881501108327464067e+01
4.680776250000000118e+02,-7.834729760705101853e+01
4.680779179687500005e+02,-8.188946008958777156e+01
4.680782109374999891e+02,-8.408543861244100981e+01
4.680785039062500346e+02,-7.761298420478480864e+01
4.680787968750000232e+02,-7.379020054454309729e+01
4.680790898437500118e+02,-7.258272076552147212e+01
4.680793828125000005e+02,-7.315909666380068188e+01
4.680796757812499891e+02,-7.503749389839562411e+01
4.680799687500000346e+02,-7.767509912031435704e+01
4.680802617187500232e+02,-7.933791056743210390e+01
4.680805546875000118e+02,-7.332030626506028170e+01
4.680808476562500005e+02,-7.272911876884334959e+01
4.680811406249999891e+02,-7.432765999456574946e+01
4.680814335937500346e+02,-7.532491671421536239e+01
4.680817265625000232e+02,-7.548468935625797371e+01
4.680820195312500118e+02,-8.155285164129752218e+01
4.680823125000000005e+02,-7.543513571519571315e+01
4.680826054687499891e+02,-8.624489453764550717e+01
4.680828984375000346e+02,-7.630902893152320132e+01
4.680831914062500232e+02,-8.198856245238432905e+01
4.680834843750000118e+02,-8.883297936496109060e+01
4.680837773437500005e+02,-8.029202399897472731e+01
4.680840703124999891e+02,-7.374652373043724651e+01
4.680843632812500346e+02,-7.243087638571159914e+01
4.680846562500000232e+02,-7.770681060672329465e+01
4.680849492187500118e+02,-7.718922013349121869e+01
4.680852421875000005e+02,-7.547614985151172107e+01
4.680855351562499891e+02,-7.473112631808069750e+01
4.680858281250000346e+02,-8.025059611360747169e+01
4.680861210937500232e+02,-8.095298051813918505e+01
4.680864140625000118e+02,-7.546135083057770032e+01
4.680867070312500005e+02,-7.811462537396477046e+01
4.680869999999999891e+02,-8.208430604901812444e+01
4.680872929687500346e+02,-8.283378721202805650e+01
4.680875859375000232e+02,-8.505310636881235098e+01
4.680878789062500118e+02,-7.788339683308878136e+01
4.680881718750000005e+02,-9.024500460205166519e+01
4.680884648437499891e+02,-8.574372377362632847e+01
4.680887578125000346e+02,-8.900151346410254405e+01
4.680890507812500232e+02,-8.317178187215780838e+01
4.680893437500000118e+02,-8.347880074822420227e+01
4.680896367187500005e+02,-9.018943743895171394e+01
4.680899296874999891e+02,-8.682674877276100744e+01
4.680902226562500346e+02,-8.509410426353139201e+01
4.680905156250000232e+02,-8.769253215900903342e+01
4.680908085937500118e+02,-8.402763924158939801e+01
4.680911015625000005e+02,-8.271312129104896371e+01
4.680913945312499891e+02,-7.723818589312668337e+01
4.680916875000000346e+02,-8.060729983484893069e+01
4.680919804687500232e+02,-9.369486217259270688e+01
4.680922734375000118e+02,-8.923419657563368901e+01
4.680925664062500005e+02,-8.668464260824860901e+01
4.680928593749999891e+02,-9.396919735578828181e+01
4.680931523437500346e+02,-8.036225285033864907e+01
4.680934453125000232e+02,-8.001330454629993483e+01
4.680937382812500118e+02,-7.912479460877551674e+01
4.680940312500000005e+02,-8.684622402310682787e+01
4.680943242187499891e+02,-8.401544689124740728e+01
4.680946171875000346e+02,-8.229334025891324700e+01
4.680949101562500232e+02,-8.015534873356696721e+01
4.680952031250000118e+02,-7.704792437672776373e+01
4.680954960937500005e+02,-7.664270976359760823e+01
4.680957890624999891e+02,-8.770772386333588599e+01
4.680960820312500346e+02,-7.572058336095464881e+01
4.680963750000000232e+02,-7.784465059863353531e+01
4.680966679687500118e+02,-8.321708545739193141e+01
4.680969609375000005e+02,-9.940514873633313186e+01
4.680972539062499891e+02,-7.965843505893148802e+01
4.680975468750000346e+02,-8.293909302854012822e+01
4.680978398437500232e+02,-8.749314578544053234e+01
4.680981328125000118e+02,-7.929567901175136058e+01
4.680984257812500005e+02,-7.715585397560174385e+01
4.680987187499999891e+02,-7.603289353809122986e+01
4.680990117187500346e+02,-7.734152762359099142e+01
4.680993046875000232e+02,-8.017744669912936217e+01
4.680995976562500118e+02,-7.614514395469132069e+01
4.680998906250000005e+02,-7.968256808043923911e+01
4.681001835937499891e+02,-7.717154677277308394e+01
4.681004765625000346e+02,-8.039450365520808361e+01
4.681007695312500232e+02,-8.808961470760721113e+01
4.681010625000000118e+02,-8.762862915825411392e+01
4.681013554687500005e+02,-8.365868544570491849e+01
4.681016484374999891e+02,-9.112326592986589446e+01
4.681019414062500346e+02,-7.989466529570462683e+01
4.681022343750000232e+02,-7.873434753594058577e+01
4.681025273437500118e+02,-8.007939616182810028e+01
4.681028203125000005e+02,-8.334949162824037217e+01
4.681031132812499891e+02,-8.797488802046393630e+01
4.681034062500000346e+02,-8.020102496258486724e+01
4.681036992187500232e+02,-7.914170776113637373e+01
4.681039921875000118e+02,-8.412804453271674276e+01
4.681042851562500005e+02,-9.497644913249253307e+01
4.681045781249999891e+02,-8.447295871394949529e+01
4.681048710937500346e+02,-7.800796079812607786e+01
4.681051640625000232e+02,-8.167476165349810913e+01
4.681054570312500118e+02,-8.293392684507587376e+01
4.681057500000000005e+02,-7.820850359826582121e+01
4.681060429687499891e+02,-7.711426562642388660e+01
4.681063359375000346e+02,-9.002464637513092782e+01
4.681066289062500232e+02,-8.398144284971819218e+01
4.681069218750000118e+02,-7.925138871853218347e+01
4.681072148437500005e+02,-7.742434270942501939e+01
4.681075078124999891e+02,-7.990430715397343420e+01
4.681078007812500346e+02,-8.346916195645096082e+01
4.681080937500000232e+02,-8.701327413430901458e+01
4.681083867187500118e+02,-8.485922974340638802e+01
4.681086796875000005e+02,-8.275569076430372206e+01
4.681089726562499891e+02,-7.971098241451284139e+01
4.681092656250000346e+02,-8.261354003326482598e+01
4.681095585937500232e+02,-9.201790164214857271e+01
4.681098515625000118e+02,-9.065626984231218444e+01
4.681101445312500005e+02,-9.519064152611176155e+01
4.681104374999999891e+02,-8.672249210940654507e+01
4.681107304687500346e+02,-7.744578400471307589e+01
4.681110234375000232e+02,-7.355055284846241648e+01
4.681113164062500118e+02,-7.738478279312326436e+01
4.681116093750000005e+02,-8.176568633054054658e+01
4.681119023437499891e+02,-8.703283887950058784e+01
4.681121953125000346e+02,-8.501260205453375818e+01
4.681124882812500232e+02,-7.919352790825381305e+01
4.681127812500000118e+02,-7.867783568079869383e+01
4.681130742187500005e+02,-8.590003356101436793e+01
4.681133671874999891e+02,-9.177507013552370552e+01
4.681136601562500346e+02,-8.420625126727492216e+01
4.681139531250000232e+02,-9.308837215345734251e+01
4.681142460937500118e+02,-9.966422480863820965e+01
4.681145390625000005e+02,-7.777383053846075711e+01
4.681148320312499891e+02,-7.649917380371368836e+01
4.681151250000000346e+02,-8.330508534092328432e+01
4.681154179687500232e+02,-9.179754896041356460e+01
4.681157109375000118e+02,-1.044063402092907467e+02
4.681160039062500005e+02,-8.284900242877250776e+01
4.681162968749999891e+02,-7.872157826071574505e+01
4.681165898437500346e+02,-7.620309989662086991e+01
4.681168828125000232e+02,-7.870132901085470678e+01
4.681171757812500118e+02,-7.671312843838792617e+01
4.681174687500000005e+02,-7.964095549865257340e+01
4.681177617187499891e+02,-7.376143470312223371e+01
4.681180546875000346e+02,-7.919671360898853152e+01
4.681183476562500232e+02,-8.413766717091284875e+01
4.681186406250000118e+02,-8.120250714024507488e+01
4.681189335937500005e+02,-8.449586272907490070e+01
4.681192265624999891e+02,-8.008909895445434302e+01
4.681195195312500346e+02,-7.628069927163095088e+01
4.681198125000000232e+02,-8.696983204826790370e+01
4.681201054687500118e+02,-8.044991949998851055e+01
4.681203984375000005e+02,-7.432276019807537182e+01
4.681206914062499891e+02,-8.131861959698568398e+01
4.681209843750000346e+02,-9.565079988101095410e+01
4.681212773437500232e+02,-7.823457013050190767e+01
4.681215703125000118e+02,-7.621928984733087020e+01
4.681218632812500005e+02,-8.259823302909350673e+01
4.681221562499999891e+02,-8.824774638526081105e+01
4.681224492187500346e+02,-8.522552792516987097e+01
4.681227421875000232e+02,-7.980333259133514900e+01
4.681230351562500118e+02,-7.933852113907681769e+01
4.681233281250000005e+02,-7.845280727866443726e+01
4.681236210937499891e+02,-7.512852153180095627e+01
4.681239140625000346e+02,-7.694043985846397504e+01
4.681242070312500232e+02,-7.820116003894004564e+01
4.681245000000000118e+02,-7.977409581594615418e+01
4.681247929687500005e+02,-8.480226724096590374e+01
4.681250859374999891e+02,-7.700936797608575546e+01
4.681253789062500346e+02,-8.355537197677547567e+01
4.681256718750000232e+02,-7.784473293190376353e+01
4.681259648437500118e+02,-7.850240251758184229e+01
4.681262578125000005e+02,-8.294330791761368005e+01
4.681265507812499891e+02,-8.569246777333999887e+01
4.681268437500000346e+02,-8.125295440196924801e+01
4.681271367187500232e+02,-7.686386053655179751e+01
4.681274296875000118e+02,-8.228758550783413739e+01
4.681277226562500005e+02,-8.469677698193802939e+01
4.681280156249999891e+02,-8.341498269408602084e+01
4.681283085937500346e+02,-8.474028640238256571e+01
4.681286015625000232e+02,-8.800752676569973687e+01
4.681288945312500118e+02,-8.777405607335965954e+01
4.681291875000000005e+02,-8.515327274015825765e+01
4.681294804687499891e+02,-8.406944774480832905e+01
4.681297734375000346e+02,-9.325301484750015391e+01
4.681300664062500232e+02,-8.359261611091247346e+01
4.681303593750000118e+02,-8.329459451719571916e+01
4.681306523437500005e+02,-9.641245420323754445e+01
4.681309453124999891e+02,-8.314013638740009071e+01
4.681312382812500346e+02,-8.197432455424974762e+01
4.681315312500000232e+02,-8.006091286202448032e+01
4.681318242187500118e+02,-1.042219574456923823e+02
4.681321171875000005e+02,-7.721282660324582992e+01
4.681324101562499891e+02,-7.727194894606606113e+01
4.681327031250000346e+02,-8.900574388599204667e+01
4.681329960937500232e+02,-8.416899086360905358e+01
4.681332890625000118e+02,-8.703503735025522303e+01
4.681335820312500005e+02,-8.641564891871365717e+01
4.681338749999999891e+02,-8.030231076206591467e+01
4.681341679687500346e+02,-9.024734020423093739e+01
4.681344609375000232e+02,-7.806179730747872725e+01
4.681347539062500118e+02,-8.313389848408249350e+01
4.681350468750000005e+02,-8.796316790368366867e+01
4.681353398437499891e+02,-8.397375632717562155e+01
4.681356328125000346e+02,-8.735124911060999864e+01
4.681359257812500232e+02,-8.517115300540345402e+01
4.681362187500000118e+02,-7.895187210900692776e+01
4.681365117187500005e+02,-7.604173574846545591e+01
4.681368046874999891e+02,-8.213360729025056628e+01
4.681370976562500346e+02,-9.035476477448870014e+01
4.681373906250000232e+02,-8.925234997642110102e+01
4.681376835937500118e+02,-8.189835133245881593e+01
4.681379765625000005e+02,-7.961485499892624773e+01
4.681382695312499891e+02,-8.311674722818393946e+01
4.681385625000000346e+02,-9.028915606885189504e+01
4.681388554687500232e+02,-8.164412848400390033e+01
4.681391484375000118e+02,-7.789396024833183674e+01
4.681394414062500005e+02,-7.846412388481692801e+01
4.681397343749999891e+02,-1.022120662627449974e+02
4.681400273437500346e+02,-8.268910343700579801e+01
4.681403203125000232e+02,-8.199713179288862364e+01
4.681406132812500118e+02,-8.235161110559295139e+01
4.681409062500000005e+02,-7.966964620731400260e+01
4.681411992187499891e+02,-7.819521988243444355e+01
4.681414921875000346e+02,-7.854544105931991282e+01
4.681417851562500232e+02,-7.598410832562845485e+01
4.681420781250000118e+02,-7.746104193947077476e+01
4.681423710937500005e+02,-7.819743669364467564e+01
4.681426640624999891e+02,-8.541506042101941887e+01
4.681429570312500346e+02,-8.325623568026360033e+01
4.681432500000000232e+02,-8.381459661468969102e+01
4.681435429687500118e+02,-8.461247425001781153e+01
4.681438359375000005e+02,-8.402968844771281454e+01
4.681441289062499891e+02,-8.428941389245508731e+01
4.681444218750000346e+02,-9.665973972570363060e+01
4.681447148437500232e+02,-9.474887652968922680e+01
4.681450078125000118e+02,-9.573936769876921460e+01
4.681453007812500005e+02,-8.557130702227689767e+01
4.681455937499999891e+02,-8.337845705757376891e+01
4.681458867187500346e+02,-8.632611826998194715e+01
4.681461796875000232e+02,-8.501801564441295511e+01
4.681464726562500118e+02,-8.264076989760324921e+01
4.681467656250000005e+02,-8.472661981547666699e+01
4.681470585937499891e+02,-8.434015716433358989e+01
4.681473515625000346e+02,-8.196174235040243161e+01
4.681476445312500232e+02,-7.767403423924696426e+01
4.681479375000000118e+02,-7.877376043868321176e+01
4.681482304687500005e+02,-8.045494131753511624e+01
4.681485234374999891e+02,-8.144710838371389627e+01
4.681488164062500346e+02,-7.880030864586358064e+01
4.681491093750000232e+02,-8.157676343407443653e+01
4.681494023437500118e+02,-7.965061260061757764e+01
4.681496953125000005e+02,-8.230100359299812851e+01
4.681499882812499891e+02,-9.314164843205102784e+01
4.681502812500000346e+02,-8.875235109336342987e+01
4.681505742187500232e+02,-8.717712297177970981e+01
4.681508671875000118e+02,-9.506930917862425190e+01
4.681511601562500005e+02,-8.391263886850225617e+01
4.681514531249999891e+02,-8.995893303781519990e+01
4.681517460937500346e+02,-8.910982307680799863e+01
4.681520390625000232e+02,-8.188248899307083661e+01
4.681523320312500118e+02,-8.274944290618486775e+01
4.681526250000000005e+02,-8.558912974725592449e+01
4.681529179687499891e+02,-9.020473543088732526e+01
4.681532109375000346e+02,-8.094931950581855062e+01
4.681535039062500232e+02,-8.630270514427215289e+01
4.681537968750000118e+02,-8.493385963857454612e+01
4.681540898437500005e+02,-8.010753670136297444e+01
4.681543828124999891e+02,-1.013633821168403983e+02
4.681546757812500346e+02,-8.866906192603747172e+01
4.681549687500000232e+02,-7.785702378205036212e+01
4.681552617187500118e+02,-7.472826747312103635e+01
4.681555546875000005e+02,-7.675739046980054070e+01
4.681558476562499891e+02,-7.961611201282335060e+01
4.681561406250000346e+02,-8.439829959644481505e+01
4.681564335937500232e+02,-8.757258627619775382e+01
4.681567265625000118e+02,-9.081096371270488987e+01
4.681570195312500005e+02,-9.615216749596575596e+01
4.681573124999999891e+02,-8.842776919012064241e+01
4.681576054687500346e+02,-8.243072874439833697e+01
4.681578984375000232e+02,-8.220045641581079110e+01
4.681581914062500118e+02,-8.055128767950887436e+01
4.681584843750000005e+02,-8.120767607315853809e+01
4.681587773437499891e+02,-8.077881676745477080e+01
4.681590703125000346e+02,-9.291784579866826732e+01
4.681593632812500232e+02,-8.268979229160956379e+01
4.681596562500000118e+02,-8.240461272874685505e+01
4.681599492187500005e+02,-8.347086943120342539e+01
4.681602421874999891e+02,-7.785229574769618921e+01
4.681605351562500346e+02,-7.621459103638235888e+01
4.681608281250000232e+02,-8.253645917157554379e+01
4.681611210937500118e+02,-9.886338418392659833e+01
4.681614140625000005e+02,-7.828834084696967466e+01
4.681617070312499891e+02,-7.546889272092636247e+01
4.681620000000000346e+02,-8.306544678399681914e+01
4.681622929687500232e+02,-8.021636233473478228e+01
4.681625859375000118e+02,-8.011146787436716465e+01
4.681628789062500005e+02,-8.984242656349553613e+01
4.681631718749999891e+02,-8.394903371066197906e+01
4.681634648437500346e+02,-8.068541207602706322e+01
4.681637578125000232e+02,-8.632643744572075661e+01
4.681640507812500118e+02,-8.118977187871118417e+01
4.681643437500000005e+02,-9.313855041871603646e+01
4.681646367187499891e+02,-8.024996385496748985e+01
4.681649296875000346e+02,-8.079571449120501825e+01
4.681652226562500232e+02,-9.138629710040540033e+01
4.681655156250000118e+02,-8.817532325661682080e+01
4.681658085937500005e+02,-9.131988674657527838e+01
4.681661015624999891e+02,-9.098715427901345265e+01
4.681663945312500346e+02,-8.119487170346113203e+01
4.681666875000000232e+02,-8.852874970432918644e+01
4.681669804687500118e+02,-7.931069073636354005e+01
4.681672734375000005e+02,-8.154359854990443068e+01
4.681675664062499891e+02,-8.630450431277839130e+01
4.681678593750000346e+02,-8.523517862380356291e+01
4.681681523437500232e+02,-7.532512262036894413e+01
4.681684453125000118e+02,-7.768545071021608805e+01
4.681687382812500005e+02,-8.051375626293705068e+01
4.681690312499999891e+02,-7.923233818080402102e+01
4.681693242187500346e+02,-7.684470201839056358e+01
4.681696171875000232e+02,-7.727767541833752318e+01
4.681699101562500118e+02,-8.634433959972922423e+01
4.681702031250000005e+02,-8.121510307319692856e+01
4.681704960937499891e+02,-9.467464639251177516e+01
4.681707890625000346e+02,-9.173514840743396803e+01
4.681710820312500232e+02,-8.143984627652187669e+01
4.681713750000000118e+02,-8.710626891285303941e+01
4.681716679687500005e+02,-8.835057516929744281e+01
4.681719609374999891e+02,-8.371435077941910663e+01
4.681722539062500346e+02,-9.454937879584110760e+01
4.681725468750000232e+02,-8.327810718348825958e+01
4.681728398437500118e+02,-8.106769042662708102e+01
4.681731328125000005e+02,-7.953713519762905548e+01
4.681734257812499891e+02,-7.640143477800704375e+01
4.681737187500000346e+02,-8.549223753786934310e+01
4.681740117187500232e+02,-7.775924875734187935e+01
4.681743046875000118e+02,-7.940314591810043510e+01
4.681745976562500005e+02,-8.481086325444893248e+01
4.681748906249999891e+02,-7.754638291378691406e+01
4.681751835937500346e+02,-7.853627175422025175e+01
4.681754765625000232e+02,-7.872091876365065843e+01
4.681757695312500118e+02,-8.533303545912187360e+01
4.681760625000000005e+02,-7.924901665818373431e+01
4.681763554687499891e+02,-8.858577114426948640e+01
4.681766484375000346e+02,-9.122063688137558302e+01
4.681769414062500232e+02,-9.017020433277289726e+01
4.681772343750000118e+02,-9.307695269594965737e+01
4.681775273437500005e+02,-9.902092706079947959e+01
4.681778203124999891e+02,-8.406167006987112700e+01
4.681781132812500346e+02,-8.816212877236849010e+01
4.681784062500000232e+02,-8.528004521736869492e+01
4.681786992187500118e+02,-8.225220872595700428e+01
4.681789921875000005e+02,-7.782105652861821454e+01
4.681792851562499891e+02,-7.831512067815184253e+01
4.681795781250000346e+02,-8.169083884870647694e+01
4.681798710937500232e+02,-8.023642767021819111e+01
4.681801640625000118e+02,-8.185411522388690742e+01
4.681804570312500005e+02,-8.781324084561597942e+01
4.681807499999999891e+02,-9.043667884224109343e+01
4.681810429687500346e+02,-7.700994533298464262e+01
4.681813359375000232e+02,-7.511811528840613050e+01
4.681816289062500118e+02,-7.794800182097115737e+01
4.681819218750000005e+02,-7.876734574796367383e+01
4.681822148437499891e+02,-8.369138038412005187e+01
4.681825078125000346e+02,-8.706527798954738273e+01
4.681828007812500232e+02,-1.024422867618085320e+02
4.681830937500000118e+02,-8.312772540678633959e+01
4.681833867187500005e+02,-8.062421130466677255e+01
4.681836796874999891e+02,-8.261817798845811467e+01
4.681839726562500346e+02,-8.040775283447678135e+01
4.681842656250000232e+02,-7.972550552574394089e+01
4.681845585937500118e+02,-7.938569091039573777e+01
4.681848515625000005e+02,-1.034624091082012995e+02
4.681851445312499891e+02,-8.207968003246398325e+01
4.681854375000000346e+02,-7.708930121013679582e+01
4.681857304687500232e+02,-7.649470923985204251e+01
4.681860234375000118e+02,-8.126791731919416861e+01
4.681863164062500005e+02,-7.845585536982640917e+01
4.681866093749999891e+02,-7.618306042628380226e+01
4.681869023437500346e+02,-7.619955583590038373e+01
4.681871953125000232e+02,-7.937503093229243234e+01
4.681874882812500118e+02,-8.205611935081421393e+01
4.681877812500000005e+02,-8.233686112365128906e+01
4.681880742187499891e+02,-7.728380109943725529e+01
4.681883671875000346e+02,-8.132439354145972743e+01
4.681886601562500232e+02,-7.934968338441322544e+01
4.681889531250000118e+02,-8.002283849218555645e+01
4.681892460937500005e+02,-8.125437385224101661e+01
4.681895390624999891e+02,-7.912628539664083860e+01
4.681898320312500346e+02,-8.053050437368432313e+01
4.681901250000000232e+02,-8.159016820775150336e+01
4.681904179687500118e+02,-7.784126698375753506e+01
4.681907109375000005e+02,-7.572861925251784498e+01
4.681910039062499891e+02,-8.517272594753988812e+01
4.681912968750000346e+02,-1.052167011744277261e+02
4.681915898437500232e+02,-9.302142936467801348e+01
4.681918828125000118e+02,-8.287548538322641889e+01
4.681921757812500005e+02,-8.286477335520216059e+01
4.681924687499999891e+02,-8.729176565496871376e+01
4.681927617187500346e+02,-8.922603451879228942e+01
4.681930546875000232e+02,-7.804246714265650553e+01
4.681933476562500118e+02,-7.770746147365476020e+01
4.681936406250000005e+02,-7.927367922292430080e+01
4.681939335937499891e+02,-7.539631131611324122e+01
4.681942265625000346e+02,-7.545844592521842742e+01
4.681945195312500232e+02,-8.112516335780196641e+01
4.681948125000000118e+02,-7.922091042756201773e+01
4.681951054687500005e+02,-7.806950912445162771e+01
4.681953984374999891e+02,-8.021205342137142225e+01
4.681956914062500346e+02,-8.518386764710700731e+01
4.681959843750000232e+02,-7.820893423440460879e+01
4.681962773437500118e+02,-7.643669428761548090e+01
4.681965703125000005e+02,-8.973700912472230584e+01
4.681968632812499891e+02,-8.299092461718524305e+01
4.681971562500000346e+02,-7.956566217884446246e+01
4.681974492187500232e+02,-7.786960195949237118e+01
4.681977421875000118e+02,-7.897371702382342562e+01
4.681980351562500005e+02,-7.695742941022169248e+01
4.681983281249999891e+02,-7.875179567147588955e+01
4.681986210937500346e+02,-8.319671484714871212e+01
4.681989140625000232e+02,-7.607800439322696207e+01
4.681992070312500118e+02,-7.453445250234524622e+01
4.681995000000000005e+02,-7.519475605207840374e+01
4.681997929687499891e+02,-7.521433936532163500e+01
4.682000859375000346e+02,-7.873619664609223889e+01
4.682003789062500232e+02,-8.296618624647905449e+01
4.682006718750000118e+02,-8.660807783319079078e+01
4.682009648437500005e+02,-8.667681945938917920e+01
4.682012578124999891e+02,-8.916415611048259393e+01
4.682015507812500346e+02,-8.720535990843393392e+01
4.682018437500000232e+02,-8.674803323073363970e+01
4.682021367187500118e+02,-8.601212654341443908e+01
4.682024296875000005e+02,-8.716069292589347128e+01
4.682027226562499891e+02,-1.005417018352144112e+02
4.682030156250000346e+02,-8.221712437366812765e+01
4.682033085937500232e+02,-7.744013083217139126e+01
4.682036015625000118e+02,-8.461026251178331847e+01
4.682038945312500005e+02,-8.400670228925916661e+01
4.682041874999999891e+02,-7.594307550905396909e+01
4.682044804687500346e+02,-7.961579241311768840e+01
4.682047734375000232e+02,-9.555875090834604180e+01
4.682050664062500118e+02,-8.820964859918574064e+01
4.682053593750000005e+02,-8.785056986586050698e+01
4.682056523437499891e+02,-7.723578924667285150e+01
4.682059453125000346e+02,-7.632248576608613178e+01
4.682062382812500232e+02,-8.071936744309877554e+01
4.682065312500000118e+02,-8.265849070421735689e+01
4.682068242187500005e+02,-7.694872337506296844e+01
4.682071171874999891e+02,-7.721693200825994552e+01
4.682074101562500346e+02,-8.216300100941731444e+01
4.682077031250000232e+02,-9.376796374357536479e+01
4.682079960937500118e+02,-8.298638093889627498e+01
4.682082890625000005e+02,-8.144735928618167975e+01
4.682085820312499891e+02,-8.295534647533204975e+01
4.682088750000000346e+02,-8.123104671068902860e+01
4.682091679687500232e+02,-7.698753754608991073e+01
4.682094609375000118e+02,-8.112525808140281924e+01
4.682097539062500005e+02,-7.751032061268739426e+01
4.682100468749999891e+02,-8.165142682656649242e+01
4.682103398437500346e+02,-8.066163213987206859e+01
4.682106328125000232e+02,-8.861593758679629218e+01
4.682109257812500118e+02,-7.911805959622148521e+01
4.682112187500000005e+02,-8.045953719565017082e+01
4.682115117187499891e+02,-8.417637704127952247e+01
4.682118046875000346e+02,-8.083384637129526595e+01
4.682120976562500232e+02,-8.046506570287678528e+01
4.682123906250000118e+02,-8.790453487065281024e+01
4.682126835937500005e+02,-7.588066132564782151e+01
4.682129765624999891e+02,-7.836119737984068934e+01
4.682132695312500346e+02,-7.370226015736741942e+01
4.682135625000000232e+02,-7.727431806027817629e+01
4.682138554687500118e+02,-8.591971046948033575e+01
4.682141484375000005e+02,-8.419458863203880128e+01
4.682144414062499891e+02,-7.753777123272753613e+01
4.682147343750000346e+02,-7.619208347820143956e+01
4.682150273437500232e+02,-7.477245675163763394e+01
4.682153203125000118e+02,-8.125684885440449534e+01
4.682156132812500005e+02,-8.336897188668957881e+01
4.682159062499999891e+02,-7.611258710858341203e+01
4.682161992187500346e+02,-7.544233790164642528e+01
4.682164921875000232e+02,-8.278682764928403515e+01
4.682167851562500118e+02,-7.882987360482674433e+01
4.682170781250000005e+02,-7.728851052909325858e+01
4.682173710937499891e+02,-8.197683997394528888e+01
4.682176640625000346e+02,-8.065049241961145299e+01
4.682179570312500232e+02,-7.442621667353149917e+01
4.682182500000000118e+02,-7.620286317589955161e+01
4.682185429687500005e+02,-8.303588032749529191e+01
4.682188359374999891e+02,-8.427592040104208593e+01
4.682191289062500346e+02,-7.820381234112885238e+01
4.682194218750000232e+02,-7.277650059617535305e+01
4.682197148437500118e+02,-7.567269971832578790e+01
4.682200078125000005e+02,-7.784642876376096865e+01
4.682203007812499891e+02,-8.522252840831467324e+01
4.682205937500000346e+02,-9.548290505436084175e+01
4.682208867187500232e+02,-8.630426767729940707e+01
4.682211796875000118e+02,-8.748878152527888119e+01
4.682214726562500005e+02,-7.889662805147929703e+01
4.682217656249999891e+02,-8.070380158316604025e+01
4.682220585937500346e+02,-8.964179679097725284e+01
4.682223515625000232e+02,-8.226857726827691408e+01
4.682226445312500118e+02,-8.119493679501418626e+01
4.682229375000000005e+02,-8.155986375424441803e+01
4.682232304687499891e+02,-8.888884987918096670e+01
4.682235234375000346e+02,-7.973643644971529909e+01
4.682238164062500232e+02,-7.739525286935619874e+01
4.682241093750000118e+02,-7.482772478683686757e+01
4.682244023437500005e+02,-7.505409389076953630e+01
4.682246953124999891e+02,-7.687599672466402012e+01
4.682249882812500346e+02,-8.306421437976460709e+01
4.682252812500000232e+02,-8.273346252497809417e+01
4.682255742187500118e+02,-1.133867312896860682e+02
4.682258671875000005e+02,-8.353896722014297893e+01
4.682261601562499891e+02,-8.628629093260843774e+01
4.682264531250000346e+02,-8.334985244351207712e+01
4.682267460937500232e+02,-8.289807883657621801e+01
4.682270390625000118e+02,-8.740300705563045369e+01
4.682273320312500005e+02,-8.194985811612187376e+01
4.682276249999999891e+02,-7.816288835309663341e+01
4.682279179687500346e+02,-7.623198313205618604e+01
4.682282109375000232e+02,-8.083147833988809339e+01
4.682285039062500118e+02,-8.341140282521509164e+01
4.682287968750000005e+02,-7.992516121550269759e+01
4.682290898437499891e+02,-7.804628142596061480e+01
4.682293828125000346e+02,-8.322188927425125371e+01
4.682296757812500232e+02,-8.173117437040065170e+01
4.682299687500000118e+02,-7.798487284319774915e+01
4.682302617187500005e+02,-8.060095072055477772e+01
4.682305546874999891e+02,-8.232504437436226397e+01
4.682308476562500346e+02,-8.061909921262025591e+01
4.682311406250000232e+02,-8.766910644293278665e+01
4.682314335937500118e+02,-9.163291434339163288e+01
4.682317265625000005e+02,-8.419384683953302329e+01
4.682320195312499891e+02,-7.567723008169483023e+01
4.682323125000000346e+02,-7.198871804075724867e+01
4.682326054687500232e+02,-8.368201404653284214e+01
4.682328984375000118e+02,-8.812792797647995258e+01
4.682331914062500005e+02,-9.349017886082863527e+01
4.682334843749999891e+02,-8.365061724119611597e+01
4.682337773437500346e+02,-8.299926194727947859e+01
4.682340703125000232e+02,-8.564891296879729055e+01
4.682343632812500118e+02,-8.439143587568814553e+01
4.682346562500000005e+02,-8.397233500450053612e+01
4.682349492187499891e+02,-7.872194467153481412e+01
4.682352421875000346e+02,-7.977904202701941472e+01
4.682355351562500232e+02,-8.810231120694777474e+01
4.682358281250000118e+02,-7.878214674394223493e+01
4.682361210937500005e+02,-7.514499985441102581e+01
4.682364140624999891e+02,-7.414350762332209399e+01
4.682367070312500346e+02,-7.852565962138720579e+01
4.682370000000000232e+02,-8.366787399160375571e+01
4.682372929687500118e+02,-8.240080707856533593e+01
4.682375859375000005e+02,-8.081904902594314422e+01
4.682378789062499891e+02,-8.775075940685979958e+01
4.682381718750000346e+02,-8.089181351856470314e+01
4.682384648437500232e+02,-7.795029283373574458e+01
4.682387578125000118e+02,-7.626701198368975554e+01
4.682390507812500005e+02,-7.954538333104278536e+01
4.682393437499999891e+02,-8.282355787492039667e+01
4.682396367187500346e+02,-8.539770112677274483e+01
4.682399296875000232e+02,-7.993663758250390572e+01
4.682402226562500118e+02,-8.342673675422818746e+01
4.682405156250000005e+02,-7.773080054332935163e+01
4.682408085937499891e+02,-8.234450373526374278e+01
4.682411015625000346e+02,-8.712219823629958171e+01
4.682413945312500232e+02,-9.323384531315149104e+01
4.682416875000000118e+02,-9.197147188465622492e+01
4.682419804687500005e+02,-8.480522858244822260e+01
4.682422734374999891e+02,-8.054583914759871277e+01
4.682425664062500346e+02,-7.981626924538794299e+01
4.682428593750000232e+02,-8.178519607833379723e+01
4.682431523437500118e+02,-8.041476859609494454e+01
4.682434453125000005e+02,-7.965229538750223526e+01
4.682437382812499891e+02,-8.382117367646607420e+01
4.682440312500000346e+02,-8.165595974887288833e+01
4.682443242187500232e+02,-7.894258002418916931e+01
4.682446171875000118e+02,-7.852956742853007199e+01
4.682449101562500005e+02,-7.687870489854292089e+01
4.682452031249999891e+02,-8.117117995350830029e+01
4.682454960937500346e+02,-9.413860782305212638e+01
4.682457890625000232e+02,-9.020609861723832523e+01
4.682460820312500118e+02,-7.956650664194972933e+01
4.682463750000000005e+02,-7.928735639053213902e+01
4.682466679687499891e+02,-8.807689699899823665e+01
4.682469609375000346e+02,-8.274672332876900782e+01
4.682472539062500232e+02,-8.019612272563280442e+01
4.682475468750000118e+02,-8.443610690668620578e+01
4.682478398437500005e+02,-8.683681504254073502e+01
4.682481328124999891e+02,-9.386757766023181659e+01
4.682484257812500346e+02,-8.703268491764637815e+01
4.682487187500000232e+02,-8.457301727226131050e+01
4.682490117187500118e+02,-1.039631738014150955e+02
4.682493046875000005e+02,-9.302637569125940331e+01
4.682495976562499891e+02,-7.905421997236207687e+01
4.682498906250000346e+02,-7.801673429565566664e+01
4.682501835937500232e+02,-8.701590650994381804e+01
4.682504765625000118e+02,-8.357710171612195893e+01
4.682507695312500005e+02,-8.338445886401514429e+01
4.682510624999999891e+02,-8.102624470748176577e+01
4.682513554687500346e+02,-8.166249973223128222e+01
4.682516484375000232e+02,-8.288164418064852157e+01
4.682519414062500118e+02,-8.143250848172007750e+01
4.682522343750000005e+02,-8.869403228401849049e+01
4.682525273437499891e+02,-8.359560940326004186e+01
4.682528203125000346e+02,-7.583611831503490919e+01
4.682531132812500232e+02,-7.691918519665773601e+01
4.682534062500000118e+02,-8.203507472379999399e+01
4.682536992187500005e+02,-8.726861884046412854e+01
4.682539921874999891e+02,-1.009316352753756831e+02
4.682542851562500346e+02,-9.722323182230582006e+01
4.682545781250000232e+02,-8.484940004747706155e+01
4.682548710937500118e+02,-8.142850951633148782e+01
4.682551640625000005e+02,-8.247201032136015897e+01
4.682554570312499891e+02,-7.838764985280883479e+01
4.682557500000000346e+02,-8.015682676713124977e+01
4.682560429687500232e+02,-7.831005611675115574e+01
4.682563359375000118e+02,-9.697072855294230465e+01
4.682566289062500005e+02,-9.131127720698788153e+01
4.682569218749999891e+02,-9.116074522952173709e+01
4.682572148437500346e+02,-9.245690759787576951e+01
4.682575078125000232e+02,-9.915825128143956135e+01
4.682578007812500118e+02,-8.350978441940839048e+01
4.682580937500000005e+02,-8.386200321693709725e+01
4.682583867187499891e+02,-7.591284313378255888e+01
4.682586796875000346e+02,-7.722137413591836719e+01
4.682589726562500232e+02,-8.872593877131154727e+01
4.682592656250000118e+02,-7.733353727485830120e+01
4.682595585937500005e+02,-7.805713076353802649e+01
4.682598515624999891e+02,-8.635789840033895359e+01
4.682601445312500346e+02,-8.451732120207185517e+01
4.682604375000000232e+02,-8.684171269303422491e+01
4.682607304687500118e+02,-7.875307710291468766e+01
4.682610234375000005e+02,-7.732021650945084446e+01
4.682613164062499891e+02,-8.219008932374174492e+01
4.682616093750000346e+02,-7.927166013655762811e+01
4.682619023437500232e+02,-7.807541908498266992e+01
4.682621953125000118e+02,-7.625448808030085956e+01
4.682624882812500005e+02,-7.535087576308974633e+01
4.682627812499999891e+02,-7.807881744007067937e+01
4.682630742187500346e+02,-8.306350871358814913e+01
4.682633671875000232e+02,-8.148660095392483527e+01
4.682636601562500118e+02,-8.400524261870376108e+01
4.682639531250000005e+02,-7.903518962424986682e+01
4.682642460937499891e+02,-7.774201130593084486e+01
4.682645390625000346e+02,-7.685395432981445651e+01
4.682648320312500232e+02,-7.712829132038035596e+01
4.682651250000000118e+02,-8.100135321756333440e+01
4.682654179687500005e+02,-8.009778933481827323e+01
4.682657109374999891e+02,-8.404462294619450802e+01
4.682660039062500346e+02,-8.977426994272710203e+01
4.682662968750000232e+02,-8.336765043588260937e+01
4.682665898437500118e+02,-8.135467125484679229e+01
4.682668828125000005e+02,-7.855499477591838797e+01
4.682671757812499891e+02,-7.864809418664222562e+01
4.682674687500000346e+02,-7.738735408962685369e+01
4.682677617187500232e+02,-8.303961007042700260e+01
4.682680546875000118e+02,-8.720691431079433187e+01
4.682683476562500005e+02,-8.409130638190504214e+01
4.682686406249999891e+02,-8.261164307435026899e+01
4.682689335937500346e+02,-8.072881843015366599e+01
4.682692265625000232e+02,-8.055582952570576083e+01
4.682695195312500118e+02,-8.570723898939482410e+01
4.682698125000000005e+02,-8.406466894727032013e+01
4.682701054687499891e+02,-7.816240211180387121e+01
4.682703984375000346e+02,-8.372194642690544697e+01
4.682706914062500232e+02,-8.091762870478558511e+01
4.682709843750000118e+02,-8.678122490854786975e+01
4.682712773437500005e+02,-9.379608450296478850e+01
4.682715703124999891e+02,-8.191082293294530814e+01
4.682718632812500346e+02,-8.096444436003417877e+01
4.682721562500000232e+02,-8.236614824619677222e+01
4.682724492187500118e+02,-8.588720675795210013e+01
4.682727421875000005e+02,-8.442585900188609571e+01
4.682730351562499891e+02,-8.325178808799637409e+01
4.682733281250000346e+02,-8.508358165542476570e+01
4.682736210937500232e+02,-8.349917609740018065e+01
4.682739140625000118e+02,-8.451445147647226008e+01
4.682742070312500005e+02,-7.925091750691939296e+01
4.682744999999999891e+02,-7.620260089893125155e+01
4.682747929687500346e+02,-7.733102734950301738e+01
4.682750859375000232e+02,-7.690524161256165314e+01
4.682753789062500118e+02,-7.670882784713782598e+01
4.682756718750000005e+02,-8.177106822964857713e+01
4.682759648437499891e+02,-8.152285255686420840e+01
4.682762578125000346e+02,-8.104380558512335142e+01
4.682765507812500232e+02,-8.003024823449328551e+01
4.682768437500000118e+02,-8.683408495609795352e+01
4.682771367187500005e+02,-8.351680994920238277e+01
4.682774296874999891e+02,-8.548941320807797695e+01
4.682777226562500346e+02,-9.817105413458845931e+01
4.682780156250000232e+02,-1.022465077075970328e+02
4.682783085937500118e+02,-8.277541541259287783e+01
4.682786015625000005e+02,-8.073336824791138611e+01
4.682788945312499891e+02,-8.155779371178724091e+01
4.682791875000000346e+02,-8.044165288490088983e+01
4.682794804687500232e+02,-7.983262022095863131e+01
4.682797734375000118e+02,-8.221241272759206709e+01
4.682800664062500005e+02,-8.604868441142971847e+01
4.682803593749999891e+02,-8.754538560527873869e+01
4.682806523437500346e+02,-8.924469749403640151e+01
4.682809453125000232e+02,-7.720753920068743525e+01
4.682812382812500118e+02,-7.427575989101346465e+01
4.682815312500000005e+02,-8.080496412434264641e+01
4.682818242187499891e+02,-8.803046978858878902e+01
4.682821171875000346e+02,-8.751460099744802790e+01
4.682824101562500232e+02,-8.491657184941742287e+01
4.682827031250000118e+02,-8.367164421446055655e+01
4.682829960937500005e+02,-7.786291828020893036e+01
4.682832890624999891e+02,-8.252271942237655367e+01
4.682835820312500346e+02,-8.049568004150559375e+01
4.682838750000000232e+02,-8.014120319994123065e+01
4.682841679687500118e+02,-8.359035936309395254e+01
4.682844609375000005e+02,-8.409594730622552561e+01
4.682847539062499891e+02,-8.390762442278702338e+01
4.682850468750000346e+02,-7.887192431583103769e+01
4.682853398437500232e+02,-7.960291181248439329e+01
4.682856328125000118e+02,-8.412986971779183420e+01
4.682859257812500005e+02,-1.030889159804534927e+02
4.682862187499999891e+02,-8.789643371441133013e+01
4.682865117187500346e+02,-8.984488626080536733e+01
4.682868046875000232e+02,-9.661419806207800320e+01
4.682870976562500118e+02,-8.007033011658612054e+01
4.682873906250000005e+02,-7.647124425203161024e+01
4.682876835937499891e+02,-7.944290770391407364e+01
4.682879765625000346e+02,-9.111954335106329950e+01
4.682882695312500232e+02,-8.671368604249815348e+01
4.682885625000000118e+02,-8.258086226858063128e+01
4.682888554687500005e+02,-8.987188331606003544e+01
4.682891484374999891e+02,-8.414481574344081594e+01
4.682894414062500346e+02,-7.895893872712417760e+01
4.682897343750000232e+02,-7.953715093955241855e+01
4.682900273437500118e+02,-7.754564630907115941e+01
4.682903203125000005e+02,-8.456585989001666803e+01
4.682906132812499891e+02,-8.030794925824345398e+01
4.682909062500000346e+02,-8.162081503143367911e+01
4.682911992187500232e+02,-8.919828995617584155e+01
4.682914921875000118e+02,-8.480843568409746069e+01
4.682917851562500005e+02,-7.871511185727959514e+01
4.682920781249999891e+02,-8.816627054239188510e+01
4.682923710937500346e+02,-8.335544766169817876e+01
4.682926640625000232e+02,-9.299046131967345730e+01
4.682929570312500118e+02,-8.248561856268962345e+01
4.682932500000000005e+02,-8.101181222123805981e+01
4.682935429687499891e+02,-7.817112910091609024e+01
4.682938359375000346e+02,-7.791288600578334922e+01
4.682941289062500232e+02,-8.231319538457752572e+01
4.682944218750000118e+02,-7.949166139870278869e+01
4.682947148437500005e+02,-8.080345301836233318e+01
4.682950078124999891e+02,-8.471542154574088102e+01
4.682953007812500346e+02,-8.346325874225827590e+01
4.682955937500000232e+02,-8.881364288256656891e+01
4.682958867187500118e+02,-8.579041469252631202e+01
4.682961796875000005e+02,-9.700780106216353715e+01
4.682964726562499891e+02,-8.202541763486392767e+01
4.682967656250000346e+02,-7.850555593270425447e+01
4.682970585937500232e+02,-7.938250834927339383e+01
4.682973515625000118e+02,-8.128802819009797531e+01
4.682976445312500005e+02,-9.345945477955255853e+01
4.682979374999999891e+02,-9.011145836652471530e+01
4.682982304687500346e+02,-8.275754107031377771e+01
4.682985234375000232e+02,-8.240095441844044899e+01
4.682988164062500118e+02,-8.183361733412417038e+01
4.682991093750000005e+02,-9.025873983928853761e+01
4.682994023437499891e+02,-8.023540548265117422e+01
4.682996953125000346e+02,-8.075142943490396874e+01
4.682999882812500232e+02,-8.567825754898949242e+01
4.683002812500000118e+02,-8.090835837926985619e+01
4.683005742187500005e+02,-8.685909580438939770e+01
4.683008671874999891e+02,-8.407835212943943759e+01
4.683011601562500346e+02,-8.125727434163495388e+01
4.683014531250000232e+02,-7.688241603581039385e+01
4.683017460937500118e+02,-8.636322523979083599e+01
4.683020390625000005e+02,-8.540356732158971909e+01
4.683023320312499891e+02,-8.829198293547092646e+01
4.683026250000000346e+02,-9.392805287216697252e+01
4.683029179687500232e+02,-9.011901014679085620e+01
4.683032109375000118e+02,-9.404385595549214827e+01
4.683035039062500005e+02,-8.563779662718381758e+01
4.683037968749999891e+02,-7.880463021693340409e+01
4.683040898437500346e+02,-8.301214675676520471e+01
4.683043828125000232e+02,-8.692519548530411555e+01
4.683046757812500118e+02,-8.499530954477977218e+01
4.683049687500000005e+02,-8.303915733761209594e+01
4.683052617187499891e+02,-7.567814747648851892e+01
4.683055546875000346e+02,-7.834712445659683056e+01
4.683058476562500232e+02,-9.356751515208385683e+01
4.683061406250000118e+02,-8.875517991656917616e+01
4.683064335937500005e+02,-8.890832896429132859e+01
4.683067265624999891e+02,-8.028698398840606387e+01
4.683070195312500346e+02,-7.855596902174077911e+01
4.683073125000000232e+02,-7.973723991450734161e+01
4.683076054687500118e+02,-8.397555747957163419e+01
4.683078984375000005e+02,-8.277367246142881640e+01
4.683081914062499891e+02,-8.144459065949607179e+01
4.683084843750000346e+02,-8.250376370912817947e+01
4.683087773437500232e+02,-9.409190556640196235e+01
4.683090703125000118e+02,-8.982904739362427904e+01
4.683093632812500005e+02,-8.674452230915085238e+01
4.683096562499999891e+02,-8.682598563419615800e+01
4.683099492187500346e+02,-8.061389892977432226e+01
4.683102421875000232e+02,-7.753722825535861318e+01
4.683105351562500118e+02,-8.343468239489527605e+01
4.683108281250000005e+02,-9.319975541066614255e+01
4.683111210937499891e+02,-8.650562989867060537e+01
4.683114140625000346e+02,-9.089674481009870988e+01
4.683117070312500232e+02,-8.165949904006453153e+01
4.683120000000000118e+02,-8.352987327018725239e+01
4.683122929687500005e+02,-8.068050017710298505e+01
4.683125859374999891e+02,-7.766423738050079351e+01
4.683128789062500346e+02,-8.025577989449864447e+01
4.683131718750000232e+02,-8.174867335957648606e+01
4.683134648437500118e+02,-7.991788479212142704e+01
4.683137578125000005e+02,-8.282507902492179142e+01
4.683140507812499891e+02,-8.210323138064786974e+01
4.683143437500000346e+02,-7.964709315415710478e+01
4.683146367187500232e+02,-8.414291784234936245e+01
4.683149296875000118e+02,-8.687343636441215722e+01
4.683152226562500005e+02,-8.596229568100113738e+01
4.683155156249999891e+02,-8.239154877225462315e+01
4.683158085937500346e+02,-8.452224850369881892e+01
4.683161015625000232e+02,-8.021226635333425747e+01
4.683163945312500118e+02,-7.858737704048022010e+01
4.683166875000000005e+02,-7.875383638328042935e+01
4.683169804687499891e+02,-7.956205889987758439e+01
4.683172734375000346e+02,-7.824357332335495130e+01
4.683175664062500232e+02,-7.665547362999974723e+01
4.683178593750000118e+02,-7.803561108682896474e+01
4.683181523437500005e+02,-7.770367629781829066e+01
4.683184453124999891e+02,-8.523101846890941147e+01
4.683187382812500346e+02,-7.814637112943893271e+01
4.683190312500000232e+02,-7.423609301851853104e+01
4.683193242187500118e+02,-7.420645955229340984e+01
4.683196171875000005e+02,-7.869798032249647690e+01
4.683199101562499891e+02,-8.273335052609036211e+01
4.683202031250000346e+02,-8.660807275519601944e+01
4.683204960937500232e+02,-8.406518193233739566e+01
4.683207890625000118e+02,-8.725923683138459808e+01
4.683210820312500005e+02,-8.101893215986954999e+01
4.683213749999999891e+02,-7.585650984635850591e+01
4.683216679687500346e+02,-7.584430724448209560e+01
4.683219609375000232e+02,-8.347351630632856256e+01
4.683222539062500118e+02,-7.773101599230132308e+01
4.683225468750000005e+02,-7.856009795515743122e+01
4.683228398437499891e+02,-7.773501969462242300e+01
4.683231328125000346e+02,-7.633461986651839482e+01
4.683234257812500232e+02,-8.302703700121793418e+01
4.683237187500000118e+02,-8.683282038789928947e+01
4.683240117187500005e+02,-7.547734162579990880e+01
4.683243046874999891e+02,-7.673686633244902566e+01
4.683245976562500346e+02,-1.001951126632150704e+02
4.683248906250000232e+02,-7.982422342918998481e+01
4.683251835937500118e+02,-8.230674891056972342e+01
4.683254765625000005e+02,-7.935173872359739278e+01
4.683257695312499891e+02,-8.733218329150447801e+01
4.683260625000000346e+02,-8.481059655651650075e+01
4.683263554687500232e+02,-7.617573897223184076e+01
4.683266484375000118e+02,-7.734161115816820598e+01
4.683269414062500005e+02,-8.673671821111130953e+01
4.683272343749999891e+02,-8.650226135904574676e+01
4.683275273437500346e+02,-8.624084061944301993e+01
4.683278203125000232e+02,-9.071643766713818025e+01
4.683281132812500118e+02,-8.749749816183341977e+01
4.683284062500000005e+02,-7.855836768167915807e+01
4.683286992187499891e+02,-8.084829408976700904e+01
4.683289921875000346e+02,-8.939486238194591294e+01
4.683292851562500232e+02,-8.763923883762970490e+01
4.683295781250000118e+02,-8.106281273602176896e+01
4.683298710937500005e+02,-7.997073907198674192e+01
4.683301640624999891e+02,-7.982192188800192412e+01
4.683304570312500346e+02,-8.057518926763722789e+01
4.683307500000000232e+02,-8.235702813670087608e+01
4.683310429687500118e+02,-8.121380593184348129e+01
4.683313359375000005e+02,-8.306290681021842204e+01
4.683316289062499891e+02,-8.633231289315914125e+01
4.683319218750000346e+02,-8.256550221584880944e+01
4.683322148437500232e+02,-7.911506247927357549e+01
4.683325078125000118e+02,-7.686788074365904322e+01
4.683328007812500005e+02,-7.448088756047059178e+01
4.683330937499999891e+02,-8.507119768967598361e+01
4.683333867187500346e+02,-8.085178202005411663e+01
4.683336796875000232e+02,-8.054390432393162769e+01
4.683339726562500118e+02,-7.817348119703302700e+01
4.683342656250000005e+02,-7.767352897387279143e+01
4.683345585937499891e+02,-8.020626260939732788e+01
4.683348515625000346e+02,-8.354163959556997554e+01
4.683351445312500232e+02,-8.615709640778875666e+01
4.683354375000000118e+02,-8.579296394341737653e+01
4.683357304687500005e+02,-7.691140153459370765e+01
4.683360234374999891e+02,-7.124147035852880094e+01
4.683363164062500346e+02,-7.170765569985540822e+01
4.683366093750000232e+02,-8.072316964939457762e+01
4.683369023437500118e+02,-8.338270505674890387e+01
4.683371953125000005e+02,-9.072025164822633769e+01
4.683374882812499891e+02,-9.488862835073463486e+01
4.683377812500000346e+02,-9.002630094943879158e+01
4.683380742187500232e+02,-8.178756779298255708e+01
4.683383671875000118e+02,-7.823129178655777594e+01
4.683386601562500005e+02,-8.099621114759784746e+01
4.683389531249999891e+02,-9.122185244958848216e+01
4.683392460937500346e+02,-9.886551681373913425e+01
4.683395390625000232e+02,-8.318033573889051979e+01
4.683398320312500118e+02,-8.031283132989079832e+01
4.683401250000000005e+02,-8.770888710183329806e+01
4.683404179687499891e+02,-8.579199799158257633e+01
4.683407109375000346e+02,-8.455084663853263294e+01
4.683410039062500232e+02,-8.295292710311377959e+01
4.683412968750000118e+02,-8.078637202039239185e+01
4.683415898437500005e+02,-8.864450844637514138e+01
4.683418828124999891e+02,-8.618833535513245181e+01
4.683421757812500346e+02,-7.645505082839734712e+01
4.683424687500000232e+02,-7.456917650683874399e+01
4.683427617187500118e+02,-7.608511565533328280e+01
4.683430546875000005e+02,-8.228083121374839948e+01
4.683433476562499891e+02,-8.585921582253094186e+01
4.683436406250000346e+02,-8.918886979496917888e+01
4.683439335937500232e+02,-8.829769159406441759e+01
4.683442265625000118e+02,-8.383312809302751134e+01
4.683445195312500005e+02,-8.323467749844695618e+01
4.683448124999999891e+02,-8.017356096202107096e+01
4.683451054687500346e+02,-7.881661684056781780e+01
4.683453984375000232e+02,-8.161910271849492915e+01
4.683456914062500118e+02,-8.465296253454441455e+01
4.683459843750000005e+02,-8.791281970395726830e+01
4.683462773437499891e+02,-8.522672986771779335e+01
4.683465703125000346e+02,-8.234203529154137868e+01
4.683468632812500232e+02,-8.087975396896597147e+01
4.683471562500000118e+02,-8.307285632716485679e+01
4.683474492187500005e+02,-7.967881592921983724e+01
4.683477421874999891e+02,-8.025115660702624609e+01
4.683480351562500346e+02,-8.111143195880174517e+01
4.683483281250000232e+02,-7.927732147455873246e+01
4.683486210937500118e+02,-8.433873134026157459e+01
4.683489140625000005e+02,-7.880716142318934203e+01
4.683492070312499891e+02,-7.867774076243085801e+01
4.683495000000000346e+02,-8.974128527610395167e+01
4.683497929687500232e+02,-7.828561537446415741e+01
4.683500859375000118e+02,-8.544945623211332020e+01
4.683503789062500005e+02,-7.864114586927861694e+01
4.683506718749999891e+02,-8.472840978099826259e+01
4.683509648437500346e+02,-8.116290138464418646e+01
4.683512578125000232e+02,-8.287626703143172335e+01
4.683515507812500118e+02,-8.730354937097860102e+01
4.683518437500000005e+02,-8.213967768063685071e+01
4.683521367187499891e+02,-8.786328797487126963e+01
4.683524296875000346e+02,-8.442347228713735774e+01
4.683527226562500232e+02,-7.925902975146824758e+01
4.683530156250000118e+02,-7.520716067005226080e+01
4.683533085937500005e+02,-7.820411250351105537e+01
4.683536015624999891e+02,-8.360192161745614214e+01
4.683538945312500346e+02,-8.240054803451494081e+01
4.683541875000000232e+02,-8.355960574370470795e+01
4.683544804687500118e+02,-8.096892714170314775e+01
4.683547734375000005e+02,-8.171392498108873781e+01
4.683550664062499891e+02,-7.788907229058273174e+01
4.683553593750000346e+02,-7.835727024511535888e+01
4.683556523437500232e+02,-7.843603800000462911e+01
4.683559453125000118e+02,-7.782502934791357063e+01
4.683562382812500005e+02,-8.069274901781275844e+01
4.683565312499999891e+02,-8.090313966163265036e+01
4.683568242187500346e+02,-7.503920255233043690e+01
4.683571171875000232e+02,-7.675896600513806334e+01
4.683574101562500118e+02,-8.847094333042365122e+01
4.683577031250000005e+02,-8.282930501355008346e+01
4.683579960937499891e+02,-7.818776191477039106e+01
4.683582890625000346e+02,-9.491312076419140453e+01
4.683585820312500232e+02,-8.456749747944100193e+01
4.683588750000000118e+02,-8.747765041247566842e+01
4.683591679687500005e+02,-8.600907408009209121e+01
4.683594609374999891e+02,-7.862253292896683377e+01
4.683597539062500346e+02,-7.924766412605742971e+01
4.683600468750000232e+02,-8.000183611389513771e+01
4.683603398437500118e+02,-7.934077629725680936e+01
4.683606328125000005e+02,-7.932466942844206415e+01
4.683609257812499891e+02,-8.255629191090102381e+01
4.683612187500000346e+02,-7.907989944218303435e+01
4.683615117187500232e+02,-7.945539644889599629e+01
4.683618046875000118e+02,-7.551693888164500379e+01
4.683620976562500005e+02,-7.524359676741704561e+01
4.683623906249999891e+02,-8.059971406628667978e+01
4.683626835937500346e+02,-9.137045310159962241e+01
4.683629765625000232e+02,-7.942391467658441684e+01
4.683632695312500118e+02,-7.532328797459182113e+01
4.683635625000000005e+02,-7.829898212422199322e+01
4.683638554687499891e+02,-9.650333271141894897e+01
4.683641484375000346e+02,-7.447856735076038603e+01
4.683644414062500232e+02,-7.220627640674973691e+01
4.683647343750000118e+02,-8.128284029562769319e+01
4.683650273437500005e+02,-8.110607195659684976e+01
4.683653203124999891e+02,-7.814828185195506194e+01
4.683656132812500346e+02,-7.928718996142549713e+01
4.683659062500000232e+02,-8.282458991873077991e+01
4.683661992187500118e+02,-9.316881002474758589e+01
4.683664921875000005e+02,-8.253842531580139052e+01
4.683667851562499891e+02,-7.939843145043327866e+01
4.683670781250000346e+02,-7.887826039910576981e+01
4.683673710937500232e+02,-9.089790729963803528e+01
4.683676640625000118e+02,-8.386707472382518347e+01
4.683679570312500005e+02,-9.509402708552256911e+01
4.683682499999999891e+02,-8.739029942258015637e+01
4.683685429687500346e+02,-8.652862437049215316e+01
4.683688359375000232e+02,-8.370269573083399450e+01
4.683691289062500118e+02,-8.913168119055184491e+01
4.683694218750000005e+02,-8.173639233677492655e+01
4.683697148437499891e+02,-8.772895757295140129e+01
4.683700078125000346e+02,-7.970444350334130945e+01
4.683703007812500232e+02,-7.799357181308221243e+01
4.683705937500000118e+02,-7.600183343699568184e+01
4.683708867187500005e+02,-7.880995316798340866e+01
4.683711796874999891e+02,-7.883733370120114614e+01
4.683714726562500346e+02,-7.804126105233110877e+01
4.683717656250000232e+02,-8.025043542791742368e+01
4.683720585937500118e+02,-8.092536540614473495e+01
4.683723515625000005e+02,-8.284993557907755246e+01
4.683726445312499891e+02,-8.056325312061483146e+01
4.683729375000000346e+02,-8.318465099701995769e+01
4.683732304687500232e+02,-8.407337380892015233e+01
4.683735234375000118e+02,-8.934119747201063433e+01
4.683738164062500005e+02,-7.996235282919242593e+01
4.683741093749999891e+02,-7.588563234769124222e+01
4.683744023437500346e+02,-7.774184158600650107e+01
4.683746953125000232e+02,-1.002087711835792732e+02
4.683749882812500118e+02,-9.687243483062131588e+01
4.683752812500000005e+02,-8.317068831654715666e+01
4.683755742187499891e+02,-7.823864405274403566e+01
4.683758671875000346e+02,-8.516237657132059269e+01
4.683761601562500232e+02,-8.248878229182653854e+01
4.683764531250000118e+02,-8.288204318081311328e+01
4.683767460937500005e+02,-8.451400054519281468e+01
4.683770390624999891e+02,-8.227740524443568404e+01
4.683773320312500346e+02,-7.807114152797406348e+01
4.683776250000000232e+02,-7.856236627030264685e+01
4.683779179687500118e+02,-7.834817822464535197e+01
4.683782109375000005e+02,-8.571806024425605131e+01
4.683785039062499891e+02,-8.012386646918778865e+01
4.683787968750000346e+02,-7.272259319530338928e+01
4.683790898437500232e+02,-7.201753356236602599e+01
4.683793828125000118e+02,-7.833897263594880656e+01
4.683796757812500005e+02,-8.178638416487945051e+01
4.683799687499999891e+02,-7.977577537451718115e+01
4.683802617187500346e+02,-8.342434975742125403e+01
4.683805546875000232e+02,-9.003145182878787978e+01
4.683808476562500118e+02,-8.918854944840245480e+01
4.683811406250000005e+02,-8.089916861788587710e+01
4.683814335937499891e+02,-8.269931246955653137e+01
4.683817265625000346e+02,-9.135460638486271989e+01
4.683820195312500232e+02,-8.665519258247798007e+01
4.683823125000000118e+02,-9.002696017111449578e+01
4.683826054687500005e+02,-8.673490829887349207e+01
4.683828984374999891e+02,-8.580748360803362118e+01
4.683831914062500346e+02,-8.667238871628870811e+01
4.683834843750000232e+02,-8.458593262437725002e+01
4.683837773437500118e+02,-8.637022247722359225e+01
4.683840703125000005e+02,-8.378053457119243319e+01
4.683843632812499891e+02,-8.370672048189902625e+01
4.683846562500000346e+02,-7.969550021409391150e+01
4.683849492187500232e+02,-8.201114160113738194e+01
4.683852421875000118e+02,-7.829754340156245007e+01
4.683855351562500005e+02,-7.744666581014661233e+01
4.683858281249999891e+02,-8.669564904021505924e+01
4.683861210937500346e+02,-8.329981503788958719e+01
4.683864140625000232e+02,-7.759400114239522850e+01
4.683867070312500118e+02,-8.217528333436933963e+01
4.683870000000000005e+02,-7.823473830406129537e+01
4.683872929687499891e+02,-7.676026138878646066e+01
4.683875859375000346e+02,-9.124332635126651780e+01
4.683878789062500232e+02,-9.370365167147912189e+01
4.683881718750000118e+02,-8.001243112975748772e+01
4.683884648437500005e+02,-7.761182344639490793e+01
4.683887578124999891e+02,-7.584869352456904323e+01
4.683890507812500346e+02,-8.569102679943105727e+01
4.683893437500000232e+02,-8.142515372859057265e+01
4.683896367187500118e+02,-8.189277651793089774e+01
4.683899296875000005e+02,-8.270796354195469746e+01
4.683902226562499891e+02,-9.289173809869033960e+01
4.683905156250000346e+02,-8.449097880646640135e+01
4.683908085937500232e+02,-8.683024126139457621e+01
4.683911015625000118e+02,-8.901582083606453466e+01
4.683913945312500005e+02,-8.392659363219705426e+01
4.683916874999999891e+02,-7.605034226564336564e+01
4.683919804687500346e+02,-7.456872012409655781e+01
4.683922734375000232e+02,-8.063016168136768158e+01
4.683925664062500118e+02,-1.087096292541295242e+02
4.683928593750000005e+02,-7.812422475291212720e+01
4.683931523437499891e+02,-8.126082074196688154e+01
4.683934453125000346e+02,-7.948408549894237751e+01
4.683937382812500232e+02,-7.697151507680234772e+01
4.683940312500000118e+02,-8.903002425662864994e+01
4.683943242187500005e+02,-9.065365351867554011e+01
4.683946171874999891e+02,-9.158707698963894472e+01
4.683949101562500346e+02,-9.521234022865284885e+01
4.683952031250000232e+02,-8.594887236272651876e+01
4.683954960937500118e+02,-8.010135737084038965e+01
4.683957890625000005e+02,-8.559464916863946371e+01
4.683960820312499891e+02,-8.204919013298135155e+01
4.683963750000000346e+02,-7.727439206692278617e+01
4.683966679687500232e+02,-7.813705612999062566e+01
4.683969609375000118e+02,-8.817936590845403089e+01
4.683972539062500005e+02,-9.912353282161311085e+01
4.683975468749999891e+02,-8.643836987494930213e+01
4.683978398437500346e+02,-9.050677543090270660e+01
4.683981328125000232e+02,-8.035302843006306261e+01
4.683984257812500118e+02,-7.436979882954189236e+01
4.683987187500000005e+02,-7.545543079083566340e+01
4.683990117187499891e+02,-7.731895286209146434e+01
4.683993046875000346e+02,-8.179654464138202741e+01
4.683995976562500232e+02,-8.022772139027313187e+01
4.683998906250000118e+02,-8.085025311480806920e+01
4.684001835937500005e+02,-8.120957252173110419e+01
4.684004765624999891e+02,-8.164420532125043906e+01
4.684007695312500346e+02,-8.221684013234393262e+01
4.684010625000000232e+02,-1.083620530452803763e+02
4.684013554687500118e+02,-1.006108428659209437e+02
4.684016484375000005e+02,-8.840433675597252261e+01
4.684019414062499891e+02,-8.776990062260586001e+01
4.684022343750000346e+02,-8.567294649948874508e+01
4.684025273437500232e+02,-8.060514236618598716e+01
4.684028203125000118e+02,-8.088154638623954895e+01
4.684031132812500005e+02,-8.138358994759821030e+01
4.684034062499999891e+02,-9.039536622920734033e+01
4.684036992187500346e+02,-9.159330065990243952e+01
4.684039921875000232e+02,-7.939607078132331708e+01
4.684042851562500118e+02,-7.815415735674582720e+01
4.684045781250000005e+02,-7.880666589852337722e+01
4.684048710937499891e+02,-7.838186887107754330e+01
4.684051640625000346e+02,-7.954926136562959016e+01
4.684054570312500232e+02,-8.397775659970768913e+01
4.684057500000000118e+02,-1.052622066083528551e+02
4.684060429687500005e+02,-8.464422030132347174e+01
4.684063359374999891e+02,-8.162771305076192618e+01
4.684066289062500346e+02,-8.031701215332965660e+01
4.684069218750000232e+02,-9.414630905660779092e+01
4.684072148437500118e+02,-8.592208044073038309e+01
4.684075078125000005e+02,-8.685972952174361694e+01
4.684078007812499891e+02,-8.931206649803166897e+01
4.684080937500000346e+02,-7.886609702044725623e+01
4.684083867187500232e+02,-8.390535635996806718e+01
4.684086796875000118e+02,-8.201050374384024622e+01
4.684089726562500005e+02,-7.994008127833755850e+01
4.684092656249999891e+02,-8.002702471146912444e+01
4.684095585937500346e+02,-8.044308946046960784e+01
4.684098515625000232e+02,-8.609769666365474450e+01
4.684101445312500118e+02,-7.916568843439327452e+01
4.684104375000000005e+02,-7.469879926307795870e+01
4.684107304687499891e+02,-7.993631952962813614e+01
4.684110234375000346e+02,-8.677807550888769583e+01
4.684113164062500232e+02,-8.816653009304276623e+01
4.684116093750000118e+02,-8.236514365690794648e+01
4.684119023437500005e+02,-8.836788490586326361e+01
4.684121953124999891e+02,-8.698791876672713386e+01
4.684124882812500346e+02,-8.786046692934687030e+01
4.684127812500000232e+02,-8.399864412847081496e+01
4.684130742187500118e+02,-7.797232188448521129e+01
4.684133671875000005e+02,-8.275311146296115794e+01
4.684136601562499891e+02,-9.450006229118612566e+01
4.684139531250000346e+02,-9.255298011561734484e+01
4.684142460937500232e+02,-8.085388229627682222e+01
4.684145390625000118e+02,-7.646279416032984955e+01
4.684148320312500005e+02,-7.856927900269919007e+01
4.684151249999999891e+02,-8.685652465216661255e+01
4.684154179687500346e+02,-8.053991076839631091e+01
4.684157109375000232e+02,-8.187866310031758132e+01
4.684160039062500118e+02,-8.033561491246749142e+01
4.684162968750000005e+02,-8.430254528458183927e+01
4.684165898437499891e+02,-8.007643167616731716e+01
4.684168828125000346e+02,-7.460174704995176853e+01
4.684171757812500232e+02,-7.653784424012977183e+01
4.684174687500000118e+02,-7.892069212487032814e+01
4.684177617187500005e+02,-8.369906854704029797e+01
4.684180546874999891e+02,-8.058722365753418160e+01
4.684183476562500346e+02,-7.889144841143220788e+01
4.684186406250000232e+02,-8.627808912054010193e+01
4.684189335937500118e+02,-8.805269235362858637e+01
4.684192265625000005e+02,-8.315680121266750291e+01
4.684195195312499891e+02,-8.720469225254620937e+01
4.684198125000000346e+02,-8.713375580642035345e+01
4.684201054687500232e+02,-8.175822447941479254e+01
4.684203984375000118e+02,-9.005220869237399484e+01
4.684206914062500005e+02,-8.390741767612766466e+01
4.684209843749999891e+02,-8.359780196157709042e+01
4.684212773437500346e+02,-9.174953666112693895e+01
4.684215703125000232e+02,-8.541022152443630944e+01
4.684218632812500118e+02,-7.980224457402287896e+01
4.684221562500000005e+02,-8.126186325190253967e+01
4.684224492187499891e+02,-8.162926440594547728e+01
4.684227421875000346e+02,-8.521087719779123404e+01
4.684230351562500232e+02,-8.739842697630572843e+01
4.684233281250000118e+02,-8.069780714796264931e+01
4.684236210937500005e+02,-8.049406149719590076e+01
4.684239140624999891e+02,-8.646492978652085526e+01
4.684242070312500346e+02,-9.310271331874473333e+01
4.684245000000000232e+02,-8.010172711426568526e+01
4.684247929687500118e+02,-8.569521682741054747e+01
4.684250859375000005e+02,-9.672307882358494169e+01
4.684253789062499891e+02,-1.032021453349956488e+02
4.684256718750000346e+02,-9.318268771237484316e+01
4.684259648437500232e+02,-9.495848451810176982e+01
4.684262578125000118e+02,-8.599923864306732924e+01
4.684265507812500005e+02,-7.776564067288985882e+01
4.684268437499999891e+02,-7.927836286024954404e+01
4.684271367187500346e+02,-8.363967438632170115e+01
4.684274296875000232e+02,-8.318051618740781805e+01
4.684277226562500118e+02,-8.147150926619084998e+01
4.684280156250000005e+02,-8.263632777035660126e+01
4.684283085937499891e+02,-8.404743270719598058e+01
4.684286015625000346e+02,-9.192134940567723334e+01
4.684288945312500232e+02,-9.102363001776311080e+01
4.684291875000000118e+02,-8.646574882908262794e+01
4.684294804687500005e+02,-9.351105082256610501e+01
4.684297734374999891e+02,-9.262439394445328844e+01
4.684300664062500346e+02,-8.252100964105443381e+01
4.684303593750000232e+02,-7.908358203532911546e+01
4.684306523437500118e+02,-8.418982188239090192e+01
4.684309453125000005e+02,-9.325390655667413853e+01
4.684312382812499891e+02,-8.794710855096475655e+01
4.684315312500000346e+02,-7.643454953418314801e+01
4.684318242187500232e+02,-8.234442576025310245e+01
4.684321171875000118e+02,-9.457093696108211134e+01
4.684324101562500005e+02,-9.615077288077858952e+01
4.684327031249999891e+02,-8.995675535927492206e+01
4.684329960937500346e+02,-8.164103115401528044e+01
4.684332890625000232e+02,-7.678752231324413913e+01
4.684335820312500118e+02,-8.144883118776682807e+01
4.684338750000000005e+02,-8.951842347557098378e+01
4.684341679687499891e+02,-8.708895530497267146e+01
4.684344609375000346e+02,-8.495472304955484333e+01
4.684347539062500232e+02,-8.133033510783988618e+01
4.684350468750000118e+02,-8.695145266174826304e+01
4.684353398437500005e+02,-8.250024549078793257e+01
4.684356328124999891e+02,-7.941737150144976454e+01
4.684359257812500346e+02,-8.291719571883120921e+01
4.684362187500000232e+02,-8.567197055245998172e+01
4.684365117187500118e+02,-7.843986446574037075e+01
4.684368046875000005e+02,-7.942744883637278974e+01
4.684370976562499891e+02,-8.970873544111145748e+01
4.684373906250000346e+02,-8.846534132551603591e+01
4.684376835937500232e+02,-8.591737445435785503e+01
4.684379765625000118e+02,-8.637409573839843802e+01
4.684382695312500005e+02,-8.853618669196349344e+01
4.684385624999999891e+02,-8.874285993888433666e+01
4.684388554687500346e+02,-8.798208482286398180e+01
4.684391484375000232e+02,-7.885833981131864334e+01
4.684394414062500118e+02,-7.825900760484272212e+01
4.684397343750000005e+02,-7.651372346510738964e+01
4.684400273437499891e+02,-7.863809311890898357e+01
4.684403203125000346e+02,-8.933808169024808876e+01
4.684406132812500232e+02,-8.642784754631372834e+01
4.684409062500000118e+02,-8.993044949853747028e+01
4.684411992187500005e+02,-7.873421937331131915e+01
4.684414921874999891e+02,-7.623856045379363877e+01
4.684417851562500346e+02,-7.545325977924625249e+01
4.684420781250000232e+02,-8.313093343024391402e+01
4.684423710937500118e+02,-8.946038143711332680e+01
4.684426640625000005e+02,-8.570607783974202221e+01
4.684429570312499891e+02,-8.277513479678476926e+01
4.684432500000000346e+02,-8.331531998540143036e+01
4.684435429687500232e+02,-9.091717230205725286e+01
4.684438359375000118e+02,-8.823937711526883731e+01
4.684441289062500005e+02,-8.424144039975317355e+01
4.684444218749999891e+02,-8.139318982902298671e+01
4.684447148437500346e+02,-8.238299352211473092e+01
4.684450078125000232e+02,-8.575732717464160260e+01
4.684453007812500118e+02,-9.657275588770932018e+01
4.684455937500000005e+02,-8.544197686405020420e+01
4.684458867187499891e+02,-8.503061064874179920e+01
4.684461796875000346e+02,-7.689847805651973545e+01
4.684464726562500232e+02,-7.670926630131756951e+01
4.684467656250000118e+02,-9.275731280359917719e+01
4.684470585937500005e+02,-8.571786823392470467e+01
4.684473515624999891e+02,-7.973033637957608732e+01
4.684476445312500346e+02,-7.907114887196382824e+01
4.684479375000000232e+02,-8.097062995298630028e+01
4.684482304687500118e+02,-8.190662585392068706e+01
4.684485234375000005e+02,-8.893231657254668221e+01
4.684488164062499891e+02,-8.233491046146903614e+01
4.684491093750000346e+02,-8.700100608317804074e+01
4.684494023437500232e+02,-9.532221926299705217e+01
4.684496953125000118e+02,-9.330384871457680163e+01
4.684499882812500005e+02,-9.419357045828411401e+01
4.684502812499999891e+02,-8.206425151613905200e+01
4.684505742187500346e+02,-7.695892549720311138e+01
4.684508671875000232e+02,-7.869182633219331535e+01
4.684511601562500118e+02,-8.022464310190716219e+01
4.684514531250000005e+02,-9.063611233461129757e+01
4.684517460937499891e+02,-9.463718796010147116e+01
4.684520390625000346e+02,-1.106152623442679896e+02
4.684523320312500232e+02,-8.738531719739586379e+01
4.684526250000000118e+02,-8.165836310909898543e+01
4.684529179687500005e+02,-8.059024967902344372e+01
4.684532109374999891e+02,-8.038020240787668058e+01
4.684535039062500346e+02,-8.131357510872965122e+01
4.684537968750000232e+02,-8.037906109428115542e+01
4.684540898437500118e+02,-8.109824840089778775e+01
4.684543828125000005e+02,-8.071393762005911299e+01
4.684546757812499891e+02,-8.044429012713480631e+01
4.684549687500000346e+02,-9.281270600389795788e+01
4.684552617187500232e+02,-8.035153240590608448e+01
4.684555546875000118e+02,-8.237840956552383886e+01
4.684558476562500005e+02,-8.549141213602570133e+01
4.684561406249999891e+02,-8.041172148048815416e+01
4.684564335937500346e+02,-8.336801664566817749e+01
4.684567265625000232e+02,-8.316876650522917203e+01
4.684570195312500118e+02,-8.073683356611290662e+01
4.684573125000000005e+02,-8.071854465107264787e+01
4.684576054687499891e+02,-8.803785047927382834e+01
4.684578984375000346e+02,-8.395839651360944345e+01
4.684581914062500232e+02,-8.550067962099086571e+01
4.684584843750000118e+02,-9.653268566993372701e+01
4.684587773437500005e+02,-9.376554883535055751e+01
4.684590703124999891e+02,-7.773924806558457590e+01
4.684593632812500346e+02,-7.454913820381041489e+01
4.684596562500000232e+02,-8.290011976104507596e+01
4.684599492187500118e+02,-8.850749757145769081e+01
4.684602421875000005e+02,-8.912243876619584171e+01
4.684605351562499891e+02,-8.109510657800656475e+01
4.684608281250000346e+02,-7.832858983760893068e+01
4.684611210937500232e+02,-7.977040310095891584e+01
4.684614140625000118e+02,-8.262920578047065590e+01
4.684617070312500005e+02,-8.008535623027549377e+01
4.684619999999999891e+02,-7.840466066319885385e+01
4.684622929687500346e+02,-9.989799830893453247e+01
4.684625859375000232e+02,-8.360640382707600793e+01
4.684628789062500118e+02,-8.019520314994272780e+01
4.684631718750000005e+02,-7.861922929991447972e+01
4.684634648437499891e+02,-9.292549499468344720e+01
4.684637578125000346e+02,-8.519749104874551904e+01
4.684640507812500232e+02,-8.226706227864383436e+01
4.684643437500000118e+02,-8.221818505507440022e+01
4.684646367187500005e+02,-9.527622766284730460e+01
4.684649296874999891e+02,-9.008902212959368683e+01
4.684652226562500346e+02,-9.155317853012007845e+01
4.684655156250000232e+02,-8.503915587843383150e+01
4.684658085937500118e+02,-7.922406394193716039e+01
4.684661015625000005e+02,-8.113831291612255825e+01
4.684663945312499891e+02,-8.287458441209943771e+01
4.684666875000000346e+02,-7.751310411373837894e+01
4.684669804687500232e+02,-8.454762939460765381e+01
4.684672734375000118e+02,-7.582711952488173779e+01
4.684675664062500005e+02,-7.622317931281000369e+01
4.684678593749999891e+02,-8.422715131696661217e+01
4.684681523437500346e+02,-8.260163467409961413e+01
4.684684453125000232e+02,-7.884803346435514015e+01
4.684687382812500118e+02,-9.272938613994651291e+01
4.684690312500000005e+02,-8.303828568516902919e+01
4.684693242187499891e+02,-8.243291779191396529e+01
4.684696171875000346e+02,-8.244457842195348007e+01
4.684699101562500232e+02,-9.583920763114329588e+01
4.684702031250000118e+02,-8.052582291595871311e+01
4.684704960937500005e+02,-7.792857155879713105e+01
4.684707890624999891e+02,-7.740449289928250209e+01
4.684710820312500346e+02,-8.348862393273662974e+01
4.684713750000000232e+02,-8.256787825188555985e+01
4.684716679687500118e+02,-9.138965568113195559e+01
4.684719609375000005e+02,-8.356992668930513446e+01
4.684722539062499891e+02,-8.184497029036215565e+01
4.684725468750000346e+02,-8.746910547516600332e+01
4.684728398437500232e+02,-8.725517119475115635e+01
4.684731328125000118e+02,-8.423619246021024765e+01
4.684734257812500005e+02,-8.326941996015213476e+01
4.684737187499999891e+02,-1.061383547999025154e+02
4.684740117187500346e+02,-8.059538643828477689e+01
4.684743046875000232e+02,-8.026286150930636154e+01
4.684745976562500118e+02,-8.222549053576054234e+01
4.684748906250000005e+02,-8.404429791483664758e+01
4.684751835937499891e+02,-8.671856992869604142e+01
4.684754765625000346e+02,-9.009481123993964502e+01
4.684757695312500232e+02,-8.309290550073539805e+01
4.684760625000000118e+02,-7.509647028619087905e+01
4.684763554687500005e+02,-7.754701791173702929e+01
4.684766484374999891e+02,-9.109185320146224285e+01
4.684769414062500346e+02,-8.242242046323806903e+01
4.684772343750000232e+02,-8.506003596501079755e+01
4.684775273437500118e+02,-9.073994097862764363e+01
4.684778203125000005e+02,-8.183921307663661082e+01
4.684781132812499891e+02,-8.846311650574196506e+01
4.684784062500000346e+02,-8.997291956335143936e+01
4.684786992187500232e+02,-8.841585813651948911e+01
4.684789921875000118e+02,-9.598224637373589019e+01
4.684792851562500005e+02,-8.251850585602555554e+01
4.684795781249999891e+02,-8.409260228475963572e+01
4.684798710937500346e+02,-8.104459079147900979e+01
4.684801640625000232e+02,-8.378914790753016462e+01
4.684804570312500118e+02,-7.765335461798710526e+01
4.684807500000000005e+02,-7.873599079177333238e+01
4.684810429687499891e+02,-8.081089952918971164e+01
4.684813359375000346e+02,-9.010862527448227866e+01
4.684816289062500232e+02,-9.128599205049864906e+01
4.684819218750000118e+02,-8.231475951563062665e+01
4.684822148437500005e+02,-8.408359726685091573e+01
4.684825078124999891e+02,-7.555996672061942832e+01
4.684828007812500346e+02,-7.586939423855221776e+01
4.684830937500000232e+02,-8.010040724564339598e+01
4.684833867187500118e+02,-8.776968552440031601e+01
4.684836796875000005e+02,-9.039144722486049943e+01
4.684839726562499891e+02,-9.075968555580162445e+01
4.684842656250000346e+02,-8.905650943167717060e+01
4.684845585937500232e+02,-8.905298857384926237e+01
4.684848515625000118e+02,-8.310937904576559276e+01
4.684851445312500005e+02,-1.007385971491304275e+02
4.684854374999999891e+02,-8.828162483029602470e+01
4.684857304687500346e+02,-8.138546768558617828e+01
4.684860234375000232e+02,-7.776565584144057652e+01
4.684863164062500118e+02,-7.847740317252886655e+01
4.684866093750000005e+02,-1.040235378282598617e+02
4.684869023437499891e+02,-8.282234583820154228e+01
4.684871953125000346e+02,-8.330980723977576474e+01
4.684874882812500232e+02,-7.876318065459693685e+01
4.684877812500000118e+02,-9.215798481434320877e+01
4.684880742187500005e+02,-8.758942528922135295e+01
4.684883671874999891e+02,-8.753840961354995898e+01
4.684886601562500346e+02,-8.137909490659254175e+01
4.684889531250000232e+02,-7.582220051042997966e+01
4.684892460937500118e+02,-8.056706810752885417e+01
4.684895390625000005e+02,-8.603544464775730205e+01
4.684898320312499891e+02,-8.465331921190320941e+01
4.684901250000000346e+02,-8.421515564969838863e+01
4.684904179687500232e+02,-8.259620671634642974e+01
4.684907109375000118e+02,-8.279879277452593556e+01
4.684910039062500005e+02,-8.795398324122722045e+01
4.684912968749999891e+02,-9.012512399858215417e+01
4.684915898437500346e+02,-8.943620392552386988e+01
4.684918828125000232e+02,-9.088369995889766528e+01
4.684921757812500118e+02,-8.348867205558855176e+01
4.684924687500000005e+02,-8.364087329935755122e+01
4.684927617187499891e+02,-8.009578394156351067e+01
4.684930546875000346e+02,-7.850180969903824746e+01
4.684933476562500232e+02,-8.171436462275320878e+01
4.684936406250000118e+02,-8.059021822764984222e+01
4.684939335937500005e+02,-8.440576532635488149e+01
4.684942265624999891e+02,-8.302136496935581533e+01
4.684945195312500346e+02,-9.271678287903284854e+01
4.684948125000000232e+02,-9.102901680464259471e+01
4.684951054687500118e+02,-8.292333901699996090e+01
4.684953984375000005e+02,-8.627416329240926984e+01
4.684956914062499891e+02,-8.661063667341997530e+01
4.684959843750000346e+02,-8.099960909680001464e+01
4.684962773437500232e+02,-7.858566531261463695e+01
4.684965703125000118e+02,-7.831659758696046936e+01
4.684968632812500005e+02,-8.481334651998999163e+01
4.684971562499999891e+02,-9.727575267772982670e+01
4.684974492187500346e+02,-9.179565897154333243e+01
4.684977421875000232e+02,-9.131857478059258426e+01
4.684980351562500118e+02,-8.890738327393177087e+01
4.684983281250000005e+02,-8.870567585953475032e+01
4.684986210937499891e+02,-9.039775296213443312e+01
4.684989140625000346e+02,-8.039106959042001677e+01
4.684992070312500232e+02,-8.729624453545793017e+01
4.684995000000000118e+02,-8.287445240243904721e+01
4.684997929687500005e+02,-7.751905984435198604e+01
4.685000859374999891e+02,-7.698544338399402420e+01
4.685003789062500346e+02,-8.466468162129565656e+01
4.685006718750000232e+02,-9.107130655448871437e+01
4.685009648437500118e+02,-8.760257429093356052e+01
4.685012578125000005e+02,-8.743029054640280151e+01
4.685015507812499891e+02,-8.336771860243379706e+01
4.685018437500000346e+02,-7.479866922486750980e+01
4.685021367187500232e+02,-7.363342176513151571e+01
4.685024296875000118e+02,-7.683576003748349592e+01
4.685027226562500005e+02,-7.978851014979102274e+01
4.685030156249999891e+02,-8.580668683629220084e+01
4.685033085937500346e+02,-8.088033864102396819e+01
4.685036015625000232e+02,-8.097484962432567102e+01
4.685038945312500118e+02,-8.372990798963974157e+01
4.685041875000000005e+02,-8.266971404064375406e+01
4.685044804687499891e+02,-8.256571261770002934e+01
4.685047734375000346e+02,-8.704220386767957507e+01
4.685050664062500232e+02,-8.070488248598232417e+01
4.685053593750000118e+02,-7.954827440334915423e+01
4.685056523437500005e+02,-7.802435993529192615e+01
4.685059453124999891e+02,-8.950581048582776589e+01
4.685062382812500346e+02,-8.432830921371966326e+01
4.685065312500000232e+02,-7.945640165793474807e+01
4.685068242187500118e+02,-8.158343907468483280e+01
4.685071171875000005e+02,-8.168619712783331011e+01
4.685074101562499891e+02,-8.264662751944604224e+01
4.685077031250000346e+02,-8.350369073395799546e+01
4.685079960937500232e+02,-8.532283957635671356e+01
4.685082890625000118e+02,-8.327741482542215579e+01
4.685085820312500005e+02,-8.077973571654759155e+01
4.685088749999999891e+02,-1.010180172948697646e+02
4.685091679687500346e+02,-9.137721208045317667e+01
4.685094609375000232e+02,-8.032622497870961809e+01
4.685097539062500118e+02,-8.293910210041016740e+01
4.685100468750000005e+02,-8.719707487155741887e+01
4.685103398437499891e+02,-8.267212959907224956e+01
4.685106328125000346e+02,-8.901546724157556412e+01
4.685109257812500232e+02,-8.414638173603023574e+01
4.685112187500000118e+02,-8.418392636974428456e+01
4.685115117187500005e+02,-8.089575283147729579e+01
4.685118046874999891e+02,-7.791817139277168280e+01
4.685120976562500346e+02,-8.158307519225215287e+01
4.685123906250000232e+02,-1.064937891803563019e+02
4.685126835937500118e+02,-7.969807067690551605e+01
4.685129765625000005e+02,-7.665875647513691149e+01
4.685132695312499891e+02,-7.478870890419132422e+01
4.685135625000000346e+02,-7.652565096468887873e+01
4.685138554687500232e+02,-8.501870257655583885e+01
4.685141484375000118e+02,-7.945574751845443018e+01
4.685144414062500005e+02,-7.871726104583538586e+01
4.685147343749999891e+02,-7.820014988657413824e+01
4.685150273437500346e+02,-8.003385500516883155e+01
4.685153203125000232e+02,-8.494084886999769424e+01
4.685156132812500118e+02,-1.002842875508254963e+02
4.685159062500000005e+02,-8.408910797709398821e+01
4.685161992187499891e+02,-8.122312456825076765e+01
4.685164921875000346e+02,-8.241368727804524497e+01
4.685167851562500232e+02,-7.708748733403503195e+01
4.685170781250000118e+02,-8.031128357128642392e+01
4.685173710937500005e+02,-9.465857920404125991e+01
4.685176640624999891e+02,-9.002576772613713274e+01
4.685179570312500346e+02,-9.338569072663780446e+01
4.685182500000000232e+02,-8.792616405420849901e+01
4.685185429687500118e+02,-8.371559464715966214e+01
4.685188359375000005e+02,-8.655177566709512860e+01
4.685191289062499891e+02,-8.265302047452388479e+01
4.685194218750000346e+02,-8.573599055643614975e+01
4.685197148437500232e+02,-9.031376790552235434e+01
4.685200078125000118e+02,-9.411379176543360359e+01
4.685203007812500005e+02,-8.515689523027350560e+01
4.685205937499999891e+02,-7.838242893537099576e+01
4.685208867187500346e+02,-7.727879476201097475e+01
4.685211796875000232e+02,-8.667453396778761032e+01
4.685214726562500118e+02,-8.245199365140764769e+01
4.685217656250000005e+02,-8.366816704075729660e+01
4.685220585937499891e+02,-8.516700055038069195e+01
4.685223515625000346e+02,-8.255066487079315607e+01
4.685226445312500232e+02,-7.972408838722711266e+01
4.685229375000000118e+02,-8.154320428626867567e+01
4.685232304687500005e+02,-7.862257061744449516e+01
4.685235234374999891e+02,-8.110377314720449249e+01
4.685238164062500346e+02,-7.825100849221645660e+01
4.685241093750000232e+02,-8.316606435677206832e+01
4.685244023437500118e+02,-8.027022635310163423e+01
4.685246953125000005e+02,-9.134552458589851653e+01
4.685249882812499891e+02,-8.512546508127476841e+01
4.685252812500000346e+02,-8.269839244621306307e+01
4.685255742187500232e+02,-8.653812363099675053e+01
4.685258671875000118e+02,-8.420124629696906027e+01
4.685261601562500005e+02,-8.282597282036374509e+01
4.685264531249999891e+02,-8.144563468811328732e+01
4.685267460937500346e+02,-8.223373262537725736e+01
4.685270390625000232e+02,-7.604691581216778218e+01
4.685273320312500118e+02,-8.161315232868946623e+01
4.685276250000000005e+02,-9.243231973835393944e+01
4.685279179687499891e+02,-8.958840767232929636e+01
4.685282109375000346e+02,-8.602975054773715158e+01
4.685285039062500232e+02,-8.804259730091780511e+01
4.685287968750000118e+02,-8.399103345538395615e+01
4.685290898437500005e+02,-8.064940991574107443e+01
4.685293828124999891e+02,-8.833741538642351543e+01
4.685296757812500346e+02,-8.977519242774849317e+01
4.685299687500000232e+02,-8.993348787201767891e+01
4.685302617187500118e+02,-8.114575408441575632e+01
4.685305546875000005e+02,-8.917264090904033935e+01
4.685308476562499891e+02,-8.426289960730247230e+01
4.685311406250000346e+02,-8.647841911937213411e+01
4.685314335937500232e+02,-7.956197408235765067e+01
4.685317265625000118e+02,-7.758855776290107542e+01
4.685320195312500005e+02,-8.617382303614601824e+01
4.685323124999999891e+02,-8.579131934635476853e+01
4.685326054687500346e+02,-8.471634093782850528e+01
4.685328984375000232e+02,-8.770977768406663699e+01
4.685331914062500118e+02,-9.223786544066055626e+01
4.685334843750000005e+02,-7.725351788695736843e+01
4.685337773437499891e+02,-7.820094043996195410e+01
4.685340703125000346e+02,-8.313832214477372418e+01
4.685343632812500232e+02,-8.743442341015075669e+01
4.685346562500000118e+02,-8.536554915311670300e+01
4.685349492187500005e+02,-8.764852340885622084e+01
4.685352421874999891e+02,-8.656810365051384792e+01
4.685355351562500346e+02,-8.030839613745203565e+01
4.685358281250000232e+02,-8.547863151521029579e+01
4.685361210937500118e+02,-8.158437111598726688e+01
4.685364140625000005e+02,-7.966699736676400789e+01
4.685367070312499891e+02,-9.080760342191204870e+01
4.685370000000000346e+02,-8.408363820546169620e+01
4.685372929687500232e+02,-8.625619627656794819e+01
4.685375859375000118e+02,-8.539132596032331435e+01
4.685378789062500005e+02,-8.999347299636910691e+01
4.685381718749999891e+02,-8.306953510336947488e+01
4.685384648437500346e+02,-8.258021286601396582e+01
4.685387578125000232e+02,-8.186370961247092737e+01
4.685390507812500118e+02,-8.119587920543185078e+01
4.685393437500000005e+02,-8.396165470248270424e+01
4.685396367187499891e+02,-9.716531520083252360e+01
4.685399296875000346e+02,-8.793441087073675533e+01
4.685402226562500232e+02,-8.254468182338301574e+01
4.685405156250000118e+02,-8.485287127718727618e+01
4.685408085937500005e+02,-8.828231518719971405e+01
4.685411015624999891e+02,-9.484726230435258287e+01
4.685413945312500346e+02,-8.695343012118387094e+01
4.685416875000000232e+02,-8.806605042717470155e+01
4.685419804687500118e+02,-8.848202823752417601e+01
4.685422734375000005e+02,-8.319404654699874868e+01
4.685425664062499891e+02,-7.969848299850907836e+01
4.685428593750000346e+02,-8.136496801321131045e+01
4.685431523437500232e+02,-8.480325312830274243e+01
4.685434453125000118e+02,-7.857262762585487792e+01
4.685437382812500005e+02,-8.058044160746243278e+01
4.685440312499999891e+02,-8.508411146127725999e+01
4.685443242187500346e+02,-8.734330396876791269e+01
4.685446171875000232e+02,-7.936503221565044441e+01
4.685449101562500118e+02,-7.715219167230551989e+01
4.685452031250000005e+02,-7.582225339293549382e+01
4.685454960937499891e+02,-7.673995989521338856e+01
4.685457890625000346e+02,-8.056269301258537041e+01
4.685460820312500232e+02,-8.894839839534850512e+01
4.685463750000000118e+02,-8.788720118809897031e+01
4.685466679687500005e+02,-9.439423010582544293e+01
4.685469609374999891e+02,-8.645543219977386684e+01
4.685472539062500346e+02,-8.146414997521468138e+01
4.685475468750000232e+02,-8.557791467721088452e+01
4.685478398437500118e+02,-7.941919506698349096e+01
4.685481328125000005e+02,-8.321178136848402573e+01
4.685484257812499891e+02,-8.441065628436219015e+01
4.685487187500000346e+02,-9.511904515178299846e+01
4.685490117187500232e+02,-8.848491806309544927e+01
4.685493046875000118e+02,-9.382177207252061635e+01
4.685495976562500005e+02,-8.015201196394512806e+01
4.685498906249999891e+02,-7.708470526547520763e+01
4.685501835937500346e+02,-8.404041179149055552e+01
4.685504765625000232e+02,-8.768750872516129391e+01
4.685507695312500118e+02,-8.814348707966628638e+01
4.685510625000000005e+02,-7.827591594422591470e+01
4.685513554687499891e+02,-7.907780860613729601e+01
4.685516484375000346e+02,-8.360739030317405707e+01
4.685519414062500232e+02,-1.036274752018282470e+02
4.685522343750000118e+02,-8.496020687821786055e+01
4.685525273437500005e+02,-8.707662893453134245e+01
4.685528203124999891e+02,-1.002728610623931331e+02
4.685531132812500346e+02,-8.841387168818852160e+01
4.685534062500000232e+02,-8.550758201232869737e+01
4.685536992187500118e+02,-9.056980771972625632e+01
4.685539921875000005e+02,-9.692480110611350597e+01
4.685542851562499891e+02,-8.303796413587009795e+01
4.685545781250000346e+02,-8.318448011849687873e+01
4.685548710937500232e+02,-8.835784126467817146e+01
4.685551640625000118e+02,-1.048122431697761101e+02
4.685554570312500005e+02,-8.492482946220636109e+01
4.685557499999999891e+02,-8.576768142852154142e+01
4.685560429687500346e+02,-8.577012500651957794e+01
4.685563359375000232e+02,-8.899634276554635903e+01
4.685566289062500118e+02,-9.433019459343100266e+01
4.685569218750000005e+02,-8.453478787867574340e+01
4.685572148437499891e+02,-8.008324095199171211e+01
4.685575078125000346e+02,-7.843539092738409124e+01
4.685578007812500232e+02,-7.956074066578214854e+01
4.685580937500000118e+02,-7.932444857134156280e+01
4.685583867187500005e+02,-7.920682212118441612e+01
4.685586796874999891e+02,-7.726794879619922085e+01
4.685589726562500346e+02,-8.251985229697729096e+01
4.685592656250000232e+02,-8.666856889752369852e+01
4.685595585937500118e+02,-8.555037523261012211e+01
4.685598515625000005e+02,-8.430928335247487837e+01
4.685601445312499891e+02,-8.275075844208021181e+01
4.685604375000000346e+02,-8.685831116523777951e+01
4.685607304687500232e+02,-9.549993678927840790e+01
4.685610234375000118e+02,-9.357288016918120377e+01
4.685613164062500005e+02,-8.685835290547902332e+01
4.685616093749999891e+02,-8.950981459780628313e+01
4.685619023437500346e+02,-8.526833936944942138e+01
4.685621953125000232e+02,-9.346389791589655260e+01
4.685624882812500118e+02,-8.940000628545303130e+01
4.685627812500000005e+02,-8.116906428406713303e+01
4.685630742187499891e+02,-8.370756116669581104e+01
4.685633671875000346e+02,-9.788653554984227867e+01
4.685636601562500232e+02,-8.210161897363965977e+01
4.685639531250000118e+02,-8.293511606400440428e+01
4.685642460937500005e+02,-8.327987387309788403e+01
4.685645390624999891e+02,-8.588742774783041511e+01
4.685648320312500346e+02,-8.348296232338179834e+01
4.685651250000000232e+02,-7.835384512837387661e+01
4.685654179687500118e+02,-8.330077384877041879e+01
4.685657109375000005e+02,-8.556692242471271470e+01
4.685660039062499891e+02,-8.782507445982098204e+01
4.685662968750000346e+02,-8.387176772629261734e+01
4.685665898437500232e+02,-7.777105081425125377e+01
4.685668828125000118e+02,-8.787309416217988201e+01
4.685671757812500005e+02,-8.718312785847544433e+01
4.685674687499999891e+02,-8.519614821344308098e+01
4.685677617187500346e+02,-8.208155920196089994e+01
4.685680546875000232e+02,-9.192320435087250985e+01
4.685683476562500118e+02,-9.058662113686290240e+01
4.685686406250000005e+02,-9.143604843079648958e+01
4.685689335937499891e+02,-8.530520792041264144e+01
4.685692265625000346e+02,-8.474632930995484514e+01
4.685695195312500232e+02,-8.611586352322703419e+01
4.685698125000000118e+02,-8.777146856426159616e+01
4.685701054687500005e+02,-8.134563939969270052e+01
4.685703984374999891e+02,-7.742850859467891667e+01
4.685706914062500346e+02,-8.160381822384921691e+01
4.685709843750000232e+02,-9.357021625605936777e+01
4.685712773437500118e+02,-8.555753884223631189e+01
4.685715703125000005e+02,-8.219386933203269052e+01
4.685718632812499891e+02,-8.644626396039541305e+01
4.685721562500000346e+02,-8.897824608908507571e+01
4.685724492187500232e+02,-9.371811598715018476e+01
4.685727421875000118e+02,-8.094215664167134605e+01
4.685730351562500005e+02,-7.670441915783705156e+01
4.685733281249999891e+02,-8.414142940689366412e+01
4.685736210937500346e+02,-7.987277286937984400e+01
4.685739140625000232e+02,-8.056169183078611695e+01
4.685742070312500118e+02,-7.897041730549544525e+01
4.685745000000000005e+02,-8.260888361952552827e+01
4.685747929687499891e+02,-8.675911951596711447e+01
4.685750859375000346e+02,-9.253530640428039078e+01
4.685753789062500232e+02,-9.916925643948643199e+01
4.685756718750000118e+02,-8.300060856988194757e+01
4.685759648437500005e+02,-8.377878251456567682e+01
4.685762578124999891e+02,-8.380992604573188487e+01
4.685765507812500346e+02,-7.962051880885221067e+01
4.685768437500000232e+02,-7.848759358825459742e+01
4.685771367187500118e+02,-8.469193667680885085e+01
4.685774296875000005e+02,-8.787738117725945131e+01
4.685777226562499891e+02,-9.746148184796139446e+01
4.685780156250000346e+02,-8.361707624081815027e+01
4.685783085937500232e+02,-8.236830262297144145e+01
4.685786015625000118e+02,-9.103050774741932116e+01
4.685788945312500005e+02,-9.195345961052611017e+01
4.685791874999999891e+02,-8.764821592187837496e+01
4.685794804687500346e+02,-8.209577530222959751e+01
4.685797734375000232e+02,-8.174625013978469212e+01
4.685800664062500118e+02,-9.043756003584881853e+01
4.685803593750000005e+02,-9.538486639977978143e+01
4.685806523437499891e+02,-9.079021046833652520e+01
4.685809453125000346e+02,-8.441569768580552591e+01
4.685812382812500232e+02,-8.686786166478682958e+01
4.685815312500000118e+02,-8.806455161755009442e+01
4.685818242187500005e+02,-9.698841545861853319e+01
4.685821171874999891e+02,-7.896547691222468757e+01
4.685824101562500346e+02,-8.370120000061143628e+01
4.685827031250000232e+02,-8.192040986819320381e+01
4.685829960937500118e+02,-7.804180161023136009e+01
4.685832890625000005e+02,-7.717911347599434180e+01
4.685835820312499891e+02,-8.167148719815814673e+01
4.685838750000000346e+02,-9.239243951851767633e+01
4.685841679687500232e+02,-8.971647543705996952e+01
4.685844609375000118e+02,-9.751063784733764805e+01
4.685847539062500005e+02,-9.636947410979396977e+01
4.685850468749999891e+02,-9.102402740056781738e+01
4.685853398437500346e+02,-8.921639236405715678e+01
4.685856328125000232e+02,-9.968508071469256038e+01
4.685859257812500118e+02,-8.055304919805139718e+01
4.685862187500000005e+02,-8.223154698288688280e+01
4.685865117187499891e+02,-9.043804841292953256e+01
4.685868046875000346e+02,-8.587257110704521779e+01
4.685870976562500232e+02,-7.972689136872914162e+01
4.685873906250000118e+02,-8.472016689214008522e+01
4.685876835937500005e+02,-9.352562391807374809e+01
4.685879765624999891e+02,-8.921810109253711119e+01
4.685882695312500346e+02,-8.390605765794612125e+01
4.685885625000000232e+02,-8.115366999383991242e+01
4.685888554687500118e+02,-7.838851058887276224e+01
4.685891484375000005e+02,-8.196253390624650592e+01
4.685894414062499891e+02,-7.905960459831889864e+01
4.685897343750000346e+02,-8.003429654850074826e+01
4.685900273437500232e+02,-8.070119194199619983e+01
4.685903203125000118e+02,-8.901143693689746783e+01
4.685906132812500005e+02,-8.192752838666476123e+01
4.685909062499999891e+02,-8.382367440072250986e+01
4.685911992187500346e+02,-8.289688605747988959e+01
4.685914921875000232e+02,-8.085047765496439354e+01
4.685917851562500118e+02,-8.407087344030682630e+01
4.685920781250000005e+02,-8.290446996327162310e+01
4.685923710937499891e+02,-8.610119797310463241e+01
4.685926640625000346e+02,-8.635928487437061563e+01
4.685929570312500232e+02,-9.516421389774406236e+01
4.685932500000000118e+02,-9.098333369594435283e+01
4.685935429687500005e+02,-8.370187267782665685e+01
4.685938359374999891e+02,-7.828816135183122071e+01
4.685941289062500346e+02,-9.088026133065585555e+01
4.685944218750000232e+02,-8.899439749020811519e+01
4.685947148437500118e+02,-8.523307035809649790e+01
4.685950078125000005e+02,-8.372760970814988468e+01
4.685953007812499891e+02,-8.410945570756712186e+01
4.685955937500000346e+02,-7.848667707456900189e+01
4.685958867187500232e+02,-7.624658514816641741e+01
4.685961796875000118e+02,-7.954461200236403329e+01
4.685964726562500005e+02,-8.343766147588901561e+01
4.685967656249999891e+02,-8.227197615207811054e+01
4.685970585937500346e+02,-8.188474215861384664e+01
4.685973515625000232e+02,-8.846007294502007312e+01
4.685976445312500118e+02,-9.575112165505697703e+01
4.685979375000000005e+02,-9.879226759265895907e+01
4.685982304687499891e+02,-8.347928458098644455e+01
4.685985234375000346e+02,-8.120783191572989779e+01
4.685988164062500232e+02,-8.495992809097869269e+01
4.685991093750000118e+02,-8.832677631164359866e+01
4.685994023437500005e+02,-9.371225793569954021e+01
4.685996953124999891e+02,-9.058834672205375682e+01
4.685999882812500346e+02,-8.521467366082718797e+01
4.686002812500000232e+02,-8.320118902046290543e+01
4.686005742187500118e+02,-8.828753307079020374e+01
4.686008671875000005e+02,-9.183548173098971290e+01
4.686011601562499891e+02,-8.935549410511887913e+01
4.686014531250000346e+02,-8.503676977715223018e+01
4.686017460937500232e+02,-7.930920125450097657e+01
4.686020390625000118e+02,-8.123152800411325813e+01
4.686023320312500005e+02,-8.076320568738088923e+01
4.686026249999999891e+02,-8.341146621280006457e+01
4.686029179687500346e+02,-9.112045218347859077e+01
4.686032109375000232e+02,-9.062169415013825358e+01
4.686035039062500118e+02,-8.396603695448445137e+01
4.686037968750000005e+02,-8.510774560754697404e+01
4.686040898437499891e+02,-8.069394720503004237e+01
4.686043828125000346e+02,-8.572659131661085041e+01
4.686046757812500232e+02,-7.964249067316079334e+01
4.686049687500000118e+02,-7.721479997219988434e+01
4.686052617187500005e+02,-8.569472669872247650e+01
4.686055546874999891e+02,-9.221837566759960225e+01
4.686058476562500346e+02,-9.426619861132124356e+01
4.686061406250000232e+02,-8.380730828627594065e+01
4.686064335937500118e+02,-7.791765577980382318e+01
4.686067265625000005e+02,-8.335661486814922227e+01
4.686070195312499891e+02,-8.789985057835592386e+01
4.686073125000000346e+02,-8.590033575690746659e+01
4.686076054687500232e+02,-8.691183861598460680e+01
4.686078984375000118e+02,-8.175213730572700399e+01
4.686081914062500005e+02,-8.622036596035687239e+01
4.686084843749999891e+02,-9.122065317882608326e+01
4.686087773437500346e+02,-8.698939276758270012e+01
4.686090703125000232e+02,-8.056912605741574396e+01
4.686093632812500118e+02,-8.015431973261037513e+01
4.686096562500000005e+02,-8.559948427834459039e+01
4.686099492187499891e+02,-8.566687808108363811e+01
4.686102421875000346e+02,-8.232018218029195111e+01
4.686105351562500232e+02,-1.032180600580743430e+02
4.686108281250000118e+02,-8.453155259787908449e+01
4.686111210937500005e+02,-7.951576080932599666e+01
4.686114140624999891e+02,-7.698638917995450015e+01
4.686117070312500346e+02,-7.726842408370373505e+01
4.686120000000000232e+02,-7.990396374340357966e+01
4.686122929687500118e+02,-8.270403893965166731e+01
4.686125859375000005e+02,-8.664308745218147578e+01
4.686128789062499891e+02,-8.155994807780825795e+01
4.686131718750000346e+02,-8.031946894568747553e+01
4.686134648437500232e+02,-8.814872286691078784e+01
4.686137578125000118e+02,-9.804831116678960257e+01
4.686140507812500005e+02,-9.832789786611287752e+01
4.686143437499999891e+02,-8.619012133221914951e+01
4.686146367187500346e+02,-8.463747195024222947e+01
4.686149296875000232e+02,-9.118410936519332211e+01
4.686152226562500118e+02,-8.414810167761103799e+01
4.686155156250000005e+02,-8.206474929537125718e+01
4.686158085937499891e+02,-8.229510614110010636e+01
4.686161015625000346e+02,-8.351286356219326024e+01
4.686163945312500232e+02,-8.390539409310429164e+01
4.686166875000000118e+02,-8.198054095704469546e+01
4.686169804687500005e+02,-8.264102386865806693e+01
4.686172734374999891e+02,-8.468817369253393679e+01
4.686175664062500346e+02,-8.508804009978541671e+01
4.686178593750000232e+02,-8.754316682164485997e+01
4.686181523437500118e+02,-8.839914517867748600e+01
4.686184453125000005e+02,-1.081043817257525177e+02
4.686187382812499891e+02,-8.547752176050552464e+01
4.686190312500000346e+02,-7.681903467420406173e+01
4.686193242187500232e+02,-8.060230890083448685e+01
4.686196171875000118e+02,-8.490939464120289415e+01
4.686199101562500005e+02,-8.641021238264309545e+01
4.686202031249999891e+02,-7.968420939785842450e+01
4.686204960937500346e+02,-8.138813179685448063e+01
4.686207890625000232e+02,-8.190617533354794944e+01
4.686210820312500118e+02,-8.383082933493076894e+01
4.686213750000000005e+02,-8.306680183913562132e+01
4.686216679687499891e+02,-8.256843682625800795e+01
4.686219609375000346e+02,-8.350755422151296159e+01
4.686222539062500232e+02,-8.333075401011528527e+01
4.686225468750000118e+02,-7.791168187933946854e+01
4.686228398437500005e+02,-7.871915300149608186e+01
4.686231328124999891e+02,-8.361015537249899410e+01
4.686234257812500346e+02,-9.033796645837311701e+01
4.686237187500000232e+02,-8.704580822188577827e+01
4.686240117187500118e+02,-9.119232822003618821e+01
4.686243046875000005e+02,-8.909721452549175069e+01
4.686245976562499891e+02,-8.719663040682743826e+01
4.686248906250000346e+02,-7.974079117586983045e+01
4.686251835937500232e+02,-8.409672487879382174e+01
4.686254765625000118e+02,-8.471871327983295430e+01
4.686257695312500005e+02,-8.031222962905428631e+01
4.686260624999999891e+02,-7.863725002529717756e+01
4.686263554687500346e+02,-8.304295481683902835e+01
4.686266484375000232e+02,-8.416677937759914130e+01
4.686269414062500118e+02,-8.556772503881558123e+01
4.686272343750000005e+02,-9.530193717668083764e+01
4.686275273437499891e+02,-8.091185778508878457e+01
4.686278203125000346e+02,-7.867184308709576612e+01
4.686281132812500232e+02,-8.269485162660569699e+01
4.686284062500000118e+02,-8.502429428753144691e+01
4.686286992187500005e+02,-8.374705611593350341e+01
4.686289921874999891e+02,-1.055724254132167630e+02
4.686292851562500346e+02,-9.147768252165199954e+01
4.686295781250000232e+02,-9.054935443894149216e+01
4.686298710937500118e+02,-8.992139371587475694e+01
4.686301640625000005e+02,-8.312930204373813581e+01
4.686304570312499891e+02,-8.404499483004957483e+01
4.686307500000000346e+02,-8.198801669802165293e+01
4.686310429687500232e+02,-8.614653009027938424e+01
4.686313359375000118e+02,-7.765767431471427074e+01
4.686316289062500005e+02,-7.704385901913867940e+01
4.686319218749999891e+02,-8.181969905263848375e+01
4.686322148437500346e+02,-8.154530644937568695e+01
4.686325078125000232e+02,-8.273713537990073519e+01
4.686328007812500118e+02,-8.451762827433904590e+01
4.686330937500000005e+02,-8.900778119195021532e+01
4.686333867187499891e+02,-8.911932010943573346e+01
4.686336796875000346e+02,-8.543042796787800341e+01
4.686339726562500232e+02,-9.021666378083308757e+01
4.686342656250000118e+02,-8.531166157185546695e+01
4.686345585937500005e+02,-8.155223681495650112e+01
4.686348515624999891e+02,-8.580254569443967227e+01
4.686351445312500346e+02,-8.699165069241868764e+01
4.686354375000000232e+02,-8.120760022387929666e+01
4.686357304687500118e+02,-8.458726829221431842e+01
4.686360234375000005e+02,-9.447558635789380332e+01
4.686363164062499891e+02,-8.949626726605626459e+01
4.686366093750000346e+02,-9.361112925862590828e+01
4.686369023437500232e+02,-9.019297958493268652e+01
4.686371953125000118e+02,-9.442178334811438845e+01
4.686374882812500005e+02,-9.062398318622962279e+01
4.686377812499999891e+02,-7.936914113310035646e+01
4.686380742187500346e+02,-7.934899812252319862e+01
4.686383671875000232e+02,-8.210134816782500877e+01
4.686386601562500118e+02,-8.380145953397382641e+01
4.686389531250000005e+02,-8.420460202097294200e+01
4.686392460937499891e+02,-8.644426242765160850e+01
4.686395390625000346e+02,-9.491330568561477321e+01
4.686398320312500232e+02,-9.124917626992940711e+01
4.686401250000000118e+02,-8.850117132842825640e+01
4.686404179687500005e+02,-7.833623982087735271e+01
4.686407109374999891e+02,-7.692837312888421764e+01
4.686410039062500346e+02,-7.889196304052784114e+01
4.686412968750000232e+02,-8.117213035456930470e+01
4.686415898437500118e+02,-8.943164815837113224e+01
4.686418828125000005e+02,-9.165706626628977460e+01
4.686421757812499891e+02,-8.771651508684563225e+01
4.686424687500000346e+02,-8.223004710731858324e+01
4.686427617187500232e+02,-8.115088373493782115e+01
4.686430546875000118e+02,-8.808240179214281795e+01
4.686433476562500005e+02,-8.781738718643970287e+01
4.686436406249999891e+02,-8.836317285174268932e+01
4.686439335937500346e+02,-8.174835760090778081e+01
4.686442265625000232e+02,-8.274738843955815071e+01
4.686445195312500118e+02,-7.761122876087780753e+01
4.686448125000000005e+02,-7.858876203009953088e+01
4.686451054687499891e+02,-8.487242691471871581e+01
4.686453984375000346e+02,-8.605084025213892573e+01
4.686456914062500232e+02,-1.172828133092832417e+02
4.686459843750000118e+02,-8.815198792987636978e+01
4.686462773437500005e+02,-1.024765426532470656e+02
4.686465703124999891e+02,-8.322203873539372410e+01
4.686468632812500346e+02,-8.045758180452138220e+01
4.686471562500000232e+02,-8.421632435213338397e+01
4.686474492187500118e+02,-8.405266740818126436e+01
4.686477421875000005e+02,-8.304549045043447109e+01
4.686480351562499891e+02,-8.598477052718500602e+01
4.686483281250000346e+02,-8.427673869854238831e+01
4.686486210937500232e+02,-8.411086617955426448e+01
4.686489140625000118e+02,-8.087157211887402752e+01
4.686492070312500005e+02,-8.121141631552131912e+01
4.686494999999999891e+02,-9.624706176192211160e+01
4.686497929687500346e+02,-9.475451489586590981e+01
4.686500859375000232e+02,-8.756878298614876144e+01
4.686503789062500118e+02,-8.503497230751322888e+01
4.686506718750000005e+02,-8.119211321125288805e+01
4.686509648437499891e+02,-7.796621605684187273e+01
4.686512578125000346e+02,-8.154667613249264946e+01
4.686515507812500232e+02,-8.546522261148849964e+01
4.686518437500000118e+02,-9.178191129555099792e+01
4.686521367187500005e+02,-7.988581735976060827e+01
4.686524296874999891e+02,-7.963844689813878119e+01
4.686527226562500346e+02,-9.177238266418137869e+01
4.686530156250000232e+02,-9.893562163940801213e+01
4.686533085937500118e+02,-7.812904986067547952e+01
4.686536015625000005e+02,-7.849492220091116224e+01
4.686538945312499891e+02,-8.297813500732134173e+01
4.686541875000000346e+02,-8.143377951278863236e+01
4.686544804687500232e+02,-8.119324630770451279e+01
4.686547734375000118e+02,-8.199740255213058049e+01
4.686550664062500005e+02,-8.152387711144746163e+01
4.686553593749999891e+02,-7.953750806121662720e+01
4.686556523437500346e+02,-8.921555288307939691e+01
4.686559453125000232e+02,-8.340129107931841190e+01
4.686562382812500118e+02,-8.458719316324526005e+01
4.686565312500000005e+02,-1.036094140972557227e+02
4.686568242187499891e+02,-8.778726488440858589e+01
4.686571171875000346e+02,-9.101254227762949256e+01
4.686574101562500232e+02,-8.230580610381514362e+01
4.686577031250000118e+02,-8.227083530983661319e+01
4.686579960937500005e+02,-8.640986265482580109e+01
4.686582890624999891e+02,-8.584642068893494127e+01
4.686585820312500346e+02,-8.634969595024388411e+01
4.686588750000000232e+02,-8.870104281833015136e+01
4.686591679687500118e+02,-8.433847527298300406e+01
4.686594609375000005e+02,-8.616601153271786018e+01
4.686597539062499891e+02,-7.987771712268320812e+01
4.686600468750000346e+02,-7.832788561956910200e+01
4.686603398437500232e+02,-9.058225987285646852e+01
4.686606328125000118e+02,-9.440681869661268877e+01
4.686609257812500005e+02,-8.714070751317821362e+01
4.686612187499999891e+02,-8.628644527925585805e+01
4.686615117187500346e+02,-7.987172286114190456e+01
4.686618046875000232e+02,-7.562450330672182019e+01
4.686620976562500118e+02,-8.285021088984599658e+01
4.686623906250000005e+02,-9.364999796685239630e+01
4.686626835937499891e+02,-8.012923761580321980e+01
4.686629765625000346e+02,-8.559524437860098089e+01
4.686632695312500232e+02,-8.951684191298512872e+01
4.686635625000000118e+02,-8.785179268725343604e+01
4.686638554687500005e+02,-9.077387713973979544e+01
4.686641484374999891e+02,-8.294249493111819049e+01
4.686644414062500346e+02,-8.494292842396980348e+01
4.686647343750000232e+02,-8.826769934292718744e+01
4.686650273437500118e+02,-8.800061977682241832e+01
4.686653203125000005e+02,-9.089821021795982858e+01
4.686656132812499891e+02,-8.552444868152127810e+01
4.686659062500000346e+02,-8.543068159539119222e+01
4.686661992187500232e+02,-8.161498047823579327e+01
4.686664921875000118e+02,-7.925080507349572656e+01
4.686667851562500005e+02,-9.796067000254345203e+01
4.686670781249999891e+02,-8.702415824072808448e+01
4.686673710937500346e+02,-8.331138832803318905e+01
4.686676640625000232e+02,-8.294600621709278698e+01
4.686679570312500118e+02,-8.807277849524268731e+01
4.686682500000000005e+02,-8.410755998553007373e+01
4.686685429687499891e+02,-8.354357942798208114e+01
4.686688359375000346e+02,-8.565759094120141981e+01
4.686691289062500232e+02,-9.334634233079063392e+01
4.686694218750000118e+02,-9.975820555019508618e+01
4.686697148437500005e+02,-9.143978710733344428e+01
4.686700078124999891e+02,-9.603623862786423615e+01
4.686703007812500346e+02,-9.305468408035558525e+01
4.686705937500000232e+02,-8.574759731184332168e+01
4.686708867187500118e+02,-8.567508859989860071e+01
4.686711796875000005e+02,-8.605462262371420934e+01
4.686714726562499891e+02,-8.177461990263503822e+01
4.686717656250000346e+02,-9.443239697128554155e+01
4.686720585937500232e+02,-9.737366862388245181e+01
4.686723515625000118e+02,-8.531232757681232215e+01
4.686726445312500005e+02,-7.630892482383970332e+01
4.686729374999999891e+02,-7.837317069896263888e+01
4.686732304687500346e+02,-8.764769917534161436e+01
4.686735234375000232e+02,-8.215689091778655495e+01
4.686738164062500118e+02,-8.373977033979812745e+01
4.686741093750000005e+02,-8.291362127624623213e+01
4.686744023437499891e+02,-8.237274573734597993e+01
4.686746953125000346e+02,-8.119500778412286479e+01
4.686749882812500232e+02,-8.222859560297914072e+01
4.686752812500000118e+02,-8.189029766736746296e+01
4.686755742187500005e+02,-8.768029571419759804e+01
4.686758671874999891e+02,-8.455765796599587247e+01
4.686761601562500346e+02,-8.423487315418996957e+01
4.686764531250000232e+02,-8.927224291123533817e+01
4.686767460937500118e+02,-1.007253793000982682e+02
4.686770390625000005e+02,-8.625786833148447386e+01
4.686773320312499891e+02,-7.852438981049648703e+01
4.686776250000000346e+02,-8.478434622617945138e+01
4.686779179687500232e+02,-8.617187810181744112e+01
4.686782109375000118e+02,-9.070840525261972687e+01
4.686785039062500005e+02,-8.569000763119085207e+01
4.686787968749999891e+02,-8.438648413239531010e+01
4.686790898437500346e+02,-8.139080307963669725e+01
4.686793828125000232e+02,-7.982707112176618125e+01
4.686796757812500118e+02,-8.745065300010546139e+01
4.686799687500000005e+02,-8.634844827426198322e+01
4.686802617187499891e+02,-9.326087760476013955e+01
4.686805546875000346e+02,-8.149565698931689894e+01
4.686808476562500232e+02,-7.895265037054232948e+01
4.686811406250000118e+02,-7.674691198024896721e+01
4.686814335937500005e+02,-7.709803445669683697e+01
4.686817265624999891e+02,-8.248756823346404587e+01
4.686820195312500346e+02,-9.291127506083682874e+01
4.686823125000000232e+02,-8.855346346739297303e+01
4.686826054687500118e+02,-8.628119740282323846e+01
4.686828984375000005e+02,-8.919706768217956494e+01
4.686831914062499891e+02,-8.466498485821264808e+01
4.686834843750000346e+02,-8.154468328602328597e+01
4.686837773437500232e+02,-8.084646571913368973e+01
4.686840703125000118e+02,-8.396073968093894280e+01
4.686843632812500005e+02,-8.325741799456270087e+01
4.686846562499999891e+02,-8.200553269085084196e+01
4.686849492187500346e+02,-8.368326483400032600e+01
4.686852421875000232e+02,-8.598214804047000825e+01
4.686855351562500118e+02,-8.296840683956445162e+01
4.686858281250000005e+02,-8.207086011697590777e+01
4.686861210937499891e+02,-9.283282497414299428e+01
4.686864140625000346e+02,-8.118227400869696453e+01
4.686867070312500232e+02,-8.167586470645747454e+01
4.686870000000000118e+02,-8.466212925547992540e+01
4.686872929687500005e+02,-8.141131581569935349e+01
4.686875859374999891e+02,-8.180459050093007534e+01
4.686878789062500346e+02,-8.690987822456060030e+01
4.686881718750000232e+02,-8.484333087148993968e+01
4.686884648437500118e+02,-8.492445928254068122e+01
4.686887578125000005e+02,-8.817935450288945276e+01
4.686890507812499891e+02,-8.424181839964857943e+01
4.686893437500000346e+02,-8.585628605671134039e+01
4.686896367187500232e+02,-8.513493391053367532e+01
4.686899296875000118e+02,-8.211268922990724661e+01
4.686902226562500005e+02,-8.491331267878450717e+01
4.686905156249999891e+02,-8.534246465592430297e+01
4.686908085937500346e+02,-8.310790875773466269e+01
4.686911015625000232e+02,-8.275533621360956715e+01
4.686913945312500118e+02,-7.856533984630732448e+01
4.686916875000000005e+02,-8.404411280881515722e+01
4.686919804687499891e+02,-1.145439370786631486e+02
4.686922734375000346e+02,-9.006088448973393668e+01
4.686925664062500232e+02,-8.906034060054730617e+01
4.686928593750000118e+02,-8.812410195665637502e+01
4.686931523437500005e+02,-8.660231521136218191e+01
4.686934453124999891e+02,-7.885004893462419773e+01
4.686937382812500346e+02,-7.674161477523489339e+01
4.686940312500000232e+02,-7.904154953108171355e+01
4.686943242187500118e+02,-8.452273294647935131e+01
4.686946171875000005e+02,-8.528964339455271215e+01
4.686949101562499891e+02,-8.942716225098975258e+01
4.686952031250000346e+02,-8.078374579069686945e+01
4.686954960937500232e+02,-8.851253607067513940e+01
4.686957890625000118e+02,-8.488105212004539624e+01
4.686960820312500005e+02,-8.085572367342524558e+01
4.686963749999999891e+02,-8.145365768953196550e+01
4.686966679687500346e+02,-8.472565754692959672e+01
4.686969609375000232e+02,-8.563068934550307176e+01
4.686972539062500118e+02,-9.024382795483495556e+01
4.686975468750000005e+02,-8.336649295437196372e+01
4.686978398437499891e+02,-8.842405780850805286e+01
4.686981328125000346e+02,-9.040168449999335110e+01
4.686984257812500232e+02,-9.200568396871616983e+01
4.686987187500000118e+02,-9.862508131175707149e+01
4.686990117187500005e+02,-9.553989816432583382e+01
4.686993046874999891e+02,-8.509026132100169093e+01
4.686995976562500346e+02,-8.221989055401870417e+01
4.686998906250000232e+02,-8.275125043080515752e+01
4.687001835937500118e+02,-8.865014142475267533e+01
4.687004765625000005e+02,-8.677075362274791814e+01
4.687007695312499891e+02,-8.878805020944234627e+01
4.687010625000000346e+02,-8.523959007916377573e+01
4.687013554687500232e+02,-8.472086279036713563e+01
4.687016484375000118e+02,-9.251272457620358125e+01
4.687019414062500005e+02,-8.485197081619644166e+01
4.687022343749999891e+02,-8.154757427650615398e+01
4.687025273437500346e+02,-8.604791631851975353e+01
4.687028203125000232e+02,-8.503512404619340259e+01
4.687031132812500118e+02,-9.130616440115770160e+01
4.687034062500000005e+02,-8.754262022100536456e+01
4.687036992187499891e+02,-1.036321196114361385e+02
4.687039921875000346e+02,-8.482518264961797172e+01
4.687042851562500232e+02,-9.949433641006820039e+01
4.687045781250000118e+02,-8.888887939541726269e+01
4.687048710937500005e+02,-8.616529118328963932e+01
4.687051640624999891e+02,-1.002547527301198613e+02
4.687054570312500346e+02,-9.580672404713615720e+01
4.687057500000000232e+02,-8.325468612016587144e+01
4.687060429687500118e+02,-8.291846665995674925e+01
4.687063359375000005e+02,-8.264822056094942582e+01
4.687066289062499891e+02,-8.113942119327256819e+01
4.687069218750000346e+02,-8.296423561695647209e+01
4.687072148437500232e+02,-8.915388340051444516e+01
4.687075078125000118e+02,-9.644040402212092999e+01
4.687078007812500005e+02,-8.598410526312009949e+01
4.687080937499999891e+02,-9.415558676482694977e+01
4.687083867187500346e+02,-8.178984267138346809e+01
4.687086796875000232e+02,-8.144570672757973284e+01
4.687089726562500118e+02,-8.166658531185589709e+01
4.687092656250000005e+02,-8.481963325250916341e+01
4.687095585937499891e+02,-9.733346274900823403e+01
4.687098515625000346e+02,-8.980546785051670611e+01
4.687101445312500232e+02,-8.550543914282698665e+01
4.687104375000000118e+02,-8.655876583087413678e+01
4.687107304687500005e+02,-8.628010095668255985e+01
4.687110234374999891e+02,-8.734906635880014392e+01
4.687113164062500346e+02,-1.004848657395166356e+02
4.687116093750000232e+02,-8.223314485036146948e+01
4.687119023437500118e+02,-7.928235465600508292e+01
4.687121953125000005e+02,-8.608191133107048643e+01
4.687124882812499891e+02,-8.842505250584943610e+01
4.687127812500000346e+02,-8.389370573692247035e+01
4.687130742187500232e+02,-8.316360706941252090e+01
4.687133671875000118e+02,-8.678715509676393935e+01
4.687136601562500005e+02,-8.824187749184039831e+01
4.687139531249999891e+02,-8.340856924652766224e+01
4.687142460937500346e+02,-7.938864543163136034e+01
4.687145390625000232e+02,-8.349641309127591171e+01
4.687148320312500118e+02,-9.623602698372584996e+01
4.687151250000000005e+02,-8.267634384229987177e+01
4.687154179687499891e+02,-8.397881484868428004e+01
4.687157109375000346e+02,-8.563112044861040317e+01
4.687160039062500232e+02,-8.754024915623475067e+01
4.687162968750000118e+02,-8.944971098932583686e+01
4.687165898437500005e+02,-9.015082316343270463e+01
4.687168828124999891e+02,-9.039130766735043210e+01
4.687171757812500346e+02,-9.080188286656888863e+01
4.687174687500000232e+02,-9.392879205517988339e+01
4.687177617187500118e+02,-9.271479778941122163e+01
4.687180546875000005e+02,-8.388252025803772938e+01
4.687183476562499891e+02,-8.440920553333127430e+01
4.687186406250000346e+02,-8.041225920896249590e+01
4.687189335937500232e+02,-8.138081979077011852e+01
4.687192265625000118e+02,-7.962425038936450505e+01
4.687195195312500005e+02,-8.140445216496578951e+01
4.687198124999999891e+02,-9.200208007150477840e+01
4.687201054687500346e+02,-8.539376272626442699e+01
4.687203984375000232e+02,-8.901249592113956055e+01
4.687206914062500118e+02,-8.508018719066524227e+01
4.687209843750000005e+02,-8.854822165549109059e+01
4.687212773437499891e+02,-8.298182579805349235e+01
4.687215703125000346e+02,-8.031416291571173360e+01
4.687218632812500232e+02,-8.174716417027555337e+01
4.687221562500000118e+02,-8.377444886978680927e+01
4.687224492187500005e+02,-8.958925040837624465e+01
4.687227421874999891e+02,-9.256707942349703444e+01
4.687230351562500346e+02,-8.418227304471840000e+01
4.687233281250000232e+02,-8.196242511131841013e+01
4.687236210937500118e+02,-8.829160670639488728e+01
4.687239140625000005e+02,-9.220914016997816987e+01
4.687242070312499891e+02,-8.969444958299968107e+01
4.687245000000000346e+02,-8.305006920806741277e+01
4.687247929687500232e+02,-8.827569202487410394e+01
4.687250859375000118e+02,-9.311706168337281042e+01
4.687253789062500005e+02,-8.577446205456465123e+01
4.687256718749999891e+02,-7.946678525334729670e+01
4.687259648437500346e+02,-8.056807825565820735e+01
4.687262578125000232e+02,-8.717271071250961256e+01
4.687265507812500118e+02,-8.372647640726859208e+01
4.687268437500000005e+02,-8.986450001062158321e+01
4.687271367187499891e+02,-8.660696160810050515e+01
4.687274296875000346e+02,-8.355861282710816340e+01
4.687277226562500232e+02,-8.010225310766756479e+01
4.687280156250000118e+02,-7.746312720312710098e+01
4.687283085937500005e+02,-8.130378995117546026e+01
4.687286015624999891e+02,-8.369577334452409900e+01
4.687288945312500346e+02,-8.353814548168203657e+01
4.687291875000000232e+02,-8.542465035357380998e+01
4.687294804687500118e+02,-8.770939615811670365e+01
4.687297734375000005e+02,-8.533629023734791019e+01
4.687300664062499891e+02,-8.521259613264402333e+01
4.687303593750000346e+02,-9.145484845914702987e+01
4.687306523437500232e+02,-8.760654575148087986e+01
4.687309453125000118e+02,-8.649886216817840534e+01
4.687312382812500005e+02,-8.620576931243749641e+01
4.687315312499999891e+02,-8.492964310712341103e+01
4.687318242187500346e+02,-8.195297573090005017e+01
4.687321171875000232e+02,-7.819076070801671108e+01
4.687324101562500118e+02,-7.892465735479026989e+01
4.687327031250000005e+02,-8.487781316714287527e+01
4.687329960937499891e+02,-9.152125131170399186e+01
4.687332890625000346e+02,-8.310075502692085081e+01
4.687335820312500232e+02,-9.211681697934943713e+01
4.687338750000000118e+02,-8.317874315654314898e+01
4.687341679687500005e+02,-8.276715666021186735e+01
4.687344609374999891e+02,-8.409087368007041619e+01
4.687347539062500346e+02,-8.556772622258529282e+01
4.687350468750000232e+02,-9.053289558417253602e+01
4.687353398437500118e+02,-8.637513013271791351e+01
4.687356328125000005e+02,-9.320013644817703380e+01
4.687359257812499891e+02,-9.308066585595376807e+01
4.687362187500000346e+02,-8.278084867320457363e+01
4.687365117187500232e+02,-8.050364909050139772e+01
4.687368046875000118e+02,-8.612956872644917894e+01
4.687370976562500005e+02,-9.346426205660962694e+01
4.687373906249999891e+02,-8.068030294493871679e+01
4.687376835937500346e+02,-8.589543799302086313e+01
4.687379765625000232e+02,-9.121578168966500755e+01
4.687382695312500118e+02,-9.562653226916751237e+01
4.687385625000000005e+02,-8.418805558305879799e+01
4.687388554687499891e+02,-8.484406788467239835e+01
4.687391484375000346e+02,-8.787754009385702147e+01
4.687394414062500232e+02,-8.374397475477050534e+01
4.687397343750000118e+02,-8.137714843864407044e+01
4.687400273437500005e+02,-8.793910230602577371e+01
4.687403203124999891e+02,-7.995878718833149890e+01
4.687406132812500346e+02,-8.021663863835330233e+01
4.687409062500000232e+02,-8.200035419479569043e+01
4.687411992187500118e+02,-8.995845129034144350e+01
4.687414921875000005e+02,-8.475029880177204689e+01
4.687417851562499891e+02,-8.408544329848299981e+01
4.687420781250000346e+02,-8.441704912584937404e+01
4.687423710937500232e+02,-9.006842218579946291e+01
4.687426640625000118e+02,-9.373550815435719130e+01
4.687429570312500005e+02,-9.412675675481875714e+01
4.687432499999999891e+02,-9.107307583128098827e+01
4.687435429687500346e+02,-8.415903532527582342e+01
4.687438359375000232e+02,-8.250496432505981659e+01
4.687441289062500118e+02,-9.025907596051771975e+01
4.687444218750000005e+02,-9.081011209543923712e+01
4.687447148437499891e+02,-8.364298070325935441e+01
4.687450078125000346e+02,-8.802000942139613926e+01
4.687453007812500232e+02,-1.035291752900303379e+02
4.687455937500000118e+02,-9.024617811836711212e+01
4.687458867187500005e+02,-8.671043390936155504e+01
4.687461796874999891e+02,-8.143587317123346736e+01
4.687464726562500346e+02,-8.506880834337349029e+01
4.687467656250000232e+02,-8.037032940530203007e+01
4.687470585937500118e+02,-8.183514001517409042e+01
4.687473515625000005e+02,-8.352182333403237635e+01
4.687476445312499891e+02,-8.444874774956205954e+01
4.687479375000000346e+02,-9.406232570356117151e+01
4.687482304687500232e+02,-8.784157674745097211e+01
4.687485234375000118e+02,-8.353259241679141667e+01
4.687488164062500005e+02,-8.221283222805885771e+01
4.687491093749999891e+02,-8.438772770717136495e+01
4.687494023437500346e+02,-8.227380098193448532e+01
4.687496953125000232e+02,-8.000256685507326893e+01
4.687499882812500118e+02,-8.186436479602484440e+01
4.687502812500000005e+02,-8.418705372092563266e+01
4.687505742187499891e+02,-8.714897746673740642e+01
4.687508671875000346e+02,-8.266391487296212404e+01
4.687511601562500232e+02,-7.709140934835716052e+01
4.687514531250000118e+02,-8.043006185633528560e+01
4.687517460937500005e+02,-9.988231048233252807e+01
4.687520390624999891e+02,-8.800055702571768279e+01
4.687523320312500346e+02,-1.064560295197076414e+02
4.687526250000000232e+02,-8.805329405781012042e+01
4.687529179687500118e+02,-8.914256497564923620e+01
4.687532109375000005e+02,-9.333211358752846820e+01
4.687535039062499891e+02,-8.665167339378248812e+01
4.687537968750000346e+02,-9.165617741980675248e+01
4.687540898437500232e+02,-9.407813527599758174e+01
4.687543828125000118e+02,-8.037089737189292293e+01
4.687546757812500005e+02,-7.771738794023404751e+01
4.687549687499999891e+02,-7.822898359312885930e+01
4.687552617187500346e+02,-7.861138833523239100e+01
4.687555546875000232e+02,-7.973031870521893438e+01
4.687558476562500118e+02,-8.207265263704303493e+01
4.687561406250000005e+02,-8.288926795173509277e+01
4.687564335937499891e+02,-8.615505250832515571e+01
4.687567265625000346e+02,-8.954096304743801227e+01
4.687570195312500232e+02,-8.323507756554710113e+01
4.687573125000000118e+02,-8.346481828847785778e+01
4.687576054687500005e+02,-8.157990163231065139e+01
4.687578984374999891e+02,-8.052374972127971375e+01
4.687581914062500346e+02,-9.595359294510535619e+01
4.687584843750000232e+02,-8.025272151826362688e+01
4.687587773437500118e+02,-8.657228414021714968e+01
4.687590703125000005e+02,-9.059493282224767086e+01
4.687593632812499891e+02,-9.091001564073857821e+01
4.687596562500000346e+02,-9.466004671799966275e+01
4.687599492187500232e+02,-8.809120037886495425e+01
4.687602421875000118e+02,-8.177217174035305902e+01
4.687605351562500005e+02,-8.722282121596775539e+01
4.687608281249999891e+02,-8.961521449040776588e+01
4.687611210937500346e+02,-8.387270027209362411e+01
4.687614140625000232e+02,-8.256300286128958987e+01
4.687617070312500118e+02,-8.195149161198186505e+01
